200	2184
2	2
2	2
5	5
3	3
4	4
2	2
2	2
4	4
4	4
5	5
3	3
4	4
5	5
2	2
2	2
4	4
4	4
2	2
3	3
2	2
3	3
4	4
4	4
5	5
5	5
4	4
2	2
4	4
3	3
4	4
5	5
5	5
3	3
2	2
4	4
3	3
4	4
5	5
5	5
3	3
2	2
5	5
4	4
5	5
4	4
2	2
4	4
5	5
3	3
3	3
5	5
3	3
2	2
3	3
3	3
2	2
3	3
5	5
5	5
2	2
5	5
4	4
4	4
3	3
5	5
3	3
3	3
2	2
5	5
2	2
4	4
3	3
3	3
5	5
4	4
3	3
5	5
2	2
5	5
5	5
5	5
2	2
2	2
4	4
5	5
4	4
4	4
4	4
5	5
5	5
2	2
3	3
3	3
4	4
4	4
5	5
3	3
5	5
3	3
3	3
4	4
3	3
3	3
2	2
2	2
4	4
5	5
2	2
4	4
3	3
5	5
4	4
4	4
5	5
4	4
5	5
2	2
2	2
4	4
2	2
2	2
3	3
2	2
3	3
2	2
4	4
5	5
2	2
2	2
3	3
5	5
4	4
2	2
4	4
3	3
3	3
3	3
2	2
4	4
5	5
4	4
5	5
4	4
2	2
5	5
3	3
2	2
4	4
3	3
3	3
3	3
5	5
2	2
2	2
3	3
4	4
2	2
4	4
4	4
5	5
2	2
3	3
3	3
2	2
2	2
5	5
3	3
2	2
5	5
3	3
2	2
5	5
2	2
2	2
2	2
3	3
3	3
2	2
5	5
3	3
3	3
3	3
5	5
5	5
4	4
2	2
4	4
5	5
3	3
5	5
3	3
4	4
4	4
5	5
5	5
3	3
5	5
4	4
3	3
5	5
1	93	4651
93	1	4652
1	72	986
72	1	987
1	178	2294
178	1	2295
1	15	3835
15	1	3835
1	38	2033
38	1	2033
1	135	3843
135	1	3843
1	158	1841
158	1	1842
1	86	673
86	1	674
1	148	3815
148	1	3816
1	74	3390
74	1	3390
1	191	2725
191	1	2725
1	114	1835
114	1	1835
1	29	4451
29	1	4452
1	51	4057
51	1	4057
1	198	533
198	1	534
1	88	2405
88	1	2406
1	111	170
111	1	171
1	128	603
128	1	603
1	175	1804
175	1	1805
1	2	1000
2	1	1001
2	109	4512
109	2	4512
2	106	1882
106	2	1883
2	139	3911
139	2	3912
2	195	3688
195	2	3689
2	134	402
134	2	403
2	107	4223
107	2	4224
2	47	3783
47	2	3783
2	170	1943
170	2	1944
2	181	1693
181	2	1693
2	43	1985
43	2	1986
2	53	4362
53	2	4363
2	133	3485
133	2	3485
2	186	3535
186	2	3535
2	69	4879
69	2	4880
2	37	4461
37	2	4462
2	72	3762
72	2	3762
2	19	2298
19	2	2298
2	33	1725
33	2	1726
2	150	3542
150	2	3543
3	159	3756
159	3	3757
3	177	4210
177	3	4211
3	93	2629
93	3	2630
3	57	2399
57	3	2399
3	191	1221
191	3	1221
3	171	2229
171	3	2229
3	72	691
72	3	691
3	78	4026
78	3	4026
3	112	2801
112	3	2801
3	75	2259
75	3	2260
3	102	3865
102	3	3865
3	19	1705
19	3	1706
3	183	4027
183	3	4028
3	67	1226
67	3	1226
3	157	4241
157	3	4242
3	97	4356
97	3	4357
3	59	3973
59	3	3973
3	100	4734
100	3	4735
3	184	4994
184	3	4994
3	114	3406
114	3	3406
4	76	4851
76	4	4851
4	185	4433
185	4	4433
4	168	4692
168	4	4692
4	48	3616
48	4	3616
4	38	4672
38	4	4673
4	182	4217
182	4	4217
4	20	2463
20	4	2463
4	21	2936
21	4	2936
4	177	4224
177	4	4224
4	144	4642
144	4	4642
4	153	2858
153	4	2858
4	85	4471
85	4	4471
4	152	1973
152	4	1973
4	79	1845
79	4	1845
4	111	3268
111	4	3269
4	191	4462
191	4	4463
4	101	4865
101	4	4866
4	39	4960
39	4	4961
4	161	1640
161	4	1641
4	18	4866
18	4	4867
5	120	3503
120	5	3504
5	61	404
61	5	405
5	82	4507
82	5	4507
5	68	2513
68	5	2513
5	124	4390
124	5	4391
5	116	1636
116	5	1636
5	72	4958
72	5	4959
5	188	2847
188	5	2848
5	62	3523
62	5	3524
5	24	2297
24	5	2297
5	138	862
138	5	863
5	199	3851
199	5	3852
5	141	3766
141	5	3766
5	144	3173
144	5	3173
5	174	1038
174	5	1038
5	49	4411
49	5	4411
5	80	4561
80	5	4561
5	32	2402
32	5	2403
5	17	1671
17	5	1672
5	149	1059
149	5	1060
6	59	1197
59	6	1198
6	82	4753
82	6	4754
6	134	3180
134	6	3181
6	132	4474
132	6	4474
6	161	3463
161	6	3464
6	48	4294
48	6	4295
6	156	4383
156	6	4383
6	177	4247
177	6	4247
6	73	3611
73	6	3611
6	19	1652
19	6	1653
6	179	3216
179	6	3216
6	53	2385
53	6	2386
6	165	4430
165	6	4430
6	194	4575
194	6	4575
6	184	4232
184	6	4233
6	41	4788
41	6	4789
6	150	3966
150	6	3967
6	80	4461
80	6	4462
6	166	1349
166	6	1350
6	200	734
200	6	734
7	141	616
141	7	616
7	77	1580
77	7	1581
7	184	4224
184	7	4224
7	31	4898
31	7	4898
7	34	1411
34	7	1412
7	50	3541
50	7	3542
7	157	3230
157	7	3230
7	140	2049
140	7	2050
7	126	1495
126	7	1495
7	113	3647
113	7	3648
7	173	461
173	7	461
7	44	536
44	7	537
7	26	1645
26	7	1646
7	84	1219
84	7	1220
7	178	4564
178	7	4565
7	199	4671
199	7	4672
7	174	4808
174	7	4809
7	128	3446
128	7	3447
7	168	2074
168	7	2075
7	119	3505
119	7	3506
8	97	901
97	8	902
8	17	2832
17	8	2832
8	66	4166
66	8	4167
8	63	3303
63	8	3303
8	60	2044
60	8	2044
8	191	438
191	8	439
8	93	3900
93	8	3900
8	158	3218
158	8	3219
8	10	4513
10	8	4514
8	43	3425
43	8	3426
8	116	612
116	8	612
8	26	1798
26	8	1799
8	113	1561
113	8	1562
8	71	3862
71	8	3862
8	174	4125
174	8	4126
8	57	3910
57	8	3911
8	52	3773
52	8	3773
8	28	3060
28	8	3060
8	92	3214
92	8	3215
8	115	2031
115	8	2031
9	13	4580
13	9	4580
9	158	3962
158	9	3962
9	62	3948
62	9	3949
9	59	1842
59	9	1843
9	37	4766
37	9	4766
9	15	3973
15	9	3974
9	28	3102
28	9	3102
9	94	3629
94	9	3629
9	149	2845
149	9	2846
9	10	4393
10	9	4393
9	116	2602
116	9	2603
9	88	4449
88	9	4449
9	133	4343
133	9	4343
9	104	1493
104	9	1493
9	57	1323
57	9	1324
9	81	4870
81	9	4870
9	67	831
67	9	831
9	153	3844
153	9	3844
9	21	4290
21	9	4291
9	53	313
53	9	313
10	75	4106
75	10	4106
10	86	1145
86	10	1145
10	173	1674
173	10	1674
10	188	4508
188	10	4509
10	17	1303
17	10	1303
10	26	4917
26	10	4917
10	95	4715
95	10	4715
10	30	4665
30	10	4665
10	135	3258
135	10	3258
10	177	3579
177	10	3580
10	184	3950
184	10	3951
10	88	1692
88	10	1692
10	27	4839
27	10	4839
10	133	1660
133	10	1660
10	41	4986
41	10	4986
10	139	1738
139	10	1739
10	101	4471
101	10	4471
10	53	4864
53	10	4865
11	41	1599
41	11	1599
11	75	2540
75	11	2541
11	140	2701
140	11	2701
11	50	2561
50	11	2562
11	164	3815
164	11	3815
11	199	4642
199	11	4643
11	131	3146
131	11	3147
11	88	4437
88	11	4438
11	156	1158
156	11	1159
11	38	1152
38	11	1152
11	157	4526
157	11	4526
11	40	3022
40	11	3022
11	17	1672
17	11	1672
11	53	4115
53	11	4116
11	135	1526
135	11	1527
11	73	4815
73	11	4816
11	141	4999
141	11	5000
11	162	234
162	11	235
11	83	4774
83	11	4774
11	78	4617
78	11	4617
12	23	4385
23	12	4386
12	150	414
150	12	414
12	65	633
65	12	634
12	163	4342
163	12	4343
12	24	1286
24	12	1287
12	159	2623
159	12	2624
12	120	4300
120	12	4301
12	158	3632
158	12	3633
12	117	3572
117	12	3573
12	161	4761
161	12	4761
12	31	4050
31	12	4050
12	72	3959
72	12	3960
12	108	2509
108	12	2509
12	32	4499
32	12	4499
12	132	3718
132	12	3719
12	78	3993
78	12	3993
12	102	1505
102	12	1506
12	147	1006
147	12	1007
12	168	2576
168	12	2577
12	71	1202
71	12	1203
13	15	3908
15	13	3909
13	100	4993
100	13	4993
13	27	1293
27	13	1293
13	110	4144
110	13	4144
13	87	4029
87	13	4030
13	98	2869
98	13	2869
13	52	4132
52	13	4133
13	151	3547
151	13	3547
13	18	4634
18	13	4634
13	139	3826
139	13	3827
13	62	219
62	13	219
13	120	4126
120	13	4126
13	176	3681
176	13	3682
13	153	3101
153	13	3102
13	116	1111
116	13	1111
13	92	1472
92	13	1473
13	29	2664
29	13	2664
13	183	128
183	13	128
13	127	4293
127	13	4294
14	19	4722
19	14	4722
14	177	4952
177	14	4952
14	92	4387
92	14	4388
14	127	3570
127	14	3571
14	185	2418
185	14	2419
14	110	4334
110	14	4335
14	50	499
50	14	500
14	153	4099
153	14	4100
14	137	4399
137	14	4400
14	106	2289
106	14	2290
14	129	4885
129	14	4885
14	133	4666
133	14	4667
14	34	3004
34	14	3005
14	60	2495
60	14	2495
14	200	1592
200	14	1592
14	56	4715
56	14	4715
14	20	4687
20	14	4688
14	15	2950
15	14	2951
14	69	1573
69	14	1573
14	197	2628
197	14	2628
15	16	3386
16	15	3387
15	154	4726
154	15	4727
15	187	4419
187	15	4420
15	30	4788
30	15	4789
15	91	1263
91	15	1263
15	131	4152
131	15	4152
15	142	1701
142	15	1702
15	171	2055
171	15	2055
15	33	4596
33	15	4597
15	114	639
114	15	639
15	190	2899
190	15	2900
15	101	4498
101	15	4498
15	86	4268
86	15	4269
15	139	948
139	15	949
15	26	4635
26	15	4636
15	129	4175
129	15	4176
16	193	1394
193	16	1395
16	148	3582
148	16	3582
16	20	844
20	16	845
16	159	3086
159	16	3087
16	51	3275
51	16	3276
16	166	1444
166	16	1444
16	27	1566
27	16	1566
16	190	3859
190	16	3859
16	105	4413
105	16	4413
16	163	3705
163	16	3706
16	62	4397
62	16	4398
16	149	2580
149	16	2581
16	133	2798
133	16	2798
16	143	4182
143	16	4183
16	177	4353
177	16	4354
16	48	4934
48	16	4934
16	114	4008
114	16	4009
16	141	2452
141	16	2452
16	144	4790
144	16	4790
17	46	4996
46	17	4997
17	127	3964
127	17	3964
17	128	2859
128	17	2860
17	34	2736
34	17	2736
17	83	3564
83	17	3564
17	51	2361
51	17	2361
17	169	3661
169	17	3662
17	147	3736
147	17	3736
17	70	1904
70	17	1904
17	118	4214
118	17	4215
17	76	3883
76	17	3883
17	71	4882
71	17	4882
17	29	4452
29	17	4453
17	141	4404
141	17	4404
17	146	3478
146	17	3479
17	125	1839
125	17	1840
18	29	2573
29	18	2574
18	145	4033
145	18	4034
18	64	3687
64	18	3687
18	61	1583
61	18	1583
18	133	4107
133	18	4108
18	45	2865
45	18	2866
18	172	1604
172	18	1605
18	80	4992
80	18	4992
18	101	4326
101	18	4327
18	117	1072
117	18	1073
18	144	3824
144	18	3825
18	166	1405
166	18	1406
18	129	1879
129	18	1880
18	55	4379
55	18	4380
18	58	1620
58	18	1621
18	190	4487
190	18	4488
18	63	3603
63	18	3603
18	127	906
127	18	907
19	67	656
67	19	657
19	25	4981
25	19	4982
19	118	2321
118	19	2321
19	194	3484
194	19	3484
19	181	4001
181	19	4002
19	56	2798
56	19	2799
19	71	2528
71	19	2529
19	126	4979
126	19	4980
19	192	3660
192	19	3661
19	36	4057
36	19	4058
19	160	318
160	19	319
19	150	1205
150	19	1206
19	33	4700
33	19	4700
19	179	1002
179	19	1003
19	41	2489
41	19	2490
19	122	4496
122	19	4497
20	136	1329
136	20	1330
20	79	4683
79	20	4684
20	117	134
117	20	135
20	38	1707
38	20	1708
20	72	1868
72	20	1869
20	73	4422
73	20	4423
20	33	4102
33	20	4103
20	182	3556
182	20	3556
20	189	3460
189	20	3461
20	64	3817
64	20	3817
20	140	3036
140	20	3037
20	22	3838
22	20	3838
20	139	1087
139	20	1087
20	125	4899
125	20	4899
20	168	1319
168	20	1320
20	42	2288
42	20	2289
20	127	4070
127	20	4070
21	170	3152
170	21	3153
21	45	2215
45	21	2215
21	109	3320
109	21	3320
21	94	4261
94	21	4262
21	61	2246
61	21	2246
21	168	589
168	21	589
21	39	3483
39	21	3484
21	194	3969
194	21	3969
21	60	4242
60	21	4242
21	71	4880
71	21	4880
21	114	4440
114	21	4441
21	172	4741
172	21	4742
21	136	3578
136	21	3578
21	111	4171
111	21	4171
21	166	4811
166	21	4812
22	66	3362
66	22	3363
22	29	2130
29	22	2130
22	76	2033
76	22	2034
22	54	4473
54	22	4474
22	154	1312
154	22	1313
22	40	1009
40	22	1009
22	176	4391
176	22	4392
22	51	3826
51	22	3827
22	142	3344
142	22	3345
22	117	4875
117	22	4875
22	65	1852
65	22	1852
22	170	3890
170	22	3891
22	128	2397
128	22	2397
22	55	2569
55	22	2570
22	153	1359
153	22	1360
23	102	4180
102	23	4180
23	182	857
182	23	857
23	104	2214
104	23	2215
23	92	3305
92	23	3306
23	196	3631
196	23	3631
23	86	1053
86	23	1053
23	46	3488
46	23	3488
23	75	4972
75	23	4973
23	94	4389
94	23	4389
23	64	4957
64	23	4958
23	50	3847
50	23	3848
23	174	4799
174	23	4800
23	32	4339
32	23	4339
23	37	1708
37	23	1709
23	177	2111
177	23	2112
23	138	157
138	23	157
23	114	4856
114	23	4856
23	147	143
147	23	144
24	118	4184
118	24	4184
24	161	4730
161	24	4730
24	29	338
29	24	339
24	149	2981
149	24	2982
24	78	3682
78	24	3682
24	88	4864
88	24	4865
24	166	4447
166	24	4448
24	30	4688
30	24	4688
24	61	4137
61	24	4138
24	76	4810
76	24	4810
24	42	2505
42	24	2506
24	174	4441
174	24	4442
25	84	4669
84	25	4669
25	93	3604
93	25	3605
25	162	1751
162	25	1751
25	120	4145
120	25	4146
25	129	4848
129	25	4848
25	143	4758
143	25	4758
25	109	4687
109	25	4688
25	128	1278
128	25	1278
25	174	2013
174	25	2013
26	32	4138
32	26	4138
26	56	2741
56	26	2741
26	38	2399
38	26	2400
26	108	4949
108	26	4950
26	176	3445
176	26	3446
26	76	4822
76	26	4822
26	129	2745
129	26	2746
26	53	4796
53	26	4796
26	95	1581
95	26	1581
26	59	1130
59	26	1130
27	148	69
148	27	69
27	60	2720
60	27	2720
27	156	4363
156	27	4363
27	81	1513
81	27	1514
27	108	3905
108	27	3906
27	115	3241
115	27	3242
27	144	3005
144	27	3006
27	75	512
75	27	513
27	130	2685
130	27	2686
28	161	4700
161	28	4700
28	133	3669
133	28	3670
28	151	667
151	28	667
28	32	554
32	28	554
28	33	1121
33	28	1122
28	134	4076
134	28	4077
28	150	4994
150	28	4995
28	63	4969
63	28	4969
28	42	939
42	28	939
28	68	4164
68	28	4165
28	166	4529
166	28	4530
28	130	2376
130	28	2376
28	65	2784
65	28	2785
28	76	1701
76	28	1702
28	136	3332
136	28	3333
28	47	4004
47	28	4004
29	166	1328
166	29	1328
29	72	4955
72	29	4955
29	100	4019
100	29	4019
29	50	4565
50	29	4566
29	36	4636
36	29	4636
29	117	3836
117	29	3837
29	174	1058
174	29	1059
29	45	3542
45	29	3543
30	110	4131
110	30	4131
30	111	4860
111	30	4860
30	121	4344
121	30	4344
30	176	588
176	30	589
30	47	2873
47	30	2874
30	36	3073
36	30	3073
30	59	3520
59	30	3520
30	138	2204
138	30	2205
30	78	661
78	30	662
30	100	4396
100	30	4396
31	64	3841
64	31	3842
31	34	678
34	31	678
31	41	4101
41	31	4102
31	185	3194
185	31	3194
31	165	3056
165	31	3056
31	98	1296
98	31	1296
31	104	1807
104	31	1808
31	146	4760
146	31	4761
31	132	4745
132	31	4746
31	109	524
109	31	525
31	99	4214
99	31	4215
31	117	3514
117	31	3514
31	51	685
51	31	685
31	115	3848
115	31	3848
31	57	1631
57	31	1631
31	162	3052
162	31	3052
32	140	153
140	32	153
32	175	2672
175	32	2672
32	133	4276
133	32	4276
32	162	1714
162	32	1715
32	94	3540
94	32	3541
32	110	1449
110	32	1449
32	93	4646
93	32	4646
32	143	4915
143	32	4915
32	142	4842
142	32	4842
32	71	4682
71	32	4683
33	103	1766
103	33	1767
33	37	4371
37	33	4371
33	53	3633
53	33	3633
33	175	640
175	33	641
33	66	1546
66	33	1546
33	45	2506
45	33	2506
33	35	2924
35	33	2924
33	196	398
196	33	399
33	105	2539
105	33	2539
33	117	2881
117	33	2882
33	125	3998
125	33	3999
33	110	2887
110	33	2888
34	76	2490
76	34	2491
34	189	2524
189	34	2525
34	69	1128
69	34	1128
34	121	4434
121	34	4435
34	80	4945
80	34	4946
34	130	887
130	34	887
34	42	126
42	34	126
34	62	4727
62	34	4727
34	197	4614
197	34	4615
34	140	3514
140	34	3514
34	117	4575
117	34	4576
34	49	4859
49	34	4859
35	67	1364
67	35	1364
35	49	487
49	35	488
35	155	4333
155	35	4334
35	185	1709
185	35	1710
35	138	4207
138	35	4208
35	80	4698
80	35	4698
35	119	1961
119	35	1962
35	149	1711
149	35	1711
35	123	4973
123	35	4973
35	113	1510
113	35	1511
35	177	1020
177	35	1021
35	142	1888
142	35	1889
35	131	4600
131	35	4600
36	85	3997
85	36	3997
36	69	4047
69	36	4048
36	171	1726
171	36	1726
36	176	4444
176	36	4445
36	165	2564
165	36	2565
36	91	2380
91	36	2381
36	82	496
82	36	497
36	44	4562
44	36	4563
36	124	2931
124	36	2931
36	123	3774
123	36	3774
36	170	313
170	36	314
37	135	4594
135	37	4594
37	59	4189
59	37	4190
37	107	1423
107	37	1424
37	55	4275
55	37	4276
37	171	553
171	37	554
37	70	1872
70	37	1872
37	142	2026
142	37	2026
37	178	4705
178	37	4706
37	122	4269
122	37	4270
38	131	3814
131	38	3815
38	148	3743
148	38	3744
38	57	4739
57	38	4739
38	53	4335
53	38	4336
38	161	4437
161	38	4438
38	48	683
48	38	683
38	197	4358
197	38	4358
38	157	1453
157	38	1454
38	169	3696
169	38	3696
38	105	800
105	38	800
38	75	4214
75	38	4215
38	155	4145
155	38	4145
38	86	883
86	38	884
38	95	4955
95	38	4956
39	65	4472
65	39	4473
39	44	4657
44	39	4658
39	106	3777
106	39	3777
39	88	1035
88	39	1035
39	48	4851
48	39	4851
39	136	4927
136	39	4928
39	80	1795
80	39	1796
39	57	3682
57	39	3683
39	172	4255
172	39	4255
39	64	251
64	39	251
40	162	4475
162	40	4476
40	155	1684
155	40	1684
40	169	1698
169	40	1698
40	119	1165
119	40	1165
40	128	4870
128	40	4871
40	41	4508
41	40	4509
40	161	4359
161	40	4359
40	82	4487
82	40	4487
40	83	3645
83	40	3645
40	96	963
96	40	964
40	59	3830
59	40	3831
41	137	2566
137	41	2566
41	121	4591
121	41	4592
41	106	4618
106	41	4619
41	160	4680
160	41	4680
41	44	4450
44	41	4450
41	178	4823
178	41	4823
41	135	4159
135	41	4160
41	78	2254
78	41	2254
41	60	1479
60	41	1479
42	54	4029
54	42	4030
42	87	1671
87	42	1672
42	171	4283
171	42	4284
42	82	1071
82	42	1072
42	128	4501
128	42	4501
42	127	4786
127	42	4787
42	182	915
182	42	916
42	164	4379
164	42	4380
42	60	2924
60	42	2924
42	88	4383
88	42	4384
42	162	4611
162	42	4612
42	83	1520
83	42	1520
42	67	842
67	42	843
43	61	1437
61	43	1437
43	92	4462
92	43	4463
43	116	1832
116	43	1833
43	44	3959
44	43	3959
43	165	3644
165	43	3644
43	113	499
113	43	499
43	140	1736
140	43	1737
43	105	1699
105	43	1699
43	58	2093
58	43	2093
43	129	3200
129	43	3200
43	148	1122
148	43	1123
43	178	4318
178	43	4319
43	50	568
50	43	569
43	95	317
95	43	317
43	110	4733
110	43	4733
43	157	468
157	43	468
44	112	3608
112	44	3608
44	132	1759
132	44	1760
44	67	2115
67	44	2116
44	61	4413
61	44	4414
44	151	4887
151	44	4887
44	138	752
138	44	753
44	119	4352
119	44	4352
44	101	1330
101	44	1330
44	85	1565
85	44	1565
44	58	1584
58	44	1584
44	118	1187
118	44	1188
44	130	4584
130	44	4585
44	86	1729
86	44	1729
45	92	3946
92	45	3946
45	175	3829
175	45	3830
45	110	3657
110	45	3657
45	113	4866
113	45	4866
45	56	3889
56	45	3889
45	147	2302
147	45	2302
45	47	4169
47	45	4169
45	86	2172
86	45	2173
45	76	2643
76	45	2643
45	140	1521
140	45	1521
45	51	1453
51	45	1454
45	196	3536
196	45	3536
45	75	426
75	45	427
45	68	4635
68	45	4635
46	197	4465
197	46	4466
46	125	4945
125	46	4945
46	110	1990
110	46	1990
46	52	2273
52	46	2274
46	176	3765
176	46	3766
46	173	3642
173	46	3643
46	143	2883
143	46	2884
46	134	1054
134	46	1054
46	100	4195
100	46	4196
46	105	4637
105	46	4637
46	183	4886
183	46	4886
46	69	2341
69	46	2342
46	73	4095
73	46	4095
46	103	1589
103	46	1589
46	109	4403
109	46	4403
47	120	3845
120	47	3846
47	175	4083
175	47	4084
47	170	526
170	47	527
47	61	862
61	47	862
47	160	101
160	47	101
47	142	3704
142	47	3704
47	59	3386
59	47	3387
47	181	1935
181	47	1935
47	147	2066
147	47	2067
48	151	4494
151	48	4495
48	70	3191
70	48	3192
48	170	2117
170	48	2118
48	124	4871
124	48	4872
48	89	4004
89	48	4005
48	123	3951
123	48	3952
48	61	958
61	48	959
48	65	3687
65	48	3687
49	119	2379
119	49	2379
49	196	4720
196	49	4720
49	70	4173
70	49	4173
49	161	4722
161	49	4723
49	167	3711
167	49	3712
49	80	3449
80	49	3449
49	146	2461
146	49	2462
49	116	4780
116	49	4780
49	199	1837
199	49	1837
50	189	4708
189	50	4709
50	94	3173
94	50	3174
50	150	529
150	50	529
50	76	1802
76	50	1803
50	176	4863
176	50	4864
50	89	3794
89	50	3794
50	125	422
125	50	422
50	132	280
132	50	281
50	80	3524
80	50	3524
50	174	4212
174	50	4212
50	104	4154
104	50	4154
50	92	3213
92	50	3214
51	189	4746
189	51	4747
51	62	2728
62	51	2728
51	71	781
71	51	782
51	52	351
52	51	352
51	98	2300
98	51	2300
51	138	3433
138	51	3433
51	156	2023
156	51	2023
51	123	553
123	51	554
51	53	3869
53	51	3870
51	76	2364
76	51	2365
51	68	4077
68	51	4077
51	61	4053
61	51	4054
51	124	4249
124	51	4249
52	131	2866
131	52	2866
52	148	4962
148	52	4962
52	67	670
67	52	671
52	103	4651
103	52	4652
52	163	1561
163	52	1562
52	59	230
59	52	230
52	188	3911
188	52	3912
52	81	1294
81	52	1294
52	78	3826
78	52	3827
52	69	4341
69	52	4341
53	158	4234
158	53	4235
53	93	3211
93	53	3211
53	175	4297
175	53	4298
53	138	4572
138	53	4573
53	95	3800
95	53	3800
53	67	4407
67	53	4407
54	96	2642
96	54	2643
54	66	3994
66	54	3995
54	65	4827
65	54	4828
54	72	1143
72	54	1144
54	154	2895
154	54	2895
54	89	1729
89	54	1729
54	132	4954
132	54	4954
54	101	4787
101	54	4788
54	134	2010
134	54	2010
54	115	2125
115	54	2126
55	145	636
145	55	637
55	90	3752
90	55	3753
55	169	2969
169	55	2969
55	60	2120
60	55	2120
55	173	1516
173	55	1516
55	87	4939
87	55	4939
55	172	3230
172	55	3230
55	78	4807
78	55	4807
55	112	4874
112	55	4874
55	165	4822
165	55	4823
55	99	3366
99	55	3366
55	61	646
61	55	647
55	140	1471
140	55	1471
56	74	4051
74	56	4051
56	115	4263
115	56	4263
56	62	566
62	56	566
56	130	4136
130	56	4137
56	107	3078
107	56	3079
56	147	112
147	56	112
56	140	2959
140	56	2960
56	180	221
180	56	222
56	84	4955
84	56	4956
56	70	3677
70	56	3678
56	106	1415
106	56	1416
57	70	4390
70	57	4391
57	172	2758
172	57	2758
57	180	613
180	57	613
57	119	2580
119	57	2581
57	113	4687
113	57	4687
57	138	4958
138	57	4958
57	150	4419
150	57	4420
58	67	4164
67	58	4164
58	143	3727
143	58	3727
58	62	2934
62	58	2935
58	145	2382
145	58	2383
58	76	678
76	58	678
58	92	4983
92	58	4984
58	60	4443
60	58	4444
58	98	1551
98	58	1551
58	79	4012
79	58	4013
58	170	2831
170	58	2832
58	100	1115
100	58	1116
58	106	2162
106	58	2162
59	68	4019
68	59	4020
59	180	3408
180	59	3409
59	154	1032
154	59	1033
59	83	1454
83	59	1455
59	150	2938
150	59	2939
59	159	2717
159	59	2717
59	78	3981
78	59	3982
59	152	3850
152	59	3851
60	113	1731
113	60	1731
60	151	3740
151	60	3741
60	120	4260
120	60	4261
60	126	4631
126	60	4632
60	92	3725
92	60	3726
60	90	2752
90	60	2753
60	172	1135
172	60	1136
60	84	4669
84	60	4670
60	136	4312
136	60	4313
61	167	4039
167	61	4039
61	107	2549
107	61	2549
61	72	3079
72	61	3080
61	158	4781
158	61	4782
61	83	2982
83	61	2983
61	154	2387
154	61	2387
61	122	3177
122	61	3177
61	157	4243
157	61	4244
62	93	4159
93	62	4160
62	124	3174
124	62	3175
62	154	4048
154	62	4048
62	143	4489
143	62	4490
62	81	2750
81	62	2751
62	71	3656
71	62	3656
62	100	484
100	62	484
62	96	3945
96	62	3946
62	99	1035
99	62	1036
62	118	3226
118	62	3227
62	94	4587
94	62	4588
63	167	4668
167	63	4668
63	94	2262
94	63	2262
63	134	3830
134	63	3830
63	91	2198
91	63	2199
63	148	1978
148	63	1979
63	180	1655
180	63	1655
63	125	4483
125	63	4483
63	99	3816
99	63	3817
63	111	3670
111	63	3671
63	66	4736
66	63	4737
64	124	3755
124	64	3755
64	94	2749
94	64	2750
64	151	4971
151	64	4971
64	179	4317
179	64	4318
64	126	4249
126	64	4250
65	127	3225
127	65	3226
65	188	2767
188	65	2767
65	142	3363
142	65	3363
65	108	2500
108	65	2500
65	122	4108
122	65	4108
65	66	3350
66	65	3350
65	128	4448
128	65	4448
65	87	3631
87	65	3632
65	159	4250
159	65	4251
65	145	3986
145	65	3986
65	146	3714
146	65	3715
65	98	680
98	65	680
66	176	4434
176	66	4434
66	82	4873
82	66	4873
66	81	4243
81	66	4244
66	76	4984
76	66	4985
66	118	3725
118	66	3725
66	127	3291
127	66	3292
66	86	3054
86	66	3054
66	134	4172
134	66	4173
67	123	4736
123	67	4736
67	165	4639
165	67	4640
67	77	1069
77	67	1070
67	112	4942
112	67	4943
67	125	1166
125	67	1167
67	104	779
104	67	780
67	97	2546
97	67	2547
67	126	4584
126	67	4585
67	80	4216
80	67	4217
67	180	4330
180	67	4331
68	118	3869
118	68	3869
68	69	2600
69	68	2601
68	159	3771
159	68	3772
68	107	3122
107	68	3123
68	133	4528
133	68	4529
68	78	2089
78	68	2090
68	122	2697
122	68	2698
68	88	4629
88	68	4629
68	70	3822
70	68	3822
68	95	1495
95	68	1495
68	80	3127
80	68	3128
68	164	4988
164	68	4989
68	109	1053
109	68	1054
68	103	4892
103	68	4893
69	111	4944
111	69	4945
69	99	229
99	69	229
69	82	1023
82	69	1024
69	104	4946
104	69	4946
69	81	94
81	69	94
69	183	1600
183	69	1601
69	87	4548
87	69	4549
69	139	4377
139	69	4377
69	97	3732
97	69	3732
69	112	4121
112	69	4121
70	97	131
97	70	132
70	126	195
126	70	195
70	87	2692
87	70	2693
70	100	3570
100	70	3570
70	148	1749
148	70	1750
70	165	262
165	70	262
70	83	1279
83	70	1280
70	134	4103
134	70	4104
70	89	1413
89	70	1414
70	145	1831
145	70	1832
71	122	4066
122	71	4067
71	81	3262
81	71	3263
71	154	4170
154	71	4171
71	157	1457
157	71	1457
71	163	2742
163	71	2743
72	109	1519
109	72	1519
72	105	2456
105	72	2456
73	80	3901
80	73	3902
73	112	3274
112	73	3274
73	104	3636
104	73	3636
73	97	2858
97	73	2859
73	105	1577
105	73	1578
73	121	4122
121	73	4122
74	121	4365
121	74	4366
74	77	867
77	74	867
74	125	2589
125	74	2590
74	137	1807
137	74	1807
74	180	4213
180	74	4213
74	164	638
164	74	638
74	107	1188
107	74	1189
74	98	1238
98	74	1239
74	163	3897
163	74	3898
74	152	2133
152	74	2133
74	147	3569
147	74	3569
74	109	3362
109	74	3362
74	173	1734
173	74	1735
74	165	4143
165	74	4144
75	107	923
107	75	923
75	99	2995
99	75	2996
75	143	4337
143	75	4338
75	146	2247
146	75	2247
75	78	4204
78	75	4204
75	95	1690
95	75	1690
77	105	3622
105	77	3623
77	103	649
103	77	649
77	164	3655
164	77	3656
77	94	368
94	77	368
77	145	888
145	77	888
77	165	4791
165	77	4791
77	93	1233
93	77	1233
77	83	1290
83	77	1290
77	102	3949
102	77	3950
77	100	2454
100	77	2454
79	103	2933
103	79	2933
79	95	4078
95	79	4078
79	98	4414
98	79	4415
79	111	1614
111	79	1614
79	105	4470
105	79	4470
79	179	2259
179	79	2259
79	100	2514
100	79	2515
79	92	4213
92	79	4213
79	86	2505
86	79	2506
79	169	1985
169	79	1985
79	102	3831
102	79	3832
79	85	2593
85	79	2593
79	93	3006
93	79	3006
79	84	4928
84	79	4929
80	99	4034
99	80	4035
80	160	4155
160	80	4156
80	119	3728
119	80	3729
80	180	4420
180	80	4421
80	115	1208
115	80	1209
80	137	4973
137	80	4973
81	169	3358
169	81	3359
81	180	1639
180	81	1640
81	102	2597
102	81	2597
81	91	2872
91	81	2872
82	153	1532
153	82	1533
82	95	1666
95	82	1667
82	83	4718
83	82	4718
82	179	4510
179	82	4511
82	146	2986
146	82	2987
82	88	1242
88	82	1242
82	160	4692
160	82	4692
82	121	3521
121	82	3522
82	91	2466
91	82	2466
82	85	1480
85	82	1481
82	173	4960
173	82	4960
83	123	3268
123	83	3268
83	85	1689
85	83	1690
84	91	4464
91	84	4464
84	167	324
167	84	324
84	157	3843
157	84	3843
84	90	1356
90	84	1357
84	92	278
92	84	278
85	179	4260
179	85	4261
85	87	4804
87	85	4804
85	151	4267
151	85	4267
85	163	4418
163	85	4419
85	156	2317
156	85	2317
85	121	2821
121	85	2821
85	167	3821
167	85	3821
85	107	557
107	85	558
85	89	4803
89	85	4804
85	100	4612
100	85	4612
85	122	4606
122	85	4606
86	97	4173
97	86	4173
86	156	4674
156	86	4675
86	89	2847
89	86	2848
86	157	4212
157	86	4212
86	90	3664
90	86	3664
86	137	1241
137	86	1242
86	108	4028
108	86	4028
86	103	4147
103	86	4148
86	91	2354
91	86	2355
86	100	4264
100	86	4264
87	94	4804
94	87	4805
87	93	4788
93	87	4789
87	98	3224
98	87	3225
87	169	488
169	87	488
87	130	1907
130	87	1908
87	103	3999
103	87	3999
88	96	4607
96	88	4607
88	155	4021
155	88	4022
88	119	4253
119	88	4254
89	94	4635
94	89	4636
89	123	2900
123	89	2901
89	96	4136
96	89	4136
89	169	2469
169	89	2469
89	107	2190
107	89	2191
89	97	788
97	89	789
89	108	1011
108	89	1011
89	173	4822
173	89	4823
89	152	2350
152	89	2350
90	176	1322
176	90	1323
90	97	4651
97	90	4651
90	98	4510
98	90	4511
90	152	1765
152	90	1766
90	137	837
137	90	837
90	173	1136
173	90	1136
91	93	4441
93	91	4442
91	119	1106
119	91	1106
91	167	2868
167	91	2868
91	156	2994
156	91	2994
91	155	2818
155	91	2818
91	130	4865
130	91	4866
91	96	2170
96	91	2170
91	122	4988
122	91	4988
91	98	383
98	91	384
91	97	3790
97	91	3790
91	95	1927
95	91	1928
93	99	4015
99	93	4016
93	94	3678
94	93	3678
94	156	4930
156	94	4931
94	96	3934
96	94	3934
95	97	2513
97	95	2514
95	167	2079
167	95	2080
95	173	4505
173	95	4505
95	96	3191
96	95	3191
95	123	4003
123	95	4004
95	155	2647
155	95	2647
95	130	4364
130	95	4364
95	98	111
98	95	112
96	123	4881
123	96	4882
96	97	1630
97	96	1631
96	99	3478
99	96	3479
96	155	2571
155	96	2572
96	130	1992
130	96	1993
99	155	2710
155	99	2711
