4	104	151	150
-1
3	105	281	275
-1
4	118	139	281
-1
1	115	237	223
-1
2	117	124	98
-1
2	109	236	104
-1
3	109	300	109
-1
1	106	258	3
-1
4	112	213	197
-1
2	115	178	70
-1
4	104	98	220
-1
3	110	222	201
-1
1	111	280	39
-1
4	105	98	27
-1
1	102	225	150
-1
4	117	94	85
-1
3	106	144	137
-1
4	108	193	94
-1
4	116	291	58
-1
2	105	244	235
-1
3	117	211	32
-1
2	117	27	6
-1
1	107	117	285
-1
1	105	240	134
-1
3	107	285	58
-1
4	111	180	152
-1
4	119	177	47
-1
2	104	35	239
-1
3	101	195	229
-1
1	107	3	224
-1
4	119	181	134
-1
2	116	278	212
-1
2	100	27	29
27	63	29	
4	105	166	20
-1
3	102	31	5
31	14	66	5	
4	105	98	236
-1
3	111	2	164
-1
4	101	93	251
-1
2	102	278	145
-1
3	105	219	148
-1
4	111	147	28
147	28	
2	114	158	5
-1
3	114	226	83
-1
2	114	278	248
-1
3	110	163	30
-1
3	105	157	180
-1
1	100	3	181
-1
2	110	246	273
-1
4	115	180	2
-1
2	114	42	221
-1
3	113	179	119
-1
2	109	150	276
-1
2	111	137	253
-1
4	118	151	230
-1
3	119	185	92
-1
3	118	275	300
-1
3	110	52	2
-1
4	103	45	300
-1
4	104	235	179
-1
4	116	22	272
-1
2	114	8	150
-1
4	101	21	52
21	52	
1	113	90	188
-1
3	114	241	38
-1
1	105	91	223
91	12	223	
4	105	271	249
-1
1	118	81	53
81	79	53	
2	109	72	97
-1
4	119	87	83
87	12	83	
1	110	103	157
-1
3	100	40	164
-1
3	103	146	185
146	12	185	
1	110	280	274
-1
2	107	65	267
-1
3	101	80	109
-1
1	102	237	79
-1
4	114	94	212
-1
2	102	5	283
5	2	283	
3	104	214	69
-1
4	100	106	171
-1
2	116	216	262
-1
3	100	228	108
-1
4	105	291	139
-1
4	103	293	203
-1
1	112	33	34
33	18	14	34	
1	102	294	271
-1
2	113	8	116
-1
1	107	74	120
-1
2	115	236	86
-1
3	106	233	191
-1
3	119	85	158
-1
3	106	101	138
-1
3	116	53	128
53	28	128	
3	119	31	121
-1
3	104	274	153
-1
1	114	78	198
-1
3	102	13	258
-1
2	101	158	31
-1
3	118	286	19
286	19	
4	100	181	3
-1
4	118	299	87
-1
1	115	79	188
-1
3	114	17	292
-1
4	106	94	22
-1
3	110	125	48
125	21	48	
2	100	189	177
-1
1	117	276	189
-1
2	119	178	47
-1
3	109	251	32
-1
2	111	110	264
-1
3	118	210	263
-1
4	117	220	41
-1
1	108	67	109
67	76	6	109	
4	102	94	202
-1
1	109	240	78
-1
4	105	291	267
-1
4	106	43	242
-1
3	112	52	119
-1
1	115	91	69
-1
4	118	253	230
-1
4	100	64	192
-1
2	112	14	111
-1
4	113	151	178
-1
2	106	32	271
-1
3	104	234	262
-1
4	110	235	4
-1
4	103	112	46
-1
2	113	178	97
-1
2	113	42	240
-1
4	103	289	192
-1
2	114	148	255
-1
2	116	20	269
-1
3	105	285	171
-1
2	107	58	202
-1
3	109	84	187
-1
1	112	188	173
-1
2	110	10	37
-1
3	106	125	266
125	14	266	
2	117	110	8
-1
3	108	164	48
-1
1	115	199	195
-1
3	103	125	215
-1
4	105	161	199
-1
3	119	127	8
-1
4	117	114	91
-1
3	110	115	31
-1
3	106	68	92
-1
2	111	170	217
-1
2	110	16	78
16	71	78	
2	118	154	241
-1
3	104	234	139
-1
4	110	269	15
269	55	2	15	
2	108	24	176
-1
2	107	250	54
-1
2	118	129	167
-1
3	100	298	34
-1
3	111	288	101
-1
2	119	66	22
-1
2	117	110	37
-1
4	109	160	242
-1
2	100	10	228
-1
4	114	55	196
-1
2	109	65	220
-1
4	102	26	221
-1
4	101	293	101
-1
1	114	103	98
-1
4	106	243	138
-1
4	119	227	203
-1
2	115	178	12
-1
4	109	155	224
-1
3	116	125	285
-1
3	103	285	91
-1
3	114	211	156
-1
1	114	261	233
-1
3	106	115	277
-1
1	104	188	132
-1
1	101	294	74
-1
2	115	252	52
-1
3	107	231	230
-1
4	102	299	84
-1
3	106	60	260
-1
2	117	48	296
-1
3	104	231	207
-1
1	108	86	219
-1
4	104	212	33
212	2	15	33	
4	115	139	273
-1
3	101	163	266
-1
4	112	76	270
-1
1	101	191	200
-1
3	117	70	250
-1
1	108	224	9
-1
4	104	11	56
-1
1	102	240	287
-1
2	100	24	124
24	22	124	
3	104	144	87
-1
1	116	188	225
-1
2	114	116	139
-1
2	103	169	214
-1
1	114	221	157
-1
2	104	255	278
-1
