4	89	100	102
100	63	102	
4	90	122	100
122	7	78	100	
4	86	104	145
104	90	145	
2	84	129	137
-1
2	92	153	83
153	66	83	
4	87	77	61
77	50	61	
3	80	5	16
5	175	16	
4	81	72	75
72	66	133	75	
1	89	163	120
163	5	120	
3	88	107	190
-1
3	90	10	42
10	64	46	42	
4	81	152	163
152	56	18	163	
2	86	74	18
74	70	18	
4	82	100	99
100	87	99	
1	97	176	51
176	29	51	
1	97	148	128
148	13	128	
1	84	147	132
147	26	14	132	
3	91	107	4
107	7	4	
2	90	160	118
160	55	118	
1	92	29	24
-1
2	93	170	185
-1
4	87	60	88
60	91	88	
2	97	1	161
-1
4	95	39	12
39	12	
2	85	14	188
-1
2	92	71	87
71	6	87	
1	96	140	34
140	36	34	
2	91	177	92
177	19	92	
3	88	88	52
88	71	52	
3	91	70	32
70	176	32	
4	87	42	1
42	4	1	
4	95	7	12
7	121	12	
4	87	87	165
87	60	165	
3	99	184	3
184	17	121	3	
1	98	179	16
179	7	121	16	
3	96	24	38
-1
3	89	149	178
149	5	178	
3	93	5	154
5	56	154	
3	96	16	41
16	41	
3	87	96	110
96	85	110	
4	80	199	104
-1
4	83	86	62
86	14	26	62	
4	87	61	148
61	25	148	
2	90	101	131
101	56	131	
2	97	200	109
200	61	109	
2	95	38	85
38	18	85	
2	92	114	33
114	19	105	33	
1	97	176	189
176	11	189	
3	89	81	156
81	6	36	156	
4	90	37	51
37	34	51	
1	85	176	49
176	7	174	49	
2	87	68	86
68	138	11	86	
2	94	172	99
172	91	99	
4	85	39	199
-1
4	85	61	150
61	76	150	
4	89	99	139
-1
1	93	174	4
174	7	4	
4	81	178	179
178	18	56	179	
4	88	87	59
87	99	59	
2	90	36	47
36	174	7	47	
3	90	198	23
-1
3	96	64	90
64	27	90	
3	94	191	13
191	14	66	13	
3	84	65	52
65	52	
1	93	22	64
22	147	2	64	
3	91	88	162
88	91	2	162	
2	94	189	87
189	11	70	87	
4	85	123	16
123	35	16	
4	95	196	102
-1
2	82	177	89
177	4	1	89	
4	96	7	87
7	6	87	
2	97	38	150
38	76	150	
2	90	154	140
154	10	140	
3	93	120	156
120	91	2	156	
2	96	36	130
-1
3	90	149	169
-1
4	88	152	157
152	1	157	
2	96	6	31
6	168	2	31	
1	89	143	179
143	71	179	
3	98	139	155
-1
4	84	133	161
133	66	161	
2	85	101	198
-1
4	96	158	103
158	54	14	103	
4	83	180	174
-1
3	92	53	9
53	33	9	
4	80	142	157
142	40	157	
4	89	192	60
-1
2	99	32	18
32	176	70	18	
3	97	88	160
-1
3	83	198	50
-1
4	84	196	134
-1
2	93	32	34
32	145	34	
4	96	169	144
-1
2	89	197	75
-1
4	90	180	80
180	59	80	
1	98	45	21
45	5	21	
1	98	125	164
125	12	164	
3	95	66	195
66	83	6	195	
4	86	86	35
86	76	35	
3	96	35	32
35	99	32	
3	81	139	179
139	56	179	
1	87	155	162
155	20	29	162	
4	82	168	82
168	98	82	
2	96	36	78
36	121	7	78	
2	95	78	57
78	100	57	
1	95	128	101
-1
2	98	38	178
38	18	178	
4	85	56	43
56	43	
4	99	43	80
43	80	
2	82	190	67
-1
1	80	138	157
138	68	87	157	
4	93	19	111
19	3	111	
4	94	86	30
86	30	
2	91	48	18
48	18	
4	99	37	95
37	95	
4	92	152	174
152	1	21	174	
1	89	40	11
40	117	11	
1	83	138	19
138	11	19	
3	95	135	61
135	76	61	
2	81	14	50
14	50	
3	97	76	139
76	82	56	139	
2	99	68	158
-1
1	88	21	195
21	174	6	195	
4	85	55	195
-1
1	91	118	31
118	91	2	31	
2	96	38	134
38	76	134	
3	99	10	173
10	68	27	173	
1	97	111	63
-1
2	89	6	197
6	83	20	197	
2	91	181	163
-1
1	89	174	190
-1
4	86	123	10
123	56	154	10	
4	93	182	30
182	6	7	30	
2	87	71	37
71	179	37	
1	89	128	106
128	13	106	
2	82	32	143
32	71	143	
2	87	108	104
108	84	104	
1	89	147	166
147	22	166	
2	97	156	172
-1
2	91	26	104
26	147	2	104	
1	81	49	78
49	23	78	
3	82	58	152
58	1	152	
2	91	177	134
177	19	134	
1	99	90	156
90	27	156	
3	97	149	83
-1
2	91	190	66
-1
2	95	164	174
-1
1	92	111	72
-1
4	95	72	180
72	67	180	
2	99	30	157
-1
2	88	101	5
101	56	5	
2	99	114	62
-1
2	84	136	38
136	76	38	
1	99	140	79
-1
4	94	131	179
131	56	179	
3	99	28	168
28	83	6	168	
2	84	20	132
-1
4	96	67	194
67	157	4	194	
4	87	79	66
79	118	66	
3	83	15	95
15	37	95	
2	99	6	147
6	72	147	
2	92	74	13
74	14	66	13	
1	90	45	148
45	24	148	
3	80	150	39
150	23	39	
2	99	161	170
-1
4	86	55	149
-1
3	89	15	168
15	83	6	168	
4	83	99	34
99	12	34	
4	88	7	65
-1
2	94	94	79
94	79	
2	80	89	84
89	108	84	
3	92	88	109
88	109	
2	92	101	105
101	33	105	
3	90	103	6
103	72	6	
3	91	135	167
-1
3	80	194	21
-1
1	87	173	187
173	18	187	
3	93	82	86
82	76	86	
1	97	185	44
-1
2	87	153	138
153	90	27	138	
2	82	119	178
119	68	5	178	
4	82	80	18
80	3	173	18	
2	86	4	70
4	48	70	
3	84	28	172
28	83	15	172	
2	90	91	106
91	2	40	106	
4	90	122	52
122	13	52	
2	97	54	24
54	92	24	
2	94	154	105
-1
4	97	39	42
39	77	42	
1	86	188	146
-1
3	84	15	65
15	110	65	
1	81	29	96
-1
3	82	151	51
151	66	118	51	
2	93	129	79
129	4	72	79	
4	90	113	121
113	25	121	
3	93	15	194
-1
3	96	186	48
-1
4	93	95	1
-1
2	86	89	39
89	145	39	
2	91	78	26
78	7	26	
