1	118	275	300
-1
3	110	52	2
-1
3	103	45	300
-1
1	104	235	179
-1
3	116	22	272
-1
1	114	8	150
-1
2	101	21	52
-1
3	113	90	188
-1
2	114	241	38
-1
1	105	91	223
-1
4	105	271	249
-1
4	118	81	53
-1
1	109	72	97
-1
3	119	87	83
-1
4	110	103	157
-1
2	100	40	164
-1
4	103	146	185
-1
3	110	280	274
-1
3	107	65	267
-1
3	101	80	109
-1
4	102	237	79
-1
2	114	94	212
-1
3	102	5	283
-1
1	104	214	69
-1
3	100	106	171
-1
3	116	216	262
-1
4	100	228	108
-1
3	105	291	139
-1
3	103	293	203
-1
1	112	33	34
33	14	34	
4	102	294	271
-1
1	113	8	116
-1
3	107	74	120
-1
3	115	236	86
-1
3	106	233	191
-1
3	119	85	158
-1
2	106	101	138
101	46	2	138	
2	116	53	128
-1
4	119	31	121
-1
4	104	274	153
-1
1	114	78	198
-1
2	102	13	258
-1
1	101	158	31
-1
3	118	286	19
-1
1	100	181	3
-1
1	118	299	87
-1
1	115	79	188
-1
2	114	17	292
-1
2	106	94	22
94	100	128	22	
2	110	125	48
-1
4	100	189	177
-1
4	117	276	189
-1
4	119	178	47
-1
2	109	251	32
-1
2	111	110	264
-1
4	118	210	263
-1
3	117	220	41
-1
4	108	67	109
-1
2	102	94	202
-1
4	109	240	78
-1
3	105	291	267
-1
2	106	43	242
-1
3	112	52	119
-1
1	115	91	69
-1
4	118	253	230
-1
2	100	64	192
-1
2	112	14	111
-1
3	113	151	178
-1
2	106	32	271
-1
3	104	234	262
-1
1	110	235	4
-1
2	103	112	46
-1
4	113	178	97
-1
2	113	42	240
-1
2	103	289	192
-1
1	114	148	255
-1
4	116	20	269
-1
1	105	285	171
-1
3	107	58	202
-1
1	109	84	187
-1
1	112	188	173
-1
2	110	10	37
-1
2	106	125	266
-1
2	117	110	8
-1
1	108	164	48
-1
3	115	199	195
-1
2	103	125	215
-1
3	105	161	199
-1
3	119	127	8
-1
4	117	114	91
114	147	91	
2	110	115	31
-1
4	106	68	92
68	16	92	
1	111	170	217
-1
4	110	16	78
16	11	78	
4	118	154	241
-1
3	104	234	139
-1
3	110	269	15
-1
2	108	24	176
-1
2	107	250	54
-1
2	118	129	167
-1
4	100	298	34
-1
2	111	288	101
-1
4	119	66	22
-1
2	117	110	37
-1
4	109	160	242
-1
2	100	10	228
-1
4	114	55	196
-1
3	109	65	220
-1
4	102	26	221
-1
3	101	293	101
-1
4	114	103	98
-1
4	106	243	138
-1
3	119	227	203
-1
4	115	178	12
-1
2	109	155	224
-1
2	116	125	285
-1
1	103	285	91
-1
3	114	211	156
-1
4	114	261	233
-1
2	106	115	277
-1
1	104	188	132
-1
4	101	294	74
-1
4	115	252	52
-1
3	107	231	230
-1
1	102	299	84
-1
4	106	60	260
-1
4	117	48	296
-1
3	104	231	207
-1
1	108	86	219
-1
1	104	212	33
-1
3	115	139	273
-1
2	101	163	266
-1
2	112	76	270
-1
4	101	191	200
-1
2	117	70	250
-1
3	108	224	9
-1
3	104	11	56
-1
4	102	240	287
-1
2	100	24	124
-1
4	104	144	87
-1
1	116	188	225
-1
3	114	116	139
-1
3	103	169	214
-1
2	114	221	157
-1
2	104	255	278
-1
3	112	124	202
-1
4	100	252	264
-1
3	118	128	203
-1
4	101	210	278
-1
4	107	210	121
-1
4	104	295	60
-1
4	102	103	175
-1
1	108	177	43
-1
1	116	272	16
-1
1	105	267	22
-1
1	106	263	145
-1
3	109	215	96
-1
4	103	27	276
-1
2	100	125	185
-1
4	112	98	147
-1
1	112	158	193
-1
2	118	142	295
-1
4	113	16	224
-1
4	108	156	195
-1
4	101	152	213
-1
4	105	178	175
-1
4	112	156	142
-1
4	107	98	220
-1
2	104	241	45
-1
4	110	114	142
114	26	142	
3	102	106	299
106	57	2	299	
4	116	210	192
-1
4	111	189	208
-1
4	106	262	63
-1
1	110	102	267
-1
1	117	263	196
-1
1	110	268	51
-1
2	109	172	200
-1
3	105	300	193
-1
2	107	64	6
64	6	
4	117	274	163
-1
3	109	128	73
-1
3	116	224	13
-1
4	110	296	274
-1
2	116	14	75
-1
4	111	296	37
-1
4	114	205	56
-1
2	113	255	227
-1
2	105	277	278
-1
2	102	42	93
-1
2	117	249	118
-1
3	101	207	245
-1
1	113	108	221
-1
1	106	164	268
-1
4	112	34	281
-1
4	108	223	28
-1
3	115	6	233
-1
2	101	140	239
140	118	239	
1	111	226	215
-1
3	103	151	9
-1
