2	90	24	147
24	12	147	
3	82	170	41
170	21	60	41	
3	89	83	65
83	40	128	65	
4	95	73	143
73	46	143	
3	89	125	66
125	33	66	
4	87	17	146
17	146	
3	89	83	132
83	11	50	132	
2	98	148	172
-1
3	91	143	146
143	75	146	
2	92	95	79
95	79	
4	91	45	103
45	68	103	
4	83	107	72
107	2	72	
4	87	142	107
142	37	107	
2	90	132	131
-1
2	95	78	56
78	12	147	56	
1	92	87	24
87	42	24	
3	83	7	106
7	178	41	106	
4	94	108	5
108	27	144	5	
1	91	66	147
-1
2	90	70	41
70	134	6	41	
2	84	2	38
2	1	38	
2	95	185	144
185	4	144	
4	93	9	85
9	153	82	85	
3	84	96	167
96	91	167	
2	91	78	45
78	68	45	
3	94	125	83
125	17	83	
3	91	117	41
117	31	41	
3	95	40	148
40	128	1	148	
2	81	86	166
86	100	29	166	
2	94	78	35
-1
2	91	100	188
100	46	52	188	
2	86	24	173
24	78	55	173	
1	91	171	133
171	15	14	133	
1	89	25	28
25	19	33	28	
1	93	161	106
161	40	41	106	
1	96	152	182
152	4	182	
4	88	118	99
118	62	99	
4	96	189	90
-1
3	81	64	176
64	124	36	176	
4	87	37	5
37	70	68	5	
4	94	51	104
51	53	67	104	
2	98	54	127
54	66	127	
2	90	153	97
-1
2	98	136	73
136	20	73	
3	95	85	185
85	4	185	
3	88	79	136
79	20	136	
4	86	107	5
107	68	5	
4	96	175	193
-1
3	83	143	8
143	58	60	8	
4	99	76	45
76	45	
4	82	43	47
43	2	47	
3	80	198	101
-1
2	88	28	53
28	33	53	
1	81	39	188
39	65	188	
3	85	29	24
29	24	
1	93	124	102
-1
1	89	104	160
104	69	82	160	
4	82	31	87
31	98	87	
2	89	199	29
-1
1	85	94	105
94	23	46	105	
1	92	193	99
-1
4	84	147	96
-1
3	88	27	124
-1
1	87	155	114
155	91	15	114	
4	90	108	142
108	65	142	
3	92	46	17
46	17	
4	83	71	120
71	12	120	
2	89	100	102
100	3	102	
2	90	122	100
122	85	100	
1	86	104	145
-1
2	84	129	137
129	14	137	
2	92	153	83
153	82	83	
2	87	77	61
77	83	61	
1	80	5	16
5	144	16	
3	81	72	75
72	3	75	
1	89	163	120
163	12	120	
4	88	107	190
-1
3	90	10	42
10	88	42	
1	81	152	163
152	74	163	
4	86	74	18
74	1	29	18	
2	82	100	99
-1
2	97	176	51
176	22	51	
2	97	148	128
148	1	128	
4	84	147	132
147	12	132	
4	91	107	4
-1
3	90	160	118
-1
3	92	29	24
29	24	
3	93	170	185
-1
1	87	60	88
60	42	88	
2	97	1	161
1	38	161	
1	95	39	12
39	65	12	
2	85	14	188
-1
4	92	71	87
71	17	70	87	
2	96	140	34
140	34	
4	91	177	92
177	14	92	
1	88	88	52
88	24	78	52	
2	91	70	32
-1
3	87	42	1
42	128	1	
3	95	7	12
7	168	12	
1	87	87	165
87	70	165	
1	99	184	3
184	3	
3	98	179	16
179	64	20	16	
2	96	24	38
24	161	38	
1	89	149	178
-1
1	93	5	154
5	62	154	
1	96	16	41
16	48	6	41	
3	87	96	110
-1
2	80	199	104
199	7	50	104	
2	83	86	62
86	100	62	
4	87	61	148
61	43	148	
1	90	101	131
101	15	131	
1	97	200	109
-1
4	95	38	85
38	4	85	
1	92	114	33
114	15	33	
2	97	176	189
176	50	189	
3	89	81	156
81	91	156	
4	90	37	51
37	178	1	51	
2	85	176	49
-1
2	87	68	86
68	103	86	
4	94	172	99
172	55	99	
1	85	39	199
39	44	7	199	
4	85	61	150
-1
4	89	99	139
-1
3	93	174	4
174	7	168	4	
3	81	178	179
178	41	6	179	
1	88	87	59
87	70	68	59	
4	90	36	47
36	30	47	
3	90	198	23
-1
3	96	64	90
64	151	60	90	
2	94	191	13
191	1	15	13	
2	84	65	52
65	188	52	
3	93	22	64
22	20	64	
1	91	88	162
88	11	162	
4	94	189	87
-1
1	85	123	16
123	48	16	
3	95	196	102
196	23	102	
4	82	177	89
-1
3	96	7	87
-1
4	97	38	150
38	57	150	
4	90	154	140
154	62	34	140	
2	93	120	156
-1
4	96	36	130
36	91	130	
1	90	149	169
-1
1	88	152	157
-1
2	96	6	31
6	165	31	
3	89	143	179
-1
1	98	139	155
-1
1	84	133	161
133	28	161	
1	85	101	198
101	15	1	198	
4	96	158	103
158	53	33	103	
4	83	180	174
-1
4	92	53	9
53	9	
4	80	142	157
-1
4	89	192	60
192	19	14	60	
4	99	32	18
32	133	18	
1	97	88	160
88	82	160	
3	83	198	50
-1
3	84	196	134
196	49	70	134	
4	93	32	34
32	133	14	34	
3	96	169	144
-1
3	89	197	75
197	38	75	
4	90	180	80
180	80	
4	98	45	21
45	21	
3	98	125	164
125	74	164	
1	95	66	195
66	134	2	195	
2	86	86	35
86	97	67	35	
2	96	35	32
35	142	32	
1	81	139	179
139	69	82	179	
1	87	155	162
155	40	162	
4	82	168	82
168	7	173	82	
4	96	36	78
36	30	78	
2	95	78	57
78	3	57	
4	95	128	101
-1
4	98	38	178
38	1	178	
4	85	56	43
56	140	43	
4	99	43	80
43	50	80	
3	82	190	67
-1
1	80	138	157
138	53	11	157	
4	93	19	111
-1
2	94	86	30
86	15	30	
4	91	48	18
48	4	18	
4	99	37	95
37	2	53	95	
1	92	152	174
-1
3	89	40	11
40	11	
1	83	138	19
138	53	6	19	
2	95	135	61
-1
2	81	14	50
14	50	
4	97	76	139
76	4	20	139	
2	99	68	158
68	88	1	158	
1	88	21	195
21	170	2	195	
4	85	55	195
55	37	2	195	
4	91	118	31
-1
4	96	38	134
38	53	2	134	
3	99	10	173
10	173	
3	97	111	63
111	63	
2	89	6	197
6	177	14	197	
3	91	181	163
-1
3	89	174	190
-1
1	86	123	10
123	95	10	
2	93	182	30
-1
