2	98	179	16
-1
2	96	24	38
24	38	
4	89	149	178
149	28	68	178	
2	93	5	154
5	62	154	
1	96	16	41
16	126	41	
1	87	96	110
96	20	110	
4	80	199	104
-1
4	83	86	62
86	46	62	
2	87	61	148
61	17	148	
1	90	101	131
-1
1	97	200	109
-1
4	95	38	85
38	35	85	
2	92	114	33
114	33	
2	97	176	189
-1
1	89	81	156
-1
1	90	37	51
37	107	51	
2	85	176	49
-1
2	87	68	86
68	86	
1	94	172	99
172	27	99	
4	85	39	199
39	3	199	
2	85	61	150
61	58	150	
2	89	99	139
99	10	139	
3	93	174	4
174	20	110	4	
1	81	178	179
-1
2	88	87	59
87	176	59	
1	90	36	47
-1
2	90	198	23
-1
1	96	64	90
64	93	90	
3	94	191	13
191	14	13	
1	84	65	52
65	67	52	
4	93	22	64
22	53	64	
3	91	88	162
88	66	162	
1	94	189	87
189	27	76	87	
2	85	123	16
123	47	16	
3	95	196	102
-1
1	82	177	89
-1
2	96	7	87
7	88	87	
4	97	38	150
38	150	
4	90	154	140
154	53	140	
3	93	120	156
-1
1	96	36	130
36	10	130	
4	90	149	169
-1
4	88	152	157
-1
3	96	6	31
6	2	73	31	
2	89	143	179
-1
3	98	139	155
139	47	155	
4	84	133	161
133	52	161	
1	85	101	198
-1
3	96	158	103
158	27	103	
1	83	180	174
180	11	27	174	
4	92	53	9
53	64	9	
2	80	142	157
-1
1	89	192	60
192	6	60	
4	99	32	18
32	18	
3	97	88	160
88	91	78	160	
2	83	198	50
198	77	50	
3	84	196	134
-1
4	93	32	34
32	24	34	
4	96	169	144
169	1	144	
2	89	197	75
-1
1	90	180	80
180	33	80	
2	98	45	21
-1
2	98	125	164
125	77	164	
4	95	66	195
-1
4	86	86	35
-1
3	96	35	32
35	2	104	32	
3	81	139	179
139	34	179	
3	87	155	162
155	47	162	
2	82	168	82
168	51	82	
1	96	36	78
36	26	78	
1	95	78	57
78	76	57	
4	95	128	101
128	40	15	101	
4	98	38	178
38	57	68	178	
3	85	56	43
56	43	
1	99	43	80
43	133	80	
4	82	190	67
190	18	97	67	
1	80	138	157
-1
3	93	19	111
19	53	111	
4	94	86	30
86	1	155	30	
4	91	48	18
48	7	18	
1	99	37	95
37	78	95	
4	92	152	174
152	20	174	
4	89	40	11
40	78	82	11	
1	83	138	19
138	20	19	
4	95	135	61
135	40	91	61	
4	81	14	50
14	34	50	
4	97	76	139
76	57	68	139	
2	99	68	158
68	86	46	158	
2	88	21	195
-1
2	85	55	195
-1
2	91	118	31
-1
4	96	38	134
-1
4	99	10	173
10	17	173	
4	97	111	63
111	92	63	
3	89	6	197
6	197	
3	91	181	163
181	5	56	163	
3	89	174	190
174	10	190	
2	86	123	10
123	15	122	10	
4	93	182	30
182	30	
1	87	71	37
71	55	37	
4	89	128	106
128	63	106	
4	82	32	143
32	143	
1	87	108	104
108	12	104	
3	89	147	166
147	47	70	166	
3	97	156	172
156	99	27	172	
3	91	26	104
26	2	104	
3	81	49	78
49	8	78	
3	82	58	152
58	100	41	152	
1	91	177	134
177	10	134	
3	99	90	156
90	156	
4	97	149	83
149	23	83	
4	91	190	66
-1
4	95	164	174
-1
4	92	111	72
111	53	82	72	
2	95	72	180
72	11	180	
4	99	30	157
-1
1	88	101	5
101	15	5	
2	99	114	62
114	46	62	
3	84	136	38
136	35	38	
1	99	140	79
-1
4	94	131	179
131	41	179	
4	99	28	168
-1
4	84	20	132
20	7	132	
2	96	67	194
-1
3	87	79	66
79	52	178	66	
4	83	15	95
15	40	95	
3	99	6	147
6	74	147	
2	92	74	13
74	14	13	
2	90	45	148
45	155	1	148	
2	80	150	39
150	39	
1	99	161	170
161	49	170	
2	86	55	149
55	28	149	
4	89	15	168
15	51	168	
2	83	99	34
99	96	20	34	
2	88	7	65
7	175	65	
3	94	94	79
-1
2	80	89	84
-1
3	92	88	109
-1
1	92	101	105
101	31	105	
3	90	103	6
103	84	15	6	
4	91	135	167
135	41	167	
3	80	194	21
-1
3	87	173	187
-1
2	93	82	86
82	11	86	
4	97	185	44
185	4	44	
2	87	153	138
153	50	138	
4	82	119	178
119	6	66	178	
4	82	80	18
80	81	18	
3	86	4	70
4	13	70	
4	84	28	172
28	108	14	172	
1	90	91	106
91	18	106	
4	90	122	52
122	15	83	52	
2	97	54	24
54	34	24	
4	94	154	105
-1
4	97	39	42
39	49	161	42	
3	86	188	146
188	27	76	146	
4	84	15	65
15	175	65	
3	81	29	96
29	41	56	96	
3	82	151	51
151	53	51	
1	93	129	79
129	76	79	
2	90	113	121
113	20	121	
4	93	15	194
15	86	1	194	
2	96	186	48
186	7	48	
4	93	95	1
95	86	1	
2	86	89	39
89	91	39	
1	91	78	26
78	26	
2	95	5	192
5	192	
2	82	61	20
61	89	20	
2	93	134	122
134	10	122	
4	83	76	2
76	2	
1	83	141	67
141	55	67	
2	96	63	33
63	115	33	
1	83	37	170
37	27	170	
4	95	185	64
-1
4	85	190	104
-1
1	82	36	134
36	10	134	
4	93	28	138
28	2	138	
3	84	35	150
35	38	150	
1	97	138	83
138	2	83	
1	91	91	110
91	121	20	110	
2	89	74	50
74	6	50	
1	81	177	112
-1
4	91	25	100
-1
4	94	169	85
169	1	85	
1	90	16	26
16	6	2	26	
3	83	102	62
102	51	46	62	
4	92	164	89
164	89	
1	81	170	123
-1
3	95	146	12
146	12	
2	84	44	102
44	33	102	
2	85	47	127
47	16	127	
1	88	116	103
116	11	27	103	
3	80	17	80
17	163	83	80	
3	84	88	48
88	7	48	
3	81	175	15
175	15	
2	82	117	116
-1
4	82	40	32
40	15	32	
3	97	4	1
4	130	1	
2	88	117	146
-1
2	90	112	141
112	18	141	
