2	315	600	653
-1
3	335	913	295
-1
3	337	205	764
-1
1	345	336	610
336	341	610	
4	314	953	196
953	196	
2	345	923	841
-1
3	306	304	877
-1
4	305	453	451
-1
3	321	905	606
-1
4	319	252	547
-1
3	323	144	146
-1
4	319	260	58
260	105	58	
3	332	247	615
-1
2	341	735	950
-1
4	338	980	254
-1
3	330	695	529
-1
1	306	142	832
-1
2	308	749	636
-1
1	314	854	892
-1
4	312	477	496
-1
1	309	498	639
-1
3	317	171	250
-1
4	333	491	497
491	497	
1	334	925	231
-1
3	338	969	562
-1
2	318	559	608
-1
2	349	990	750
-1
2	336	648	850
-1
3	327	757	55
-1
3	322	823	531
-1
1	313	435	28
-1
4	312	544	550
-1
2	308	63	392
-1
1	340	548	317
-1
2	302	983	637
-1
3	309	23	195
23	724	195	
2	308	591	536
591	98	536	
2	309	342	536
-1
2	313	80	292
-1
2	343	357	466
-1
4	320	482	252
482	120	252	
2	322	597	147
-1
4	313	609	210
-1
4	331	470	109
-1
1	317	560	443
-1
1	314	212	465
-1
2	301	472	407
-1
1	336	832	100
-1
4	329	42	179
42	569	179	
2	344	305	888
-1
1	345	451	369
-1
3	342	623	317
-1
4	303	345	925
-1
3	311	459	394
459	345	394	
1	304	592	306
592	8	306	
3	320	10	517
-1
3	329	326	340
-1
3	328	177	524
-1
1	307	916	565
-1
4	346	945	221
-1
4	316	792	23
-1
4	332	537	646
-1
2	306	781	990
-1
3	302	586	800
-1
2	307	500	392
-1
3	325	856	753
-1
3	315	676	430
-1
1	338	607	606
-1
1	304	286	873
-1
1	326	495	818
-1
2	349	591	609
-1
3	344	407	497
-1
2	335	891	630
891	66	630	
2	335	299	215
-1
2	328	101	66
-1
1	332	560	921
-1
3	311	888	949
-1
1	318	203	555
-1
2	341	393	192
-1
4	308	499	686
499	496	686	
3	318	177	628
-1
2	314	526	386
-1
3	343	872	276
-1
2	310	208	927
-1
3	325	695	379
-1
1	348	925	939
-1
4	346	907	826
-1
3	300	318	380
-1
3	344	686	124
-1
3	331	927	974
-1
3	309	337	150
-1
4	346	355	28
-1
4	324	870	899
-1
2	300	365	458
-1
1	328	75	504
-1
1	318	203	428
-1
2	345	603	686
-1
3	326	599	3
-1
4	349	501	41
-1
3	324	595	967
-1
2	326	727	656
-1
3	303	838	10
-1
3	303	686	879
-1
4	311	810	596
-1
1	316	212	22
-1
1	346	993	224
-1
3	331	711	826
-1
3	336	959	776
-1
3	326	585	629
-1
2	344	687	223
-1
4	301	761	301
-1
3	311	337	490
-1
2	339	292	176
-1
4	334	146	337
-1
3	306	809	901
-1
1	331	975	893
-1
2	309	273	955
-1
4	336	257	913
-1
4	314	243	850
-1
2	339	621	536
-1
2	339	317	648
-1
2	331	669	985
-1
4	308	30	276
-1
2	344	621	773
-1
2	346	808	581
-1
2	340	16	908
-1
1	347	799	180
-1
2	309	408	436
-1
1	310	497	30
-1
3	345	861	650
-1
3	343	800	319
-1
2	329	40	339
-1
3	306	473	720
-1
2	329	81	340
81	849	340	
3	311	377	499
-1
1	318	574	514
574	56	514	
1	300	366	665
-1
2	335	113	424
-1
2	317	125	920
-1
4	316	985	781
-1
4	336	733	580
-1
4	324	776	971
-1
1	343	507	443
-1
4	335	865	875
-1
3	335	996	252
-1
2	301	708	177
-1
3	315	678	542
678	393	542	
1	338	828	7
-1
4	308	766	131
-1
4	340	733	467
-1
2	319	701	199
-1
3	342	988	326
-1
4	336	964	832
-1
3	311	660	49
-1
1	314	47	44
-1
2	340	932	751
-1
3	333	683	781
-1
2	341	98	608
-1
1	321	937	373
-1
1	338	47	105
-1
1	338	937	806
-1
2	314	758	145
-1
4	347	550	460
550	478	460	
4	345	489	119
-1
4	339	950	165
-1
1	341	366	97
-1
2	321	606	779
-1
3	331	91	229
-1
2	303	583	517
-1
1	310	556	563
-1
3	317	996	851
-1
4	311	635	608
-1
2	322	951	510
-1
2	341	98	998
-1
1	307	646	299
-1
1	303	237	664
-1
1	334	930	621
-1
1	312	404	63
-1
2	328	485	997
-1
1	342	290	553
-1
2	342	552	900
552	18	900	
1	301	619	886
-1
1	312	182	836
-1
3	309	205	286
-1
2	309	698	931
-1
4	322	355	519
-1
1	344	109	448
-1
4	307	345	851
-1
3	303	809	687
-1
1	307	789	977
-1
2	309	331	528
-1
1	344	75	499
-1
3	332	778	680
-1
1	317	991	236
-1
2	349	552	933
-1
3	317	764	288
-1
4	316	638	748
-1
1	319	133	92
-1
4	305	42	900
-1
3	331	595	688
-1
