4	110	440	893
-1
3	100	966	537
-1
3	114	946	238
-1
2	116	736	420
-1
3	116	867	376
-1
1	107	897	114
-1
4	117	340	99
340	99	
3	103	808	722
-1
4	115	784	555
-1
4	114	643	66
-1
2	107	369	857
-1
2	115	871	822
-1
4	112	544	119
-1
2	112	850	855
-1
3	119	606	73
-1
3	112	443	969
-1
4	110	942	661
942	218	661	
4	103	751	820
-1
3	118	467	604
467	303	604	
3	115	62	598
62	347	598	
2	111	629	966
-1
2	113	736	189
-1
4	111	83	732
-1
3	105	315	581
315	680	53	581	
2	109	319	538
-1
3	118	699	980
-1
1	110	191	274
191	532	274	
1	109	134	24
-1
1	104	149	490
-1
3	101	367	904
-1
1	107	2	532
2	30	532	
3	107	494	619
-1
3	118	807	701
-1
2	110	590	367
-1
1	107	228	38
-1
1	119	937	736
-1
2	112	615	278
615	22	278	
1	107	657	763
-1
3	109	167	912
-1
3	104	631	278
-1
3	115	693	632
-1
3	105	72	477
72	190	477	
4	105	639	635
-1
3	103	289	224
-1
1	100	519	451
-1
3	107	638	388
-1
3	105	737	354
-1
3	119	461	11
461	283	680	11	
2	110	561	529
-1
2	100	150	159
150	267	189	159	
4	111	994	203
-1
2	119	721	274
-1
2	113	66	264
-1
2	116	463	552
-1
4	119	578	70
-1
2	118	379	708
-1
1	111	266	796
-1
4	113	783	257
-1
1	113	63	817
-1
4	112	253	318
253	389	213	318	
2	114	425	311
-1
1	100	228	383
-1
2	103	507	448
-1
1	115	420	262
-1
2	116	909	839
-1
2	103	848	217
-1
1	111	526	835
-1
2	107	909	617
-1
2	115	655	31
-1
2	112	928	636
-1
4	114	712	60
-1
3	116	699	288
-1
3	115	959	794
959	213	794	
1	116	834	214
-1
2	106	909	122
-1
2	103	406	321
406	458	83	321	
3	109	961	198
-1
2	117	312	106
-1
2	108	271	112
-1
3	103	398	392
398	29	865	392	
1	102	490	103
-1
3	101	596	801
-1
2	115	84	111
84	129	111	
4	100	19	945
-1
1	113	567	853
-1
1	113	954	610
-1
2	110	909	923
-1
3	107	698	234
-1
3	111	807	857
-1
2	102	595	254
-1
1	104	370	96
-1
3	117	853	691
853	21	691	
4	107	326	775
-1
2	111	241	145
241	46	939	145	
2	116	721	712
721	77	712	
4	105	674	17
-1
2	107	299	925
-1
2	113	769	974
-1
4	101	49	132
-1
4	114	440	727
-1
1	101	574	96
-1
1	112	458	300
-1
2	118	847	626
-1
3	114	995	218
-1
1	117	438	291
-1
2	113	734	964
-1
4	109	992	263
992	88	263	
1	114	171	383
-1
1	106	584	783
-1
4	104	557	574
557	316	574	
4	119	784	147
784	202	147	
2	111	105	605
-1
3	108	469	803
-1
2	117	607	797
-1
2	107	594	587
-1
2	111	291	320
-1
3	105	5	311
5	821	436	311	
4	119	346	482
346	620	433	482	
3	114	661	417
-1
4	107	459	974
-1
1	114	983	757
-1
1	110	954	213
-1
2	112	577	682
-1
2	101	825	640
825	285	640	
4	107	643	233
-1
2	106	102	524
-1
1	109	525	880
-1
2	110	562	225
-1
1	118	982	237
-1
1	103	888	695
-1
1	111	15	29
15	578	29	
3	104	289	983
-1
1	105	519	559
-1
3	104	904	736
-1
2	109	85	730
85	475	730	
2	112	852	831
-1
4	111	290	356
-1
1	107	39	269
-1
3	104	621	250
-1
3	110	972	137
-1
1	119	295	504
-1
2	113	79	792
-1
1	103	75	663
-1
3	118	752	566
-1
1	119	68	650
-1
1	110	617	501
-1
3	117	689	142
-1
4	105	992	181
-1
3	107	520	153
520	482	153	
4	115	636	124
636	347	124	
2	118	798	419
798	267	603	419	
1	102	989	849
-1
1	104	162	923
-1
2	109	246	674
246	72	674	
4	118	416	741
-1
2	110	316	358
-1
2	103	399	398
-1
1	103	835	390
-1
3	116	892	261
-1
4	119	551	896
-1
4	109	347	45
347	26	45	
2	109	997	34
-1
2	111	791	195
-1
3	116	895	792
-1
2	117	916	208
-1
1	106	234	523
-1
2	103	756	920
-1
1	104	420	106
-1
2	104	615	349
615	92	375	349	
4	119	963	900
-1
2	116	435	598
-1
2	109	676	594
-1
2	103	766	385
-1
3	107	129	631
-1
2	114	166	547
-1
1	116	295	132
-1
1	107	781	240
-1
4	104	16	11
-1
4	112	641	625
-1
1	111	525	940
525	23	940	
1	100	657	374
-1
1	114	833	49
-1
1	110	42	814
42	884	144	814	
2	112	797	295
-1
3	118	344	460
344	485	460	
3	102	98	754
-1
3	101	726	886
-1
4	111	625	901
-1
2	107	629	541
-1
2	106	334	418
-1
1	111	937	74
-1
1	100	138	258
-1
2	105	284	651
-1
3	119	814	447
-1
1	110	678	143
-1
2	103	89	592
-1
3	108	631	670
-1
4	101	412	294
-1
1	101	555	275
-1
4	110	674	960
-1
