2	83	15	186
15	72	18	186	
4	96	122	106
122	14	106	
3	94	37	125
-1
4	86	23	57
23	7	57	
4	86	45	185
45	1	185	
2	81	150	169
-1
4	94	142	107
-1
4	85	67	174
67	15	53	174	
4	89	69	182
69	10	182	
3	82	6	90
6	29	90	
4	99	88	57
88	178	57	
3	97	43	130
-1
3	81	131	167
-1
3	98	125	141
-1
1	82	3	185
3	1	185	
2	90	149	86
149	70	86	
2	88	22	179
22	14	179	
4	81	197	45
-1
2	94	154	66
-1
3	84	183	71
183	2	95	71	
3	80	157	111
157	21	111	
4	89	117	105
117	32	105	
2	87	134	36
-1
4	87	75	160
75	66	160	
1	91	73	115
73	108	6	115	
1	89	7	63
7	99	63	
2	87	109	37
-1
1	84	118	33
118	2	33	
4	81	51	138
51	50	138	
1	83	166	73
166	28	129	73	
4	85	170	29
170	6	29	
4	90	182	145
182	7	27	145	
2	85	171	78
-1
2	96	79	105
79	83	105	
3	90	78	177
78	73	177	
4	85	62	136
62	136	
3	81	131	44
-1
1	85	130	113
-1
2	82	126	164
-1
3	86	139	81
139	6	108	81	
4	95	23	50
-1
4	99	168	183
168	2	183	
4	89	170	105
-1
3	93	55	183
55	54	2	183	
2	81	4	13
4	114	13	
2	96	114	74
114	19	74	
4	80	191	4
191	7	27	4	
2	92	104	85
104	16	85	
1	87	1	163
1	20	163	
2	87	84	101
84	103	57	101	
2	88	190	123
-1
4	90	77	43
77	34	43	
3	95	157	12
157	41	105	12	
3	89	18	19
18	124	19	
4	81	31	22
31	25	171	22	
4	94	172	87
172	73	87	
2	89	49	78
49	77	78	
4	94	121	181
-1
1	96	153	182
-1
1	96	101	17
-1
1	91	128	158
128	31	158	
3	85	157	187
-1
2	88	119	143
-1
1	86	34	112
34	118	54	112	
2	87	84	142
84	81	142	
3	86	97	65
-1
4	83	32	113
32	115	6	113	
4	95	121	33
121	55	99	33	
4	88	47	138
47	157	21	138	
1	96	135	38
135	19	174	38	
2	86	124	117
124	5	117	
1	92	35	25
35	71	25	
2	94	92	144
92	70	83	144	
2	85	160	177
-1
4	98	47	12
47	150	12	
4	82	106	109
-1
4	87	52	92
52	33	92	
4	91	27	12
27	72	12	
1	88	135	11
135	36	11	
4	97	23	145
23	27	145	
4	94	32	68
32	25	68	
1	90	198	54
-1
2	93	150	145
-1
2	82	196	105
-1
1	85	153	103
-1
4	93	51	8
51	146	8	
4	96	165	12
165	13	12	
3	80	192	38
192	6	38	
4	90	156	124
156	26	14	124	
2	94	104	99
104	82	99	
4	94	194	130
-1
1	99	200	127
-1
1	84	30	76
-1
4	80	156	23
156	27	23	
2	82	58	175
-1
4	89	75	177
-1
1	92	1	141
1	156	27	141	
4	82	17	85
17	144	83	85	
4	85	197	40
197	11	40	
2	83	187	95
-1
1	92	74	40
74	40	
2	90	180	39
180	43	39	
3	97	139	69
-1
3	99	43	176
-1
2	93	155	185
155	54	1	185	
4	89	17	59
17	138	59	
1	82	39	59
39	67	59	
3	98	71	76
71	60	76	
4	89	45	24
45	8	24	
4	83	191	11
191	20	173	11	
4	95	186	36
-1
2	93	111	15
111	79	15	
4	93	161	105
161	12	105	
1	88	39	100
39	191	2	100	
1	92	138	54
138	16	54	
1	83	164	71
164	12	71	
4	81	165	61
-1
1	88	107	83
107	21	133	83	
3	92	37	128
-1
3	94	6	70
6	74	70	
2	89	22	55
22	6	121	55	
4	95	77	117
-1
4	99	170	78
-1
3	98	36	68
36	21	133	68	
2	92	124	157
124	41	157	
2	94	149	120
149	60	18	120	
4	86	32	37
32	64	37	
3	88	173	95
173	27	82	95	
4	87	94	132
94	99	20	132	
3	96	86	137
86	70	1	137	
2	83	40	110
40	60	57	110	
4	99	29	186
-1
2	88	136	108
136	81	108	
3	95	195	143
-1
2	84	154	18
-1
1	95	118	166
118	34	166	
2	91	104	149
104	58	149	
2	86	150	74
150	60	74	
3	97	78	167
78	66	20	167	
3	85	86	4
86	93	68	4	
2	95	114	43
114	19	43	
4	92	197	23
-1
2	91	149	158
149	58	158	
3	93	129	152
129	17	152	
3	83	25	57
25	16	57	
3	80	181	126
-1
3	89	56	29
56	7	29	
4	94	168	178
-1
3	80	174	56
174	38	56	
3	83	63	93
63	99	93	
4	97	88	158
-1
1	99	175	155
-1
3	88	48	55
48	99	55	
2	91	179	183
-1
3	80	5	159
5	104	67	159	
1	85	200	139
-1
2	94	160	147
-1
3	91	21	114
21	10	114	
2	98	155	39
-1
1	90	7	53
7	27	82	53	
4	88	62	140
62	61	140	
4	94	159	67
159	67	
1	80	30	66
30	91	66	
2	82	10	44
10	44	
4	93	142	200
142	26	200	
2	83	82	151
82	27	23	151	
1	89	147	111
147	21	111	
3	82	41	83
41	105	83	
4	92	65	190
-1
2	84	143	196
-1
3	96	66	10
66	178	10	
2	82	146	168
-1
4	87	132	150
132	10	60	150	
4	82	172	159
-1
2	94	146	52
-1
2	84	79	133
79	133	
4	86	103	32
-1
3	81	72	24
72	41	24	
1	90	107	88
107	15	41	88	
3	97	131	31
-1
3	86	56	96
56	176	96	
3	86	24	193
24	4	193	
4	87	106	124
106	14	124	
3	85	5	95
5	82	95	
1	89	147	192
147	13	192	
3	81	41	71
41	137	71	
2	84	38	125
38	162	36	125	
2	88	144	196
-1
4	95	85	54
85	16	54	
2	97	167	185
167	20	1	185	
4	84	45	192
45	13	192	
1	96	83	15
83	89	15	
3	99	41	72
41	72	
4	85	148	76
148	18	60	76	
1	97	166	22
166	52	22	
1	99	35	15
35	6	15	
3	83	188	52
188	46	117	52	
3	90	173	147
173	13	147	
1	84	133	32
133	83	105	32	
2	80	28	150
28	1	150	
