4	245	73	147
-1
3	223	125	27
125	11	27	
2	213	129	155
129	63	155	
2	241	68	108
-1
2	216	91	46
91	97	46	
1	219	193	71
-1
1	201	104	100
104	72	100	
3	249	190	122
190	12	122	
1	244	171	104
171	81	104	
3	236	27	129
-1
3	232	125	153
-1
2	210	173	77
173	10	77	
4	215	48	5
48	104	5	
1	224	161	72
-1
3	219	102	163
102	18	163	
2	239	70	107
70	107	
4	241	189	10
-1
2	212	91	152
-1
4	217	142	74
-1
1	248	87	100
-1
3	200	23	176
23	24	176	
3	227	58	148
-1
4	231	118	147
-1
3	203	85	107
85	50	107	
2	217	112	160
-1
4	223	31	29
31	36	29	
2	234	173	170
173	31	170	
2	237	14	60
14	67	60	
4	210	128	1
128	1	
4	211	98	39
98	92	39	
3	237	196	14
196	10	14	
3	236	46	71
46	6	71	
2	233	173	140
-1
3	241	57	177
-1
2	201	12	88
-1
2	231	129	70
-1
1	200	152	42
-1
1	211	88	7
88	33	7	
2	214	176	87
176	87	
1	202	88	184
-1
2	215	100	179
100	42	179	
1	237	39	24
39	60	24	
2	227	77	149
77	41	149	
2	203	110	5
-1
4	240	154	16
154	7	16	
2	209	157	96
-1
3	203	188	199
-1
2	211	141	86
-1
1	247	104	61
-1
2	230	68	101
68	101	
4	208	71	200
71	13	200	
1	234	39	38
39	113	38	
4	232	76	114
-1
4	238	53	176
-1
4	205	158	81
-1
1	200	150	37
150	2	37	
3	248	11	176
11	50	176	
1	235	66	68
66	68	
4	248	128	172
-1
4	248	75	39
75	60	39	
2	249	6	61
-1
1	238	66	99
66	91	99	
1	203	150	174
-1
4	228	134	178
134	66	178	
2	208	122	87
-1
3	246	29	36
29	36	
4	222	31	198
-1
4	239	31	64
31	64	
3	212	117	191
-1
4	201	15	65
15	71	65	
2	213	165	22
-1
1	211	114	88
114	1	88	
3	236	52	189
-1
4	215	55	123
-1
1	201	186	196
-1
3	238	196	177
-1
4	236	43	7
43	161	7	
4	249	17	38
-1
3	239	58	154
-1
4	205	71	120
-1
4	229	74	36
74	63	36	
2	218	137	149
-1
4	206	51	152
-1
4	230	89	6
89	35	6	
3	228	57	143
-1
2	204	110	139
-1
2	210	199	133
-1
3	247	85	101
-1
1	202	186	158
186	20	158	
2	223	77	180
-1
1	208	184	53
-1
3	206	113	142
113	20	142	
3	209	81	192
-1
3	217	190	32
190	12	32	
1	209	20	88
20	15	88	
2	249	199	198
-1
1	233	104	196
-1
2	233	65	32
-1
2	243	14	169
14	169	
3	224	117	197
-1
2	229	90	180
90	70	180	
4	220	51	45
-1
3	213	159	125
159	84	125	
4	244	19	66
19	68	66	
4	234	36	86
36	126	86	
4	231	147	35
-1
3	228	197	139
197	9	139	
2	211	82	155
-1
2	231	68	168
-1
1	227	163	36
-1
4	206	37	78
-1
1	200	116	128
-1
2	227	136	38
136	30	38	
4	242	99	56
99	68	56	
3	229	46	43
46	15	43	
4	216	80	190
80	12	190	
4	206	63	138
63	74	138	
3	210	41	19
41	104	19	
4	229	154	86
-1
2	217	35	48
-1
2	244	112	37
-1
2	223	120	152
120	4	152	
2	210	173	40
173	40	
1	218	150	138
150	22	138	
4	210	144	135
-1
2	249	176	14
-1
3	238	42	76
42	76	
3	207	198	68
-1
1	244	60	21
60	75	21	
4	244	89	55
-1
3	230	106	118
-1
1	233	152	38
-1
2	222	77	10
77	10	
3	212	40	111
-1
3	246	58	6
-1
2	212	70	181
-1
3	239	72	174
-1
3	209	10	123
-1
3	229	167	182
-1
1	236	114	71
-1
4	205	108	128
108	88	128	
2	242	90	32
-1
3	203	23	108
23	51	108	
2	215	148	147
148	95	147	
3	221	10	156
10	20	156	
4	203	158	26
-1
3	227	72	49
-1
4	201	62	58
-1
3	233	23	177
-1
3	205	52	90
-1
3	232	40	149
-1
4	215	98	190
98	12	190	
4	223	192	164
-1
3	221	96	111
-1
4	229	13	72
13	66	72	
2	206	136	30
136	30	
3	204	40	101
-1
1	211	69	114
-1
1	237	20	136
-1
2	228	105	140
-1
1	228	60	131
-1
2	217	95	28
-1
3	231	160	20
-1
3	243	85	67
-1
2	215	157	79
-1
1	244	88	15
88	15	
2	246	44	6
-1
1	212	200	74
-1
4	247	13	45
13	71	45	
4	238	51	150
-1
3	219	81	161
-1
1	248	60	55
60	55	
3	217	27	15
-1
2	233	110	99
-1
1	214	104	7
104	19	7	
3	228	169	94
-1
4	233	15	89
15	43	89	
1	208	161	88
-1
2	204	173	101
-1
4	205	73	103
-1
3	216	111	135
-1
4	220	32	194
-1
3	236	181	173
181	14	173	
2	235	148	82
148	18	82	
4	243	134	185
-1
3	237	198	153
-1
2	227	28	119
28	67	119	
4	217	63	80
63	117	80	
1	219	123	4
-1
3	221	27	28
27	28	
2	205	185	91
-1
4	201	151	122
-1
1	223	171	54
171	54	
4	204	158	154
158	7	154	
1	241	195	39
-1
4	245	38	188
-1
3	214	127	15
-1
2	245	105	29
-1
2	200	122	151
-1
3	228	143	129
-1
