1	115	199	195
-1
2	103	125	215
-1
4	105	161	199
-1
2	119	127	8
-1
4	117	114	91
-1
4	110	115	31
-1
1	106	68	92
-1
2	111	170	217
-1
4	110	16	78
16	78	
1	118	154	241
-1
3	104	234	139
-1
3	110	269	15
-1
3	108	24	176
-1
1	107	250	54
-1
3	118	129	167
-1
4	100	298	34
-1
2	111	288	101
-1
2	119	66	22
66	64	22	
4	117	110	37
-1
1	109	160	242
-1
2	100	10	228
-1
1	114	55	196
-1
4	109	65	220
-1
3	102	26	221
-1
4	101	293	101
-1
1	114	103	98
-1
3	106	243	138
-1
3	119	227	203
-1
4	115	178	12
-1
2	109	155	224
-1
2	116	125	285
-1
2	103	285	91
-1
3	114	211	156
-1
2	114	261	233
-1
4	106	115	277
-1
2	104	188	132
-1
4	101	294	74
-1
3	115	252	52
-1
1	107	231	230
-1
3	102	299	84
-1
2	106	60	260
-1
3	117	48	296
-1
1	104	231	207
-1
3	108	86	219
-1
3	104	212	33
-1
3	115	139	273
-1
3	101	163	266
-1
3	112	76	270
-1
2	101	191	200
-1
3	117	70	250
-1
4	108	224	9
-1
2	104	11	56
11	7	56	
1	102	240	287
-1
3	100	24	124
24	117	124	
1	104	144	87
-1
2	116	188	225
-1
3	114	116	139
-1
2	103	169	214
-1
4	114	221	157
-1
2	104	255	278
-1
3	112	124	202
-1
3	100	252	264
-1
3	118	128	203
-1
1	101	210	278
-1
1	107	210	121
-1
1	104	295	60
-1
1	102	103	175
-1
1	108	177	43
-1
4	116	272	16
-1
4	105	267	22
-1
1	106	263	145
-1
3	109	215	96
-1
4	103	27	276
-1
2	100	125	185
-1
1	112	98	147
-1
3	112	158	193
-1
4	118	142	295
-1
4	113	16	224
-1
4	108	156	195
-1
4	101	152	213
-1
4	105	178	175
-1
4	112	156	142
-1
1	107	98	220
-1
1	104	241	45
-1
4	110	114	142
-1
2	102	106	299
-1
1	116	210	192
-1
1	111	189	208
-1
1	106	262	63
-1
3	110	102	267
102	16	267	
1	117	263	196
-1
1	110	268	51
-1
2	109	172	200
-1
4	105	300	193
-1
4	107	64	6
-1
4	117	274	163
-1
3	109	128	73
-1
4	116	224	13
-1
3	110	296	274
-1
3	116	14	75
-1
3	111	296	37
-1
1	114	205	56
-1
2	113	255	227
-1
1	105	277	278
-1
4	102	42	93
-1
4	117	249	118
-1
3	101	207	245
-1
2	113	108	221
-1
3	106	164	268
-1
1	112	34	281
34	15	281	
3	108	223	28
223	31	28	
2	115	6	233
-1
4	101	140	239
-1
1	111	226	215
-1
2	103	151	9
-1
3	101	186	257
-1
3	105	83	215
-1
1	105	104	22
104	44	22	
4	104	137	237
137	20	237	
3	116	195	23
-1
4	104	27	245
-1
2	108	247	250
-1
1	106	222	142
-1
2	113	175	67
-1
2	101	106	269
-1
2	109	130	206
-1
4	116	23	288
-1
1	109	160	143
-1
3	106	218	31
-1
3	100	242	225
-1
3	104	299	3
-1
3	105	83	249
-1
2	118	151	222
-1
4	104	209	97
-1
4	105	182	254
-1
3	110	215	83
-1
1	110	205	157
-1
4	104	161	17
-1
2	115	190	234
-1
1	119	208	175
-1
4	114	248	173
-1
3	102	232	7
-1
4	116	270	209
270	30	209	
4	112	148	118
148	12	118	
3	117	145	51
-1
4	112	162	266
-1
2	108	84	170
-1
4	104	46	82
-1
2	117	151	271
-1
3	104	286	179
-1
2	116	97	178
-1
3	115	211	162
-1
3	103	26	131
-1
4	112	62	30
-1
2	103	246	226
-1
3	100	83	139
-1
4	109	107	223
-1
4	102	236	268
-1
1	104	80	170
-1
1	102	210	155
-1
4	112	214	4
-1
4	113	142	214
142	28	214	
4	103	77	291
-1
4	104	221	104
-1
4	102	233	101
-1
3	100	48	184
-1
3	102	128	290
-1
3	102	129	277
129	18	277	
3	111	211	57
-1
4	118	16	18
-1
4	101	50	231
-1
1	106	262	72
-1
3	117	35	149
-1
4	100	290	121
-1
3	101	275	53
-1
2	116	237	101
-1
2	117	37	228
37	23	228	
3	106	112	57
-1
4	102	206	19
-1
2	111	169	34
-1
3	101	287	84
-1
2	104	108	97
-1
2	112	247	132
-1
3	112	24	121
-1
2	117	256	147
-1
3	117	289	135
-1
4	116	257	224
-1
4	104	267	35
-1
2	103	253	292
-1
1	116	295	160
295	4	160	
2	111	106	147
-1
1	108	199	6
-1
4	111	63	252
-1
3	111	128	27
-1
4	110	12	35
-1
4	104	249	23
-1
2	107	38	32
-1
1	113	55	298
-1
1	104	231	250
-1
1	104	74	296
-1
