3	90	7	53
7	67	53	
3	88	62	140
62	95	83	140	
2	94	159	67
-1
4	80	30	66
30	147	15	66	
1	82	10	44
10	112	44	
2	93	142	200
142	46	2	200	
1	83	82	151
82	125	15	151	
4	89	147	111
-1
2	82	41	83
41	88	2	83	
3	92	65	190
65	76	46	190	
2	84	143	196
-1
4	96	66	10
66	160	10	
1	82	146	168
146	1	168	
1	87	132	150
132	20	150	
3	82	172	159
-1
1	94	146	52
146	1	93	52	
1	84	79	133
79	171	49	133	
2	86	103	32
103	33	32	
1	81	72	24
72	135	24	
1	90	107	88
107	35	88	
4	97	131	31
131	11	133	31	
4	86	56	96
56	91	96	
3	86	24	193
24	19	193	
1	87	106	124
106	29	124	
3	85	5	95
5	177	83	95	
4	89	147	192
147	57	7	192	
2	81	41	71
41	45	71	
1	84	38	125
38	28	125	
1	88	144	196
144	6	196	
3	95	85	54
85	76	54	
4	97	167	185
-1
4	84	45	192
-1
2	96	83	15
83	175	15	
2	99	41	72
41	67	72	
2	85	148	76
148	33	76	
2	97	166	22
166	1	76	22	
3	99	35	15
35	66	15	
4	83	188	52
188	52	
3	90	173	147
173	46	2	147	
2	84	133	32
133	9	32	
4	80	28	150
-1
1	91	106	194
-1
3	97	182	77
-1
2	88	99	69
99	69	
2	83	90	17
90	73	15	17	
1	96	176	182
-1
3	90	5	168
5	130	46	168	
2	93	104	155
104	62	155	
1	92	127	79
127	69	79	
2	95	97	11
-1
1	84	73	39
73	33	39	
4	98	185	96
185	12	105	96	
1	86	136	29
-1
3	94	5	127
5	52	127	
4	82	193	17
-1
4	95	8	144
8	144	
4	82	45	100
45	111	82	100	
3	97	47	3
47	3	
1	87	101	81
101	37	118	81	
3	98	53	129
53	9	129	
4	88	188	2
-1
3	83	24	186
24	36	29	186	
4	83	102	74
102	79	74	
4	90	160	30
160	7	54	30	
4	98	87	23
87	77	23	
1	93	29	30
29	122	30	
4	92	105	26
105	12	26	
2	86	99	73
99	89	73	
3	86	96	125
96	91	125	
3	94	124	129
124	29	129	
1	87	114	68
114	58	68	
2	85	142	91
142	46	93	91	
3	90	17	193
17	76	1	193	
4	99	120	104
-1
4	81	102	190
102	4	33	190	
1	83	100	171
100	69	171	
2	88	145	27
145	19	121	27	
1	92	137	125
137	56	91	125	
2	96	83	173
83	54	56	173	
4	84	61	48
61	57	68	48	
4	91	16	161
16	115	18	161	
4	82	75	102
75	102	
4	86	120	70
-1
4	89	190	189
-1
3	91	42	91
42	79	91	
1	93	163	142
-1
1	99	18	87
-1
2	95	99	23
-1
4	87	51	58
51	78	58	
3	86	128	118
128	6	118	
1	86	132	85
132	14	161	85	
3	99	4	112
4	63	112	
2	88	118	31
118	17	31	
3	89	24	173
24	101	46	173	
4	99	185	14
-1
4	80	88	128
88	54	128	
2	98	161	98
161	66	82	98	
4	93	12	196
12	11	6	196	
4	90	188	46
188	52	173	46	
4	99	87	173
87	82	52	173	
1	96	34	57
34	75	57	
3	87	92	12
92	11	12	
1	89	52	129
52	82	34	129	
4	81	32	152
32	125	82	152	
4	86	1	88
1	95	88	
4	86	12	176
12	171	29	176	
1	83	165	88
-1
2	98	3	100
3	100	
4	83	16	39
16	11	39	
1	88	38	77
38	85	60	77	
2	84	178	110
-1
4	95	155	154
155	54	83	154	
2	95	41	157
41	18	157	
2	98	110	188
110	27	20	188	
2	85	104	141
-1
3	80	62	104
62	104	
2	80	148	68
148	33	68	
4	99	131	71
131	8	68	71	
3	97	109	38
109	53	49	38	
3	93	85	76
85	76	
1	95	33	53
33	103	53	
2	80	189	158
-1
3	96	156	150
156	2	46	150	
4	95	51	11
51	100	11	
4	87	49	66
49	66	
4	91	86	128
86	128	
2	98	99	75
99	92	18	75	
1	80	199	6
199	2	46	6	
2	98	150	66
150	66	
3	93	139	150
139	70	50	150	
3	97	4	134
4	134	
2	86	179	122
-1
3	95	59	29
59	36	29	
3	97	47	31
47	16	31	
3	83	23	31
23	31	
2	90	90	117
90	100	82	117	
3	84	13	15
13	15	
1	81	52	165
52	44	165	
4	87	64	114
64	114	
1	88	162	52
162	52	
4	82	87	55
87	50	6	55	
4	95	16	186
-1
4	96	102	196
-1
4	86	89	43
89	100	43	
4	97	87	17
87	37	17	
2	93	150	58
150	19	41	58	
3	99	140	71
140	98	71	
3	95	156	74
-1
3	88	130	137
130	4	137	
4	91	169	51
169	14	78	51	
4	85	157	89
157	83	89	
4	82	31	57
31	159	57	
2	98	179	110
179	83	49	110	
4	92	155	199
155	1	199	
2	80	161	85
161	85	
2	97	198	186
-1
2	99	103	77
103	53	77	
1	92	174	184
174	40	18	184	
2	81	9	113
9	10	113	
4	91	157	81
157	90	81	
2	91	60	190
60	85	46	190	
1	87	18	20
18	40	20	
4	97	160	198
-1
4	95	50	104
-1
1	91	134	65
134	67	65	
1	88	34	14
34	39	14	
1	96	144	117
-1
4	99	75	90
75	34	90	
2	84	80	51
80	78	51	
2	84	21	159
21	2	159	
4	85	164	19
164	24	19	
2	85	195	36
-1
3	94	35	147
35	120	53	147	
4	98	32	197
32	33	197	
2	94	179	82
179	86	82	
1	87	162	68
-1
1	95	82	163
82	98	163	
2	97	78	37
78	64	37	
2	87	57	116
57	78	116	
1	97	101	136
-1
2	95	178	99
-1
2	82	43	46
43	130	46	
2	89	81	80
81	78	80	
2	97	67	63
67	156	63	
4	98	157	41
157	18	41	
4	85	111	154
-1
4	87	30	35
30	159	35	
1	96	18	112
-1
2	91	95	120
95	3	120	
1	99	174	173
-1
1	97	11	150
11	19	150	
2	94	19	144
19	11	6	144	
4	93	61	176
-1
4	95	50	42
50	170	42	
3	87	139	198
-1
4	80	158	60
158	91	64	60	
2	94	195	89
195	2	83	89	
2	97	195	106
-1
4	97	31	152
31	82	152	
1	89	134	77
134	23	77	
