4	104	159	74
-1
1	116	278	27
-1
1	106	89	136
-1
2	112	172	192
-1
3	105	83	25
-1
3	115	120	162
120	144	83	162	
3	101	131	28
-1
3	111	213	143
213	30	143	
4	103	164	54
-1
1	117	222	80
-1
2	111	180	290
-1
3	109	44	19
-1
2	116	40	107
-1
1	107	238	30
-1
2	103	70	113
-1
1	117	247	284
-1
3	104	183	166
-1
2	118	56	78
-1
3	111	239	242
-1
4	102	62	215
-1
4	103	291	94
-1
2	101	294	190
-1
3	107	23	281
-1
4	117	291	219
-1
4	101	98	40
-1
2	104	34	287
-1
3	101	131	221
-1
4	119	255	28
-1
3	112	273	266
-1
4	106	97	79
-1
3	100	51	121
-1
4	101	295	115
-1
2	101	8	189
-1
1	111	76	180
-1
4	111	225	29
-1
1	109	238	62
-1
4	101	182	244
-1
4	108	43	198
43	198	
2	105	34	223
-1
3	103	266	19
-1
3	115	113	121
-1
2	109	105	115
-1
3	110	38	123
-1
2	109	199	250
-1
1	109	31	226
31	21	20	226	
1	103	202	163
-1
1	106	163	96
-1
3	116	44	190
-1
2	118	252	224
-1
3	108	177	241
-1
3	100	232	105
-1
4	107	107	261
-1
4	101	149	298
149	29	14	298	
1	110	79	197
-1
3	107	240	279
-1
1	109	181	232
-1
4	116	184	94
-1
3	105	183	137
-1
3	100	131	88
131	23	18	88	
3	101	249	16
-1
1	117	189	299
189	12	299	
3	118	249	157
-1
2	115	176	57
-1
3	103	29	135
-1
1	101	79	126
-1
4	112	158	7
-1
3	105	99	242
-1
2	101	135	124
-1
3	100	113	254
-1
1	107	65	254
-1
2	117	258	194
-1
1	106	256	195
-1
2	102	214	122
-1
4	109	221	151
-1
3	114	125	281
-1
2	100	6	139
-1
3	102	119	237
119	15	18	237	
1	117	76	124
-1
2	103	118	236
-1
3	108	50	300
-1
3	102	50	258
-1
4	116	47	213
-1
2	109	253	178
-1
4	119	216	98
-1
1	100	65	222
-1
4	118	91	280
-1
1	106	72	98
-1
2	109	46	225
-1
2	104	143	94
-1
3	116	298	144
-1
4	113	107	193
-1
3	117	109	291
-1
2	114	57	244
-1
3	111	126	211
-1
4	105	98	27
-1
3	104	298	117
-1
1	113	88	240
-1
2	117	166	285
-1
3	111	68	180
-1
2	106	152	177
-1
2	118	40	35
-1
2	108	185	195
-1
2	103	242	3
-1
1	113	228	181
-1
1	111	260	278
-1
2	108	17	27
-1
1	119	1	166
-1
1	104	186	31
-1
2	115	243	98
-1
2	103	146	2
-1
3	110	192	93
-1
4	104	182	278
-1
1	107	163	219
-1
2	107	86	147
-1
3	104	272	158
-1
1	102	235	226
235	20	226	
3	107	15	278
-1
2	109	35	163
-1
4	119	91	157
-1
1	100	26	3
-1
4	112	241	246
-1
4	101	191	180
-1
2	100	36	42
-1
1	118	235	179
-1
2	115	14	150
-1
2	112	70	137
-1
2	109	152	151
-1
3	111	99	185
-1
2	119	180	275
-1
4	101	59	52
-1
4	119	291	45
-1
4	118	264	235
-1
1	111	265	22
-1
1	109	237	8
-1
4	111	55	21
-1
3	107	82	90
-1
2	117	34	241
-1
3	102	15	91
-1
1	108	106	271
-1
1	112	106	81
-1
4	116	159	72
-1
4	102	210	87
-1
3	116	140	103
-1
4	103	111	40
-1
1	104	261	146
-1
2	113	64	280
64	15	280	
4	106	251	65
-1
4	108	288	80
-1
3	118	262	237
-1
3	111	263	94
-1
3	102	15	5
-1
1	108	163	214
-1
4	110	245	106
245	25	106	
1	101	101	216
-1
2	107	17	228
-1
1	118	201	291
-1
3	102	226	293
-1
2	113	244	33
-1
4	110	53	294
-1
3	115	183	8
-1
2	119	94	74
-1
3	105	128	236
-1
1	110	196	233
-1
3	117	67	85
67	30	85	
3	117	80	101
-1
2	107	187	53
187	17	53	
1	100	77	31
-1
2	112	280	274
-1
1	117	65	78
-1
2	117	35	13
-1
4	110	203	158
-1
2	118	22	286
-1
4	102	159	181
-1
1	106	101	299
-1
1	107	259	79
-1
4	111	96	17
-1
1	101	275	94
-1
4	107	147	125
-1
3	116	51	189
-1
1	108	1	276
-1
2	106	258	178
-1
2	111	40	251
-1
4	103	111	110
-1
4	102	112	210
-1
2	100	199	220
-1
1	108	138	67
-1
2	101	129	94
-1
4	117	203	240
-1
2	106	250	291
-1
3	101	126	43
-1
3	118	67	52
-1
3	108	113	91
-1
1	109	196	253
-1
4	111	159	64
-1
3	110	121	14
-1
3	117	213	151
-1
4	110	74	32
-1
4	101	27	234
-1
2	103	105	235
-1
1	105	71	112
-1
