2	325	628	19
-1
2	321	386	515
-1
4	307	276	144
-1
2	344	927	711
-1
2	324	379	776
-1
1	306	939	49
-1
2	317	826	997
-1
1	335	380	551
-1
1	326	124	95
-1
1	336	974	132
-1
4	304	150	760
-1
2	319	28	497
28	433	497	
2	314	899	125
-1
4	324	458	51
-1
2	302	504	429
-1
4	302	428	719
-1
4	348	686	896
-1
3	300	3	627
-1
3	344	41	750
-1
1	326	967	75
-1
2	337	656	577
-1
4	335	10	604
-1
2	309	879	854
-1
3	311	596	312
-1
4	342	22	167
-1
4	310	224	947
-1
2	308	826	632
826	390	632	
3	334	776	987
-1
2	336	629	27
-1
3	310	223	345
-1
1	336	301	352
301	352	
2	341	490	362
-1
4	345	176	240
-1
4	308	337	835
-1
1	324	901	857
-1
4	322	893	432
-1
4	306	955	610
-1
1	342	913	737
-1
2	320	850	365
-1
1	316	536	940
-1
2	318	648	240
-1
3	329	985	82
-1
4	320	276	609
-1
3	307	773	945
-1
2	315	581	197
-1
2	348	908	441
-1
2	307	180	748
-1
3	346	436	660
-1
4	310	30	861
-1
3	349	650	396
650	336	396	
1	339	319	44
-1
1	322	339	380
-1
4	330	720	7
-1
3	326	340	780
-1
2	323	499	712
-1
2	315	514	619
-1
1	312	665	151
-1
1	324	424	586
-1
1	334	920	968
-1
3	332	781	617
-1
1	325	580	287
-1
1	306	971	625
-1
1	314	443	344
443	11	344	
3	345	875	36
-1
3	307	252	886
-1
3	327	177	752
-1
3	327	542	416
-1
3	315	7	839
-1
1	332	131	759
-1
4	300	467	891
-1
2	337	199	470
-1
4	313	326	793
-1
3	309	832	587
-1
4	346	49	462
-1
1	331	44	65
-1
1	332	751	241
-1
3	347	781	134
-1
4	336	608	492
-1
4	346	373	622
-1
1	336	105	89
-1
2	307	806	639
-1
1	349	145	965
-1
2	338	460	148
-1
2	349	119	196
-1
1	315	165	240
-1
1	305	97	342
97	618	342	
1	340	779	122
-1
3	332	229	82
-1
1	305	517	454
-1
2	345	563	911
-1
1	334	851	68
-1
4	300	608	212
-1
1	347	510	23
-1
1	345	998	142
-1
1	336	299	658
-1
4	329	664	754
-1
1	303	621	885
-1
1	334	63	113
-1
3	339	997	629
-1
1	301	553	543
-1
3	318	900	393
-1
4	331	886	352
886	358	352	
3	304	836	213
-1
2	347	286	210
-1
1	304	931	860
-1
2	308	519	523
-1
2	344	448	495
-1
1	308	851	558
-1
3	338	687	554
-1
2	330	977	458
-1
2	324	528	710
-1
2	327	499	595
-1
3	340	680	783
-1
4	301	236	68
236	300	68	
4	313	933	350
-1
2	337	288	868
-1
2	332	748	667
748	487	667	
3	341	92	870
-1
3	344	900	556
-1
2	304	688	532
-1
3	313	370	412
-1
3	307	796	910
-1
2	339	573	941
-1
3	308	915	529
-1
2	309	819	461
-1
2	328	582	100
-1
4	345	219	847
-1
2	314	351	290
-1
3	319	392	189
-1
1	303	339	228
-1
1	316	743	597
-1
4	327	856	744
-1
3	319	915	317
-1
2	347	757	231
-1
2	308	17	401
-1
4	309	627	982
-1
4	306	455	201
455	63	201	
3	345	302	903
-1
4	336	18	295
-1
2	313	290	985
-1
2	312	445	727
-1
1	305	11	934
-1
1	323	838	200
-1
1	306	957	956
-1
1	306	957	973
-1
1	338	417	951
-1
3	340	976	405
-1
3	342	382	59
382	725	59	
3	338	430	76
430	162	76	
4	322	666	365
-1
2	300	481	161
481	42	161	
4	335	893	171
-1
3	335	401	360
-1
2	342	576	669
-1
3	314	982	625
-1
1	316	141	41
141	140	41	
2	323	281	16
-1
1	331	621	750
-1
3	308	863	179
-1
3	325	104	844
-1
3	335	976	324
-1
2	306	927	569
-1
1	317	162	969
-1
2	335	949	896
-1
3	309	692	878
-1
2	301	758	370
-1
1	319	775	650
-1
1	318	548	270
-1
2	346	379	484
-1
3	339	637	587
-1
3	314	964	915
-1
2	332	100	841
-1
2	302	758	354
-1
1	348	775	303
-1
2	327	461	994
-1
4	346	122	103
-1
4	345	176	877
-1
2	316	245	424
-1
1	349	63	154
-1
3	338	59	143
-1
2	302	250	106
-1
2	344	764	557
-1
2	347	199	314
-1
1	301	601	89
-1
1	346	251	901
-1
3	349	778	374
-1
2	325	674	549
674	48	549	
3	301	571	145
-1
4	306	737	207
-1
3	348	739	617
-1
4	306	679	218
-1
3	312	181	334
-1
3	326	875	532
-1
4	316	274	484
-1
3	318	976	735
-1
3	341	374	864
-1
4	342	523	538
523	23	538	
1	336	901	460
-1
2	345	54	549
-1
3	313	360	287
360	287	
