3	301	149	298
-1
4	350	79	197
-1
2	327	240	279
-1
3	389	181	232
-1
1	336	184	94
-1
3	325	183	137
-1
2	300	131	88
131	21	88	
1	341	249	16
-1
1	397	189	299
-1
1	358	249	157
-1
2	355	176	57
176	20	57	
4	303	29	135
-1
4	381	79	126
-1
1	312	158	7
-1
4	305	99	242
-1
4	341	135	124
-1
3	380	113	254
-1
1	347	65	254
-1
2	397	258	194
-1
1	306	256	195
-1
3	362	214	122
-1
4	349	221	151
-1
4	374	125	281
-1
2	380	6	139
6	121	139	
3	322	119	237
-1
1	397	76	124
-1
4	303	118	236
-1
4	308	50	300
-1
4	302	50	258
-1
4	396	47	213
-1
1	369	253	178
253	12	178	
1	319	216	98
-1
1	300	65	222
-1
2	338	91	280
-1
1	326	72	98
-1
3	349	46	225
-1
3	384	143	94
-1
3	336	298	144
-1
3	393	107	193
-1
3	357	109	291
-1
2	334	57	244
-1
1	331	126	211
-1
4	305	98	27
-1
3	384	298	117
-1
1	333	88	240
-1
4	357	166	285
-1
3	351	68	180
-1
4	346	152	177
-1
1	338	40	35
40	23	35	
1	328	185	195
-1
4	323	242	3
-1
3	333	228	181
-1
3	311	260	278
-1
3	328	17	27
-1
4	319	1	166
-1
4	304	186	31
-1
4	335	243	98
-1
4	363	146	2
-1
3	350	192	93
-1
4	344	182	278
-1
4	347	163	219
-1
4	327	86	147
-1
3	304	272	158
272	13	158	
1	382	235	226
-1
4	347	15	278
-1
4	329	35	163
-1
2	379	91	157
-1
3	380	26	3
-1
2	372	241	246
-1
4	301	191	180
-1
4	320	36	42
36	42	
1	318	235	179
-1
1	375	14	150
-1
3	352	70	137
-1
4	329	152	151
-1
4	391	99	185
-1
3	399	180	275
-1
1	301	59	52
-1
2	399	291	45
-1
2	378	264	235
-1
4	371	265	22
-1
3	349	237	8
-1
3	351	55	21
-1
2	387	82	90
-1
2	337	34	241
-1
4	322	15	91
-1
2	348	106	271
-1
2	352	106	81
-1
4	396	159	72
-1
1	382	210	87
-1
2	356	140	103
-1
3	363	111	40
-1
3	384	261	146
-1
1	373	64	280
-1
3	366	251	65
-1
3	308	288	80
-1
1	378	262	237
-1
1	311	263	94
-1
4	382	15	5
-1
4	368	163	214
-1
3	370	245	106
-1
3	361	101	216
-1
3	307	17	228
-1
3	338	201	291
-1
1	302	226	293
-1
1	333	244	33
-1
1	370	53	294
-1
3	315	183	8
-1
1	319	94	74
-1
3	385	128	236
-1
3	390	196	233
-1
1	357	67	85
-1
4	337	80	101
-1
2	327	187	53
-1
1	320	77	31
-1
1	352	280	274
-1
1	397	65	78
65	4	78	
4	357	35	13
-1
3	330	203	158
-1
2	318	22	286
-1
4	302	159	181
-1
3	386	101	299
-1
4	387	259	79
-1
2	391	96	17
-1
4	321	275	94
275	13	94	
4	347	147	125
-1
2	376	51	189
-1
4	388	1	276
-1
2	346	258	178
-1
1	331	40	251
-1
3	363	111	110
-1
2	362	112	210
-1
4	340	199	220
-1
2	308	138	67
-1
1	301	129	94
-1
3	377	203	240
-1
3	366	250	291
-1
1	341	126	43
-1
1	318	67	52
-1
3	368	113	91
-1
3	329	196	253
-1
4	391	159	64
-1
2	310	121	14
-1
4	377	213	151
-1
2	370	74	32
-1
4	361	27	234
27	234	
3	303	105	235
-1
3	345	71	112
-1
1	396	64	178
-1
4	339	234	42
-1
3	391	54	289
-1
3	354	284	148
-1
2	368	175	20
-1
3	370	37	285
-1
1	301	266	58
-1
3	386	288	84
-1
3	372	250	188
-1
1	336	253	10
-1
2	365	51	125
-1
4	307	147	110
-1
2	347	138	164
-1
4	394	29	199
-1
4	314	36	125
-1
2	398	4	161
-1
1	307	226	127
-1
3	390	180	114
-1
4	330	118	115
-1
2	391	291	68
-1
4	316	27	170
-1
3	377	292	16
-1
2	340	51	154
-1
4	338	99	234
-1
2	314	45	269
-1
3	375	11	24
-1
4	353	209	250
-1
2	366	268	129
-1
1	333	59	298
59	21	298	
4	300	141	288
-1
2	321	232	66
-1
3	336	200	110
-1
4	341	278	160
-1
2	327	270	10
-1
3	395	161	55
-1
2	319	175	65
-1
4	320	50	26
-1
1	300	103	293
-1
2	397	22	103
-1
3	337	55	243
-1
1	302	207	227
-1
1	311	280	178
-1
3	323	16	155
-1
2	384	10	125
-1
3	390	237	285
-1
1	355	184	211
-1
2	332	155	261
-1
2	376	75	115
-1
3	331	227	188
-1
3	373	25	294
-1
1	351	162	252
-1
3	329	116	231
-1
