200	542
2	1
2	1
5	3
3	2
4	2
2	1
2	1
4	3
4	3
5	3
3	2
4	2
5	3
2	1
2	1
4	2
4	3
2	1
3	2
2	1
3	2
4	3
4	2
5	3
5	3
4	2
2	1
4	2
3	2
4	3
5	3
5	3
3	1
2	1
4	3
3	1
4	2
5	3
5	3
3	2
2	1
5	3
4	3
5	3
4	2
2	1
4	2
5	3
3	1
3	2
5	3
3	2
2	1
3	1
3	2
2	1
3	2
5	3
5	3
2	1
5	3
4	2
4	2
3	1
5	3
3	2
3	1
2	1
5	3
2	1
4	2
3	2
3	1
5	3
4	2
3	2
5	3
2	1
5	3
5	3
5	3
2	1
2	1
4	3
5	3
4	2
4	3
4	3
5	3
5	3
2	1
3	1
3	2
4	2
4	2
5	3
3	2
5	3
3	1
3	2
4	2
3	2
3	1
2	1
2	1
4	2
5	3
2	1
4	2
3	2
5	3
4	3
4	2
5	3
4	2
5	3
2	1
2	1
4	3
2	1
2	1
3	1
2	1
3	2
2	1
4	3
5	3
2	1
2	1
3	1
5	3
4	2
2	1
4	3
3	2
3	2
3	2
2	1
4	2
5	3
4	2
5	3
4	2
2	1
5	3
3	2
2	1
4	2
3	1
3	2
3	2
5	3
2	1
2	1
3	1
4	2
2	1
4	2
4	2
5	3
2	1
3	2
3	2
2	1
2	1
5	3
3	2
2	1
5	3
3	2
2	1
5	3
2	1
2	1
2	1
3	2
3	1
2	1
5	3
3	2
3	2
3	2
5	3
5	3
4	2
2	1
4	3
5	3
3	1
5	3
3	2
4	2
4	2
5	3
5	3
3	2
5	3
4	2
3	2
5	3
1	170	416
170	1	417
1	145	195
145	1	196
1	80	3149
80	1	3150
1	78	418
78	1	418
1	76	218
76	1	218
1	104	435
104	1	436
1	2	2549
2	1	2549
1	152	127
152	1	127
1	143	428
143	1	428
1	41	57
41	1	58
1	27	350
27	1	350
1	15	196
15	1	196
1	25	97
25	1	98
2	50	1056
50	2	1056
2	68	405
68	2	406
2	75	202
75	2	203
2	23	350
23	2	351
2	95	418
95	2	419
2	16	432
16	2	432
2	78	419
78	2	419
2	26	393
26	2	393
2	71	194
71	2	195
2	80	480
80	2	480
2	160	406
160	2	406
2	194	97
194	2	97
3	48	270
48	3	270
3	133	3110
133	3	3111
3	105	131
105	3	132
3	97	397
97	3	397
3	113	167
113	3	168
3	98	78
98	3	79
3	134	353
134	3	354
3	179	348
179	3	349
3	51	121
51	3	122
3	182	107
182	3	108
3	180	410
180	3	411
3	31	73
31	3	73
3	10	213
10	3	213
3	164	302
164	3	302
3	112	272
112	3	273
3	178	465
178	3	466
3	99	247
99	3	248
4	183	271
183	4	272
4	125	486
125	4	486
4	186	348
186	4	349
4	78	426
78	4	427
4	15	361
15	4	361
4	65	250
65	4	250
4	36	347
36	4	348
4	154	337
154	4	338
4	96	454
96	4	454
4	140	412
140	4	413
4	16	461
16	4	462
5	11	485
11	5	485
5	51	978
51	5	979
5	39	124
39	5	125
5	132	370
132	5	371
5	59	452
59	5	452
5	74	373
74	5	373
5	83	270
83	5	270
5	101	430
101	5	430
5	149	346
149	5	347
5	45	471
45	5	472
5	87	308
87	5	308
5	69	401
69	5	402
5	73	80
73	5	80
6	122	2763
122	6	2764
6	36	2305
36	6	2305
6	27	383
27	6	384
6	185	116
185	6	116
6	40	2074
40	6	2074
6	174	216
174	6	217
6	118	276
118	6	276
6	165	2345
165	6	2346
6	129	369
129	6	369
6	124	254
124	6	255
6	13	168
13	6	169
6	156	76
156	6	77
6	171	244
171	6	244
6	50	169
50	6	169
6	163	929
163	6	929
7	157	358
157	7	359
7	127	73
127	7	73
7	120	3187
120	7	3188
7	111	473
111	7	474
7	139	488
139	7	489
8	168	480
168	8	480
8	148	371
148	8	371
8	12	85
12	8	85
8	142	2949
142	8	2950
8	67	225
67	8	226
8	9	175
9	8	176
8	187	1191
187	8	1191
8	73	210
73	8	211
9	188	421
188	9	422
9	103	1711
103	9	1711
9	119	330
119	9	331
9	123	193
123	9	193
9	58	417
58	9	417
9	172	424
172	9	424
10	102	327
102	10	327
10	130	243
130	10	243
10	32	390
32	10	390
10	114	95
114	10	95
10	83	75
83	10	76
10	108	142
108	10	143
10	195	291
195	10	292
10	176	84
176	10	85
10	69	348
69	10	349
10	64	475
64	10	475
10	38	400
38	10	400
10	72	371
72	10	371
10	26	462
26	10	463
10	43	497
43	10	497
10	153	343
153	10	344
10	184	397
184	10	398
10	13	182
13	10	183
10	169	471
169	10	471
11	94	82
94	11	82
11	77	156
77	11	156
11	49	360
49	11	360
11	200	430
200	11	430
11	57	364
57	11	364
12	63	94
63	12	94
12	35	440
35	12	441
12	62	90
62	12	91
12	77	159
77	12	159
12	41	73
41	12	74
12	85	149
85	12	150
12	34	248
34	12	248
12	30	235
30	12	235
12	158	472
158	12	473
12	106	244
106	12	244
12	128	125
128	12	125
12	189	289
189	12	290
12	72	458
72	12	458
13	59	126
59	13	126
13	131	171
131	13	171
13	42	211
42	13	211
13	27	374
27	13	375
13	41	417
41	13	418
13	31	169
31	13	170
13	175	428
175	13	428
13	109	382
109	13	383
14	46	362
46	14	363
14	55	706
55	14	707
14	69	404
69	14	404
14	116	217
116	14	217
14	90	160
90	14	160
14	22	485
22	14	486
14	181	148
181	14	149
14	151	496
151	14	497
14	89	306
89	14	307
14	137	2366
137	14	2366
14	193	279
193	14	279
14	196	409
196	14	410
14	29	461
29	14	461
14	58	407
58	14	408
14	28	323
28	14	323
14	144	448
144	14	448
14	197	365
197	14	366
15	88	401
88	15	402
15	17	457
17	15	458
15	173	63
173	15	64
15	96	321
96	15	321
15	60	3681
60	15	3681
15	56	200
56	15	201
15	63	475
63	15	475
15	52	496
52	15	496
15	30	3106
30	15	3106
15	19	3369
19	15	3369
15	20	2821
20	15	2822
15	95	1662
95	15	1663
15	100	222
100	15	223
15	136	199
136	15	199
15	45	1600
45	15	1601
15	57	325
57	15	325
16	117	170
117	16	171
16	36	233
36	16	234
16	162	437
162	16	437
16	38	371
38	16	372
16	48	131
48	16	131
17	199	82
199	17	83
17	33	320
33	17	321
17	31	103
31	17	103
17	146	65
146	17	66
17	198	404
198	17	405
18	94	488
94	18	489
18	81	217
81	18	217
18	32	269
32	18	269
18	87	267
87	18	267
18	44	484
44	18	485
18	80	375
80	18	376
18	58	168
58	18	169
18	46	435
46	18	436
18	21	141
21	18	142
18	84	375
84	18	375
18	155	490
155	18	490
18	49	129
49	18	130
18	22	1156
22	18	1156
18	91	153
91	18	154
18	60	2203
60	18	2203
19	161	470
161	19	470
19	32	434
32	19	435
19	83	401
83	19	401
19	49	453
49	19	453
19	71	489
71	19	489
19	53	404
53	19	404
19	33	394
33	19	395
19	52	288
52	19	289
19	42	302
42	19	303
19	159	2013
159	19	2014
19	93	248
93	19	248
19	43	194
43	19	195
19	30	122
30	19	122
19	66	387
66	19	387
19	20	424
20	19	425
19	28	471
28	19	472
20	190	71
190	20	71
20	167	124
167	20	124
20	68	316
68	20	317
20	52	387
52	20	387
20	96	149
96	20	150
20	29	468
29	20	469
20	79	412
79	20	412
20	90	240
90	20	240
20	30	454
30	20	454
20	38	354
38	20	354
21	61	445
61	21	445
21	48	362
48	21	362
21	47	472
47	21	472
22	126	295
126	22	296
23	147	229
147	23	229
24	192	218
192	24	218
24	80	363
80	24	363
26	121	110
121	26	111
28	107	186
107	28	187
29	59	319
59	29	319
33	40	282
40	33	283
34	86	478
86	34	479
34	90	88
90	34	88
35	84	203
84	35	203
37	135	366
135	37	366
37	59	170
59	37	171
40	45	116
45	40	117
44	66	451
66	44	452
45	166	63
166	45	63
47	150	385
150	47	385
47	52	474
52	47	475
48	93	266
93	48	266
54	61	58
61	54	58
54	191	414
191	54	414
55	69	486
69	55	486
55	70	226
70	55	227
61	70	212
70	61	213
61	93	322
93	61	323
68	83	3093
83	68	3094
68	71	210
71	68	211
70	92	443
92	70	444
77	177	89
177	77	90
82	95	475
95	82	476
82	115	419
115	82	420
82	86	144
86	82	144
82	91	85
91	82	86
90	92	208
92	90	209
92	138	2482
138	92	2482
92	141	488
141	92	488
10	7	250
7	10	250
15	157	250
157	15	250
3	127	250
127	3	250
7	110	250
110	7	250
