200	502
2	1
2	1
5	3
3	2
4	2
2	1
2	1
4	3
4	3
5	3
3	2
4	2
5	3
2	1
2	1
4	2
4	3
2	1
3	2
2	1
3	2
4	3
4	2
5	3
5	3
4	2
2	1
4	2
3	2
4	3
5	3
5	3
3	1
2	1
4	3
3	1
4	2
5	3
5	3
3	2
2	1
5	3
4	3
5	3
4	2
2	1
4	2
5	3
3	1
3	2
5	3
3	2
2	1
3	1
3	2
2	1
3	2
5	3
5	3
2	1
5	3
4	2
4	2
3	1
5	3
3	2
3	1
2	1
5	3
2	1
4	2
3	2
3	1
5	3
4	2
3	2
5	3
2	1
5	3
5	3
5	3
2	1
2	1
4	3
5	3
4	2
4	3
4	3
5	3
5	3
2	1
3	1
3	2
4	2
4	2
5	3
3	2
5	3
3	1
3	2
4	2
3	2
3	1
2	1
2	1
4	2
5	3
2	1
4	2
3	2
5	3
4	3
4	2
5	3
4	2
5	3
2	1
2	1
4	3
2	1
2	1
3	1
2	1
3	2
2	1
4	3
5	3
2	1
2	1
3	1
5	3
4	2
2	1
4	3
3	2
3	2
3	2
2	1
4	2
5	3
4	2
5	3
4	2
2	1
5	3
3	2
2	1
4	2
3	1
3	2
3	2
5	3
2	1
2	1
3	1
4	2
2	1
4	2
4	2
5	3
2	1
3	2
3	2
2	1
2	1
5	3
3	2
2	1
5	3
3	2
2	1
5	3
2	1
2	1
2	1
3	2
3	1
2	1
5	3
3	2
3	2
3	2
5	3
5	3
4	2
2	1
4	3
5	3
3	1
5	3
3	2
4	2
4	2
5	3
5	3
3	2
5	3
4	2
3	2
5	3
1	150	467
150	1	468
1	133	112
133	1	112
1	98	1147
98	1	1147
1	59	477
59	1	477
1	134	323
134	1	323
1	31	498
31	1	498
1	38	815
38	1	816
1	50	156
50	1	156
1	194	413
194	1	413
1	110	424
110	1	425
1	112	492
112	1	492
1	117	93
117	1	93
1	45	437
45	1	438
1	48	3385
48	1	3385
1	151	359
151	1	360
1	7	234
7	1	235
1	132	361
132	1	361
1	8	403
8	1	403
1	121	434
121	1	434
2	8	421
8	2	422
2	21	365
21	2	366
2	125	80
125	2	81
2	16	382
16	2	383
2	104	415
104	2	415
2	195	357
195	2	358
2	86	204
86	2	204
2	40	2398
40	2	2398
2	177	289
177	2	289
2	105	453
105	2	454
3	48	157
48	3	157
3	39	900
39	3	901
3	26	408
26	3	409
3	147	265
147	3	265
3	29	319
29	3	320
3	42	139
42	3	139
3	141	461
141	3	462
3	122	56
122	3	56
4	165	73
165	4	74
4	120	336
120	4	336
4	13	209
13	4	209
4	115	395
115	4	396
4	19	123
19	4	124
4	7	252
7	4	252
4	5	417
5	4	417
4	28	348
28	4	349
5	47	197
47	5	198
5	35	359
35	5	360
5	99	250
99	5	250
5	149	70
149	5	71
5	198	238
198	5	238
5	102	287
102	5	288
5	144	491
144	5	492
5	172	380
172	5	381
5	185	380
185	5	381
6	93	2080
93	6	2080
6	26	285
26	6	286
6	197	453
197	6	453
6	38	411
38	6	411
6	46	407
46	6	407
6	170	84
170	6	84
6	74	457
74	6	458
6	111	332
111	6	332
7	187	402
187	7	402
7	176	121
176	7	121
7	44	398
44	7	398
7	173	129
173	7	130
7	27	533
27	7	534
7	163	3369
163	7	3370
7	60	450
60	7	450
7	37	289
37	7	289
7	108	576
108	7	577
7	40	311
40	7	312
7	162	184
162	7	185
7	32	1520
32	7	1521
7	54	480
54	7	480
7	136	143
136	7	144
7	80	179
80	7	180
7	158	137
158	7	138
7	70	123
70	7	123
8	70	123
70	8	123
8	73	1097
73	8	1098
8	106	441
106	8	442
8	191	60
191	8	60
8	178	2334
178	8	2334
8	138	374
138	8	375
8	137	356
137	8	357
8	96	386
96	8	386
8	156	360
156	8	361
9	145	58
145	9	59
9	27	679
27	9	680
9	140	157
140	9	157
9	85	330
85	9	331
9	74	1964
74	9	1965
9	153	194
153	9	194
9	157	473
157	9	474
9	118	2043
118	9	2044
9	47	122
47	9	122
9	126	168
126	9	168
9	63	357
63	9	357
9	76	238
76	9	239
9	34	265
34	9	266
9	14	280
14	9	280
9	16	143
16	9	143
9	146	93
146	9	93
9	44	56
44	9	57
9	56	108
56	9	109
9	75	150
75	9	150
10	47	88
47	10	89
10	39	168
39	10	168
10	154	494
154	10	494
10	179	350
179	10	350
10	86	390
86	10	391
10	15	388
15	10	389
10	28	372
28	10	373
10	49	138
49	10	139
11	21	465
21	11	465
11	62	334
62	11	334
11	69	471
69	11	471
11	97	384
97	11	385
11	77	264
77	11	264
11	26	491
26	11	492
11	183	461
183	11	462
11	64	445
64	11	445
11	168	70
168	11	71
11	184	455
184	11	456
11	19	255
19	11	255
11	101	126
101	11	126
11	171	90
171	11	90
12	63	323
63	12	323
12	128	162
128	12	162
12	166	128
166	12	128
12	78	356
78	12	357
12	71	275
71	12	275
12	57	166
57	12	167
13	52	284
52	13	284
13	152	405
152	13	406
13	55	137
55	13	138
13	22	291
22	13	292
13	90	117
90	13	118
14	87	354
87	14	355
14	46	436
46	14	436
14	69	301
69	14	302
14	37	138
37	14	138
15	17	422
17	15	422
15	54	396
54	15	397
15	131	2006
131	15	2007
15	155	383
155	15	384
15	92	255
92	15	256
15	53	335
53	15	335
15	96	482
96	15	482
15	72	259
72	15	260
15	61	467
61	15	468
15	74	146
74	15	147
15	98	2410
98	15	2410
15	188	284
188	15	285
15	41	383
41	15	383
15	84	466
84	15	466
15	51	294
51	15	295
15	175	268
175	15	268
15	107	369
107	15	369
15	18	430
18	15	431
16	199	352
199	16	352
16	49	422
49	16	422
16	23	350
23	16	351
16	44	141
44	16	142
17	100	2672
100	17	2672
17	71	311
71	17	312
17	161	417
161	17	417
17	200	451
200	17	452
17	88	835
88	17	836
17	123	3161
123	17	3161
17	70	1962
70	17	1963
17	181	2355
181	17	2356
17	130	326
130	17	326
18	88	349
88	18	349
18	94	413
94	18	414
18	113	78
113	18	78
18	90	206
90	18	206
19	148	296
148	19	297
19	65	384
65	19	385
19	114	395
114	19	395
19	97	254
97	19	255
19	55	93
55	19	94
19	24	176
24	19	177
19	164	244
164	19	244
19	182	72
182	19	72
20	159	355
159	20	356
20	119	374
119	20	375
20	53	311
53	20	311
20	103	224
103	20	225
20	84	147
84	20	148
21	160	436
160	21	437
24	93	385
93	24	386
24	57	341
57	24	341
24	91	358
91	24	359
25	83	174
83	25	174
25	190	446
190	25	447
25	39	444
39	25	445
25	41	253
41	25	254
27	90	1573
90	27	1573
30	62	195
62	30	196
30	36	591
36	30	591
30	75	484
75	30	485
30	68	192
68	30	193
32	53	453
53	32	454
32	86	397
86	32	398
33	82	375
82	33	376
33	81	418
81	33	419
36	65	444
65	36	444
36	41	133
41	36	134
36	167	226
167	36	226
39	186	2447
186	39	2447
41	43	205
43	41	205
42	57	188
57	42	189
45	75	207
75	45	207
45	109	467
109	45	467
47	142	367
142	47	367
54	189	356
189	54	357
54	57	231
57	54	232
55	84	62
84	55	63
58	62	143
62	58	143
58	88	476
88	58	476
58	192	154
192	58	154
60	135	489
135	60	490
60	75	393
75	60	394
60	64	234
64	60	234
63	193	427
193	63	427
63	71	390
71	63	390
64	139	426
139	64	426
66	169	493
169	66	494
66	91	350
91	66	350
66	67	225
67	66	225
66	196	265
196	66	266
67	83	128
83	67	129
68	124	394
124	68	395
68	89	224
89	68	225
69	84	163
84	69	164
71	87	198
87	71	199
72	94	345
94	72	345
72	81	282
81	72	283
73	91	330
91	73	330
79	127	282
127	79	282
88	143	370
143	88	370
89	116	324
116	89	324
89	180	230
180	89	231
95	174	398
174	95	398
99	129	151
129	99	152
1	79	250
79	1	250
9	127	250
127	9	250
79	95	250
95	79	250
127	174	250
174	127	250
