200	538
2	1
2	1
5	3
3	2
4	2
2	1
2	1
4	3
4	3
5	3
3	2
4	2
5	3
2	1
2	1
4	2
4	3
2	1
3	2
2	1
3	2
4	3
4	2
5	3
5	3
4	2
2	1
4	2
3	2
4	3
5	3
5	3
3	1
2	1
4	3
3	1
4	2
5	3
5	3
3	2
2	1
5	3
4	3
5	3
4	2
2	1
4	2
5	3
3	1
3	2
5	3
3	2
2	1
3	1
3	2
2	1
3	2
5	3
5	3
2	1
5	3
4	2
4	2
3	1
5	3
3	2
3	1
2	1
5	3
2	1
4	2
3	2
3	1
5	3
4	2
3	2
5	3
2	1
5	3
5	3
5	3
2	1
2	1
4	3
5	3
4	2
4	3
4	3
5	3
5	3
2	1
3	1
3	2
4	2
4	2
5	3
3	2
5	3
3	1
3	2
4	2
3	2
3	1
2	1
2	1
4	2
5	3
2	1
4	2
3	2
5	3
4	3
4	2
5	3
4	2
5	3
2	1
2	1
4	3
2	1
2	1
3	1
2	1
3	2
2	1
4	3
5	3
2	1
2	1
3	1
5	3
4	2
2	1
4	3
3	2
3	2
3	2
2	1
4	2
5	3
4	2
5	3
4	2
2	1
5	3
3	2
2	1
4	2
3	1
3	2
3	2
5	3
2	1
2	1
3	1
4	2
2	1
4	2
4	2
5	3
2	1
3	2
3	2
2	1
2	1
5	3
3	2
2	1
5	3
3	2
2	1
5	3
2	1
2	1
2	1
3	2
3	1
2	1
5	3
3	2
3	2
3	2
5	3
5	3
4	2
2	1
4	3
5	3
3	1
5	3
3	2
4	2
4	2
5	3
5	3
3	2
5	3
4	2
3	2
5	3
1	187	423
187	1	424
1	148	285
148	1	285
1	129	3015
129	1	3016
1	68	452
68	1	453
1	196	205
196	1	205
1	101	499
101	1	500
1	75	2689
75	1	2690
1	37	323
37	1	324
1	149	400
149	1	401
2	102	93
102	2	94
2	59	424
59	2	424
2	111	311
111	2	312
2	141	65
141	2	66
2	176	2713
176	2	2714
2	87	367
87	2	368
2	174	293
174	2	294
2	96	458
96	2	459
2	143	467
143	2	468
2	23	385
23	2	386
2	64	431
64	2	431
2	92	388
92	2	388
2	21	167
21	2	168
2	189	455
189	2	456
2	61	497
61	2	497
2	152	90
152	2	91
2	48	215
48	2	216
2	90	1692
90	2	1693
3	93	166
93	3	166
3	60	498
60	3	498
3	186	279
186	3	279
3	28	98
28	3	98
3	40	388
40	3	389
3	44	313
44	3	313
3	114	336
114	3	337
3	31	150
31	3	151
3	178	489
178	3	489
3	156	71
156	3	71
4	173	186
173	4	187
4	180	160
180	4	161
4	55	157
55	4	157
4	48	417
48	4	418
4	50	281
50	4	282
4	132	265
132	4	266
4	81	497
81	4	497
4	131	150
131	4	150
5	160	460
160	5	461
5	48	443
48	5	444
5	71	250
71	5	250
5	116	319
116	5	320
5	13	220
13	5	221
5	20	470
20	5	470
5	110	403
110	5	404
5	159	367
159	5	368
6	19	424
19	6	424
6	8	1120
8	6	1120
6	23	308
23	6	308
6	71	471
71	6	471
6	85	353
85	6	353
6	108	412
108	6	412
6	199	127
199	6	128
7	112	427
112	7	428
7	118	160
118	7	161
7	25	417
25	7	418
7	109	244
109	7	245
7	127	360
127	7	361
7	72	94
72	7	95
7	11	1620
11	7	1620
7	113	3116
113	7	3117
7	53	499
53	7	499
7	183	292
183	7	293
7	200	1262
200	7	1262
7	20	298
20	7	299
7	58	331
58	7	332
8	190	1499
190	8	1499
8	119	464
119	8	465
8	104	257
104	8	257
8	12	194
12	8	195
8	65	65
65	8	66
8	188	174
188	8	175
8	171	300
171	8	301
8	103	2081
103	8	2082
8	128	355
128	8	355
8	16	70
16	8	70
9	133	1835
133	9	1836
9	10	411
10	9	411
9	28	384
28	9	384
9	98	435
98	9	435
9	162	382
162	9	382
9	66	50
66	9	51
9	86	1815
86	9	1816
9	134	241
134	9	241
9	45	341
45	9	341
9	78	2879
78	9	2879
9	130	168
130	9	168
9	117	398
117	9	399
10	125	2372
125	10	2373
10	182	253
182	10	254
10	86	323
86	10	324
10	43	358
43	10	359
10	13	363
13	10	364
10	19	246
19	10	247
10	135	115
135	10	115
10	163	451
163	10	451
10	91	79
91	10	79
10	59	89
59	10	89
11	27	293
27	11	294
11	88	132
88	11	133
11	12	98
12	11	99
11	47	164
47	11	164
11	94	431
94	11	432
12	15	473
15	12	473
12	27	482
27	12	483
12	161	446
161	12	446
12	66	454
66	12	455
12	42	113
42	12	113
12	19	363
19	12	364
12	61	181
61	12	182
12	136	460
136	12	460
12	55	71
55	12	72
12	184	222
184	12	222
12	85	459
85	12	460
12	63	473
63	12	474
12	82	421
82	12	421
12	123	76
123	12	77
12	153	380
153	12	381
12	151	79
151	12	80
12	59	252
59	12	253
13	194	97
194	13	98
13	71	184
71	13	185
13	35	125
35	13	126
13	60	286
60	13	286
13	166	431
166	13	431
13	145	270
145	13	270
13	165	144
165	13	145
13	76	179
76	13	180
13	150	437
150	13	438
13	105	139
105	13	140
13	154	346
154	13	346
13	59	257
59	13	257
13	121	491
121	13	491
13	33	444
33	13	445
13	49	238
49	13	239
13	80	481
80	13	482
13	122	350
122	13	350
14	65	368
65	14	369
14	60	2144
60	14	2144
14	61	457
61	14	458
14	38	120
38	14	121
14	86	254
86	14	255
14	57	413
57	14	413
14	172	167
172	14	167
14	54	374
54	14	375
14	80	233
80	14	233
14	62	2410
62	14	2410
14	46	177
46	14	177
14	39	491
39	14	491
14	115	411
115	14	412
14	51	390
51	14	390
14	32	333
32	14	334
15	144	499
144	15	500
15	18	426
18	15	427
15	192	382
192	15	383
15	167	414
167	15	415
16	193	71
193	16	72
16	28	324
28	16	324
16	94	1531
94	16	1532
16	90	253
90	16	254
16	85	441
85	16	441
16	50	469
50	16	469
16	179	3348
179	16	3349
16	155	2311
155	16	2312
16	18	2301
18	16	2302
17	157	1671
157	17	1672
17	82	149
82	17	149
17	35	337
35	17	338
17	185	1422
185	17	1422
17	126	221
126	17	222
17	168	280
168	17	280
17	93	146
93	17	147
17	18	433
18	17	434
17	54	414
54	17	415
17	142	323
142	17	324
17	41	72
41	17	72
17	62	100
62	17	101
18	78	134
78	18	134
18	81	61
81	18	62
18	91	365
91	18	365
18	140	378
140	18	378
18	124	282
124	18	282
18	32	281
32	18	282
18	27	112
27	18	112
18	100	417
100	18	417
18	191	474
191	18	475
18	31	344
31	18	344
18	106	353
106	18	354
19	69	231
69	19	231
19	198	455
198	19	455
19	195	353
195	19	354
19	82	264
82	19	265
19	50	540
50	19	541
19	24	107
24	19	107
19	68	2280
68	19	2281
19	49	473
49	19	473
19	147	434
147	19	435
19	74	488
74	19	489
19	91	396
91	19	397
20	79	435
79	20	436
20	49	385
49	20	386
20	61	462
61	20	463
22	29	199
29	22	199
22	71	317
71	22	318
22	78	1577
78	22	1577
22	164	147
164	22	148
26	36	232
36	26	233
26	43	102
43	26	103
26	97	404
97	26	404
26	83	358
83	26	358
28	74	351
74	28	352
29	49	51
49	29	51
29	37	183
37	29	184
29	95	252
95	29	253
30	47	440
47	30	441
30	36	123
36	30	123
30	57	393
57	30	394
30	137	485
137	30	485
32	146	148
146	32	149
32	54	493
54	32	494
33	47	72
47	33	72
33	52	411
52	33	411
33	81	445
81	33	445
34	83	405
83	34	406
34	63	121
63	34	121
35	181	106
181	35	107
39	67	119
67	39	120
39	77	366
77	39	366
41	177	248
177	41	248
41	57	311
57	41	312
42	81	179
81	42	180
42	84	210
84	42	211
42	56	394
56	42	394
43	91	75
91	43	76
43	175	128
175	43	129
46	139	424
139	46	425
47	65	178
65	47	179
51	93	135
93	51	136
52	67	463
67	52	464
56	169	63
169	56	63
58	97	373
97	58	373
58	89	455
89	58	455
58	138	120
138	58	121
65	66	62
66	65	62
69	107	374
107	69	375
70	158	418
158	70	419
70	120	172
120	70	172
70	78	302
78	70	302
70	96	249
96	70	250
73	170	927
170	73	927
73	197	296
197	73	296
79	96	432
96	79	433
79	89	70
89	79	71
79	83	373
83	79	374
82	84	358
84	82	358
84	96	270
96	84	270
84	89	163
89	84	164
86	89	297
89	86	298
97	99	3104
99	97	3104
13	73	250
73	13	250
12	170	250
170	12	250
2	197	250
197	2	250
