200	524
2	1
2	1
5	3
3	2
4	2
2	1
2	1
4	3
4	3
5	3
3	2
4	2
5	3
2	1
2	1
4	2
4	3
2	1
3	2
2	1
3	2
4	3
4	2
5	3
5	3
4	2
2	1
4	2
3	2
4	3
5	3
5	3
3	1
2	1
4	3
3	1
4	2
5	3
5	3
3	2
2	1
5	3
4	3
5	3
4	2
2	1
4	2
5	3
3	1
3	2
5	3
3	2
2	1
3	1
3	2
2	1
3	2
5	3
5	3
2	1
5	3
4	2
4	2
3	1
5	3
3	2
3	1
2	1
5	3
2	1
4	2
3	2
3	1
5	3
4	2
3	2
5	3
2	1
5	3
5	3
5	3
2	1
2	1
4	3
5	3
4	2
4	3
4	3
5	3
5	3
2	1
3	1
3	2
4	2
4	2
5	3
3	2
5	3
3	1
3	2
4	2
3	2
3	1
2	1
2	1
4	2
5	3
2	1
4	2
3	2
5	3
4	3
4	2
5	3
4	2
5	3
2	1
2	1
4	3
2	1
2	1
3	1
2	1
3	2
2	1
4	3
5	3
2	1
2	1
3	1
5	3
4	2
2	1
4	3
3	2
3	2
3	2
2	1
4	2
5	3
4	2
5	3
4	2
2	1
5	3
3	2
2	1
4	2
3	1
3	2
3	2
5	3
2	1
2	1
3	1
4	2
2	1
4	2
4	2
5	3
2	1
3	2
3	2
2	1
2	1
5	3
3	2
2	1
5	3
3	2
2	1
5	3
2	1
2	1
2	1
3	2
3	1
2	1
5	3
3	2
3	2
3	2
5	3
5	3
4	2
2	1
4	3
5	3
3	1
5	3
3	2
4	2
4	2
5	3
5	3
3	2
5	3
4	2
3	2
5	3
1	88	351
88	1	352
1	192	125
192	1	125
1	95	1193
95	1	1194
1	135	389
135	1	389
1	42	316
42	1	316
1	13	378
13	1	379
1	29	2906
29	1	2907
2	19	157
19	2	158
2	3	444
3	2	444
2	13	90
13	2	90
2	188	454
188	2	455
2	93	220
93	2	220
2	4	493
4	2	494
2	24	1251
24	2	1251
2	180	496
180	2	496
2	121	180
121	2	180
3	139	417
139	3	418
3	12	425
12	3	425
3	170	439
170	3	439
3	79	448
79	3	448
3	126	386
126	3	386
3	172	96
172	3	96
3	78	452
78	3	453
3	173	431
173	3	431
3	60	87
60	3	88
3	73	245
73	3	245
3	108	1183
108	3	1183
3	83	141
83	3	141
3	114	417
114	3	417
3	146	131
146	3	132
4	176	87
176	4	87
4	175	497
175	4	497
4	40	188
40	4	188
4	23	245
23	4	245
4	84	216
84	4	217
4	10	470
10	4	470
4	199	91
199	4	91
4	187	96
187	4	97
4	165	155
165	4	155
4	104	266
104	4	266
4	112	471
112	4	471
4	130	295
130	4	296
4	171	152
171	4	153
4	178	374
178	4	374
4	191	177
191	4	177
4	107	495
107	4	496
4	46	364
46	4	365
5	159	250
159	5	250
5	86	94
86	5	95
5	69	297
69	5	298
5	64	158
64	5	159
5	45	350
45	5	350
5	57	395
57	5	395
5	87	423
87	5	423
5	152	2493
152	5	2494
5	77	156
77	5	156
5	85	469
85	5	470
5	7	441
7	5	442
5	62	499
62	5	500
5	33	161
33	5	162
5	144	380
144	5	380
5	42	238
42	5	239
6	80	448
80	6	449
6	105	108
105	6	109
6	77	487
77	6	487
6	17	72
17	6	73
6	197	2024
197	6	2024
6	132	2934
132	6	2934
6	78	365
78	6	365
6	18	294
18	6	295
6	124	3580
124	6	3581
6	91	314
91	6	315
6	190	215
190	6	216
6	194	1294
194	6	1295
6	48	380
48	6	380
6	161	274
161	6	275
7	83	272
83	7	273
7	68	93
68	7	93
7	128	173
128	7	173
7	140	339
140	7	339
7	153	3493
153	7	3493
7	169	424
169	7	424
7	177	57
177	7	58
7	65	2949
65	7	2949
7	184	357
184	7	357
7	100	405
100	7	405
7	70	480
70	7	480
7	181	458
181	7	458
7	186	52
186	7	52
8	123	2382
123	8	2382
8	82	164
82	8	164
8	74	174
74	8	175
8	35	2134
35	8	2135
8	113	309
113	8	309
8	38	410
38	8	410
8	92	1970
92	8	1970
8	9	329
9	8	329
8	183	147
183	8	147
8	56	362
56	8	363
8	33	375
33	8	376
8	15	116
15	8	117
8	26	199
26	8	199
8	72	312
72	8	313
8	149	99
149	8	99
8	102	65
102	8	66
9	119	226
119	9	226
9	193	341
193	9	341
9	70	85
70	9	85
9	99	300
99	9	300
9	13	376
13	9	376
9	143	364
143	9	364
9	182	477
182	9	478
10	137	481
137	10	481
10	86	382
86	10	383
10	52	118
52	10	118
10	125	352
125	10	352
10	37	198
37	10	199
10	26	436
26	10	436
10	167	93
167	10	94
10	66	194
66	10	195
11	17	437
17	11	437
11	111	487
111	11	487
11	155	429
155	11	429
11	90	63
90	11	63
11	86	476
86	11	476
11	21	133
21	11	134
12	51	278
51	12	279
12	116	60
116	12	61
12	24	125
24	12	126
12	34	102
34	12	103
13	43	347
43	13	347
13	141	463
141	13	464
13	51	326
51	13	326
13	71	338
71	13	338
13	94	141
94	13	141
13	92	388
92	13	388
13	48	168
48	13	168
13	61	214
61	13	214
13	45	271
45	13	271
13	148	401
148	13	402
13	27	350
27	13	351
13	41	226
41	13	226
14	158	249
158	14	249
14	160	380
160	14	381
14	36	485
36	14	485
14	39	1142
39	14	1142
14	25	460
25	14	460
14	20	188
20	14	189
14	72	233
72	14	233
15	31	460
31	15	461
15	20	185
20	15	186
15	185	440
185	15	441
15	83	311
83	15	312
16	98	1004
98	16	1004
16	99	262
99	16	262
16	82	499
82	16	499
16	136	465
136	16	466
16	145	481
145	16	481
16	40	220
40	16	221
16	61	469
61	16	470
16	87	496
87	16	496
16	36	457
36	16	457
16	151	407
151	16	408
16	58	66
58	16	66
17	38	171
38	17	172
17	49	2154
49	17	2154
17	74	189
74	17	189
17	84	459
84	17	460
17	26	358
26	17	358
17	47	2094
47	17	2095
17	150	1514
150	17	1515
17	36	1378
36	17	1379
17	21	3711
21	17	3712
17	162	183
162	17	183
17	157	127
157	17	128
17	138	365
138	17	366
17	63	115
63	17	116
18	154	128
154	18	128
18	61	108
61	18	108
18	131	459
131	18	460
18	168	498
168	18	498
19	189	229
189	19	230
19	32	94
32	19	94
19	129	118
129	19	118
19	97	131
97	19	131
19	96	91
96	19	92
19	68	408
68	19	409
20	44	378
44	20	379
20	43	349
43	20	350
20	85	197
85	20	198
20	26	126
26	20	126
20	30	441
30	20	441
20	142	352
142	20	352
20	38	227
38	20	227
20	89	462
89	20	463
20	87	281
87	20	281
20	40	412
40	20	413
20	110	398
110	20	399
20	57	185
57	20	185
20	28	1948
28	20	1949
21	51	319
51	21	320
21	49	1149
49	21	1149
22	61	395
61	22	396
22	60	464
60	22	464
22	80	367
80	22	367
22	118	402
118	22	403
23	49	378
49	23	378
25	163	392
163	25	393
27	50	437
50	27	437
27	93	278
93	27	278
28	62	243
62	28	243
28	29	1872
29	28	1872
30	174	338
174	30	338
31	58	156
58	31	156
31	78	342
78	31	342
32	147	411
147	32	411
32	84	369
84	32	370
33	127	436
127	33	437
38	98	65
98	38	65
39	42	77
42	39	78
39	85	279
85	39	280
39	134	437
134	39	438
41	85	135
85	41	135
42	179	440
179	42	441
47	117	377
117	47	378
47	72	261
72	47	262
50	89	448
89	50	449
50	122	394
122	50	395
52	166	445
166	52	445
52	98	362
98	52	362
52	89	380
89	52	380
53	75	267
75	53	267
53	133	129
133	53	129
54	198	287
198	54	288
54	59	475
59	54	475
55	63	191
63	55	192
55	156	262
156	55	263
55	80	248
80	55	249
55	200	303
200	55	304
57	77	441
77	57	441
59	91	169
91	59	170
59	69	251
69	59	252
63	81	395
81	63	395
66	115	199
115	66	200
67	78	274
78	67	274
67	69	385
69	67	385
67	96	54
96	67	55
72	101	431
101	72	432
73	89	462
89	73	463
75	196	342
196	75	343
75	92	69
92	75	69
76	91	383
91	76	384
76	164	408
164	76	409
76	120	156
120	76	156
76	98	247
98	76	248
77	81	280
81	77	280
91	100	748
100	91	748
99	109	329
109	99	329
100	195	359
195	100	359
103	106	60
106	103	60
4	103	250
103	4	250
8	106	250
106	8	250
