3	122	31	98
-1
2	624	98	51
-1
3	507	160	119
-1
2	585	76	132
-1
2	11	146	142
146	15	12	142	
2	201	70	141
-1
1	101	166	127
-1
3	836	167	175
-1
4	743	28	188
-1
3	333	138	84
-1
3	830	169	66
-1
3	832	42	164
-1
4	750	65	123
-1
4	82	171	150
-1
4	23	108	95
108	6	89	95	
1	116	118	116
-1
1	194	118	82
-1
1	769	18	48
-1
4	156	6	27
-1
4	192	148	165
-1
1	57	33	85
-1
3	972	62	79
-1
1	446	46	143
-1
4	596	195	66
-1
4	890	28	173
-1
4	206	3	90
-1
1	887	118	160
-1
2	486	111	129
-1
3	665	31	86
-1
3	381	187	186
-1
4	265	178	18
-1
4	143	186	31
-1
2	638	110	76
-1
3	903	155	23
-1
4	227	102	50
-1
2	268	192	52
-1
2	227	149	121
-1
3	908	187	184
-1
1	793	72	14
-1
3	330	88	152
-1
1	147	68	81
-1
2	778	133	67
-1
3	405	27	128
-1
2	427	64	82
-1
1	629	118	136
-1
2	32	144	79
144	16	46	13	79	
1	105	12	27
-1
3	688	190	13
-1
1	253	97	36
-1
3	605	42	76
-1
4	285	171	143
-1
1	703	118	75
-1
4	830	47	54
-1
3	464	51	117
-1
3	199	30	187
-1
3	277	58	130
-1
3	255	89	141
-1
1	19	193	131
193	42	15	78	14	2	67	1	131	
3	406	32	179
-1
3	81	85	20
-1
3	424	41	143
-1
1	50	77	60
-1
1	103	132	58
-1
1	572	161	60
-1
2	358	176	89
-1
1	39	174	146
174	11	14	78	15	146	
2	532	2	187
-1
2	414	56	131
-1
1	592	74	163
-1
2	564	80	199
-1
3	306	160	191
-1
1	317	183	67
-1
1	374	185	198
-1
1	585	87	111
-1
2	674	10	86
-1
3	971	119	12
-1
3	509	158	13
-1
3	40	89	69
89	6	69	
4	954	102	94
-1
2	152	45	125
-1
3	294	160	85
-1
4	960	65	19
-1
2	910	133	3
-1
3	620	58	42
-1
1	257	43	3
-1
4	668	116	122
-1
2	833	38	31
-1
1	653	147	119
-1
4	146	186	172
-1
4	71	91	168
-1
3	507	42	128
-1
1	877	87	144
-1
1	880	46	77
-1
4	673	107	86
-1
1	475	78	128
-1
1	348	87	195
-1
2	978	154	33
-1
3	248	138	131
-1
3	571	190	116
-1
3	539	88	6
-1
2	418	110	199
-1
3	513	16	85
-1
4	141	92	82
92	15	82	
4	27	123	141
123	11	14	2	141	
1	106	147	18
-1
4	701	22	56
-1
3	485	169	10
-1
3	615	100	99
-1
2	482	146	89
-1
2	39	117	128
117	14	11	20	128	
3	789	7	37
-1
2	25	176	4
176	11	98	33	18	35	4	
3	58	88	47
-1
1	798	29	170
-1
1	568	55	68
-1
1	623	112	89
-1
1	984	12	10
-1
2	483	48	108
-1
4	123	14	5
-1
1	402	95	121
-1
3	38	85	79
85	10	13	79	
4	593	73	54
-1
1	239	97	142
-1
3	560	155	122
-1
3	228	152	128
-1
1	68	71	39
71	3	39	
3	429	94	3
-1
1	936	29	50
-1
2	893	111	16
-1
1	165	185	110
-1
4	644	186	147
-1
4	449	175	19
-1
3	742	167	116
-1
3	663	158	22
-1
3	942	69	125
-1
4	981	96	196
-1
4	183	116	41
-1
2	384	144	69
-1
3	199	32	132
-1
1	461	124	68
-1
1	207	40	54
-1
1	225	83	28
-1
1	892	132	147
-1
2	265	25	104
-1
3	790	88	124
-1
1	737	29	172
-1
1	377	161	87
-1
2	397	143	182
-1
3	280	79	165
-1
1	148	77	40
-1
2	753	137	80
-1
1	132	95	162
-1
4	878	120	45
-1
3	933	163	70
-1
4	857	28	109
-1
3	228	169	89
-1
4	466	105	50
-1
1	647	33	144
-1
3	412	181	174
-1
2	651	61	51
-1
3	530	160	139
-1
1	44	112	34
112	17	67	2	34	
4	640	195	105
-1
2	61	25	19
25	13	95	73	19	
2	969	157	198
-1
1	10	165	166
165	24	36	92	15	12	166	
2	459	144	70
-1
1	554	161	102
-1
3	328	160	35
-1
4	330	123	47
-1
1	20	125	6
125	8	89	6	
1	605	55	69
-1
1	661	50	63
-1
3	80	41	87
41	6	97	16	87	
4	477	102	196
-1
2	643	70	112
-1
3	664	31	8
-1
3	918	41	168
-1
4	152	195	79
-1
1	998	74	1
-1
4	603	3	126
-1
1	423	174	132
-1
1	237	179	181
-1
1	924	39	21
-1
1	471	118	122
-1
1	734	147	144
-1
4	941	141	126
-1
1	261	4	167
4	167	
2	339	121	113
-1
2	940	24	186
-1
2	417	21	140
-1
4	948	175	113
-1
3	928	197	91
-1
4	700	186	82
-1
2	974	61	151
-1
3	69	131	97
-1
3	994	16	37
-1
2	912	157	193
-1
3	24	169	65
169	3	37	17	65	
1	9	59	89
59	7	83	45	56	89	
3	900	150	109
-1
1	365	166	36
-1
2	655	113	184
-1
2	488	192	169
-1
1	239	44	29
-1
4	735	17	111
-1
1	324	37	127
-1
4	316	182	35
-1
3	980	94	3
-1
2	468	117	61
-1
1	129	78	163
-1
2	564	177	128
-1
4	899	141	41
-1
4	668	148	32
-1
3	496	35	75
-1
2	559	25	43
-1
3	885	160	31
-1
3	119	35	13
-1
3	873	150	58
-1
1	485	81	174
-1
4	247	101	3
-1
3	575	181	132
-1
4	767	96	24
-1
2	398	194	123
-1
2	225	61	158
-1
1	219	109	182
-1
2	450	67	93
-1
4	614	103	127
-1
4	271	173	28
-1
2	796	45	61
-1
2	551	129	161
-1
1	82	128	141
-1
3	105	54	188
-1
2	628	20	181
-1
3	137	169	194
-1
3	870	145	54
-1
3	915	164	72
-1
1	593	165	174
-1
3	221	130	146
-1
3	481	152	142
-1
4	193	99	22
-1
2	485	49	149
-1
3	272	130	2
-1
3	804	187	173
-1
1	397	166	142
-1
3	250	54	86
-1
2	273	75	1
-1
2	646	189	165
-1
4	543	182	94
-1
2	484	154	197
-1
4	658	186	96
-1
4	606	178	144
-1
3	960	62	26
-1
3	132	85	164
-1
3	225	88	129
-1
1	111	37	134
-1
2	711	38	8
-1
2	828	111	197
-1
4	73	108	130
-1
4	70	3	35
-1
2	965	38	20
-1
1	308	95	149
-1
4	533	53	162
-1
1	96	12	46
12	97	16	46	
1	976	95	85
-1
4	309	120	121
-1
3	669	30	159
-1
4	265	92	21
-1
3	746	119	128
-1
2	980	192	130
-1
3	151	13	168
-1
2	99	177	62
-1
4	660	84	66
-1
3	105	169	77
-1
3	941	16	124
-1
2	862	144	43
-1
1	820	4	24
-1
1	440	72	67
-1
3	719	88	186
-1
1	849	33	129
-1
3	368	164	141
-1
2	581	114	69
-1
3	447	164	104
-1
1	275	23	72
-1
3	198	79	40
-1
2	440	20	183
-1
1	815	33	138
-1
3	682	52	10
-1
1	219	43	97
-1
2	499	113	82
-1
2	591	113	45
-1
2	459	80	111
-1
3	114	13	26
-1
2	386	11	49
-1
3	777	85	79
-1
1	911	83	50
-1
1	448	74	82
-1
3	57	41	85
41	6	86	10	85	
1	354	74	79
-1
4	787	92	192
-1
2	983	142	104
-1
1	445	132	136
-1
2	271	142	148
-1
1	471	55	158
-1
2	149	192	194
-1
4	599	120	76
-1
3	680	30	102
-1
1	917	78	94
-1
1	395	86	167
-1
4	186	191	58
-1
2	490	177	151
-1
3	377	160	34
-1
1	724	4	127
-1
1	33	74	133
74	51	16	54	19	133	
2	226	144	125
-1
2	854	45	44
-1
4	707	195	26
-1
3	600	26	55
-1
2	566	142	140
-1
2	175	137	131
-1
2	925	122	59
-1
3	110	163	170
-1
1	836	139	174
-1
4	568	14	199
-1
1	44	46	95
46	13	95	
2	688	24	91
-1
1	465	29	85
-1
3	119	135	110
-1
1	58	86	52
-1
4	340	3	188
-1
2	399	177	61
-1
4	920	53	24
-1
3	293	163	162
-1
2	844	149	176
-1
4	690	116	173
-1
3	980	160	148
-1
3	16	199	176
199	3	37	16	14	11	176	
4	125	63	62
-1
2	928	133	147
-1
3	467	190	149
-1
1	928	82	77
-1
3	151	32	81
-1
3	864	151	194
-1
1	791	196	142
-1
4	316	191	10
-1
2	663	80	169
-1
2	391	11	119
-1
3	852	26	181
-1
4	999	102	113
-1
4	99	182	54
-1
2	328	48	87
-1
4	608	175	118
-1
1	402	77	21
-1
4	895	93	16
-1
1	304	83	6
-1
3	24	150	37
150	19	54	16	37	
3	742	13	199
-1
4	274	3	176
-1
4	738	6	29
-1
1	192	4	10
-1
1	678	55	58
-1
4	948	182	184
-1
4	568	141	61
-1
3	535	94	153
-1
4	692	141	187
-1
1	728	44	137
-1
1	326	68	101
-1
1	853	161	55
-1
3	81	35	60
-1
3	291	172	16
-1
4	300	115	22
-1
3	683	145	155
-1
4	943	92	95
-1
2	647	11	141
-1
3	586	145	81
-1
1	74	36	76
-1
4	774	115	143
-1
2	428	192	56
-1
1	239	44	90
-1
1	854	124	61
-1
1	427	166	128
-1
4	581	65	72
-1
4	276	148	163
-1
3	968	42	173
-1
3	848	41	69
-1
3	923	26	104
-1
4	218	99	170
-1
2	473	24	161
-1
4	314	3	156
-1
3	126	41	79
-1
4	453	47	197
-1
4	324	73	61
-1
3	38	54	8
54	19	15	82	8	
1	162	81	2
-1
2	230	48	42
-1
4	285	47	67
-1
2	54	121	117
-1
2	566	90	140
-1
2	321	114	142
-1
3	752	27	182
-1
4	148	105	180
-1
2	808	157	53
-1
1	768	33	58
-1
2	969	70	90
-1
3	410	32	137
-1
2	28	61	135
61	17	33	18	135	
2	544	98	55
-1
3	83	151	145
-1
3	424	69	58
-1
2	157	189	37
-1
4	137	92	141
-1
1	141	39	97
-1
3	398	199	129
-1
1	239	166	151
-1
2	927	134	182
-1
1	661	95	194
-1
2	67	122	91
122	8	91	
4	11	65	194
65	17	67	1	194	
4	21	99	62
99	19	30	10	62	
2	409	122	2
-1
3	949	30	94
-1
1	797	166	132
-1
3	278	58	130
-1
3	428	7	47
-1
2	761	45	132
-1
4	154	171	26
-1
3	245	31	99
-1
1	790	50	115
-1
1	651	12	13
-1
3	204	32	86
-1
1	497	40	116
-1
2	381	140	33
-1
2	662	137	43
-1
4	109	14	49
-1
1	392	193	94
-1
1	218	153	16
-1
1	668	106	199
-1
4	935	102	48
-1
4	747	91	59
-1
4	585	93	43
-1
1	252	97	34
-1
3	236	145	174
-1
1	678	125	110
-1
3	327	187	75
-1
4	772	47	67
-1
3	587	190	19
-1
1	137	159	124
-1
3	784	27	178
-1
1	595	161	68
-1
1	237	59	113
-1
1	470	43	9
-1
1	243	46	153
-1
1	704	82	30
-1
1	778	159	168
-1
1	596	37	166
-1
1	214	8	155
-1
1	490	147	114
-1
1	667	83	140
-1
2	886	19	52
-1
3	150	13	110
-1
2	958	1	105
-1
2	863	70	150
-1
4	892	65	31
-1
4	411	120	142
-1
1	176	50	178
-1
2	930	45	138
-1
2	243	11	36
-1
3	134	100	70
-1
1	185	118	88
-1
3	847	155	52
-1
4	351	105	52
-1
4	652	14	74
-1
2	635	76	138
-1
3	976	119	57
-1
2	705	129	106
-1
3	242	104	103
-1
4	877	186	113
-1
4	99	28	12
-1
2	986	114	81
-1
2	190	98	187
-1
4	241	96	91
-1
1	314	46	57
-1
2	3	98	84
98	33	18	55	83	47	84	
1	660	132	3
-1
1	117	59	83
59	7	83	
3	619	163	139
-1
1	731	5	124
-1
1	294	33	103
-1
1	326	83	16
-1
3	65	69	66
-1
3	307	58	161
-1
1	363	50	7
-1
4	447	116	56
-1
1	801	118	139
-1
2	483	177	197
-1
1	21	46	111
46	18	64	1	111	
3	344	16	67
-1
4	47	99	52
99	20	40	67	1	52	
2	262	144	134
-1
4	879	22	2
-1
