2	828	66	196
-1
1	203	173	90
-1
3	318	90	6
-1
3	511	160	87
-1
1	631	129	86
-1
4	787	86	65
-1
1	978	186	181
-1
4	386	18	65
-1
3	710	31	143
-1
1	155	76	38
-1
1	102	23	103
-1
2	992	50	27
-1
3	549	52	68
-1
3	787	121	27
-1
2	272	184	108
-1
2	288	14	193
-1
3	668	152	130
-1
4	933	81	147
-1
1	427	67	178
-1
3	64	128	5
-1
4	318	82	27
-1
2	544	136	29
-1
3	812	79	32
-1
1	390	27	105
-1
1	297	13	88
-1
1	442	36	53
-1
1	771	76	5
-1
1	918	143	85
-1
3	47	75	103
75	11	42	103	
2	451	54	30
-1
4	230	117	64
-1
3	858	187	199
-1
2	889	130	77
-1
3	993	141	55
-1
4	32	131	19
131	14	19	
2	285	179	6
-1
3	241	20	81
-1
1	877	143	24
-1
2	932	60	50
-1
1	761	58	103
-1
2	576	60	172
-1
4	774	89	158
-1
1	402	146	39
-1
3	656	187	132
-1
4	674	131	14
-1
4	80	163	192
163	13	14	192	
2	160	199	164
-1
1	583	191	106
-1
1	985	67	117
-1
4	87	198	174
-1
2	10	111	185
111	10	185	
4	719	86	74
-1
4	758	12	171
-1
1	289	13	109
-1
3	702	69	40
-1
3	645	94	154
-1
3	560	125	152
-1
1	865	85	94
-1
1	533	19	160
-1
3	258	3	110
-1
3	843	42	20
-1
3	516	3	57
-1
1	838	122	68
-1
3	347	31	33
-1
2	386	119	53
-1
4	691	172	146
-1
4	842	168	71
-1
3	487	128	107
-1
2	446	144	77
-1
1	707	77	80
-1
4	678	86	73
-1
3	287	128	75
-1
2	954	195	148
-1
1	138	33	178
-1
4	790	131	48
-1
4	288	116	171
-1
3	710	6	139
-1
2	216	199	18
-1
1	92	85	113
-1
4	323	82	141
-1
3	347	141	27
-1
4	822	18	106
-1
2	169	56	101
-1
2	499	10	85
-1
1	746	99	15
-1
4	317	89	82
-1
3	207	128	39
-1
4	976	37	189
-1
4	488	4	25
-1
1	629	47	58
-1
3	655	170	198
-1
1	112	68	168
-1
4	812	89	23
-1
2	648	10	184
-1
1	614	108	83
-1
1	95	5	123
5	123	
3	485	121	2
-1
3	273	79	38
-1
2	297	54	193
-1
3	355	142	39
-1
1	152	122	160
-1
3	71	128	28
-1
2	694	39	68
-1
3	29	3	29
3	21	60	29	
2	511	50	136
-1
3	985	16	93
-1
4	386	110	165
-1
2	775	147	44
-1
1	367	19	49
-1
4	958	116	142
-1
3	869	22	63
-1
3	96	125	142
-1
2	516	196	181
-1
3	944	41	183
-1
3	232	69	184
-1
2	124	132	199
-1
1	640	68	61
-1
2	283	54	7
-1
2	732	28	25
-1
2	825	147	92
-1
2	488	104	65
-1
2	429	124	190
-1
4	761	172	137
-1
1	943	87	177
-1
2	679	182	197
-1
4	877	165	80
-1
1	337	40	148
-1
2	895	80	153
-1
3	120	162	132
-1
1	363	45	78
-1
2	628	70	133
-1
3	769	109	57
-1
4	505	89	28
-1
2	233	50	66
-1
2	981	144	47
-1
3	261	174	12
-1
3	760	52	51
-1
2	512	139	130
-1
1	995	34	44
-1
4	225	105	40
-1
1	157	19	61
19	14	18	1	61	
4	365	198	169
-1
2	944	166	10
-1
2	761	70	59
-1
1	760	102	154
-1
2	523	35	128
-1
1	525	47	130
-1
3	55	6	20
6	43	20	
3	450	69	5
-1
4	441	63	61
-1
1	502	87	80
-1
2	470	196	77
-1
2	831	112	43
-1
1	641	8	64
-1
4	195	168	118
-1
3	874	79	152
-1
2	203	1	198
-1
1	574	126	3
-1
2	179	132	23
-1
4	839	181	37
-1
3	918	21	124
-1
1	747	122	71
-1
2	741	144	134
-1
1	404	126	141
-1
2	321	167	61
-1
4	824	113	139
-1
1	821	186	140
-1
3	775	140	17
-1
4	197	113	148
-1
4	786	91	128
-1
4	61	82	100
-1
1	531	151	174
-1
4	616	97	69
-1
4	557	37	194
-1
3	169	193	112
-1
2	859	65	24
-1
4	150	89	9
-1
3	566	109	100
-1
1	513	36	165
-1
2	792	184	55
-1
1	844	169	88
-1
1	817	29	39
-1
2	237	111	135
-1
2	582	127	124
-1
2	494	35	116
-1
3	517	3	180
-1
1	878	61	68
-1
4	777	163	129
-1
3	141	128	164
-1
3	148	41	99
-1
3	635	32	68
-1
3	225	75	96
-1
4	960	43	159
-1
3	635	31	85
-1
1	950	13	119
-1
1	281	58	73
-1
3	101	174	85
-1
3	581	3	47
-1
2	496	132	175
-1
2	394	24	167
-1
2	61	123	198
-1
2	909	158	25
-1
2	467	182	19
-1
4	703	93	50
-1
2	173	127	14
-1
2	45	28	71
28	69	14	18	1	71	
1	529	61	196
-1
4	128	161	151
-1
3	54	141	82
141	15	82	
3	820	188	105
-1
4	569	181	28
-1
1	145	194	137
-1
2	364	54	70
-1
1	165	72	115
-1
3	130	174	193
-1
1	752	146	21
-1
3	899	142	81
-1
3	449	22	193
-1
1	530	149	85
-1
1	987	2	72
-1
1	966	173	4
-1
3	454	142	197
-1
4	675	86	50
-1
2	589	1	73
-1
4	182	165	46
165	68	97	46	
3	754	94	143
-1
2	586	197	84
-1
1	778	96	58
-1
2	262	144	6
-1
1	885	26	160
-1
1	688	164	132
-1
1	437	129	25
-1
2	38	134	111
-1
1	311	8	111
-1
2	308	197	28
-1
2	203	130	73
-1
2	38	35	70
35	4	11	19	70	
3	695	20	165
-1
1	653	149	108
-1
3	612	162	133
-1
2	95	46	96
-1
1	320	85	176
-1
3	430	121	109
-1
3	492	159	69
-1
3	319	21	65
-1
3	392	128	146
-1
2	813	130	180
-1
4	777	168	151
-1
1	84	62	99
62	14	12	45	99	
2	969	66	60
-1
1	416	77	105
-1
2	744	124	141
-1
4	404	43	62
-1
2	72	24	20
-1
1	688	67	40
-1
1	433	186	119
-1
1	764	129	49
-1
3	914	141	168
-1
3	364	69	181
-1
2	23	104	47
104	24	73	2	61	1	47	
1	479	72	75
-1
1	420	40	198
-1
1	633	183	40
-1
4	452	138	15
-1
2	243	10	82
-1
4	313	97	19
-1
4	513	82	99
-1
1	880	45	191
-1
2	813	111	59
-1
1	611	26	114
-1
1	885	49	186
-1
3	83	79	177
-1
2	874	50	111
-1
4	41	82	48
-1
1	74	85	57
85	7	12	57	
3	292	79	154
-1
2	142	192	187
-1
2	732	104	183
-1
2	542	136	45
-1
3	655	148	71
-1
2	392	158	71
-1
1	520	194	149
-1
1	430	76	199
-1
1	878	102	80
-1
3	286	94	117
-1
2	991	167	195
-1
1	777	58	186
-1
1	760	151	90
-1
1	204	34	177
-1
2	474	127	124
-1
2	944	133	33
-1
3	445	125	26
-1
3	395	44	54
-1
1	426	26	107
-1
4	342	55	200
-1
3	737	140	166
-1
4	922	131	175
-1
3	763	59	125
-1
3	139	170	110
-1
3	214	174	36
-1
2	246	199	168
-1
4	824	95	44
-1
4	29	91	88
91	12	14	88	
1	735	85	65
-1
4	686	110	119
-1
3	603	52	58
-1
3	777	188	140
-1
1	53	61	199
61	3	199	
2	162	24	120
-1
3	349	162	93
-1
4	916	176	44
-1
1	960	173	90
-1
3	999	148	180
-1
4	463	176	16
-1
1	933	62	125
-1
2	990	147	128
-1
1	682	149	67
-1
1	432	77	128
-1
4	351	81	151
-1
1	996	194	64
-1
3	191	142	191
-1
2	880	10	116
-1
1	211	169	63
-1
2	226	119	191
-1
4	702	181	52
-1
4	982	113	199
-1
2	448	54	99
-1
1	375	87	128
-1
1	877	118	8
-1
3	93	21	2
21	7	73	2	
3	883	16	95
-1
3	550	6	104
-1
4	213	37	24
-1
2	603	199	142
-1
4	806	176	74
-1
1	804	29	138
-1
2	255	10	192
-1
1	582	58	78
-1
2	541	184	148
-1
1	294	61	168
-1
3	541	153	135
-1
3	844	187	92
-1
1	868	137	128
-1
2	961	101	126
-1
4	235	55	53
-1
2	972	60	81
-1
3	515	16	91
-1
3	545	22	100
-1
1	492	155	83
-1
4	411	95	143
-1
3	945	141	47
-1
4	636	81	186
-1
1	715	76	74
-1
1	392	143	174
-1
2	244	56	28
-1
3	324	90	39
-1
1	966	61	54
-1
3	265	128	27
-1
1	948	72	181
-1
4	242	163	76
-1
1	241	173	168
-1
3	826	69	48
-1
2	899	104	123
-1
3	24	170	18
170	93	51	5	18	
4	803	161	73
-1
1	41	156	114
156	2	15	13	114	
3	247	79	126
-1
2	673	197	53
-1
1	254	61	124
-1
1	881	8	38
-1
1	848	2	162
-1
3	47	42	30
42	11	30	
1	321	67	85
-1
4	890	117	54
-1
3	714	140	166
-1
3	27	142	121
142	82	15	12	67	9	121	
2	505	182	152
-1
3	957	180	148
-1
4	633	53	8
-1
1	670	58	168
-1
3	832	90	169
-1
1	61	137	10
137	5	18	1	10	
3	698	135	28
-1
4	751	55	144
-1
3	669	145	83
-1
1	989	58	24
-1
4	92	37	157
-1
3	239	141	137
-1
4	399	97	141
-1
1	166	129	198
-1
1	134	151	39
-1
2	895	182	127
-1
1	922	194	61
-1
4	465	91	67
-1
1	899	194	11
-1
1	322	62	21
-1
1	830	2	9
-1
3	966	94	149
-1
2	458	132	197
-1
2	207	130	78
-1
1	445	47	28
-1
2	371	132	161
-1
1	31	26	154
26	2	6	154	
1	450	99	45
-1
1	812	115	190
-1
1	832	13	51
-1
4	240	86	4
-1
4	540	116	97
-1
1	337	33	181
-1
4	614	43	62
-1
1	393	49	109
-1
3	153	94	192
94	17	14	192	
3	306	16	18
-1
2	902	199	68
-1
3	691	48	135
-1
3	693	59	147
-1
4	897	43	185
-1
1	745	34	52
-1
3	125	174	36
-1
4	787	110	78
-1
3	247	75	127
-1
1	990	67	172
-1
1	559	19	187
-1
2	227	124	137
-1
2	161	178	184
-1
1	259	68	195
-1
4	843	113	37
-1
2	446	9	70
-1
3	682	153	43
-1
1	359	30	104
-1
4	37	168	178
168	18	178	
2	808	166	196
-1
1	747	155	14
-1
1	883	114	90
-1
3	19	140	67
140	3	21	14	12	67	
3	613	52	86
-1
4	201	110	150
-1
4	670	105	158
-1
3	265	150	63
-1
3	320	31	92
-1
3	450	142	11
-1
2	45	178	176
178	18	1	176	
4	611	138	130
-1
1	100	36	43
-1
2	118	70	134
-1
2	355	88	185
-1
3	505	52	47
-1
3	814	52	151
-1
4	676	74	52
-1
4	919	138	35
-1
2	329	57	176
-1
4	504	106	105
-1
2	786	103	42
-1
4	28	113	77
113	3	21	7	73	77	
4	514	12	99
-1
4	698	81	186
-1
3	896	187	190
-1
4	246	91	41
-1
2	898	57	114
-1
3	532	84	3
-1
3	859	3	60
-1
4	563	83	117
-1
2	805	139	19
-1
2	33	124	131
-1
2	483	103	94
-1
3	469	16	126
-1
2	658	66	65
-1
4	250	161	107
-1
4	916	7	163
-1
2	918	56	47
-1
2	577	139	1
-1
2	46	197	83
197	8	83	
2	16	111	21
111	10	34	14	21	
1	99	67	144
-1
3	744	52	47
-1
2	422	134	62
-1
1	486	2	79
-1
2	792	11	40
-1
1	155	13	198
-1
3	601	128	53
-1
1	401	45	143
-1
3	235	174	91
-1
3	256	171	1
-1
1	951	186	68
-1
3	997	84	119
-1
3	611	180	52
-1
2	489	1	6
-1
4	880	86	168
-1
1	677	77	180
-1
1	129	183	59
-1
3	823	135	104
-1
1	913	87	29
-1
1	314	122	199
-1
3	181	177	136
-1
3	899	79	172
-1
1	302	76	151
-1
2	507	38	151
-1
3	227	78	188
-1
2	6	158	16
158	1	18	19	57	16	
1	817	34	199
-1
