4	6	128	132
128	10	94	4	14	132	
4	64	97	50
97	6	15	50	
1	58	79	111
79	12	56	20	5	111	
3	76	59	137
-1
3	4	86	159
86	14	20	39	81	159	
4	30	66	48
66	50	15	6	48	
3	95	42	194
-1
2	100	138	155
-1
2	77	195	25
195	71	25	
1	10	119	146
119	9	40	6	146	
1	93	19	26
19	89	1	76	26	
4	42	124	122
-1
1	4	140	152
140	32	15	64	16	152	
4	92	97	10
-1
1	50	24	95
24	1	8	56	6	95	
1	98	79	112
79	12	56	8	112	
1	91	160	154
160	5	4	154	
4	97	54	43
-1
4	73	106	190
106	12	79	10	190	
2	19	134	108
134	10	94	4	108	
2	44	195	78
195	71	25	19	49	78	
4	17	187	154
187	4	154	
1	68	180	93
180	15	93	
1	29	83	141
83	12	18	9	141	
1	24	75	116
75	88	82	5	116	
4	35	176	146
176	13	5	20	56	6	146	
3	40	173	106
173	13	70	83	12	106	
2	35	115	111
115	1	8	56	20	5	111	
2	24	11	16
11	14	16	
3	83	36	101
36	14	4	101	
4	61	54	95
54	7	23	6	95	
4	14	97	33
97	6	95	17	60	33	
1	58	13	12
13	70	83	12	
3	50	32	95
32	15	6	95	
1	17	60	121
60	17	95	12	121	
2	62	135	96
135	4	14	96	
2	67	122	21
122	49	19	21	
1	78	13	87
13	70	83	12	87	
2	45	147	50
147	1	8	93	15	50	
2	46	22	85
22	16	14	85	
1	92	157	138
-1
3	25	17	186
17	89	19	49	78	3	186	
3	88	182	150
-1
3	82	191	181
-1
4	54	92	192
92	9	39	76	1	192	
4	2	108	127
108	4	14	20	56	12	127	
1	74	69	48
69	13	5	48	
1	60	88	12
88	87	12	
2	9	65	111
65	14	20	5	111	
3	45	161	132
161	5	20	14	132	
2	34	158	88
158	11	14	16	82	88	
2	19	50	56
50	15	6	56	
1	68	126	189
-1
1	100	13	179
-1
2	92	147	70
-1
3	70	152	129
-1
1	69	5	198
5	4	198	
1	80	78	85
78	49	19	16	14	85	
2	90	190	101
-1
2	74	150	61
-1
2	13	195	19
195	71	25	19	
4	21	128	20
128	10	94	4	14	20	
1	9	47	97
47	9	40	6	97	
4	40	66	61
66	19	89	1	61	
4	61	18	7
18	12	56	6	23	7	
1	90	9	111
9	39	20	5	111	
1	39	30	115
30	7	23	6	56	8	1	115	
1	75	98	193
98	23	7	193	
1	75	129	182
-1
1	87	119	131
-1
2	57	144	77
-1
1	28	56	5
56	20	5	
4	76	128	3
-1
1	37	37	20
37	2	17	20	
3	95	28	37
-1
1	5	88	45
88	45	
2	20	77	74
77	19	89	1	74	
1	64	167	123
167	15	123	
2	97	141	52
141	9	52	
1	79	167	122
-1
1	56	6	65
6	11	14	65	
2	12	62	72
62	15	72	
3	14	42	200
42	47	9	91	14	20	5	200	
4	33	117	188
117	18	12	68	15	188	
1	22	5	15
5	72	15	
4	66	100	102
100	1	25	19	16	102	
1	92	56	131
-1
4	66	127	97
127	12	56	6	97	
2	17	190	38
190	10	79	12	56	8	38	
2	90	138	4
138	12	56	20	14	4	
3	6	17	9
17	20	14	91	9	
4	78	124	23
-1
4	29	187	16
187	4	14	16	
3	16	52	84
52	9	18	16	84	
1	30	184	89
184	9	18	16	19	89	
2	83	57	140
-1
4	13	23	195
23	6	56	20	17	71	195	
1	10	166	122
166	36	41	19	49	122	
4	47	183	63
183	4	94	10	63	
3	2	52	1
52	9	39	76	1	
1	63	41	169
41	11	6	56	8	169	
1	37	47	44
47	9	40	6	44	
2	4	76	30
76	39	81	75	30	
4	87	104	81
104	26	76	39	81	
1	27	119	16
119	9	18	16	
4	66	100	73
100	1	8	93	15	73	
3	61	182	47
182	6	40	9	47	
2	82	195	164
-1
1	44	56	146
56	6	146	
1	96	154	197
-1
3	64	55	190
55	7	30	10	190	
1	59	69	36
69	13	5	20	14	36	
2	88	57	111
57	13	5	111	
1	68	60	166
60	17	20	14	36	166	
2	84	147	84
-1
1	8	73	135
73	15	36	14	4	135	
3	54	139	116
-1
3	17	151	110
151	42	47	9	39	76	27	110	
1	62	84	165
84	68	15	6	165	
1	11	79	70
79	12	83	70	
1	100	75	125
-1
2	35	190	145
-1
4	97	149	2
-1
3	62	136	61
136	5	20	56	8	1	61	
3	97	156	159
-1
3	31	191	32
191	19	89	32	
1	98	98	122
98	19	49	122	
1	60	51	24
-1
1	76	119	107
-1
3	46	132	185
132	14	20	17	185	
4	70	142	11
142	13	5	20	14	11	
2	66	141	1
141	9	39	76	1	
4	67	127	101
-1
1	28	175	36
175	16	14	36	
3	38	188	143
188	15	143	
1	69	84	133
84	16	22	133	
4	42	66	30
66	50	15	6	23	7	30	
3	65	164	32
164	7	23	6	15	32	
2	71	123	150
-1
2	8	150	82
150	10	94	4	5	82	
3	18	95	23
95	6	23	
4	18	117	116
117	18	16	82	5	116	
1	18	82	194
82	16	19	89	1	194	
4	6	48	169
48	6	56	8	169	
3	48	27	156
27	76	39	20	56	6	156	
3	33	165	192
165	6	56	8	1	192	
4	62	85	57
85	14	20	5	13	57	
1	46	79	172
79	12	18	172	
2	95	143	46
-1
4	28	66	196
66	19	49	196	
3	3	173	90
173	13	5	82	90	
3	18	90	6
90	9	40	6	
1	11	160	87
160	5	82	16	87	
1	31	129	86
129	3	77	4	86	
3	87	86	65
86	14	65	
1	78	186	181
-1
4	86	18	65
18	16	14	65	
3	10	31	143
31	8	93	15	143	
2	55	76	38
76	1	8	38	
4	2	23	103
23	6	11	14	103	
2	92	50	27
-1
3	49	52	68
52	9	18	12	68	
4	87	121	27
-1
1	72	184	108
184	9	91	14	4	108	
3	88	14	193
14	85	6	23	7	193	
3	68	152	130
-1
2	33	81	147
81	39	76	1	147	
2	27	67	178
67	16	18	12	178	
4	64	128	5
128	10	94	4	5	
1	18	82	27
82	5	20	39	76	27	
3	44	136	29
136	5	4	29	
1	12	79	32
79	12	68	15	32	
3	90	27	105
-1
1	97	13	88
13	5	82	88	
3	42	36	53
36	14	4	53	
2	71	76	5
76	39	20	5	
2	18	143	85
143	15	6	85	
1	47	75	103
75	88	82	16	14	103	
4	51	54	30
54	7	30	
4	30	117	64
117	18	16	64	
4	58	187	199
187	4	14	199	
2	89	130	77
-1
2	93	141	55
-1
3	32	131	19
131	1	25	19	
4	85	179	6
179	9	40	6	
2	41	20	81
20	39	81	
2	77	143	24
143	15	62	8	1	24	
1	32	60	50
60	17	72	15	50	
1	61	58	103
-1
1	76	60	172
60	17	67	16	18	172	
3	74	89	158
89	19	41	11	158	
3	2	146	39
146	6	56	20	39	
4	56	187	132
187	4	14	132	
3	74	131	14
131	1	8	62	14	
3	80	163	192
-1
3	60	199	164
199	14	11	6	23	7	164	
3	83	191	106
191	19	21	12	106	
2	85	67	117
67	16	18	117	
3	87	198	174
-1
2	10	111	185
111	5	20	17	185	
3	19	86	74
86	14	62	8	1	74	
2	58	12	171
12	56	6	11	171	
1	89	13	109
-1
1	2	69	40
69	51	23	6	40	
4	45	94	154
94	4	154	
1	60	125	152
125	6	15	64	16	152	
4	65	85	94
85	14	4	94	
1	33	19	160
19	16	82	5	160	
2	58	3	110
-1
3	43	42	20
42	47	9	91	14	20	
2	16	3	57
3	90	82	5	13	57	
2	38	122	68
122	49	19	41	36	15	68	
3	47	31	33
31	9	47	33	
1	86	119	53
-1
4	91	172	146
172	18	12	56	6	146	
3	42	168	71
168	25	71	
4	87	128	107
-1
2	46	144	77
-1
2	7	77	80
77	4	14	80	
3	78	86	73
86	14	36	15	73	
4	87	128	75
128	10	30	75	
2	54	195	148
-1
3	38	33	178
33	47	9	18	12	178	
3	90	131	48
131	1	8	56	6	48	
4	88	116	171
116	5	20	14	11	171	
1	10	6	139
6	11	14	4	139	
3	16	199	18
199	14	16	18	
4	92	85	113
85	6	56	12	113	
1	23	82	141
82	90	9	141	
2	47	141	27
141	9	39	76	27	
4	22	18	106
18	12	106	
1	69	56	101
56	20	14	4	101	
4	99	10	85
10	94	4	14	85	
2	46	99	15
99	12	68	15	
3	17	89	82
89	19	16	82	
4	7	128	39
128	10	94	4	14	20	39	
1	76	37	189
37	2	17	89	1	189	
4	88	4	25
4	77	19	25	
1	29	47	58
47	9	40	6	15	58	
3	55	170	198
-1
2	12	68	168
68	15	36	41	19	25	168	
3	12	89	23
89	19	98	23	
4	48	10	184
10	79	12	18	9	184	
4	14	108	83
108	4	14	36	15	73	83	
1	95	5	123
5	72	15	123	
4	85	121	2
-1
1	73	79	38
79	12	56	8	38	
4	97	54	193
54	7	193	
4	55	142	39
142	13	5	20	39	
2	52	122	160
122	49	19	16	82	5	160	
4	71	128	28
128	10	79	12	28	
2	94	39	68
39	20	56	12	68	
2	29	3	29
3	77	4	29	
2	11	50	136
50	15	72	5	136	
1	85	16	93
16	64	15	93	
1	86	110	165
-1
2	75	147	44
147	1	8	56	6	44	
1	67	19	49
19	49	
4	58	116	142
116	5	13	142	
2	69	22	63
-1
1	96	125	142
-1
4	16	196	181
196	49	19	77	4	94	10	181	
1	44	41	183
41	36	14	4	183	
1	32	69	184
69	51	23	6	40	9	184	
3	24	132	199
132	14	199	
2	40	68	61
68	12	56	8	1	61	
4	83	54	7
54	7	
3	32	28	25
28	12	21	19	25	
2	25	147	92
147	1	76	39	9	92	
4	88	104	65
-1
4	29	124	190
-1
4	61	172	137
172	18	16	19	137	
1	43	87	177
87	12	177	
3	79	182	197
182	6	95	17	2	197	
3	77	165	80
165	6	11	14	80	
1	37	40	148
40	9	148	
3	95	80	153
80	14	16	19	153	
1	20	162	132
162	22	16	14	132	
1	63	45	78
45	16	19	49	78	
3	28	70	133
70	83	12	28	22	133	
4	69	109	57
-1
3	5	89	28
89	19	21	12	28	
2	33	50	66
50	66	
2	81	144	47
144	42	47	
4	61	174	12
174	7	23	6	56	12	
3	60	52	51
52	9	40	6	23	51	
3	12	139	130
139	4	14	11	6	23	7	130	
1	95	34	44
-1
3	25	105	40
105	35	12	56	6	40	
1	57	19	61
19	89	1	61	
3	65	198	169
-1
1	44	166	10
166	36	14	4	94	10	
3	61	70	59
70	13	37	2	59	
4	60	102	154
102	16	14	4	154	
2	23	35	128
35	12	79	10	128	
1	25	47	130
47	9	40	6	23	7	130	
1	55	6	20
6	56	20	
1	50	69	5
69	13	5	
3	41	63	61
-1
1	2	87	80
87	16	14	80	
4	70	196	77
196	49	19	77	
2	31	112	43
112	8	56	20	17	2	43	
3	41	8	64
8	93	15	64	
3	95	168	118
-1
1	74	79	152
79	12	18	16	152	
3	3	1	198
1	8	56	20	14	4	198	
1	74	126	3
126	3	
3	79	132	23
132	14	11	6	23	
3	39	181	37
-1
2	18	21	124
21	12	18	9	47	42	124	
2	47	122	71
122	49	19	25	71	
2	41	144	134
-1
1	4	126	141
126	3	90	9	141	
1	21	167	61
167	15	62	8	1	61	
1	24	113	139
113	12	56	20	14	4	139	
1	21	186	140
186	3	78	49	19	89	32	140	
1	75	140	17
140	32	72	17	
1	97	113	148
113	12	18	9	148	
2	86	91	128
-1
1	61	82	100
82	16	19	89	1	100	
3	31	151	174
151	42	47	9	40	6	23	7	174	
4	16	97	69
97	6	23	51	69	
1	57	37	194
37	2	17	89	1	194	
2	69	193	112
-1
2	59	65	24
65	14	62	8	1	24	
3	50	89	9
89	19	16	18	9	
4	66	109	100
-1
3	13	36	165
36	15	6	165	
1	92	184	55
-1
2	44	169	88
169	8	56	20	5	82	88	
4	17	29	39
29	4	14	20	39	
2	37	111	135
111	5	4	135	
4	82	127	124
-1
2	94	35	116
35	12	56	20	5	116	
2	17	3	180
3	78	49	19	41	36	15	180	
2	78	61	68
61	1	8	93	15	68	
3	77	163	129
-1
4	41	128	164
128	10	30	7	164	
1	48	41	99
41	36	15	68	12	99	
3	35	32	68
32	15	68	
1	25	75	96
75	88	82	16	14	96	
3	60	43	159
-1
3	35	31	85
31	8	56	6	85	
1	50	13	119
13	5	20	14	91	9	119	
1	81	58	73
58	15	73	
4	1	174	85
174	7	23	6	85	
2	81	3	47
3	90	9	47	
3	96	132	175
132	14	16	175	
1	94	24	167
-1
2	61	123	198
123	15	36	14	4	198	
2	9	158	25
158	11	41	19	25	
3	67	182	19
182	6	11	41	19	
4	3	93	50
93	15	50	
4	73	127	14
127	12	56	20	14	
3	45	28	71
28	12	56	20	17	71	
2	29	61	196
61	1	25	19	49	196	
3	28	161	151
161	5	20	17	60	33	47	42	151	
2	54	141	82
141	9	90	82	
3	20	188	105
188	15	68	12	35	105	
3	69	181	28
181	10	79	12	28	
1	45	194	137
194	1	89	19	137	
4	64	54	70
54	7	23	6	15	73	83	70	
1	65	72	115
72	17	89	1	115	
4	30	174	193
174	7	193	
3	52	146	21
146	6	56	12	21	
4	99	142	81
-1
2	49	22	193
22	16	64	15	6	23	7	193	
4	30	149	85
149	4	14	85	
2	87	2	72
2	17	72	
3	66	173	4
173	13	5	4	
4	54	142	197
142	13	37	2	197	
3	75	86	50
86	14	36	15	50	
3	89	1	73
1	8	93	15	73	
3	82	165	46
-1
4	54	94	143
94	4	14	36	15	143	
1	86	197	84
197	2	17	67	16	84	
1	78	96	58
96	14	36	15	58	
2	62	144	6
-1
2	85	26	160
-1
3	88	164	132
-1
1	37	129	25
129	3	78	49	19	25	
2	38	134	111
134	10	94	4	5	111	
3	11	8	111
8	56	20	5	111	
1	8	197	28
197	2	17	20	56	12	28	
2	3	130	73
130	7	23	6	15	73	
2	38	35	70
35	12	83	70	
2	95	20	165
20	56	6	165	
4	53	149	108
149	4	108	
1	12	162	133
162	22	133	
2	95	46	96
46	13	5	20	14	96	
4	20	85	176
85	14	20	5	13	176	
4	30	121	109
121	12	56	6	23	7	109	
3	92	159	69
-1
2	19	21	65
21	12	56	20	14	65	
4	92	128	146
-1
2	13	130	180
130	7	23	6	15	180	
3	77	168	151
-1
2	84	62	99
62	15	68	12	99	
4	69	66	60
66	19	89	17	60	
2	16	77	105
77	19	21	12	35	105	
4	44	124	141
124	42	47	9	141	
3	4	43	62
43	2	17	20	14	62	
1	72	24	20
24	1	8	56	20	
2	88	67	40
67	16	64	40	
1	33	186	119
186	3	90	9	119	
1	64	129	49
129	3	78	49	
2	14	141	168
141	9	18	16	19	25	168	
1	64	69	181
-1
4	23	104	47
104	26	59	38	33	47	
1	79	72	75
-1
1	20	40	198
40	62	14	4	198	
4	33	183	40
183	4	14	62	40	
2	52	138	15
138	12	68	15	
4	43	10	82
10	94	4	5	82	
4	13	97	19
97	6	11	41	19	
1	13	82	99
82	16	18	12	99	
1	80	45	191
45	16	19	191	
2	13	111	59
111	5	20	17	2	59	
2	11	26	114
26	76	39	20	5	114	
2	85	49	186
49	78	3	186	
1	83	79	177
79	12	177	
2	74	50	111
50	15	72	5	111	
1	41	82	48
82	5	48	
4	74	85	57
85	14	20	5	13	57	
1	92	79	154
79	10	94	4	154	
4	42	192	187
192	1	8	62	14	4	187	
4	32	104	183
104	26	76	39	20	14	4	183	
3	42	136	45
136	5	82	16	45	
1	55	148	71
148	9	39	20	17	71	
2	92	158	71
-1
1	20	194	149
194	1	8	62	14	4	149	
2	30	76	199
76	39	20	14	199	
4	78	102	80
102	16	14	80	
4	86	94	117
-1
1	91	167	195
-1
1	77	58	186
-1
3	60	151	90
151	42	47	9	90	
1	4	34	177
34	16	18	12	177	
4	74	127	124
-1
1	44	133	33
133	22	28	9	47	33	
1	45	125	26
125	6	56	8	1	76	26	
1	95	44	54
44	6	23	7	54	
2	26	26	107
26	76	1	107	
3	42	55	200
55	7	23	6	56	20	5	200	
1	37	140	166
140	32	15	36	166	
3	22	131	175
131	1	25	19	16	175	
3	63	59	125
59	38	8	56	6	125	
3	39	170	110
170	1	76	27	110	
4	14	174	36
174	7	23	6	15	36	
3	46	199	168
199	14	16	19	25	168	
3	24	95	44
95	6	44	
2	29	91	88
91	14	16	82	88	
4	35	85	65
85	14	65	
1	86	110	119
-1
3	3	52	58
52	9	40	6	15	58	
3	77	188	140
188	15	32	140	
2	53	61	199
61	1	8	62	14	199	
1	62	24	120
24	1	89	17	2	120	
1	49	162	93
162	22	16	64	15	93	
4	16	176	44
176	13	5	20	56	6	44	
3	60	173	90
173	13	5	82	90	
1	99	148	180
-1
4	63	176	16
176	13	5	82	16	
2	33	62	125
62	15	6	125	
2	90	147	128
-1
4	82	149	67
149	4	14	16	67	
2	32	77	128
77	4	94	10	128	
2	51	81	151
81	39	9	47	42	151	
1	96	194	64
-1
4	91	142	191
-1
4	80	10	116
10	94	4	5	116	
2	11	169	63
169	8	56	12	79	10	63	
1	26	119	191
119	9	18	16	19	191	
3	2	181	52
181	10	79	12	18	9	52	
1	82	113	199
113	12	56	20	14	199	
4	48	54	99
54	7	23	6	56	12	99	
1	75	87	128
87	12	79	10	128	
2	77	118	8
118	14	62	8	
2	93	21	2
21	19	89	17	2	
1	83	16	95
16	64	15	6	95	
1	50	6	104
6	56	20	39	76	26	104	
1	13	37	24
37	2	17	89	1	24	
3	3	199	142
199	14	20	5	13	142	
4	6	176	74
176	13	71	25	1	74	
4	4	29	138
29	4	14	20	56	12	138	
4	55	10	192
-1
1	82	58	78
-1
1	41	184	148
184	9	148	
2	94	61	168
61	1	25	168	
3	41	153	135
153	19	77	4	135	
4	44	187	92
187	4	14	91	9	92	
1	68	137	128
-1
3	61	101	126
101	4	77	3	126	
3	35	55	53
55	7	23	6	11	14	4	53	
1	72	60	81
60	17	20	39	81	
1	15	16	91
16	14	91	
2	45	22	100
22	16	19	25	1	100	
2	92	155	83
-1
3	11	95	143
95	6	15	143	
2	45	141	47
141	9	47	
