1	57	146	45
146	2	82	12	45	
4	64	92	168
-1
3	10	89	10
89	19	30	10	
1	99	21	20
21	50	20	
1	59	57	24
57	16	46	4	3	24	
2	17	99	7
99	2	82	18	79	7	
2	83	119	159
-1
1	29	62	142
62	12	82	2	142	
3	27	74	19
74	2	82	18	19	
1	81	71	129
71	15	67	46	4	129	
1	77	138	74
138	7	64	6	27	11	74	
1	97	146	166
-1
2	6	10	54
10	29	11	5	54	
1	25	71	25
71	15	25	
1	48	170	34
170	13	34	
2	6	128	132
128	3	132	
1	64	97	50
97	17	2	20	50	
3	58	79	111
79	7	111	
1	76	59	137
59	18	3	137	
4	4	86	159
86	26	12	60	10	159	
1	30	66	48
66	4	46	67	15	48	
1	95	42	194
42	18	79	7	14	194	
1	100	138	155
138	7	155	
3	77	195	25
195	12	95	20	25	
2	10	119	146
119	2	146	
2	93	19	26
19	47	26	
1	42	124	122
124	8	81	14	69	122	
3	4	140	152
140	19	15	71	152	
1	92	97	10
-1
1	50	24	95
24	3	18	82	12	95	
3	98	79	112
79	18	3	4	112	
4	91	160	154
160	3	154	
3	97	54	43
54	5	78	8	43	
2	73	106	190
-1
2	19	134	108
134	2	17	108	
3	44	195	78
195	12	26	8	78	
2	17	187	154
187	9	82	18	3	154	
4	68	180	93
180	11	74	2	17	93	
2	29	83	141
83	18	35	11	5	141	
2	24	75	116
75	62	68	15	18	1	116	
4	35	176	146
176	19	18	82	2	146	
2	40	173	106
173	13	45	6	106	
3	35	115	111
115	11	27	6	64	7	111	
3	24	11	16
11	78	16	
3	83	36	101
-1
3	61	54	95
54	5	11	66	36	95	
1	14	97	33
97	17	90	7	64	6	33	
4	58	13	12
13	45	12	
4	50	32	95
32	20	95	
2	17	60	121
60	10	70	7	121	
3	62	135	96
135	15	18	13	96	
2	67	122	21
122	69	19	18	67	21	
4	78	13	87
13	18	3	87	
3	45	147	50
147	20	50	
1	46	22	85
22	6	45	13	85	
3	92	157	138
157	10	70	7	138	
3	25	17	186
17	90	7	70	10	186	
3	88	182	150
182	2	134	1	150	
2	82	191	181
191	19	15	181	
4	54	92	192
92	2	192	
4	2	108	127
108	17	68	39	127	
4	74	69	48
69	19	15	48	
4	60	88	12
88	19	18	82	12	
2	9	65	111
65	2	82	18	79	7	111	
2	45	161	132
161	15	18	3	132	
4	34	158	88
158	4	30	19	88	
4	19	50	56
50	16	78	5	40	56	
4	68	126	189
-1
4	100	13	179
13	18	3	179	
3	92	147	70
-1
3	70	152	129
-1
2	69	5	198
5	11	35	18	198	
4	80	78	85
78	8	23	19	85	
2	90	190	101
-1
1	74	150	61
150	1	18	15	71	61	
3	13	195	19
195	12	82	18	19	
2	21	128	20
128	3	18	82	2	20	
3	9	47	97
47	19	28	17	97	
1	40	66	61
66	4	46	16	100	61	
1	61	18	7
18	79	7	
2	90	9	111
9	82	18	79	7	111	
2	39	30	115
30	4	66	11	115	
2	75	98	193
-1
2	75	129	182
129	4	74	2	182	
2	87	119	131
119	2	134	1	131	
1	57	144	77
144	3	18	41	77	
1	28	56	5
56	40	5	
2	76	128	3
128	3	
3	37	37	20
37	19	15	73	20	
1	95	28	37
28	19	37	
4	5	88	45
88	19	18	13	45	
4	20	77	74
77	41	18	82	2	74	
4	64	167	123
167	16	123	
1	97	141	52
141	5	78	8	52	
4	79	167	122
-1
2	56	6	65
6	45	12	82	2	65	
1	12	62	72
62	68	15	18	72	
1	14	42	200
42	18	82	2	17	200	
1	33	117	188
117	2	82	12	45	6	188	
2	22	5	15
5	11	32	15	
4	66	100	102
100	76	87	3	102	
1	92	56	131
-1
2	66	127	97
127	39	68	17	97	
2	17	190	38
190	44	48	15	73	20	38	
1	90	138	4
138	7	87	3	4	
3	6	17	9
17	86	9	
1	78	124	23
124	8	23	
2	29	187	16
187	9	82	18	67	46	16	
2	16	52	84
52	8	78	5	84	
3	30	184	89
184	9	82	18	19	89	
1	83	57	140
-1
2	13	23	195
23	19	18	82	12	195	
3	10	166	122
166	88	19	69	122	
3	47	183	63
183	17	68	62	40	5	63	
2	2	52	1
52	9	82	18	1	
2	63	41	169
41	18	82	2	20	169	
3	37	47	44
47	19	15	48	44	
4	4	76	30
76	100	88	19	30	
3	87	104	81
104	11	78	8	81	
2	27	119	16
119	2	20	50	16	
4	66	100	73
100	16	50	20	73	
3	61	182	47
182	2	82	18	19	47	
3	82	195	164
-1
1	44	56	146
56	40	62	12	82	2	146	
3	96	154	197
-1
2	64	55	190
-1
4	59	69	36
69	14	7	70	10	36	
1	88	57	111
-1
2	68	60	166
-1
3	84	147	84
-1
3	8	73	135
73	15	135	
2	54	139	116
139	4	46	67	18	1	116	
1	17	151	110
151	3	18	19	37	110	
4	62	84	165
-1
3	11	79	70
79	7	70	
2	100	75	125
75	16	78	11	125	
2	35	190	145
190	44	96	13	145	
3	97	149	2
149	11	74	2	
3	62	136	61
-1
4	97	156	159
156	12	60	10	159	
2	31	191	32
191	19	15	32	
2	98	98	122
-1
2	60	51	24
51	2	82	18	3	24	
2	76	119	107
119	2	17	90	7	107	
1	46	132	185
132	3	18	82	12	185	
2	70	142	11
142	2	74	11	
1	66	141	1
141	5	11	35	18	1	
2	67	127	101
-1
3	28	175	36
175	9	82	18	13	36	
3	38	188	143
188	6	143	
4	69	84	133
84	5	11	35	18	133	
1	42	66	30
66	4	30	
1	65	164	32
164	87	3	18	15	32	
3	71	123	150
123	16	46	67	18	1	150	
1	8	150	82
150	1	18	82	
2	18	95	23
95	36	13	23	
1	18	117	116
117	2	82	18	1	116	
1	18	82	194
82	12	81	14	194	
4	6	48	169
48	15	73	20	169	
3	48	27	156
27	6	45	12	156	
3	33	165	192
165	3	18	82	2	192	
3	62	85	57
85	13	50	16	57	
3	46	79	172
79	15	172	
3	95	143	46
-1
1	28	66	196
66	4	30	19	196	
2	3	173	90
173	13	34	17	90	
4	18	90	6
90	7	64	6	
4	11	160	87
160	3	87	
2	31	129	86
129	4	74	8	86	
4	87	86	65
86	17	2	65	
1	78	186	181
186	10	72	18	15	181	
1	86	18	65
18	82	2	65	
1	10	31	143
31	1	18	13	45	6	143	
4	55	76	38
76	100	16	50	20	38	
2	2	23	103
23	19	18	82	2	103	
4	92	50	27
50	13	45	6	27	
2	49	52	68
52	9	82	18	15	68	
1	87	121	27
121	7	64	6	27	
3	72	184	108
184	9	86	17	108	
1	88	14	193
-1
3	68	152	130
-1
4	33	81	147
81	12	95	20	147	
1	27	67	178
67	18	178	
2	64	128	5
128	3	18	35	11	5	
1	18	82	27
82	12	45	6	27	
3	44	136	29
136	12	60	10	29	
3	12	79	32
79	15	32	
3	90	27	105
27	6	45	12	105	
4	97	13	88
13	18	19	88	
3	42	36	53
36	66	4	53	
4	71	76	5
76	100	16	78	5	
3	18	143	85
143	6	45	13	85	
2	47	75	103
75	16	50	20	2	103	
3	51	54	30
54	5	11	66	4	30	
1	30	117	64
117	2	82	18	79	7	64	
2	58	187	199
-1
3	89	130	77
130	3	18	41	77	
1	93	141	55
-1
2	32	131	19
131	1	18	19	
2	85	179	6
179	3	4	22	6	
3	41	20	81
20	95	12	81	
3	77	143	24
-1
2	32	60	50
60	12	95	20	50	
4	61	58	103
58	18	82	2	103	
2	76	60	172
60	12	82	18	15	172	
3	74	89	158
89	19	30	4	158	
1	2	146	39
146	2	20	39	
2	56	187	132
-1
2	74	131	14
131	1	18	79	7	14	
4	80	163	192
163	15	18	82	2	192	
3	60	199	164
199	16	100	76	87	164	
2	83	191	106
-1
1	85	67	117
67	18	82	2	117	
2	87	198	174
198	18	35	20	174	
4	10	111	185
111	7	14	81	12	185	
4	19	86	74
86	8	74	
3	58	12	171
12	45	13	171	
4	89	13	109
13	34	17	109	
4	2	69	40
69	19	15	68	62	40	
1	45	94	154
94	18	3	154	
2	60	125	152
125	11	32	15	71	152	
3	65	85	94
85	19	94	
2	33	19	160
19	18	3	160	
1	58	3	110
3	18	19	37	110	
1	43	42	20
42	38	20	
1	16	3	57
3	4	46	16	57	
2	38	122	68
122	69	19	15	68	
1	47	31	33
31	1	18	13	45	6	33	
2	86	119	53
119	2	74	4	53	
3	91	172	146
172	15	18	82	2	146	
1	42	168	71
168	76	100	61	71	
2	87	128	107
128	3	87	7	107	
1	46	144	77
144	3	18	41	77	
4	7	77	80
77	41	18	82	2	80	
4	78	86	73
86	17	68	15	73	
2	87	128	75
-1
3	54	195	148
195	12	26	8	148	
2	38	33	178
33	6	45	13	18	178	
2	90	131	48
131	1	18	15	48	
3	88	116	171
116	1	18	13	171	
2	10	6	139
6	22	4	139	
3	16	199	18
199	16	46	67	18	
3	92	85	113
85	13	113	
1	23	82	141
82	18	35	11	5	141	
1	47	141	27
141	5	11	27	
1	22	18	106
18	13	45	6	106	
1	69	56	101
-1
2	99	10	85
10	36	13	85	
2	46	99	15
99	2	82	18	15	
3	17	89	82
89	19	18	82	
2	7	128	39
128	3	18	15	68	39	
3	76	37	189
37	19	42	38	189	
2	88	4	25
4	46	67	15	25	
3	29	47	58
47	19	15	58	
1	55	170	198
170	13	18	198	
1	12	68	168
68	15	18	3	87	76	168	
3	12	89	23
89	19	23	
2	48	10	184
10	72	18	82	9	184	
4	14	108	83
108	17	68	15	83	
2	95	5	123
5	78	16	123	
1	85	121	2
121	7	79	18	82	2	
3	73	79	38
79	15	73	20	38	
3	97	54	193
-1
2	55	142	39
142	2	20	39	
2	52	122	160
-1
2	71	128	28
128	3	18	19	28	
3	94	39	68
39	68	
1	29	3	29
3	18	35	11	29	
4	11	50	136
50	20	95	12	136	
3	85	16	93
-1
1	86	110	165
-1
3	75	147	44
147	20	39	96	44	
2	67	19	49
19	18	82	2	49	
3	58	116	142
116	1	18	82	2	142	
1	69	22	63
22	6	27	11	5	63	
2	96	125	142
125	11	74	2	142	
2	16	196	181
196	19	15	181	
2	44	41	183
41	18	82	2	17	183	
4	32	69	184
69	77	9	184	
1	24	132	199
132	3	4	46	16	199	
1	40	68	61
68	15	71	61	
3	83	54	7
-1
1	32	28	25
28	19	15	25	
3	25	147	92
147	20	2	92	
3	88	104	65
104	11	74	2	65	
1	29	124	190
124	8	96	44	190	
3	61	172	137
172	15	18	3	137	
4	43	87	177
87	3	18	82	9	177	
3	79	182	197
182	2	74	11	197	
3	77	165	80
165	3	18	82	2	80	
1	37	40	148
40	5	78	8	148	
1	95	80	153
80	8	78	11	153	
2	20	162	132
162	8	74	4	3	132	
2	63	45	78
45	75	16	78	
3	28	70	133
70	7	79	18	133	
1	69	109	57
-1
3	5	89	28
89	19	28	
4	33	50	66
50	13	36	66	
1	81	144	47
144	3	18	19	47	
2	61	174	12
174	20	95	12	
2	60	52	51
52	9	51	
2	12	139	130
139	4	3	130	
2	95	34	44
34	13	96	44	
4	25	105	40
105	12	62	40	
2	57	19	61
19	15	71	61	
2	65	198	169
198	18	82	2	20	169	
3	44	166	10
166	88	19	30	10	
3	61	70	59
70	7	79	18	59	
2	60	102	154
102	3	154	
1	23	35	128
35	18	3	128	
3	25	47	130
47	19	18	3	130	
2	55	6	20
6	27	11	35	20	
4	50	69	5
69	14	81	8	78	5	
1	41	63	61
63	5	78	16	100	61	
4	2	87	80
87	3	18	82	2	80	
2	70	196	77
196	19	47	77	
4	31	112	43
112	4	74	8	43	
1	41	8	64
8	81	14	7	64	
1	95	168	118
-1
3	74	79	152
79	15	71	152	
3	3	1	198
1	18	198	
4	74	126	3
126	75	16	46	4	3	
1	79	132	23
132	3	18	19	23	
1	39	181	37
181	15	19	37	
1	18	21	124
21	50	16	78	8	124	
2	47	122	71
122	69	19	15	71	
1	41	144	134
144	3	18	1	134	
4	4	126	141
126	75	16	78	5	141	
4	21	167	61
167	16	100	61	
1	24	113	139
113	13	36	66	4	139	
1	21	186	140
186	10	30	19	140	
3	75	140	17
-1
1	97	113	148
113	13	23	8	148	
1	86	91	128
-1
1	61	82	100
82	18	67	46	16	100	
1	31	151	174
151	3	18	82	2	20	174	
1	16	97	69
97	17	68	15	19	69	
3	57	37	194
37	19	69	14	194	
4	69	193	112
193	4	112	
2	59	65	24
65	2	82	18	3	24	
3	50	89	9
89	19	18	82	9	
1	66	109	100
-1
3	13	36	165
36	13	18	3	165	
3	92	184	55
-1
3	44	169	88
169	20	73	15	19	88	
1	17	29	39
29	11	35	20	39	
4	37	111	135
111	7	79	15	135	
2	82	127	124
-1
1	94	35	116
35	18	1	116	
1	17	3	180
3	18	35	11	180	
2	78	61	68
61	71	15	68	
4	77	163	129
163	15	67	46	4	129	
2	41	128	164
128	3	87	164	
2	48	41	99
41	18	82	2	99	
4	35	32	68
32	15	68	
2	25	75	96
75	45	13	96	
3	60	43	159
-1
1	35	31	85
31	1	18	19	85	
4	50	13	119
13	18	82	2	119	
4	81	58	73
58	15	73	
2	1	174	85
174	20	50	13	85	
1	81	3	47
3	18	19	47	
1	96	132	175
-1
1	94	24	167
-1
3	61	123	198
123	16	46	67	18	198	
4	9	158	25
158	4	46	67	15	25	
3	67	182	19
182	2	82	18	19	
4	3	93	50
93	17	2	20	50	
2	73	127	14
-1
1	45	28	71
28	19	15	71	
2	29	61	196
61	71	15	19	196	
2	28	161	151
161	15	18	3	151	
1	54	141	82
141	5	11	35	18	82	
3	20	188	105
188	6	45	12	105	
1	69	181	28
181	15	19	28	
2	45	194	137
194	14	7	87	3	137	
3	64	54	70
54	5	11	29	10	70	
1	65	72	115
72	18	35	11	115	
2	30	174	193
174	20	2	74	4	193	
1	52	146	21
146	2	20	50	21	
2	99	142	81
142	2	82	12	81	
1	49	22	193
22	4	193	
3	30	149	85
149	11	35	18	19	85	
4	87	2	72
2	82	18	72	
2	66	173	4
173	13	36	66	4	
2	54	142	197
142	2	74	11	197	
4	75	86	50
86	17	2	20	50	
3	89	1	73
1	18	15	73	
3	82	165	46
165	3	4	46	
1	54	94	143
94	18	13	45	6	143	
4	86	197	84
197	11	5	84	
2	78	96	58
96	13	58	
1	62	144	6
144	3	4	22	6	
3	85	26	160
-1
1	88	164	132
164	87	3	132	
2	37	129	25
129	4	46	67	15	25	
2	38	134	111
134	1	18	79	7	111	
1	11	8	111
8	81	14	7	111	
4	8	197	28
197	11	35	18	19	28	
3	3	130	73
130	3	18	15	73	
1	38	35	70
35	18	79	7	70	
3	95	20	165
-1
3	53	149	108
149	11	74	2	17	108	
2	12	162	133
162	8	23	19	18	133	
2	95	46	96
46	67	18	13	96	
3	20	85	176
85	19	176	
1	30	121	109
121	7	90	17	109	
1	92	159	69
159	10	70	7	14	69	
1	19	21	65
21	50	20	2	65	
2	92	128	146
128	3	18	82	2	146	
3	13	130	180
130	3	18	35	11	180	
1	77	168	151
168	76	87	3	151	
1	84	62	99
62	12	82	2	99	
1	69	66	60
66	36	10	60	
4	16	77	105
77	41	18	82	12	105	
1	44	124	141
124	8	78	5	141	
3	4	43	62
43	8	26	12	62	
1	72	24	20
-1
1	88	67	40
67	15	68	62	40	
1	33	186	119
186	10	72	18	82	2	119	
2	64	129	49
129	4	74	2	49	
1	14	141	168
141	5	78	16	100	76	168	
4	64	69	181
69	19	15	181	
3	23	104	47
104	11	35	18	19	47	
1	79	72	75
72	18	13	45	75	
1	20	40	198
40	62	68	15	18	198	
3	33	183	40
183	17	68	62	40	
1	52	138	15
138	7	79	15	
2	43	10	82
10	72	18	82	
1	13	97	19
97	17	68	15	19	
1	13	82	99
82	2	99	
2	80	45	191
45	13	18	1	191	
4	13	111	59
111	7	79	18	59	
3	11	26	114
26	12	82	18	114	
2	85	49	186
-1
3	83	79	177
79	18	82	9	177	
4	74	50	111
-1
1	41	82	48
82	18	15	48	
3	74	85	57
85	13	50	16	57	
3	92	79	154
79	18	3	154	
2	42	192	187
192	2	82	9	187	
3	32	104	183
104	11	74	2	17	183	
3	42	136	45
136	12	45	
3	55	148	71
148	8	23	19	15	71	
4	92	158	71
-1
2	20	194	149
194	14	7	64	6	27	11	149	
4	30	76	199
76	100	16	199	
2	78	102	80
102	3	18	82	2	80	
1	86	94	117
94	18	82	2	117	
4	91	167	195
-1
4	77	58	186
58	18	72	10	186	
1	60	151	90
151	3	87	7	90	
2	4	34	177
34	17	86	9	177	
2	74	127	124
127	39	96	8	124	
4	44	133	33
133	18	13	45	6	33	
2	45	125	26
125	11	78	8	26	
1	95	44	54
-1
3	26	26	107
26	12	81	14	7	107	
2	42	55	200
55	3	18	15	68	17	200	
3	37	140	166
140	19	88	166	
2	22	131	175
131	1	18	82	9	175	
1	63	59	125
59	18	35	11	125	
1	39	170	110
170	13	18	19	37	110	
2	14	174	36
174	20	95	36	
3	46	199	168
199	16	100	76	168	
2	24	95	44
95	20	73	15	48	44	
1	29	91	88
91	2	82	18	19	88	
3	35	85	65
85	19	18	82	2	65	
1	86	110	119
-1
2	3	52	58
52	9	82	18	58	
3	77	188	140
-1
2	53	61	199
61	100	16	199	
1	62	24	120
24	3	18	19	120	
2	49	162	93
162	8	86	17	93	
4	16	176	44
176	19	15	48	44	
2	60	173	90
173	13	34	17	90	
3	99	148	180
148	8	78	11	180	
4	63	176	16
176	19	18	67	46	16	
1	33	62	125
62	40	5	11	125	
3	90	147	128
-1
3	82	149	67
149	11	35	18	67	
4	32	77	128
77	41	18	3	128	
4	51	81	151
81	12	82	18	3	151	
2	96	194	64
194	14	7	64	
2	91	142	191
142	2	134	1	191	
2	80	10	116
10	72	18	1	116	
3	11	169	63
169	20	35	11	5	63	
2	26	119	191
119	2	82	18	1	191	
1	2	181	52
181	15	18	82	9	52	
1	82	113	199
113	13	50	16	199	
3	48	54	99
54	5	11	74	2	99	
4	75	87	128
87	3	128	
2	77	118	8
118	15	19	23	8	
1	93	21	2
21	50	20	2	
3	83	16	95
16	50	20	95	
2	50	6	104
6	27	11	104	
3	13	37	24
37	19	18	3	24	
3	3	199	142
199	16	50	20	2	142	
4	6	176	74
176	19	18	82	2	74	
1	4	29	138
29	10	70	7	138	
