3	57	146	45
146	2	3	45	
1	264	92	168
-1
1	110	89	10
-1
2	299	21	20
-1
1	959	57	24
-1
4	17	99	7
99	15	68	7	
1	983	119	159
-1
3	229	62	142
-1
4	627	74	19
-1
3	781	71	129
-1
3	577	138	74
-1
3	497	146	166
-1
3	506	10	54
-1
3	125	71	25
-1
3	348	170	34
-1
3	306	128	132
-1
2	64	97	50
97	13	36	14	50	
4	958	79	111
-1
2	776	59	137
-1
4	504	86	159
-1
1	530	66	48
-1
1	95	42	194
-1
3	700	138	155
-1
4	677	195	25
-1
1	110	119	146
-1
1	193	19	26
-1
4	42	124	122
-1
2	904	140	152
-1
2	192	97	10
-1
3	550	24	95
-1
4	998	79	112
-1
2	591	160	154
-1
1	297	54	43
-1
4	873	106	190
-1
3	619	134	108
-1
4	844	195	78
-1
1	917	187	154
-1
3	468	180	93
-1
3	429	83	141
-1
4	724	75	116
-1
1	835	176	146
-1
3	340	173	106
-1
1	735	115	111
-1
4	524	11	16
-1
4	183	36	101
-1
1	61	54	95
-1
2	814	97	33
-1
3	858	13	12
-1
2	150	32	95
-1
1	817	60	121
-1
3	362	135	96
-1
1	667	122	21
-1
3	178	13	87
-1
3	945	147	50
-1
1	646	22	85
-1
1	92	157	138
-1
2	125	17	186
-1
3	488	182	150
-1
4	382	191	181
-1
1	54	92	192
92	5	78	1	192	
1	702	108	127
-1
1	674	69	48
-1
4	560	88	12
-1
1	9	65	111
65	11	27	15	111	
4	245	161	132
-1
4	534	158	88
-1
2	719	50	56
-1
2	68	126	189
-1
3	400	13	179
-1
3	792	147	70
-1
3	670	152	129
-1
4	869	5	198
-1
1	80	78	85
-1
2	390	190	101
-1
3	674	150	61
-1
4	113	195	19
-1
3	121	128	20
-1
2	509	47	97
-1
1	840	66	61
-1
3	261	18	7
-1
3	590	9	111
-1
4	539	30	115
-1
4	775	98	193
-1
2	475	129	182
-1
1	287	119	131
-1
1	857	144	77
-1
4	628	56	5
-1
3	76	128	3
-1
3	337	37	20
-1
2	495	28	37
-1
4	605	88	45
-1
3	720	77	74
-1
3	864	167	123
-1
3	597	141	52
-1
3	279	167	122
-1
1	156	6	65
-1
3	112	62	72
-1
1	514	42	200
-1
2	133	117	188
-1
4	722	5	15
-1
2	366	100	102
-1
4	792	56	131
-1
2	866	127	97
-1
2	317	190	38
-1
3	590	138	4
-1
2	6	17	9
17	47	9	
4	678	124	23
-1
1	429	187	16
-1
3	416	52	84
-1
1	830	184	89
-1
1	283	57	140
-1
1	13	23	195
23	2	60	18	100	11	195	
1	910	166	122
-1
1	747	183	63
-1
3	702	52	1
-1
3	63	41	169
41	16	169	
2	37	47	44
47	17	62	44	
4	604	76	30
-1
2	487	104	81
-1
1	727	119	16
-1
2	466	100	73
-1
3	661	182	47
-1
4	382	195	164
-1
4	844	56	146
-1
4	996	154	197
-1
1	764	55	190
-1
1	359	69	36
69	14	36	
1	188	57	111
-1
1	468	60	166
-1
3	684	147	84
-1
2	908	73	135
-1
1	154	139	116
-1
2	917	151	110
-1
4	62	84	165
84	14	2	3	165	
4	611	79	70
-1
4	800	75	125
-1
2	635	190	145
-1
1	497	149	2
-1
1	462	136	61
-1
4	297	156	159
-1
4	831	191	32
-1
4	698	98	122
-1
1	560	51	24
-1
1	676	119	107
-1
2	146	132	185
-1
1	670	142	11
-1
3	366	141	1
-1
2	567	127	101
-1
2	228	175	36
-1
2	538	188	143
-1
4	169	84	133
-1
1	642	66	30
-1
3	265	164	32
-1
2	771	123	150
-1
3	708	150	82
-1
1	718	95	23
-1
2	918	117	116
-1
4	18	82	194
82	6	15	20	5	194	
4	206	48	169
48	16	169	
1	948	27	156
-1
4	633	165	192
-1
4	462	85	57
-1
4	646	79	172
-1
3	395	143	46
-1
1	828	66	196
-1
3	203	173	90
-1
4	318	90	6
-1
2	511	160	87
-1
2	631	129	86
-1
4	787	86	65
-1
3	978	186	181
-1
3	386	18	65
-1
2	710	31	143
-1
4	155	76	38
-1
1	102	23	103
-1
2	992	50	27
-1
3	549	52	68
-1
3	787	121	27
-1
1	272	184	108
-1
3	288	14	193
-1
3	668	152	130
-1
2	933	81	147
-1
4	427	67	178
-1
3	64	128	5
128	12	78	5	
4	318	82	27
-1
1	544	136	29
-1
4	812	79	32
-1
1	390	27	105
-1
3	297	13	88
-1
4	442	36	53
-1
4	771	76	5
-1
3	918	143	85
-1
4	47	75	103
-1
1	451	54	30
-1
2	230	117	64
-1
1	858	187	199
-1
1	889	130	77
-1
3	993	141	55
-1
4	32	131	19
131	6	19	
1	285	179	6
-1
1	241	20	81
-1
3	877	143	24
-1
1	932	60	50
-1
2	761	58	103
-1
1	576	60	172
-1
1	774	89	158
-1
3	402	146	39
-1
1	656	187	132
-1
4	674	131	14
-1
3	80	163	192
-1
2	160	199	164
-1
4	583	191	106
-1
4	985	67	117
-1
2	87	198	174
-1
1	10	111	185
111	15	27	11	185	
4	719	86	74
-1
1	758	12	171
-1
3	289	13	109
-1
1	702	69	40
-1
2	645	94	154
-1
2	560	125	152
-1
4	865	85	94
-1
1	533	19	160
-1
2	258	3	110
-1
1	843	42	20
-1
2	516	3	57
-1
1	838	122	68
-1
2	347	31	33
-1
1	386	119	53
-1
2	691	172	146
-1
1	842	168	71
-1
3	487	128	107
-1
1	446	144	77
-1
3	707	77	80
-1
4	678	86	73
-1
3	287	128	75
-1
4	954	195	148
-1
1	138	33	178
-1
4	790	131	48
-1
2	288	116	171
-1
1	710	6	139
-1
2	216	199	18
-1
4	92	85	113
-1
4	323	82	141
-1
3	347	141	27
-1
3	822	18	106
-1
4	169	56	101
-1
3	499	10	85
-1
4	746	99	15
-1
1	317	89	82
-1
3	207	128	39
-1
3	976	37	189
-1
2	488	4	25
-1
2	629	47	58
-1
3	655	170	198
-1
3	112	68	168
-1
1	812	89	23
-1
3	648	10	184
-1
1	614	108	83
-1
4	95	5	123
-1
3	485	121	2
-1
4	273	79	38
-1
1	297	54	193
-1
1	355	142	39
-1
1	152	122	160
-1
3	71	128	28
-1
2	694	39	68
-1
2	29	3	29
3	45	16	29	
2	511	50	136
-1
1	985	16	93
-1
4	386	110	165
-1
3	775	147	44
-1
1	367	19	49
-1
2	958	116	142
-1
1	869	22	63
-1
2	96	125	142
-1
2	516	196	181
-1
3	944	41	183
-1
1	232	69	184
69	14	2	184	
2	124	132	199
-1
3	640	68	61
-1
1	283	54	7
-1
2	732	28	25
-1
3	825	147	92
-1
2	488	104	65
-1
4	429	124	190
-1
2	761	172	137
-1
3	943	87	177
-1
3	679	182	197
-1
4	877	165	80
-1
1	337	40	148
-1
1	895	80	153
-1
1	120	162	132
-1
3	363	45	78
-1
1	628	70	133
-1
4	769	109	57
-1
1	505	89	28
-1
2	233	50	66
-1
1	981	144	47
-1
4	261	174	12
-1
3	760	52	51
-1
1	512	139	130
-1
3	995	34	44
-1
2	225	105	40
-1
1	157	19	61
-1
2	365	198	169
-1
1	944	166	10
-1
1	761	70	59
-1
3	760	102	154
-1
3	523	35	128
-1
2	525	47	130
-1
1	55	6	20
6	15	20	
1	450	69	5
-1
2	441	63	61
-1
3	502	87	80
-1
2	470	196	77
-1
2	831	112	43
-1
2	641	8	64
-1
1	195	168	118
-1
4	874	79	152
-1
1	203	1	198
-1
2	574	126	3
-1
2	179	132	23
-1
3	839	181	37
-1
2	918	21	124
-1
1	747	122	71
-1
1	741	144	134
-1
2	404	126	141
-1
3	321	167	61
-1
3	824	113	139
-1
3	821	186	140
-1
2	775	140	17
-1
3	197	113	148
-1
4	786	91	128
-1
4	61	82	100
82	13	67	11	100	
2	531	151	174
-1
2	616	97	69
-1
3	557	37	194
-1
3	169	193	112
-1
1	859	65	24
-1
1	150	89	9
-1
4	566	109	100
-1
4	513	36	165
-1
1	792	184	55
-1
4	844	169	88
-1
1	817	29	39
-1
1	237	111	135
-1
2	582	127	124
-1
3	494	35	116
-1
2	517	3	180
-1
1	878	61	68
-1
3	777	163	129
-1
3	141	128	164
-1
3	148	41	99
-1
2	635	32	68
-1
4	225	75	96
-1
2	960	43	159
-1
2	635	31	85
-1
3	950	13	119
-1
2	281	58	73
-1
4	101	174	85
-1
2	581	3	47
-1
2	496	132	175
-1
3	394	24	167
-1
2	61	123	198
123	6	19	12	198	
4	909	158	25
-1
3	467	182	19
-1
2	703	93	50
-1
2	173	127	14
-1
2	45	28	71
28	13	71	
1	529	61	196
-1
4	128	161	151
-1
3	54	141	82
141	13	82	
2	820	188	105
-1
3	569	181	28
-1
2	145	194	137
-1
1	364	54	70
-1
3	165	72	115
-1
4	130	174	193
-1
3	752	146	21
-1
1	899	142	81
-1
1	449	22	193
-1
1	530	149	85
-1
2	987	2	72
-1
3	966	173	4
-1
1	454	142	197
-1
4	675	86	50
-1
1	589	1	73
-1
4	182	165	46
-1
2	754	94	143
-1
3	586	197	84
-1
2	778	96	58
-1
1	262	144	6
-1
1	885	26	160
-1
3	688	164	132
-1
2	437	129	25
-1
3	38	134	111
134	8	37	6	15	111	
2	311	8	111
-1
3	308	197	28
-1
1	203	130	73
-1
3	38	35	70
35	17	39	1	70	
1	695	20	165
-1
1	653	149	108
-1
1	612	162	133
-1
4	95	46	96
46	8	96	
4	320	85	176
-1
3	430	121	109
-1
2	492	159	69
-1
2	319	21	65
-1
3	392	128	146
-1
1	813	130	180
-1
1	777	168	151
-1
3	84	62	99
62	15	99	
1	969	66	60
-1
3	416	77	105
-1
4	744	124	141
-1
2	404	43	62
-1
3	72	24	20
24	6	15	20	
4	688	67	40
-1
3	433	186	119
-1
2	764	129	49
-1
3	914	141	168
-1
1	364	69	181
-1
2	23	104	47
104	13	47	
3	479	72	75
-1
1	420	40	198
-1
1	633	183	40
-1
3	452	138	15
-1
3	243	10	82
-1
2	313	97	19
-1
4	513	82	99
-1
3	880	45	191
-1
1	813	111	59
-1
1	611	26	114
-1
2	885	49	186
-1
4	83	79	177
-1
2	874	50	111
-1
4	41	82	48
82	6	19	48	
4	74	85	57
-1
4	292	79	154
-1
2	142	192	187
-1
2	732	104	183
-1
1	542	136	45
-1
1	655	148	71
-1
4	392	158	71
-1
2	520	194	149
-1
4	430	76	199
-1
3	878	102	80
-1
2	286	94	117
-1
3	991	167	195
-1
2	777	58	186
-1
2	760	151	90
-1
3	204	34	177
-1
2	474	127	124
-1
3	944	133	33
-1
2	445	125	26
-1
2	395	44	54
44	54	
1	426	26	107
-1
1	342	55	200
-1
2	737	140	166
-1
4	922	131	175
-1
2	763	59	125
-1
3	139	170	110
-1
4	214	174	36
-1
2	246	199	168
-1
1	824	95	44
-1
4	29	91	88
91	12	78	5	18	88	
4	735	85	65
-1
4	686	110	119
-1
3	603	52	58
-1
2	777	188	140
-1
1	53	61	199
-1
3	162	24	120
-1
1	349	162	93
-1
1	916	176	44
-1
3	960	173	90
-1
1	999	148	180
-1
1	463	176	16
-1
3	933	62	125
-1
3	990	147	128
-1
1	682	149	67
-1
3	432	77	128
-1
2	351	81	151
-1
2	996	194	64
-1
1	191	142	191
-1
3	880	10	116
-1
4	211	169	63
-1
1	226	119	191
-1
3	702	181	52
-1
3	982	113	199
-1
1	448	54	99
-1
3	375	87	128
-1
3	877	118	8
-1
2	93	21	2
21	5	92	2	
1	883	16	95
-1
1	550	6	104
-1
3	213	37	24
37	6	24	
2	603	199	142
-1
1	806	176	74
-1
1	804	29	138
-1
3	255	10	192
-1
2	582	58	78
-1
1	541	184	148
-1
1	294	61	168
-1
3	541	153	135
-1
1	844	187	92
-1
2	868	137	128
-1
1	961	101	126
-1
1	235	55	53
-1
1	972	60	81
-1
1	515	16	91
-1
1	545	22	100
-1
3	492	155	83
-1
1	411	95	143
-1
3	945	141	47
-1
2	636	81	186
-1
4	715	76	74
-1
3	392	143	174
-1
4	244	56	28
-1
4	324	90	39
-1
1	966	61	54
-1
3	265	128	27
-1
3	948	72	181
-1
3	242	163	76
-1
3	241	173	168
-1
1	826	69	48
-1
2	899	104	123
-1
3	24	170	18
170	6	15	20	5	18	
4	803	161	73
-1
4	41	156	114
156	13	71	19	114	
4	247	79	126
-1
3	673	197	53
-1
1	254	61	124
-1
2	881	8	38
-1
2	848	2	162
-1
1	47	42	30
-1
4	321	67	85
-1
2	890	117	54
-1
2	714	140	166
-1
1	27	142	121
142	75	9	47	12	121	
3	505	182	152
-1
3	957	180	148
-1
2	633	53	8
-1
2	670	58	168
-1
4	832	90	169
-1
2	61	137	10
137	11	67	10	
3	698	135	28
-1
1	751	55	144
-1
3	669	145	83
-1
2	989	58	24
-1
3	92	37	157
-1
3	239	141	137
-1
2	399	97	141
-1
2	166	129	198
-1
2	134	151	39
-1
3	895	182	127
-1
2	922	194	61
-1
4	465	91	67
-1
2	899	194	11
-1
3	322	62	21
-1
2	830	2	9
-1
2	966	94	149
-1
2	458	132	197
-1
1	207	130	78
-1
2	445	47	28
-1
2	371	132	161
-1
1	31	26	154
26	64	15	62	17	154	
4	450	99	45
-1
1	812	115	190
-1
3	832	13	51
13	51	
4	240	86	4
-1
2	540	116	97
-1
1	337	33	181
-1
2	614	43	62
-1
2	393	49	109
-1
2	153	94	192
-1
1	306	16	18
-1
2	902	199	68
-1
4	691	48	135
-1
2	693	59	147
-1
2	897	43	185
-1
3	745	34	52
-1
4	125	174	36
-1
4	787	110	78
-1
4	247	75	127
-1
4	990	67	172
-1
1	559	19	187
-1
4	227	124	137
-1
4	161	178	184
-1
3	259	68	195
-1
3	843	113	37
-1
3	446	9	70
-1
3	682	153	43
-1
4	359	30	104
-1
1	37	168	178
168	12	19	6	178	
1	808	166	196
-1
3	747	155	14
-1
3	883	114	90
-1
2	19	140	67
140	10	67	
3	613	52	86
-1
4	201	110	150
-1
2	670	105	158
-1
3	265	150	63
-1
2	320	31	92
-1
1	450	142	11
-1
4	45	178	176
178	6	15	20	5	176	
3	611	138	130
-1
4	100	36	43
-1
1	118	70	134
-1
4	355	88	185
-1
3	505	52	47
-1
3	814	52	151
-1
4	676	74	52
-1
3	919	138	35
-1
1	329	57	176
-1
4	504	106	105
-1
4	786	103	42
-1
3	28	113	77
113	5	18	77	
1	514	12	99
-1
2	698	81	186
-1
1	896	187	190
-1
4	246	91	41
-1
1	898	57	114
-1
4	532	84	3
-1
2	859	3	60
-1
3	563	83	117
-1
1	805	139	19
-1
4	33	124	131
-1
4	483	103	94
-1
1	469	16	126
-1
1	658	66	65
-1
4	250	161	107
-1
2	916	7	163
-1
4	918	56	47
-1
1	577	139	1
-1
3	46	197	83
197	11	27	15	83	
1	16	111	21
111	15	20	5	21	
4	99	67	144
-1
3	744	52	47
-1
3	422	134	62
-1
2	486	2	79
-1
4	792	11	40
-1
3	155	13	198
-1
3	601	128	53
-1
3	401	45	143
-1
4	235	174	91
-1
2	256	171	1
-1
3	951	186	68
-1
4	997	84	119
-1
3	611	180	52
-1
1	489	1	6
-1
4	880	86	168
-1
3	677	77	180
-1
1	129	183	59
-1
3	823	135	104
-1
3	913	87	29
-1
1	314	122	199
-1
2	181	177	136
-1
4	899	79	172
-1
4	302	76	151
-1
1	507	38	151
-1
1	227	78	188
-1
4	6	158	16
158	9	82	6	37	16	
3	817	34	199
-1
1	520	115	133
-1
2	100	137	20
-1
2	250	50	93
-1
3	985	163	21
-1
1	756	95	99
-1
3	658	145	126
-1
4	408	46	163
-1
2	547	105	193
-1
4	163	131	150
-1
4	761	88	135
-1
2	645	104	49
-1
2	216	175	138
-1
4	708	74	139
-1
2	728	123	53
-1
1	227	60	147
-1
3	552	15	43
-1
3	667	25	88
-1
1	59	184	144
-1
4	960	131	74
-1
2	694	93	114
-1
4	95	5	17
5	18	39	17	
2	632	49	192
-1
3	570	18	17
-1
4	574	124	92
-1
2	120	4	151
-1
3	514	182	117
-1
4	1	85	141
85	14	36	13	141	
2	497	151	125
-1
4	522	161	55
-1
2	435	120	99
-1
1	52	166	103
-1
1	595	60	103
-1
2	811	43	119
-1
3	654	164	195
-1
2	404	137	198
-1
2	521	8	179
-1
3	13	121	63
121	12	19	6	68	7	63	
2	937	73	166
-1
4	543	169	126
-1
2	641	43	198
-1
3	695	77	163
-1
1	998	80	174
-1
1	468	26	168
-1
2	462	189	131
-1
1	411	42	19
-1
4	541	46	26
-1
3	404	118	98
-1
1	721	130	170
-1
4	198	67	91
-1
3	147	9	133
-1
2	261	2	161
-1
2	634	96	41
-1
3	601	45	18
-1
3	83	113	6
-1
2	301	126	48
-1
2	78	137	45
-1
3	575	77	162
-1
2	145	32	91
-1
2	987	104	109
-1
3	919	102	70
-1
2	79	200	71
-1
1	871	61	166
-1
4	889	46	11
-1
2	646	47	123
-1
2	93	81	200
-1
3	689	182	88
-1
4	250	11	117
11	117	
3	493	186	148
-1
4	353	82	4
-1
3	22	68	57
68	15	27	11	100	57	
3	492	138	56
-1
1	458	16	116
-1
2	268	39	162
-1
4	742	79	160
-1
4	693	124	40
-1
4	181	169	173
-1
1	97	57	136
-1
2	196	59	121
-1
4	199	103	2
-1
1	655	55	21
-1
3	63	77	158
-1
1	978	168	173
-1
2	91	177	163
-1
2	2	196	41
196	56	6	15	41	
1	794	89	117
-1
3	766	182	85
-1
1	701	162	93
-1
2	173	58	103
-1
1	326	6	5
-1
2	146	4	60
-1
3	903	10	88
-1
3	28	72	55
72	13	71	19	55	
2	742	2	184
-1
2	583	44	179
-1
4	251	46	68
-1
2	135	39	49
-1
4	979	156	162
-1
3	682	9	171
-1
3	438	181	175
-1
1	897	107	130
-1
2	136	4	140
-1
2	591	59	163
-1
4	126	86	116
-1
1	304	27	160
-1
4	923	161	5
-1
4	971	11	43
-1
2	684	97	198
-1
2	454	28	6
-1
4	829	109	139
-1
3	710	146	197
-1
4	49	195	200
-1
1	964	130	58
-1
3	79	72	95
-1
3	190	197	74
-1
2	594	53	34
-1
2	788	175	197
-1
4	538	98	45
-1
3	895	181	72
-1
3	33	35	180
35	17	45	16	180	
3	629	15	78
-1
4	181	124	24
-1
2	590	125	105
-1
4	885	88	177
-1
3	158	118	125
-1
1	343	108	177
-1
2	691	53	104
-1
3	336	41	1
-1
4	607	178	181
-1
3	539	72	167
-1
1	568	57	181
-1
3	591	37	57
-1
4	95	169	181
-1
2	23	159	20
159	5	20	
4	148	195	89
-1
2	476	104	196
-1
2	579	198	1
-1
1	131	89	193
-1
3	464	24	170
-1
3	30	182	193
182	18	100	11	193	
2	11	120	1
120	15	27	1	
3	467	87	190
-1
1	799	29	158
-1
4	618	124	116
-1
4	706	98	62
-1
3	254	197	165
-1
2	206	73	163
-1
2	998	3	51
-1
4	519	86	26
-1
1	663	149	7
-1
4	464	178	79
-1
2	253	140	117
-1
4	562	158	146
-1
4	278	156	21
-1
2	691	125	118
-1
1	256	183	115
-1
2	18	188	139
188	18	61	139	
3	20	193	93
193	11	24	8	93	
1	597	142	178
-1
1	3	60	126
60	18	5	20	15	126	
4	833	74	56
-1
2	950	137	195
-1
3	295	141	105
-1
4	315	103	60
-1
2	384	132	137
-1
1	298	22	71
-1
1	588	29	58
-1
2	481	198	2
-1
4	458	169	95
-1
4	336	165	154
-1
2	791	120	27
-1
3	537	152	116
-1
2	41	53	8
53	71	19	43	8	
3	453	147	62
-1
3	389	13	145
-1
3	611	197	119
-1
4	20	46	147
46	3	2	147	
3	821	34	97
-1
1	67	66	65
-1
2	220	123	30
-1
3	998	10	149
-1
3	865	152	52
-1
1	73	89	105
89	8	105	
2	886	129	3
-1
3	231	133	16
-1
2	149	73	164
-1
3	247	83	161
-1
3	543	102	146
-1
4	408	74	11
-1
2	437	140	86
-1
1	337	111	95
-1
1	940	61	47
-1
2	844	125	87
-1
1	399	149	167
-1
3	214	35	100
-1
2	729	17	172
-1
4	889	165	7
-1
4	635	11	108
-1
4	445	106	134
-1
3	482	113	73
-1
1	377	101	136
-1
2	975	189	196
-1
3	461	128	72
-1
4	227	124	21
-1
4	726	74	7
-1
3	50	87	23
87	89	50	14	2	23	
3	456	167	139
-1
2	315	7	101
-1
3	448	193	6
-1
2	273	190	70
-1
3	8	71	122
71	19	6	68	7	122	
2	355	47	110
-1
2	826	21	190
-1
1	198	33	65
-1
1	356	60	138
-1
2	530	185	176
-1
3	868	34	94
-1
3	321	41	100
-1
4	726	156	93
-1
2	548	3	34
-1
1	869	27	104
-1
3	731	34	103
-1
2	720	140	75
-1
3	736	118	108
-1
1	473	115	167
-1
1	200	23	103
-1
3	293	152	89
-1
2	992	172	129
-1
1	636	92	36
-1
4	669	169	39
-1
2	573	116	65
-1
2	427	137	51
-1
4	501	67	142
-1
3	608	138	59
-1
2	326	73	126
-1
3	29	145	148
145	16	94	19	12	148	
1	117	144	51
-1
4	397	36	22
-1
1	833	179	113
-1
3	223	15	82
-1
3	839	35	149
-1
2	41	159	85
159	5	92	2	14	85	
2	183	185	103
-1
4	793	86	40
-1
3	718	45	112
-1
2	17	171	8
171	6	37	8	
2	868	199	103
-1
4	841	67	90
-1
3	554	15	69
-1
2	787	47	35
-1
2	87	21	69
21	5	20	69	
1	324	60	28
-1
3	226	52	164
-1
3	866	34	49
-1
1	977	27	94
-1
2	385	96	64
-1
1	639	65	14
-1
2	329	132	80
-1
2	797	172	46
-1
3	31	77	45
77	16	45	
3	51	15	65
15	27	11	65	
1	430	54	76
-1
2	594	177	128
-1
4	394	154	113
-1
1	87	19	91
19	12	91	
1	702	148	187
-1
4	915	84	51
-1
1	546	122	134
-1
2	344	50	57
-1
4	788	46	86
-1
2	452	28	52
-1
2	880	31	105
-1
1	759	12	33
-1
4	271	5	187
-1
2	562	151	5
-1
3	700	37	104
-1
4	702	91	187
-1
1	787	157	109
-1
1	795	55	110
-1
2	280	198	108
-1
2	84	185	87
-1
2	940	188	117
-1
1	173	19	129
-1
2	359	177	85
-1
4	715	48	35
-1
4	571	161	24
-1
1	957	12	66
-1
1	217	65	22
-1
2	327	3	28
-1
3	786	197	177
-1
1	272	29	113
-1
2	541	112	101
-1
2	21	3	71
3	2	60	18	53	71	
2	305	175	48
-1
4	492	85	47
-1
3	667	152	7
-1
1	532	122	170
-1
4	705	30	34
-1
2	733	47	36
-1
2	309	125	184
-1
4	222	110	12
-1
3	274	133	75
-1
2	344	73	78
-1
2	543	93	4
-1
2	789	198	89
-1
3	995	41	192
-1
1	916	107	113
-1
2	549	190	142
-1
2	736	94	140
-1
4	920	178	16
-1
3	83	87	77
-1
1	958	60	10
-1
4	187	85	82
-1
2	590	28	127
-1
2	878	123	76
-1
1	469	111	116
-1
2	933	58	174
-1
3	227	173	163
-1
4	918	74	8
-1
3	334	9	186
-1
1	962	80	24
-1
1	371	115	83
-1
3	805	72	167
-1
3	931	10	146
-1
2	406	199	68
-1
1	73	29	179
29	11	41	15	179	
2	246	49	188
-1
3	160	182	160
-1
2	167	160	185
-1
3	352	77	146
-1
3	375	10	25
-1
2	457	172	139
-1
2	575	94	162
-1
2	73	50	171
-1
3	492	180	122
-1
2	622	137	150
-1
3	809	9	198
-1
1	969	6	131
6	131	
4	353	165	90
-1
2	698	132	167
-1
3	275	83	128
-1
3	165	10	51
-1
3	679	18	97
-1
3	1	193	146
193	11	100	18	60	2	146	
2	722	17	126
-1
1	423	108	14
-1
1	221	130	175
-1
3	103	138	180
-1
2	593	58	97
-1
3	959	163	28
-1
1	238	60	62
-1
4	689	86	71
-1
2	385	3	41
-1
2	130	81	33
-1
2	207	81	1
-1
3	373	155	108
-1
2	347	177	37
-1
1	78	149	175
-1
3	374	52	32
-1
2	401	196	194
-1
4	215	106	6
-1
3	837	143	43
-1
1	77	183	45
-1
1	861	119	125
-1
1	261	1	158
-1
2	769	7	112
-1
4	357	131	40
-1
3	131	77	189
-1
3	115	155	192
-1
3	660	128	139
-1
2	817	81	44
-1
2	860	47	186
-1
3	304	83	121
-1
2	181	112	39
-1
2	490	172	39
-1
2	601	185	198
-1
2	992	105	128
-1
1	532	61	5
-1
2	675	192	111
-1
2	13	58	190
58	27	15	20	5	190	
2	856	117	70
-1
4	794	86	116
-1
3	514	145	151
-1
2	104	200	62
-1
2	343	132	33
-1
2	492	21	169
-1
3	219	173	73
-1
2	575	117	134
-1
4	637	48	77
-1
2	427	123	134
-1
3	696	135	2
-1
3	364	143	87
-1
4	914	88	183
-1
1	775	1	135
-1
4	159	56	18
-1
3	328	150	39
-1
3	752	41	163
-1
1	85	60	79
-1
3	161	186	79
-1
1	446	23	1
-1
2	248	49	87
-1
2	86	96	181
-1
2	821	59	68
-1
4	107	124	20
-1
4	124	98	76
-1
3	714	9	25
-1
4	477	88	66
-1
2	107	39	77
39	18	77	
4	785	124	14
-1
3	537	37	36
-1
4	376	82	36
-1
2	156	81	132
-1
3	24	118	142
118	1	79	9	75	142	
3	195	138	66
-1
2	70	196	163
196	56	6	19	163	
2	47	120	123
120	15	6	123	
1	264	33	10
-1
1	940	61	49
-1
1	353	168	124
-1
2	141	104	159
-1
3	376	41	40
-1
1	107	168	120
-1
2	49	123	38
123	6	15	20	5	38	
4	466	98	127
-1
3	428	45	123
-1
3	503	114	194
-1
2	312	112	26
-1
2	312	175	39
-1
3	235	114	158
-1
1	594	19	13
-1
1	185	111	5
-1
4	257	86	172
-1
3	894	145	47
-1
3	972	145	144
-1
3	246	10	140
10	140	
2	839	189	54
-1
4	817	91	165
-1
3	655	155	92
-1
1	164	66	5
-1
1	776	101	175
-1
4	381	46	85
-1
4	352	30	123
-1
4	198	86	67
-1
4	294	131	163
-1
1	833	55	172
-1
2	238	100	112
-1
1	555	139	3
-1
1	46	107	109
107	8	109	
3	2	113	174
113	5	20	13	174	
4	129	76	26
-1
2	565	3	71
-1
1	687	183	101
-1
3	305	87	138
-1
4	467	36	69
-1
2	990	81	123
-1
1	302	66	174
-1
1	256	55	64
-1
3	164	9	170
-1
1	689	6	82
-1
2	715	160	109
-1
1	185	40	64
-1
2	637	4	46
-1
4	975	91	84
-1
3	795	147	72
-1
3	69	14	152
14	2	152	
3	394	155	169
-1
4	258	56	24
-1
2	179	63	184
-1
4	813	178	142
-1
4	321	67	101
-1
3	184	181	140
-1
2	782	117	95
-1
4	817	106	185
-1
1	488	80	132
-1
1	792	26	97
-1
4	560	46	51
-1
2	383	39	59
-1
2	167	96	73
-1
4	308	75	51
-1
3	160	87	69
-1
2	851	159	1
-1
1	945	95	117
-1
2	482	28	174
-1
2	765	44	53
-1
2	613	132	30
-1
2	663	123	75
-1
4	273	82	114
-1
2	346	17	9
-1
3	748	135	35
-1
2	816	194	73
-1
3	616	153	32
-1
3	684	155	78
-1
4	658	99	105
-1
2	862	132	148
-1
2	92	96	31
-1
1	118	60	105
-1
2	631	123	139
-1
3	592	147	155
-1
2	178	44	41
-1
4	851	191	34
-1
1	634	6	138
-1
3	711	173	92
-1
3	567	9	142
-1
3	666	18	26
-1
2	497	31	73
-1
4	201	74	133
-1
2	691	192	7
-1
4	997	174	153
-1
4	637	165	197
-1
1	270	95	187
-1
3	407	146	145
-1
1	250	130	69
-1
1	744	40	29
-1
1	369	6	46
-1
3	593	71	29
-1
1	325	119	102
-1
3	931	72	93
-1
1	684	162	19
-1
2	632	159	135
-1
4	818	195	29
-1
2	114	17	173
17	173	
2	135	175	54
-1
2	563	177	93
-1
3	761	72	50
-1
2	589	192	73
-1
1	490	184	143
-1
4	935	109	14
-1
2	905	39	128
-1
4	639	74	38
-1
2	668	105	184
-1
4	192	75	152
-1
2	846	140	127
-1
4	690	74	55
-1
3	292	37	126
-1
3	964	197	117
-1
2	258	137	100
-1
4	24	178	8
178	6	37	8	
2	951	112	199
-1
1	740	16	72
-1
2	323	7	129
-1
4	27	74	155
74	14	2	23	155	
2	553	17	94
-1
3	207	62	168
-1
2	732	104	4
-1
4	848	195	152
-1
4	499	110	40
-1
3	307	167	17
-1
2	257	190	81
-1
1	680	92	48
-1
1	208	183	54
-1
2	362	58	79
-1
4	256	84	96
-1
2	375	188	109
-1
2	930	194	12
-1
3	681	77	6
-1
4	272	76	67
-1
4	488	174	34
-1
2	320	32	175
-1
4	968	88	19
-1
1	773	168	153
-1
2	52	175	10
175	8	48	20	10	
1	699	89	93
-1
2	207	96	80
-1
1	619	70	25
-1
2	576	199	53
-1
2	43	31	128
-1
4	628	103	102
-1
3	354	141	85
-1
1	524	61	173
-1
3	877	180	140
-1
3	86	152	66
-1
3	531	155	106
-1
2	762	53	1
-1
1	339	60	70
-1
4	991	30	68
-1
1	919	157	50
-1
3	972	152	151
-1
4	456	178	92
-1
4	980	84	104
-1
2	871	7	83
-1
3	689	83	34
-1
3	794	121	189
-1
2	147	3	193
-1
3	768	164	52
-1
3	236	102	33
-1
3	637	45	190
-1
3	188	163	140
-1
4	431	86	70
-1
2	334	93	153
-1
2	216	73	111
-1
1	201	95	146
-1
1	341	183	18
-1
2	334	129	20
-1
4	737	75	135
-1
1	170	42	189
-1
1	911	29	33
-1
1	2	66	147
66	54	18	60	2	147	
4	71	5	32
5	18	32	
3	175	35	76
-1
2	486	120	148
-1
3	583	135	195
-1
3	200	87	177
-1
2	219	28	105
-1
3	105	113	131
-1
1	493	1	173
-1
3	77	170	153
-1
2	423	32	18
-1
3	206	34	22
-1
4	882	56	8
-1
2	781	31	127
-1
3	775	68	13
-1
2	552	50	100
-1
1	608	1	79
-1
1	739	19	143
-1
4	63	75	143
-1
1	815	168	65
-1
2	985	44	96
-1
4	758	67	81
-1
3	566	24	137
-1
2	444	105	119
-1
4	257	86	186
-1
1	908	12	187
-1
1	738	115	187
-1
2	80	123	157
-1
3	22	13	31
13	20	10	31	
4	438	75	150
-1
3	886	41	194
-1
3	366	25	12
-1
1	654	183	187
-1
2	572	100	92
-1
3	309	143	129
-1
2	447	199	140
-1
2	185	58	55
-1
4	93	195	129
-1
4	924	74	141
-1
4	225	48	167
-1
3	18	37	7
37	6	68	7	
1	781	122	32
-1
1	368	40	166
-1
2	11	93	65
93	8	65	
2	491	17	7
-1
3	230	77	158
-1
4	836	76	167
-1
1	916	60	162
-1
3	856	153	187
-1
2	774	28	186
-1
3	781	52	23
-1
1	564	22	144
-1
4	529	154	135
-1
2	593	73	180
-1
3	551	35	196
-1
2	660	125	24
-1
1	827	107	99
-1
1	788	142	111
-1
2	326	58	15
-1
1	112	65	42
-1
2	934	39	45
-1
1	29	19	66
19	71	53	18	54	66	
3	764	134	172
-1
3	495	62	44
-1
1	90	6	79
-1
1	265	108	3
-1
1	116	168	61
-1
3	178	146	3
-1
4	192	85	12
-1
3	785	10	76
-1
2	829	73	66
-1
1	47	6	36
6	74	14	36	
1	218	187	169
-1
3	413	102	30
-1
2	643	196	187
-1
3	398	37	95
-1
2	258	53	14
-1
1	60	168	159
-1
3	423	145	43
-1
1	499	136	4
-1
3	116	72	77
-1
1	352	101	34
-1
3	120	147	20
-1
2	302	116	73
-1
1	488	80	68
-1
2	934	123	56
-1
2	947	120	109
-1
2	705	177	76
-1
2	699	189	173
-1
4	255	11	60
-1
1	131	61	132
-1
2	964	177	32
-1
3	136	128	130
-1
2	408	199	197
-1
2	628	100	76
-1
2	883	188	198
-1
3	791	121	69
-1
3	819	68	198
-1
4	791	124	186
-1
2	250	175	148
-1
1	333	29	161
-1
1	516	111	89
-1
1	197	26	16
-1
4	593	161	166
-1
3	821	121	66
-1
1	818	148	53
-1
3	39	182	125
182	18	5	20	15	68	7	125	
2	36	125	144
125	7	68	15	27	11	144	
3	221	143	20
-1
4	720	85	194
-1
4	680	86	174
-1
1	568	19	84
-1
3	735	134	109
-1
4	301	131	22
-1
2	566	123	142
-1
1	370	95	41
-1
1	294	65	174
-1
4	990	103	98
-1
3	809	138	192
-1
4	802	110	76
-1
3	927	181	162
-1
1	610	61	180
-1
3	870	180	65
-1
1	491	115	195
-1
3	584	167	70
-1
4	776	84	164
-1
2	950	53	28
-1
4	599	98	82
-1
3	191	87	19
-1
1	866	95	80
-1
4	579	48	61
-1
4	958	174	121
-1
1	223	183	52
-1
4	569	5	166
-1
1	238	95	84
-1
2	754	31	167
-1
1	933	6	171
-1
1	815	107	69
-1
4	785	106	107
-1
2	65	96	2
-1
3	725	113	1
-1
1	797	92	175
-1
1	848	1	109
-1
2	966	175	113
-1
1	449	144	160
-1
3	568	133	142
-1
1	338	38	99
-1
2	758	171	6
-1
2	465	185	111
-1
4	618	169	158
-1
2	18	185	70
185	11	27	1	70	
4	944	109	113
-1
1	653	57	114
-1
1	717	57	88
-1
1	628	22	31
-1
1	321	22	116
-1
2	220	189	153
-1
4	625	79	123
-1
4	487	36	59
-1
2	644	100	28
-1
2	665	117	12
-1
3	778	87	73
-1
4	291	30	129
-1
3	778	34	137
-1
4	161	103	158
-1
4	676	82	132
-1
2	428	3	72
-1
1	351	22	150
-1
2	961	198	186
-1
4	988	84	37
-1
2	552	127	106
-1
4	376	191	192
-1
2	256	120	21
-1
3	393	10	7
-1
2	102	140	109
-1
2	833	100	190
-1
2	857	175	192
-1
4	806	154	165
-1
4	143	56	162
-1
2	332	17	45
17	45	
4	637	156	123
-1
1	428	107	66
-1
3	1000	34	185
-1
4	358	90	147
-1
4	866	82	86
-1
1	208	183	185
-1
1	999	168	111
-1
3	516	24	16
-1
3	677	181	72
-1
4	674	76	40
-1
2	796	7	195
-1
2	413	43	54
-1
1	950	22	87
-1
3	696	173	128
-1
4	781	131	9
-1
1	717	148	144
-1
3	179	155	111
-1
4	594	106	86
-1
2	17	21	66
21	5	18	54	66	
2	408	49	93
-1
1	755	122	99
-1
1	608	70	93
-1
4	46	82	66
-1
2	974	31	39
-1
2	782	126	121
-1
2	277	58	20
-1
4	939	174	175
-1
2	624	104	32
-1
2	842	50	4
-1
3	734	18	52
-1
1	633	26	174
-1
3	877	180	43
-1
1	543	139	124
-1
1	333	184	107
-1
4	605	109	32
-1
2	224	43	42
-1
1	750	119	15
-1
2	533	58	71
-1
2	736	81	120
-1
4	388	74	89
-1
2	161	8	66
-1
2	555	192	45
-1
3	278	68	135
-1
1	336	162	119
-1
4	368	46	27
-1
2	209	50	21
-1
1	575	26	140
-1
2	997	175	197
-1
1	68	60	29
60	18	100	11	29	
4	157	195	55
-1
3	22	182	62
182	18	5	20	15	62	
2	419	94	5
-1
4	953	48	24
-1
1	23	78	186
78	1	84	14	186	
3	602	13	31
-1
3	822	180	33
-1
2	961	140	58
-1
4	309	67	184
-1
2	490	63	43
-1
4	344	131	38
-1
3	957	87	171
-1
1	313	60	65
-1
1	936	78	112
-1
2	73	31	189
-1
4	56	5	2
5	92	2	
1	488	6	133
-1
2	945	28	25
-1
2	880	140	91
-1
2	475	49	153
-1
4	112	90	83
-1
2	234	185	121
-1
3	298	141	181
-1
2	562	53	10
-1
2	950	140	192
-1
3	503	13	197
-1
3	236	68	2
-1
3	412	155	181
-1
1	902	51	121
-1
4	54	82	121
82	6	19	12	121	
4	289	156	10
-1
1	761	19	194
-1
2	493	53	86
-1
3	255	150	90
-1
2	646	63	29
-1
3	42	13	41
13	20	15	41	
4	396	67	108
-1
1	176	54	14
-1
1	48	65	16
65	16	
1	320	166	98
-1
2	129	172	53
-1
1	874	12	72
-1
2	511	172	124
-1
2	1000	17	25
-1
3	981	71	88
-1
2	821	116	52
-1
4	281	110	118
-1
1	846	57	124
-1
1	462	184	188
-1
2	359	32	154
-1
2	11	151	77
151	6	15	20	16	77	
2	234	32	88
-1
1	909	57	11
-1
2	334	120	27
-1
3	773	71	49
-1
1	824	51	117
-1
3	693	24	26
-1
4	616	56	82
-1
1	356	101	65
-1
3	461	114	48
-1
3	337	24	151
-1
1	976	187	134
-1
1	786	20	190
-1
2	965	129	109
-1
3	765	14	132
-1
3	481	186	182
-1
4	506	161	5
-1
4	939	5	12
-1
2	956	21	113
-1
3	603	128	178
-1
2	553	188	2
-1
4	286	124	188
-1
4	28	99	7
99	15	68	7	
4	288	36	87
-1
3	419	152	100
-1
2	753	117	37
-1
2	109	198	197
-1
1	121	55	2
-1
3	985	193	174
-1
2	162	100	101
-1
4	363	103	40
-1
2	950	7	163
-1
3	509	45	13
-1
3	595	24	48
-1
2	895	63	200
-1
3	531	34	68
-1
3	680	186	64
-1
2	33	94	70
94	15	27	1	70	
3	558	14	15
-1
2	610	198	114
-1
2	649	112	168
-1
4	11	74	175
74	6	37	8	175	
1	375	176	171
-1
4	822	84	146
-1
4	373	30	8
-1
4	440	76	41
-1
2	856	7	178
-1
1	125	38	72
-1
1	539	70	37
-1
1	405	179	187
-1
2	972	188	98
-1
4	498	36	123
-1
2	268	198	98
-1
2	365	172	133
-1
3	725	145	163
-1
1	765	70	190
-1
4	943	109	196
-1
2	366	116	185
-1
3	802	193	6
-1
3	588	83	184
-1
3	237	87	171
-1
2	760	59	158
-1
4	809	156	155
-1
1	894	176	78
-1
2	256	140	23
-1
1	197	16	92
-1
3	193	181	152
-1
4	329	75	20
-1
1	935	40	12
-1
3	918	193	46
-1
3	241	181	133
-1
4	198	169	191
-1
3	505	128	98
-1
2	534	137	73
-1
4	108	30	165
-1
3	599	37	180
-1
1	503	33	112
-1
2	674	177	138
-1
4	237	106	177
-1
2	82	192	122
-1
4	614	109	54
-1
1	156	149	22
-1
3	206	147	150
-1
2	30	3	38
3	2	92	5	38	
1	994	136	19
-1
2	526	44	7
-1
2	389	194	191
-1
4	527	48	168
-1
3	655	121	25
-1
1	928	157	16
-1
4	581	191	76
-1
4	203	156	25
-1
2	552	112	123
-1
2	141	117	77
-1
3	159	146	12
-1
1	917	92	7
-1
4	907	169	1
-1
4	26	109	200
-1
1	250	187	121
-1
2	217	194	29
-1
3	845	121	171
-1
3	669	102	127
-1
2	943	104	190
-1
2	171	7	58
-1
4	182	99	155
-1
3	141	9	46
-1
2	941	125	166
-1
2	140	31	27
-1
1	412	57	13
-1
2	993	58	6
-1
1	963	27	79
-1
3	641	71	180
-1
4	830	91	35
-1
1	87	33	41
-1
2	442	3	139
-1
1	239	136	99
-1
4	357	76	23
-1
1	183	168	53
-1
1	947	60	61
-1
3	953	72	71
-1
3	831	15	97
-1
1	162	130	167
-1
3	796	170	57
-1
2	988	200	41
-1
1	878	38	195
-1
4	976	79	130
-1
1	198	70	158
-1
1	802	26	125
-1
2	463	8	184
-1
4	133	106	7
-1
3	381	10	173
-1
2	347	192	102
-1
3	755	153	72
-1
1	195	148	23
-1
3	189	135	60
-1
1	270	12	139
-1
1	227	139	160
-1
1	704	136	185
-1
3	487	138	144
-1
3	45	152	49
152	2	23	17	49	
4	18	36	59
36	14	2	60	18	59	
1	719	16	50
-1
1	142	162	155
-1
2	764	116	54
-1
3	24	62	189
62	17	23	2	189	
2	714	50	152
-1
1	73	119	91
-1
4	809	98	178
-1
1	752	1	115
-1
2	552	39	18
-1
4	162	84	53
-1
2	412	53	68
-1
2	518	171	181
-1
1	571	65	48
-1
2	911	28	109
-1
2	63	3	110
3	10	20	15	110	
3	705	68	181
-1
2	34	140	78
140	10	20	5	78	
2	501	100	30
-1
1	918	51	68
-1
3	123	155	103
-1
2	142	116	155
-1
4	323	79	78
-1
2	122	196	142
-1
3	383	167	121
-1
3	644	77	124
-1
4	824	91	191
-1
3	853	147	83
-1
3	82	181	182
-1
2	702	81	185
-1
2	404	198	139
-1
3	911	72	54
-1
3	588	14	133
-1
4	929	88	128
-1
4	49	161	94
-1
3	324	143	123
-1
1	115	187	13
-1
1	549	162	160
-1
3	730	15	140
-1
4	114	48	172
-1
1	252	149	121
-1
2	658	105	193
-1
3	390	15	6
-1
2	669	2	93
-1
4	715	82	53
-1
4	437	82	148
-1
1	601	6	86
-1
3	560	72	47
-1
1	51	20	61
20	5	18	61	
1	222	149	61
-1
3	343	15	9
-1
3	887	18	113
-1
4	292	75	79
-1
1	936	16	80
-1
3	940	37	113
-1
2	39	151	195
151	6	15	27	11	195	
1	524	139	200
-1
1	571	139	23
-1
1	383	51	42
-1
2	43	53	142
-1
1	252	27	108
-1
3	116	121	126
-1
2	195	7	200
-1
4	426	98	168
-1
2	739	185	4
-1
4	533	76	154
-1
1	484	115	44
-1
1	706	38	134
-1
2	99	8	136
-1
4	392	191	189
-1
1	700	33	15
-1
4	625	36	87
-1
2	176	104	93
-1
4	743	98	142
-1
4	698	75	126
-1
3	403	13	1
-1
3	646	145	115
-1
3	732	180	105
-1
3	867	37	112
-1
3	455	135	54
-1
2	421	127	39
-1
4	107	178	26
-1
2	751	2	129
-1
2	292	129	178
-1
3	369	24	53
-1
3	570	121	65
-1
4	636	124	162
-1
3	92	121	141
-1
3	156	52	178
-1
1	209	119	64
-1
2	999	125	142
-1
4	425	98	119
-1
4	953	156	72
-1
1	131	107	1
-1
3	383	150	24
-1
1	799	119	96
-1
1	560	40	171
-1
1	853	27	92
-1
1	382	119	95
-1
4	245	74	165
-1
3	187	34	90
-1
1	257	33	139
-1
3	729	9	94
-1
3	481	113	152
-1
2	256	43	102
-1
2	751	177	20
-1
3	722	128	11
-1
3	165	87	37
-1
1	811	139	155
-1
2	176	120	180
-1
2	417	117	166
-1
1	955	55	198
-1
1	600	111	158
-1
4	752	191	70
-1
3	53	71	65
71	13	67	11	65	
2	224	126	193
-1
1	834	29	120
-1
3	222	102	7
-1
3	129	18	97
-1
2	708	28	169
-1
3	873	155	85
-1
2	622	171	91
-1
3	379	77	1
-1
1	801	29	192
-1
3	665	180	14
-1
1	409	184	92
-1
2	129	159	120
-1
1	87	144	21
-1
4	783	165	190
-1
2	303	93	17
-1
1	539	1	172
-1
3	29	25	94
25	20	15	94	
2	30	199	123
199	10	20	15	6	123	
2	973	177	151
-1
2	338	129	82
-1
3	29	145	65
145	16	65	
4	500	154	175
-1
4	472	82	118
-1
1	461	168	82
-1
3	278	102	175
-1
1	801	157	127
-1
1	446	95	103
-1
4	520	124	101
-1
3	270	153	30
-1
3	503	77	158
-1
3	567	14	103
-1
4	93	195	56
-1
2	210	94	89
-1
1	492	166	8
-1
4	418	178	61
-1
1	344	55	17
-1
2	846	7	112
-1
4	899	5	35
-1
4	528	124	139
-1
2	885	194	167
-1
4	339	48	132
-1
3	946	15	126
-1
2	834	59	172
-1
1	793	69	89
-1
2	254	160	66
-1
2	222	177	73
-1
3	533	72	31
-1
1	919	69	35
-1
3	409	167	159
-1
2	975	94	104
-1
4	307	131	151
131	6	151	
1	784	69	117
-1
3	555	15	176
-1
2	443	200	44
-1
3	261	193	155
-1
2	933	198	83
-1
1	963	19	106
-1
2	798	104	174
-1
1	308	22	93
-1
2	411	31	138
-1
1	313	157	68
-1
2	230	63	137
-1
2	957	47	103
-1
3	1000	153	54
-1
1	906	148	46
-1
2	388	8	195
-1
1	493	92	166
-1
1	418	54	69
-1
2	710	3	42
-1
4	248	110	24
-1
3	267	72	181
-1
2	755	137	195
-1
1	657	166	41
-1
4	511	74	146
-1
3	108	25	93
-1
1	55	130	52
-1
1	220	69	143
-1
4	488	161	196
-1
1	129	130	151
-1
2	905	192	12
-1
4	85	191	36
-1
1	679	57	172
-1
1	472	12	89
-1
1	17	20	162
20	5	92	2	162	
4	461	82	186
-1
2	712	190	67
-1
2	54	44	135
44	62	15	27	11	135	
3	801	15	47
-1
3	751	102	176
-1
3	563	182	119
-1
4	350	86	109
-1
3	721	170	118
-1
1	961	1	129
-1
3	322	72	100
-1
1	859	40	182
-1
2	125	100	123
-1
4	859	11	118
-1
1	905	64	132
-1
1	32	64	185
64	11	185	
3	951	167	166
-1
2	259	81	4
-1
4	576	30	125
-1
3	656	150	125
-1
3	508	62	148
-1
1	289	183	187
-1
3	163	193	86
-1
2	832	117	96
-1
2	515	127	111
-1
2	699	31	175
-1
3	216	62	93
-1
1	619	12	173
-1
1	696	23	2
23	2	
3	420	150	103
-1
1	968	6	164
-1
1	354	65	98
-1
2	392	105	90
-1
4	439	67	6
-1
2	550	50	132
-1
3	876	164	114
-1
3	168	14	127
-1
1	340	29	91
-1
2	93	200	113
-1
2	795	47	14
-1
1	110	66	171
-1
2	7	185	35
185	11	27	58	17	35	
2	696	140	139
-1
4	653	82	157
-1
2	736	120	6
-1
1	201	69	169
69	16	169	
2	727	96	134
-1
3	969	15	115
-1
4	481	154	66
-1
2	247	198	112
-1
2	217	192	177
-1
1	252	101	162
-1
2	342	59	52
-1
4	299	106	85
-1
4	304	110	4
-1
3	225	45	25
-1
3	758	197	120
-1
4	824	76	135
-1
2	689	44	40
-1
3	400	77	38
-1
2	729	123	181
-1
4	642	91	34
-1
1	493	142	92
-1
4	377	36	198
-1
3	732	134	107
-1
2	756	189	104
-1
3	28	13	100
13	67	11	100	
2	714	123	127
-1
3	153	146	171
-1
3	142	35	47
35	17	47	
3	123	186	121
-1
3	556	114	11
-1
3	799	155	105
-1
2	196	47	140
-1
2	455	175	73
-1
1	958	107	61
-1
3	609	14	26
-1
3	136	41	100
-1
4	858	154	45
-1
2	904	59	31
-1
2	224	200	17
-1
4	386	74	130
-1
3	290	181	85
-1
3	629	180	83
-1
2	53	127	10
-1
3	866	181	68
-1
4	291	90	81
-1
1	790	51	74
-1
3	186	138	179
-1
4	817	195	37
-1
2	433	50	189
-1
3	762	25	14
-1
3	798	10	147
-1
2	33	100	126
100	11	27	15	126	
1	842	80	4
-1
3	309	133	185
-1
2	541	198	26
-1
1	566	40	76
-1
3	745	181	13
-1
1	933	166	159
-1
3	273	182	8
-1
1	887	166	32
-1
1	33	80	194
80	2	92	5	194	
3	510	77	93
-1
4	865	109	172
-1
3	201	102	56
-1
3	827	10	5
-1
4	54	103	44
-1
3	19	68	24
68	6	24	
3	577	164	142
-1
2	985	97	123
-1
3	168	121	41
-1
2	161	7	120
-1
4	605	191	148
-1
3	129	52	9
-1
2	784	117	110
-1
2	789	117	72
-1
1	784	95	174
-1
1	560	149	193
-1
3	301	167	157
-1
3	175	143	5
-1
4	615	79	125
-1
2	734	199	84
-1
2	34	159	26
159	5	20	15	64	26	
3	842	164	78
-1
2	351	44	146
-1
1	222	27	14
-1
3	347	167	109
-1
4	292	103	9
-1
3	448	62	175
-1
1	804	162	69
-1
1	928	136	100
-1
2	411	151	98
-1
4	989	36	8
-1
1	466	69	123
-1
3	763	62	166
-1
3	376	13	145
-1
3	836	186	63
-1
4	844	85	165
-1
1	770	176	26
-1
2	191	175	187
-1
4	90	178	75
-1
2	339	105	177
-1
3	746	68	164
-1
4	621	56	185
-1
2	386	73	46
-1
1	882	187	58
-1
3	545	114	196
-1
3	509	150	80
-1
3	687	145	55
-1
4	25	67	181
67	13	47	12	181	
1	699	57	158
-1
3	27	146	14
146	2	14	
4	391	36	33
-1
3	175	181	40
-1
3	220	153	64
-1
1	230	139	50
-1
2	777	172	164
-1
2	856	116	65
-1
2	462	177	161
-1
2	42	63	27
63	7	68	15	27	
2	751	39	83
-1
4	164	90	180
-1
2	397	116	15
-1
2	436	58	148
-1
2	100	32	100
32	18	100	
2	501	4	190
-1
2	16	185	162
185	11	100	18	60	2	162	
3	832	113	29
-1
1	793	168	157
-1
3	19	181	171
181	12	19	6	171	
4	54	174	10
174	13	20	10	
4	985	124	99
-1
3	800	87	14
-1
3	299	35	24
-1
1	750	23	7
-1
4	892	74	10
-1
4	605	174	146
-1
1	433	142	58
-1
3	942	173	177
-1
4	112	165	109
-1
1	321	136	82
-1
3	619	141	5
-1
2	385	125	44
-1
4	8	76	30
76	20	4	30	
4	14	174	52
174	13	82	6	52	
4	976	76	77
-1
3	473	167	3
-1
2	283	123	144
-1
1	611	107	116
-1
4	920	48	33
-1
2	953	160	120
-1
1	110	80	60
-1
1	905	51	184
-1
3	734	35	60
-1
2	738	194	185
-1
2	14	159	12
159	5	78	12	
4	416	86	130
-1
2	959	159	52
-1
3	827	193	159
-1
2	459	3	6
-1
4	578	74	165
-1
1	589	27	197
-1
1	772	136	47
-1
2	983	192	33
-1
2	520	125	26
-1
3	131	62	136
-1
2	413	28	22
-1
2	264	43	132
-1
4	822	154	124
-1
3	380	180	78
-1
2	344	190	152
-1
1	740	119	130
-1
1	538	107	17
-1
4	770	30	8
-1
3	147	13	84
-1
4	683	84	98
-1
1	56	166	125
-1
4	739	178	119
-1
1	662	42	72
-1
3	491	15	3
-1
2	794	194	144
-1
4	523	90	62
-1
3	491	181	168
-1
1	898	119	198
-1
1	534	40	162
-1
1	431	187	45
-1
2	955	21	162
-1
2	873	28	140
-1
1	497	166	133
-1
1	651	179	147
-1
2	795	21	141
-1
3	208	15	182
-1
1	776	89	162
-1
3	325	180	32
-1
1	838	29	72
-1
1	482	162	10
-1
1	443	144	182
-1
4	134	98	9
-1
2	466	123	126
-1
1	613	19	104
-1
2	305	21	76
-1
3	238	15	90
-1
1	799	23	131
-1
3	231	150	110
-1
1	302	26	90
-1
2	863	63	4
-1
2	244	96	147
-1
4	852	90	197
-1
3	777	24	119
-1
3	32	41	89
41	16	37	8	89	
4	107	5	61
5	18	61	
1	149	61	28
-1
4	679	98	2
-1
2	540	97	151
-1
4	981	79	128
-1
2	184	132	190
-1
2	283	194	37
-1
3	231	37	126
-1
4	549	88	101
-1
1	789	16	142
-1
2	249	199	98
-1
1	76	57	159
-1
1	829	157	56
-1
3	579	35	104
-1
2	58	126	182
126	15	20	5	18	182	
1	399	107	113
-1
1	435	42	106
-1
4	313	124	142
-1
4	165	154	181
-1
1	458	54	148
-1
2	156	194	98
-1
4	914	195	107
-1
1	321	22	63
-1
1	825	51	50
-1
3	6	181	175
181	12	19	43	8	175	
2	519	39	81
-1
3	576	37	123
-1
3	718	24	198
-1
1	850	136	104
-1
2	750	100	109
-1
4	447	158	103
-1
3	753	113	97
-1
4	816	178	70
-1
4	665	98	120
-1
1	191	122	101
-1
1	672	80	139
-1
2	346	198	127
-1
2	143	125	150
125	7	150	
2	998	194	85
-1
2	107	44	137
-1
3	609	193	94
-1
4	457	191	158
-1
1	726	144	135
-1
1	598	111	32
-1
2	298	127	106
-1
2	588	117	185
-1
2	866	140	134
-1
4	568	85	58
-1
3	652	180	52
-1
2	340	177	47
-1
3	385	35	39
-1
4	942	195	29
-1
2	628	3	124
-1
2	60	81	34
-1
1	117	78	112
-1
2	101	127	29
-1
1	586	66	120
-1
4	443	131	5
-1
4	446	98	136
-1
3	92	102	64
-1
3	482	193	51
-1
4	63	178	45
178	6	15	45	
1	586	119	48
-1
3	572	147	128
-1
4	35	158	5
158	9	92	5	
1	815	26	83
-1
1	935	78	148
-1
2	91	63	30
63	4	30	
1	426	57	80
-1
4	641	103	181
-1
3	491	146	173
-1
3	936	180	102
-1
1	135	42	21
-1
1	814	179	119
-1
3	570	150	76
-1
2	52	137	53
137	11	100	18	53	
2	199	151	130
-1
4	580	85	192
-1
2	59	175	200
-1
3	991	152	102
-1
3	364	145	200
-1
3	265	35	179
-1
1	637	122	172
-1
2	755	8	150
-1
2	382	21	52
-1
2	634	190	188
-1
3	315	41	138
-1
4	306	191	23
-1
2	106	171	149
-1
3	159	181	53
-1
2	910	172	197
-1
3	840	87	183
-1
4	11	103	57
103	76	20	5	18	100	57	
2	361	140	64
-1
4	164	46	85
-1
3	751	180	74
-1
4	288	165	67
-1
1	62	80	9
-1
2	163	137	179
-1
2	15	194	112
194	5	86	8	112	
2	963	105	83
-1
3	145	14	169
14	84	16	169	
1	201	6	71
6	19	71	
1	617	16	162
-1
3	501	128	8
-1
4	126	91	139
-1
3	544	193	103
-1
1	953	33	134
-1
2	283	94	71
-1
2	594	8	16
-1
4	228	174	120
-1
1	196	136	86
-1
1	467	33	91
-1
2	380	185	58
-1
1	987	1	138
-1
2	77	53	28
53	71	13	28	
4	580	131	21
-1
4	865	74	53
-1
4	535	178	98
-1
3	103	13	58
13	58	
4	22	158	31
158	9	92	5	20	10	31	
3	259	186	119
-1
3	301	181	103
-1
2	159	199	87
-1
1	896	179	88
-1
2	675	117	92
-1
2	247	194	22
-1
2	251	125	48
-1
2	101	189	177
-1
4	958	76	189
-1
4	540	178	147
-1
2	810	151	132
-1
3	912	10	64
-1
4	399	110	63
-1
1	238	20	41
-1
4	929	67	109
-1
2	303	94	102
-1
2	550	140	178
-1
4	326	191	167
-1
2	267	43	42
-1
3	613	152	19
-1
4	296	91	169
-1
2	159	53	130
-1
3	21	164	192
164	15	27	1	192	
3	613	114	11
-1
2	274	151	78
-1
2	727	32	171
-1
3	905	134	62
-1
3	671	35	4
-1
2	264	112	46
112	8	46	
4	434	178	197
-1
1	554	142	40
-1
2	884	189	92
-1
1	75	148	55
148	12	19	55	
2	637	120	169
-1
4	466	85	71
-1
4	588	158	102
-1
4	250	84	187
-1
2	53	188	173
-1
3	451	10	37
-1
3	47	25	166
25	6	15	20	4	166	
3	438	10	108
-1
3	729	164	48
-1
2	536	199	195
-1
3	904	25	115
-1
1	126	61	199
-1
2	780	127	108
-1
3	518	114	191
-1
1	891	115	131
-1
1	927	168	92
-1
3	892	170	117
-1
1	751	16	78
-1
1	799	54	41
-1
3	545	134	39
-1
1	11	69	15
69	20	15	
4	809	124	76
-1
2	268	50	154
-1
1	59	29	67
29	11	67	
4	141	98	134
-1
2	832	188	101
-1
1	100	66	22
-1
4	378	110	37
-1
1	570	60	42
-1
3	561	10	128
-1
3	775	155	196
-1
4	850	165	120
-1
2	603	126	121
-1
3	622	193	101
-1
2	155	3	198
-1
3	607	143	138
-1
2	780	127	3
-1
4	16	178	112
178	6	37	8	112	
3	810	155	124
-1
2	537	125	85
-1
4	84	85	191
-1
4	355	11	156
-1
1	475	61	33
-1
3	927	15	177
-1
2	525	188	132
-1
2	862	94	74
-1
3	216	52	152
-1
2	128	31	130
-1
2	403	199	84
-1
4	487	161	160
-1
4	278	48	196
-1
4	785	131	7
-1
4	169	86	19
-1
2	345	112	33
-1
2	76	39	173
-1
3	502	163	66
-1
1	453	176	70
-1
4	382	191	100
-1
1	18	70	50
70	1	79	50	
3	929	24	9
-1
1	325	111	56
-1
2	683	140	187
-1
4	501	124	24
-1
2	85	44	87
-1
2	57	188	125
-1
1	275	16	39
-1
1	344	69	14
69	14	
3	395	121	157
-1
1	445	55	178
-1
3	653	24	2
-1
3	261	152	64
-1
2	999	28	3
-1
4	222	110	78
-1
3	108	10	121
-1
1	585	95	60
-1
4	823	103	75
-1
2	389	177	143
-1
3	497	72	16
-1
4	626	67	22
-1
2	827	63	45
-1
1	290	115	196
-1
2	644	127	176
-1
2	321	125	85
-1
4	193	98	47
-1
4	253	158	93
-1
1	279	142	195
-1
2	774	116	124
-1
4	189	56	195
-1
3	962	152	13
-1
4	406	178	75
-1
4	153	156	142
-1
2	528	198	20
-1
3	565	41	145
-1
3	411	114	42
-1
4	503	106	199
-1
4	897	110	92
-1
2	572	189	8
-1
1	167	162	63
-1
3	131	102	167
-1
2	558	63	96
-1
3	451	68	51
-1
2	70	172	200
-1
2	766	100	193
-1
1	408	64	106
-1
4	158	74	163
-1
3	250	128	73
-1
3	857	24	13
-1
2	71	196	174
-1
3	37	114	75
-1
2	732	196	137
-1
2	335	105	156
-1
3	134	155	127
-1
2	126	177	178
-1
1	983	142	193
-1
1	898	149	18
-1
1	122	107	145
-1
1	934	108	121
-1
3	107	164	68
164	15	68	
3	533	34	181
-1
1	469	23	128
-1
4	376	106	33
-1
1	702	40	139
-1
2	32	126	115
-1
1	224	51	9
-1
3	42	186	157
186	14	2	157	
3	986	83	15
-1
2	306	4	122
-1
2	925	137	37
-1
4	657	195	23
-1
2	985	127	45
-1
3	169	147	150
-1
1	307	122	142
-1
2	174	175	67
-1
1	182	6	69
-1
4	90	30	6
30	99	15	6	
1	57	23	88
23	2	60	18	88	
2	330	160	43
-1
3	767	18	131
-1
1	141	142	125
-1
2	785	199	3
-1
1	486	183	149
-1
2	579	151	22
-1
3	845	9	197
-1
3	466	182	154
-1
1	71	115	183
-1
4	911	5	157
-1
1	105	61	117
-1
2	236	190	134
-1
1	760	108	75
-1
4	915	48	73
-1
2	463	32	7
-1
1	837	70	109
-1
4	33	48	118
48	20	15	27	1	118	
3	138	45	51
-1
3	673	62	166
-1
4	29	84	170
84	1	27	15	6	170	
3	545	146	182
-1
1	878	51	171
-1
4	305	86	79
-1
3	777	197	78
-1
1	336	111	62
-1
2	444	126	131
-1
1	113	162	130
-1
3	164	146	126
-1
3	481	83	139
-1
1	450	107	23
-1
1	183	136	168
-1
1	305	80	170
-1
4	583	110	55
-1
3	213	14	4
-1
1	274	142	114
-1
3	604	77	191
-1
3	485	121	104
-1
1	763	33	1
-1
1	901	148	84
-1
2	323	28	190
-1
1	643	29	77
-1
4	612	11	157
-1
2	819	116	18
-1
2	22	50	31
50	14	74	10	31	
3	487	62	172
-1
3	678	135	49
-1
4	781	90	121
-1
2	182	175	153
-1
2	17	137	101
137	11	41	16	101	
3	958	37	128
-1
2	387	112	157
-1
4	143	106	119
-1
1	512	69	34
-1
3	742	87	84
-1
1	665	108	97
-1
3	913	147	32
-1
3	633	24	121
-1
4	938	156	47
-1
1	638	89	135
-1
1	917	57	124
-1
3	225	167	35
-1
3	744	153	92
-1
1	777	95	160
-1
1	612	6	47
-1
4	109	99	106
-1
3	892	163	52
-1
2	212	28	27
-1
1	611	12	135
-1
1	145	149	23
-1
3	68	138	32
138	19	94	32	
1	54	55	198
55	19	12	198	
2	745	31	150
-1
4	105	174	196
-1
4	303	103	153
-1
1	8	66	51
66	54	18	60	2	51	
4	412	174	165
-1
2	838	17	192
-1
3	124	181	156
-1
4	99	191	104
-1
3	130	135	194
-1
3	527	155	200
-1
2	676	160	30
-1
2	423	105	156
-1
4	575	161	58
-1
2	577	63	75
-1
1	741	70	1
-1
1	685	33	17
-1
1	40	23	197
23	2	60	18	100	11	197	
3	95	146	187
-1
2	840	44	74
-1
3	839	173	180
-1
1	669	51	139
-1
1	776	78	43
-1
2	585	100	155
-1
4	59	74	17
74	6	56	17	
2	659	50	39
-1
3	276	143	71
-1
1	824	179	45
-1
3	211	170	191
-1
1	636	64	186
-1
4	815	56	111
-1
2	505	94	161
-1
3	100	114	39
-1
1	54	89	138
89	43	19	138	
2	671	73	164
-1
4	661	84	165
-1
1	83	142	107
-1
4	128	169	37
169	16	37	
3	270	193	6
-1
3	255	155	22
-1
2	917	190	77
-1
4	78	156	170
-1
1	468	60	36
-1
2	157	159	124
-1
3	720	13	149
-1
3	437	35	32
-1
2	695	47	173
-1
2	532	129	94
-1
2	337	8	86
-1
3	910	77	40
-1
4	386	84	29
-1
2	308	200	136
-1
1	343	29	195
-1
2	618	96	154
-1
4	366	5	118
-1
4	349	76	104
-1
2	874	112	150
-1
2	567	7	78
-1
3	604	138	86
-1
1	843	26	114
-1
1	623	136	197
-1
2	758	73	149
-1
2	752	132	129
-1
4	57	74	25
74	6	25	
2	726	44	181
-1
4	429	161	56
-1
4	178	110	168
-1
3	56	135	174
135	11	67	13	174	
1	893	101	63
-1
2	958	104	88
-1
4	155	98	175
-1
2	455	120	48
-1
1	583	29	179
-1
2	359	132	5
-1
3	939	141	200
-1
1	747	66	160
-1
1	514	95	21
-1
3	639	72	155
-1
4	653	79	7
-1
2	540	171	62
-1
2	267	129	159
-1
3	866	35	30
-1
3	644	41	10
-1
1	1000	23	142
-1
3	551	134	82
-1
3	311	24	147
-1
3	683	170	41
-1
3	190	83	65
-1
2	396	73	143
-1
2	610	125	66
-1
2	968	17	146
-1
3	150	83	132
-1
1	559	148	172
-1
3	652	143	146
-1
1	133	95	79
-1
3	432	45	103
-1
1	624	107	72
-1
1	888	142	107
-1
2	631	132	131
-1
1	96	78	56
78	12	73	56	
3	593	87	24
-1
2	924	7	106
-1
1	895	108	5
-1
1	792	66	147
-1
1	271	70	41
-1
2	325	2	38
-1
2	996	185	144
-1
3	854	9	85
-1
2	185	96	167
-1
1	992	78	45
-1
2	815	125	83
-1
2	272	117	41
-1
1	876	40	148
-1
4	622	86	166
-1
1	215	78	35
-1
2	852	100	188
-1
3	547	24	173
-1
2	632	171	133
-1
3	350	25	28
-1
4	394	161	106
-1
3	77	152	182
152	2	60	18	182	
3	69	118	99
118	1	27	15	99	
2	817	189	90
-1
1	582	64	176
-1
3	368	37	5
-1
1	955	51	104
-1
1	479	54	127
-1
3	211	153	97
-1
1	39	136	73
136	7	68	6	56	73	
4	296	85	185
-1
4	429	79	136
-1
1	327	107	5
-1
2	617	175	193
-1
3	544	143	8
-1
4	900	76	45
-1
2	603	43	47
-1
2	681	198	101
-1
2	129	28	53
-1
2	802	39	188
-1
1	586	29	24
-1
4	474	124	102
-1
2	630	104	160
-1
2	623	31	87
-1
2	30	199	29
199	10	20	16	29	
2	826	94	105
-1
3	873	193	99
-1
3	725	147	96
-1
1	929	27	124
-1
3	468	155	114
-1
1	691	108	142
-1
4	993	46	17
-1
3	504	71	120
-1
2	590	100	102
-1
1	771	122	100
-1
2	627	104	145
-1
2	525	129	137
-1
3	773	153	83
-1
3	848	77	61
-1
4	961	5	16
-1
3	502	72	75
-1
3	470	163	120
-1
1	589	107	190
-1
3	891	10	42
-1
3	342	152	163
-1
4	487	74	18
-1
2	223	100	99
-1
1	858	176	51
-1
1	718	148	128
-1
3	285	147	132
-1
1	712	107	4
-1
2	231	160	118
-1
1	373	29	24
-1
3	414	170	185
-1
1	328	60	88
-1
1	498	1	161
-1
2	396	39	12
-1
3	246	14	188
-1
3	773	71	87
-1
2	257	140	34
-1
2	812	177	92
-1
4	129	88	52
-1
1	552	70	32
-1
1	288	42	1
-1
2	576	7	12
-1
3	888	87	165
-1
1	500	184	3
-1
1	639	179	16
-1
3	77	24	38
-1
1	310	149	178
-1
4	354	5	154
-1
1	357	16	41
16	41	
2	788	96	110
-1
2	941	199	104
-1
4	704	86	62
-1
1	68	61	148
-1
1	871	101	131
-1
2	38	200	109
-1
1	76	38	85
-1
3	53	114	33
-1
1	958	176	189
-1
2	150	81	156
-1
3	211	37	51
-1
1	866	176	49
-1
3	528	68	86
-1
2	875	172	99
-1
2	406	39	199
-1
1	866	61	150
-1
4	150	99	139
-1
4	734	174	4
-1
4	522	178	179
-1
3	29	87	59
87	89	50	14	2	60	18	59	
4	31	36	47
36	13	47	
2	431	198	23
-1
1	517	64	90
-1
4	215	191	13
-1
1	765	65	52
-1
1	314	22	64
-1
4	852	88	162
-1
2	455	189	87
-1
2	786	123	16
-1
2	196	196	102
-1
2	43	177	89
177	12	19	43	89	
2	817	7	87
-1
1	458	38	150
-1
4	671	154	140
-1
2	874	120	156
-1
4	937	36	130
-1
1	251	149	169
-1
3	889	152	157
-1
1	257	6	31
-1
3	310	143	179
-1
1	199	139	155
-1
3	485	133	161
-1
1	386	101	198
-1
4	77	158	103
-1
3	784	180	174
-1
2	913	53	9
-1
1	681	142	157
-1
2	590	192	60
-1
2	20	32	18
32	18	
4	198	88	160
-1
2	504	198	50
-1
2	265	196	134
-1
2	614	32	34
-1
4	717	169	144
-1
3	490	197	75
-1
3	51	180	80
180	16	84	14	2	80	
3	359	45	21
-1
2	619	125	164
-1
1	636	66	195
-1
4	547	86	35
-1
3	197	35	32
-1
1	682	139	179
-1
3	468	155	162
-1
1	363	168	82
-1
4	37	36	78
36	14	84	1	78	
1	716	78	57
-1
3	336	128	101
-1
1	499	38	178
-1
4	446	56	43
-1
2	80	43	80
-1
2	63	190	67
-1
3	241	138	157
-1
1	154	19	111
-1
4	835	86	30
-1
4	712	48	18
-1
3	920	37	95
-1
3	373	152	174
-1
1	750	40	11
-1
3	344	138	19
138	19	
3	176	135	61
-1
3	442	14	50
-1
4	998	76	139
-1
3	460	68	158
-1
2	89	21	195
-1
1	306	55	195
-1
3	952	118	31
-1
1	77	38	134
-1
3	40	10	173
10	20	15	62	17	173	
1	458	111	63
-1
1	670	6	197
-1
3	872	181	163
-1
4	610	174	190
-1
2	567	123	10
-1
3	914	182	30
-1
3	308	71	37
-1
3	490	128	106
-1
2	823	32	143
-1
1	348	108	104
-1
3	210	147	166
-1
4	558	156	172
-1
1	472	26	104
-1
2	662	49	78
-1
2	423	58	152
-1
2	852	177	134
-1
4	840	90	156
-1
1	98	149	83
-1
2	192	190	66
-1
3	496	164	174
-1
1	813	111	72
-1
3	136	72	180
-1
4	640	30	157
-1
1	469	101	5
-1
3	620	114	62
-1
1	905	136	38
-1
2	60	140	79
140	10	74	1	79	
4	95	131	179
131	6	15	179	
2	960	28	168
-1
1	85	20	132
20	13	71	132	
4	157	67	194
-1
4	688	79	66
-1
3	644	15	95
-1
1	600	6	147
-1
4	813	74	13
-1
3	851	45	148
-1
3	681	150	39
-1
4	260	161	170
-1
1	427	55	149
-1
3	710	15	168
-1
4	104	99	34
99	15	34	
2	169	7	65
-1
2	815	94	79
-1
1	161	89	84
-1
4	573	88	109
-1
1	473	101	105
-1
4	711	103	6
-1
3	832	135	167
-1
2	581	194	21
-1
3	148	173	187
-1
4	734	82	86
-1
2	798	185	44
-1
3	828	153	138
-1
1	463	119	178
-1
1	523	80	18
-1
2	627	4	70
-1
2	385	28	172
-1
4	151	91	106
-1
1	371	122	52
-1
1	358	54	24
-1
4	195	154	105
-1
2	38	39	42
39	18	42	
2	927	188	146
-1
3	505	15	65
-1
1	722	29	96
-1
2	743	151	51
-1
2	714	129	79
-1
3	371	113	121
-1
3	974	15	194
-1
3	597	186	48
-1
1	654	95	1
-1
1	247	89	39
-1
1	192	78	26
-1
4	656	5	192
-1
1	503	61	20
-1
3	954	134	122
-1
4	184	76	2
-1
3	904	141	67
-1
2	297	63	33
-1
3	944	37	170
-1
2	696	185	64
-1
2	286	190	104
-1
4	863	36	134
-1
2	254	28	138
-1
3	625	35	150
-1
3	498	138	83
-1
4	852	91	110
-1
4	70	74	50
74	14	50	
2	302	177	112
-1
3	272	25	100
-1
4	335	169	85
-1
1	391	16	26
-1
3	124	102	62
-1
3	813	164	89
-1
3	962	170	123
-1
3	996	146	12
-1
2	305	44	102
-1
2	306	47	127
-1
2	369	116	103
-1
2	821	17	80
-1
4	905	88	48
-1
2	682	175	15
-1
2	343	117	116
-1
1	783	40	32
-1
2	658	4	1
-1
2	469	117	146
-1
2	171	112	141
-1
1	649	168	187
-1
3	104	25	102
-1
3	183	193	71
-1
3	830	13	110
-1
1	444	69	84
69	14	84	
2	312	151	152
-1
3	943	45	143
-1
2	295	28	146
-1
4	640	85	62
-1
3	533	153	125
-1
4	119	75	92
75	9	92	
4	173	124	116
-1
1	643	27	61
-1
3	152	9	25
-1
2	388	190	46
-1
2	739	185	196
-1
4	682	48	192
-1
2	379	190	19
-1
4	441	36	55
-1
2	565	28	8
-1
2	409	160	34
-1
4	924	30	157
-1
2	536	2	135
-1
2	361	44	95
-1
1	6	148	84
148	12	78	1	84	
3	153	135	21
-1
2	144	73	68
-1
4	115	106	10
-1
4	369	85	45
-1
3	728	77	72
-1
3	362	41	183
-1
2	270	49	13
-1
2	557	125	14
-1
1	51	60	10
60	2	3	10	
2	287	172	157
-1
2	707	177	91
-1
2	326	81	115
-1
2	735	177	21
-1
4	932	91	57
-1
2	555	59	133
-1
1	138	139	125
-1
2	150	100	174
-1
3	763	121	50
-1
3	972	77	109
-1
3	280	128	81
-1
1	370	166	9
-1
3	685	24	90
-1
1	257	149	66
-1
4	465	36	108
-1
3	397	167	118
-1
3	321	121	56
-1
2	646	58	155
-1
2	295	159	76
-1
4	156	74	152
74	14	2	152	
3	236	197	31
-1
3	596	77	196
-1
4	37	46	19
46	8	43	19	
4	54	82	120
82	6	15	120	
4	761	90	155
-1
4	879	154	73
-1
3	134	102	193
-1
1	241	23	3
-1
1	468	20	113
-1
1	371	115	186
-1
1	2	70	183
70	1	79	9	183	
1	349	57	11
-1
3	120	52	56
-1
3	639	41	90
-1
2	345	94	179
-1
1	817	55	85
-1
3	961	133	186
-1
3	915	18	160
-1
2	828	58	180
-1
3	165	77	46
-1
4	899	48	67
-1
2	309	49	123
-1
1	117	149	126
-1
3	6	68	166
68	15	20	4	166	
2	936	58	60
-1
4	372	154	66
-1
3	358	170	150
-1
3	269	83	167
-1
1	400	149	177
-1
3	45	128	53
128	12	19	71	53	
2	711	93	100
-1
3	985	143	100
-1
3	463	52	1
-1
2	180	120	20
-1
3	191	77	78
-1
1	256	12	31
-1
1	605	184	153
-1
2	724	93	187
-1
4	500	161	135
-1
4	104	161	63
-1
1	204	157	107
-1
1	855	20	49
-1
4	55	156	52
156	13	82	6	52	
3	275	170	171
-1
3	504	150	47
-1
1	734	92	11
-1
1	838	148	146
-1
2	776	104	38
-1
1	111	27	150
-1
1	725	78	62
-1
3	431	182	171
-1
2	479	137	190
-1
4	531	191	145
-1
4	53	46	115
-1
3	700	72	16
-1
2	462	175	107
-1
1	7	60	6
60	2	14	74	6	
4	396	98	110
-1
2	897	73	88
-1
3	559	135	118
-1
2	129	59	99
-1
1	670	89	187
-1
2	166	120	177
-1
2	432	2	174
-1
1	647	54	45
-1
2	706	105	171
-1
1	511	166	31
-1
2	372	172	80
-1
1	660	119	104
-1
1	577	16	39
-1
4	227	174	97
-1
1	813	54	138
-1
4	541	75	57
-1
1	467	40	10
-1
3	863	72	63
-1
1	234	70	120
-1
2	664	175	85
-1
4	695	86	9
-1
1	398	57	127
-1
3	236	68	142
-1
2	285	196	67
-1
1	622	22	72
-1
3	430	186	146
-1
4	239	79	138
-1
3	453	145	9
-1
2	772	159	78
-1
2	657	192	53
-1
2	817	7	90
-1
1	943	101	146
-1
4	637	99	14
-1
4	455	86	161
-1
3	879	170	183
-1
3	224	143	120
-1
2	361	172	198
-1
3	721	10	94
-1
2	599	63	5
-1
3	403	186	148
-1
1	292	42	155
-1
2	989	58	7
-1
3	154	153	57
-1
3	715	141	95
-1
4	897	195	64
-1
2	568	73	7
-1
2	918	49	130
-1
4	411	161	140
-1
3	615	34	154
-1
2	763	32	139
-1
3	869	186	133
-1
3	627	77	142
-1
1	436	65	46
-1
1	530	19	186
-1
3	545	134	133
-1
3	103	181	157
-1
2	633	100	5
-1
2	724	17	118
-1
2	829	28	151
-1
2	719	194	134
-1
1	403	108	71
-1
3	345	128	147
-1
1	190	107	163
-1
1	928	142	133
-1
1	660	23	17
-1
1	616	119	149
-1
1	373	22	49
-1
1	642	6	65
-1
2	144	81	44
-1
1	829	61	190
-1
1	99	179	97
-1
3	597	182	177
-1
1	959	78	83
-1
1	44	19	24
19	6	24	
3	212	146	198
-1
1	361	157	68
-1
2	761	125	41
-1
2	625	49	46
-1
4	421	90	78
-1
1	410	33	138
-1
3	58	13	117
13	67	11	117	
1	234	111	50
-1
1	916	107	79
-1
1	891	65	97
-1
1	40	60	195
60	18	100	11	195	
3	908	72	103
-1
1	948	184	27
-1
1	146	144	75
-1
1	223	168	116
-1
2	361	140	100
-1
1	629	101	112
-1
2	430	159	22
-1
1	108	144	128
-1
1	556	60	145
-1
3	702	102	156
-1
1	557	142	27
-1
1	383	1	10
-1
1	610	148	153
-1
2	877	93	73
-1
3	977	68	164
-1
3	440	180	65
-1
2	14	8	23
8	46	3	2	23	
2	293	189	166
-1
4	237	48	177
-1
3	945	155	31
-1
1	571	57	124
-1
3	533	13	124
-1
3	237	147	71
-1
1	661	108	116
-1
2	225	185	183
-1
3	689	113	114
-1
2	463	104	121
-1
2	780	117	61
-1
3	909	10	60
-1
2	739	198	14
-1
1	662	142	22
-1
1	585	65	186
-1
3	807	197	85
-1
2	474	185	192
-1
4	808	46	128
-1
1	521	22	40
-1
4	593	110	96
-1
4	805	124	12
-1
4	264	103	21
-1
4	878	11	171
-1
1	699	101	112
-1
1	637	162	176
-1
4	721	98	124
-1
1	912	57	61
-1
1	792	130	106
-1
4	983	90	127
-1
3	278	10	188
-1
3	690	155	63
-1
2	862	159	165
-1
1	32	23	128
23	17	19	12	128	
3	144	52	28
-1
3	471	150	142
-1
3	547	138	39
-1
2	607	58	95
-1
1	664	122	177
-1
3	942	113	66
-1
1	481	95	27
-1
3	743	173	133
-1
3	859	14	92
-1
4	738	75	66
-1
1	766	107	117
-1
2	659	2	18
-1
3	649	72	156
-1
3	544	170	13
-1
1	872	176	134
-1
4	89	191	198
-1
4	715	84	93
-1
3	400	164	17
-1
2	891	58	30
-1
2	156	117	104
-1
1	72	54	10
54	18	5	20	10	
2	689	171	11
-1
3	996	181	35
-1
4	9	30	4
30	4	
3	694	173	132
-1
2	844	196	74
-1
4	736	84	158
-1
3	704	150	73
-1
1	733	149	131
-1
4	388	191	199
-1
3	998	146	4
-1
4	760	169	127
-1
3	146	10	107
-1
4	350	5	136
-1
4	33	165	60
165	3	2	60	
4	506	11	55
-1
1	415	54	90
-1
3	888	141	192
-1
2	370	44	92
-1
3	720	128	83
-1
1	323	115	180
-1
2	649	112	149
-1
3	708	24	110
-1
4	443	169	114
-1
1	455	70	31
-1
3	261	102	41
-1
2	951	160	46
-1
2	294	126	186
-1
3	985	13	181
-1
3	267	134	108
-1
2	999	53	22
-1
3	899	128	86
-1
3	8	128	61
128	12	78	5	18	61	
3	673	35	29
-1
4	903	30	51
-1
4	95	84	104
-1
1	740	144	63
-1
4	925	46	189
-1
1	705	139	153
-1
4	164	124	39
-1
1	986	142	43
-1
2	223	140	122
-1
1	283	38	50
-1
3	663	45	36
-1
1	713	70	17
-1
2	817	172	100
-1
4	831	67	196
-1
4	171	158	193
-1
3	76	83	132
-1
1	266	139	7
-1
1	108	55	100
-1
3	982	41	40
-1
3	183	62	29
-1
2	418	96	26
-1
4	835	158	95
-1
1	886	23	18
-1
4	833	191	36
-1
3	978	173	194
-1
1	909	144	28
-1
2	667	171	118
-1
4	166	36	172
-1
1	757	95	163
-1
4	338	76	176
-1
2	563	58	71
-1
2	809	28	181
-1
3	626	14	3
-1
1	814	51	193
-1
4	759	36	165
-1
3	386	13	60
-1
2	455	73	30
-1
4	427	91	17
-1
2	989	8	64
-1
4	717	165	91
-1
1	187	54	101
-1
1	767	168	128
-1
1	521	176	93
-1
3	265	153	95
-1
3	830	118	130
-1
4	441	76	94
-1
3	823	13	166
-1
3	239	68	8
-1
2	854	94	16
-1
3	945	34	132
-1
3	45	150	185
-1
1	924	89	152
-1
2	768	7	127
-1
3	462	128	31
-1
2	544	192	149
-1
3	637	173	24
-1
3	355	14	37
-1
4	362	36	56
-1
1	177	26	101
-1
1	908	80	134
-1
1	244	176	36
-1
1	395	20	76
-1
1	873	95	82
-1
3	656	62	161
-1
2	204	123	153
-1
3	979	18	77
-1
1	367	55	42
-1
4	822	161	77
-1
1	122	122	55
-1
1	608	51	86
-1
4	643	158	61
-1
2	470	2	32
-1
1	151	148	126
-1
2	912	21	139
-1
2	16	28	13
28	13	
2	292	32	31
-1
4	534	161	37
-1
3	562	128	197
-1
1	968	149	118
-1
3	605	71	168
-1
4	65	79	78
79	1	78	
3	448	72	31
-1
3	973	141	178
-1
2	463	43	150
-1
4	676	154	177
-1
3	506	121	159
-1
4	942	165	120
-1
2	690	50	47
-1
3	407	163	195
-1
3	327	83	17
-1
3	4	87	94
87	89	43	19	94	
3	34	152	117
152	2	60	18	100	11	117	
2	163	199	57
-1
4	913	124	100
-1
3	641	138	5
-1
3	200	13	78
-1
1	919	70	194
-1
3	165	163	43
163	19	43	
3	111	52	157
-1
4	528	11	39
-1
2	373	137	126
-1
2	290	140	29
-1
2	98	125	27
-1
3	949	87	102
-1
2	106	151	192
-1
2	583	192	4
-1
4	376	191	26
-1
1	370	61	188
-1
3	126	25	40
-1
3	317	87	50
-1
3	842	14	138
-1
1	470	139	29
-1
2	648	28	153
-1
3	702	77	191
-1
1	93	26	142
-1
4	496	131	85
-1
1	121	65	27
-1
2	261	192	87
-1
4	252	161	63
-1
1	853	38	149
-1
4	390	154	115
-1
4	218	195	53
-1
1	722	16	32
-1
1	64	64	108
-1
2	805	117	85
-1
3	641	9	15
-1
4	67	56	79
56	6	15	27	1	79	
2	353	129	70
-1
2	15	189	182
189	2	60	18	182	
2	516	192	20
-1
2	30	44	125
44	62	15	68	7	125	
1	634	33	72
-1
2	265	2	87
-1
4	724	75	102
-1
3	609	138	18
-1
1	375	95	178
-1
3	254	135	34
-1
4	675	154	162
-1
4	9	106	102
106	12	19	43	8	102	
2	380	73	93
-1
2	104	188	136
-1
2	375	17	120
-1
2	14	2	73
2	23	17	56	73	
3	667	18	147
-1
3	37	141	36
141	13	36	
1	214	101	130
-1
4	47	76	17
76	20	15	62	17	
2	360	81	170
-1
1	61	107	75
-1
1	753	115	99
-1
2	640	94	86
-1
3	759	150	54
-1
4	383	76	55
-1
3	529	41	72
-1
1	965	108	165
-1
1	846	144	65
-1
4	462	109	92
-1
1	583	108	124
-1
4	210	67	31
-1
1	708	80	97
-1
1	594	184	143
-1
3	599	24	92
-1
3	654	134	167
-1
1	725	69	8
-1
3	241	197	67
-1
3	106	113	162
-1
1	749	111	70
-1
4	73	124	129
-1
1	455	107	196
-1
3	903	68	27
-1
2	445	175	10
-1
2	536	120	185
-1
1	255	119	71
-1
4	614	124	139
-1
4	280	48	87
-1
3	993	41	152
-1
4	262	98	62
-1
4	191	46	137
-1
1	138	70	43
-1
4	516	124	62
-1
1	725	27	37
-1
1	462	23	108
-1
1	484	111	26
-1
4	822	165	149
-1
1	60	130	149
-1
3	811	9	189
-1
1	624	1	86
-1
3	961	14	83
-1
4	755	156	153
-1
3	217	45	28
-1
2	405	160	6
-1
3	912	37	29
-1
2	690	50	139
-1
3	390	133	55
-1
4	738	154	184
-1
3	678	13	144
-1
1	315	176	96
-1
2	750	199	109
-1
1	702	111	17
-1
1	329	66	13
-1
3	535	34	173
-1
1	115	38	161
-1
1	253	101	10
-1
2	907	190	142
-1
3	690	180	47
-1
1	233	69	11
-1
4	528	99	186
-1
3	188	13	137
-1
1	756	162	47
-1
3	369	15	64
-1
2	893	96	49
-1
3	53	182	86
182	18	5	86	
2	14	96	139
96	8	86	5	18	61	139	
1	555	148	128
-1
1	201	6	107
-1
1	363	95	128
-1
4	149	79	26
-1
4	885	158	190
-1
2	883	97	104
-1
2	899	53	118
-1
3	147	173	13
-1
1	385	65	146
-1
1	523	69	41
-1
4	602	82	188
-1
2	661	188	145
-1
2	788	140	39
-1
3	13	102	69
102	8	48	20	69	
2	354	2	178
-1
4	857	86	75
-1
3	927	121	79
-1
2	891	171	51
-1
2	637	117	67
-1
2	277	53	87
-1
2	417	175	168
-1
2	961	177	107
-1
3	952	37	46
-1
1	620	176	99
-1
2	198	140	101
-1
2	224	93	138
-1
3	102	102	58
-1
1	904	29	28
-1
3	170	118	97
-1
4	656	154	149
-1
1	375	183	76
-1
2	881	199	52
-1
1	78	111	40
-1
3	976	62	15
62	15	
3	76	34	154
-1
1	614	183	198
-1
4	823	158	99
-1
2	603	59	126
-1
3	99	114	196
-1
3	399	35	101
-1
1	674	42	83
-1
1	525	168	33
-1
4	316	48	144
-1
3	130	77	157
-1
2	35	4	142
-1
2	33	32	124
32	18	39	17	124	
3	331	45	81
-1
1	209	19	91
-1
2	204	21	4
-1
3	304	71	190
-1
1	139	70	31
-1
3	771	143	198
-1
1	866	20	197
-1
3	23	135	25
135	11	27	15	6	25	
2	564	17	29
-1
1	40	51	60
51	2	60	
3	672	35	56
-1
3	563	118	26
-1
2	318	126	47
-1
2	460	81	69
-1
1	290	184	90
-1
4	240	74	33
-1
3	836	45	4
-1
4	861	110	138
-1
4	641	84	106
-1
2	900	200	157
-1
4	307	191	143
-1
3	332	62	60
-1
1	930	176	137
-1
4	199	46	169
-1
2	888	105	153
-1
2	672	194	178
-1
1	75	33	22
-1
2	765	21	84
-1
1	870	33	119
-1
2	778	73	118
-1
4	521	124	108
-1
4	132	30	122
-1
4	821	161	97
-1
4	789	91	142
-1
3	693	41	46
-1
1	671	80	192
-1
2	844	104	176
-1
1	727	130	196
-1
2	46	94	180
94	16	180	
3	715	164	52
-1
2	775	93	175
-1
4	896	165	4
-1
2	992	97	117
-1
1	86	69	159
69	20	5	159	
1	283	57	151
-1
3	874	102	182
-1
2	802	172	85
-1
1	549	16	15
-1
2	329	94	60
-1
1	780	139	175
-1
4	507	5	68
-1
1	462	179	32
-1
4	978	74	80
-1
3	688	18	148
-1
4	438	103	157
-1
2	172	185	58
-1
4	856	11	181
-1
1	622	12	195
-1
2	882	160	40
-1
4	208	88	130
-1
1	675	20	135
-1
1	859	78	113
-1
2	538	140	139
-1
1	238	69	156
-1
4	746	156	10
-1
3	403	146	194
-1
1	583	69	156
-1
4	129	124	167
-1
4	769	98	79
-1
4	898	131	118
-1
3	584	138	137
-1
4	897	165	14
-1
1	787	23	105
-1
2	542	112	173
-1
1	951	101	80
-1
4	296	46	177
-1
2	804	200	45
-1
3	922	182	121
-1
2	200	63	18
-1
1	318	183	100
-1
2	406	32	37
-1
1	620	16	153
-1
1	476	64	127
-1
2	248	50	39
-1
3	327	143	91
-1
3	856	45	137
-1
1	300	92	136
-1
1	572	95	70
-1
2	941	17	84
-1
1	640	16	66
-1
4	229	85	97
-1
4	381	91	64
-1
3	308	62	127
-1
2	898	137	128
-1
1	740	136	70
-1
3	876	14	114
-1
1	764	69	6
-1
3	985	121	52
-1
1	668	92	68
-1
1	285	33	36
-1
3	733	72	120
-1
2	597	100	162
-1
1	475	33	23
-1
2	803	140	111
-1
2	824	189	46
-1
3	490	128	60
-1
4	95	156	128
-1
3	146	71	48
71	19	48	
1	566	55	92
-1
4	201	74	124
-1
4	72	110	147
-1
1	234	42	47
-1
2	656	190	31
-1
1	519	65	170
-1
1	364	19	110
-1
1	223	42	37
-1
3	303	83	144
-1
2	902	177	14
-1
4	593	75	20
-1
2	668	192	93
-1
2	415	192	2
-1
2	413	63	196
-1
4	43	48	185
48	16	41	11	185	
4	964	56	1
-1
4	73	174	19
174	13	71	19	
2	461	137	13
-1
2	5	112	95
112	8	43	19	95	
1	818	166	24
-1
1	238	19	50
-1
1	282	12	41
-1
2	884	31	184
-1
3	479	45	198
-1
1	15	57	46
57	32	86	8	46	
4	616	99	101
-1
3	786	62	26
-1
4	350	86	114
-1
3	797	147	25
-1
2	220	151	142
-1
1	821	168	161
-1
1	461	157	124
-1
2	44	39	154
39	17	154	
4	641	74	199
-1
2	838	104	7
-1
3	938	118	58
-1
4	163	85	71
-1
3	877	71	157
-1
2	653	172	103
-1
1	795	168	5
-1
1	907	139	172
-1
2	230	159	81
-1
2	135	171	119
-1
1	333	166	144
-1
2	292	7	47
-1
2	349	196	116
-1
3	819	134	1
-1
4	775	48	23
-1
4	29	76	194
76	20	5	194	
2	233	129	162
-1
4	557	75	100
-1
3	237	133	11
-1
1	907	162	181
-1
2	450	96	99
-1
3	48	181	57
-1
3	363	24	52
-1
2	363	172	185
-1
1	185	142	185
-1
1	179	69	60
69	14	2	60	
2	492	97	140
-1
1	343	130	166
-1
1	905	38	98
-1
4	638	74	11
-1
2	936	132	59
-1
3	792	133	191
-1
3	43	180	14
180	16	84	14	
1	980	142	185
-1
2	764	105	78
-1
3	975	41	146
-1
2	267	171	43
-1
3	432	62	124
-1
1	730	157	161
-1
1	92	61	186
-1
4	950	98	117
-1
1	340	33	49
-1
3	553	24	28
-1
1	289	19	121
-1
2	367	198	25
-1
3	912	113	18
-1
3	306	87	188
-1
3	429	153	2
-1
2	541	137	158
-1
1	526	66	18
-1
1	994	157	68
-1
2	394	59	100
-1
2	421	198	76
-1
4	494	103	94
-1
4	270	191	91
-1
4	287	109	3
-1
2	75	21	41
21	5	20	15	41	
2	828	126	146
-1
1	185	107	82
-1
2	754	47	99
-1
3	821	173	7
-1
3	321	118	65
-1
2	396	112	15
-1
4	89	84	117
-1
2	731	177	59
-1
2	85	47	168
-1
3	125	133	140
-1
2	822	159	17
-1
3	255	186	123
-1
2	505	123	122
-1
4	312	76	94
-1
2	328	96	11
-1
1	542	168	74
-1
1	210	115	158
-1
3	269	155	134
-1
3	788	37	180
-1
3	327	121	65
-1
2	895	198	23
-1
2	570	171	9
-1
1	891	26	82
-1
1	384	130	157
-1
3	746	193	5
-1
3	20	121	124
121	12	19	17	124	
3	329	62	191
-1
3	462	24	97
-1
1	394	92	134
-1
2	58	31	54
-1
1	880	157	3
-1
2	40	3	174
3	10	20	13	174	
2	722	172	151
-1
3	30	62	80
62	17	23	2	80	
3	434	197	73
-1
3	310	143	145
-1
3	700	114	6
-1
1	396	42	181
-1
1	481	55	72
-1
4	335	48	102
-1
2	489	105	10
-1
2	62	137	13
137	11	67	13	
1	12	176	184
176	5	92	2	184	
2	844	49	198
-1
4	868	79	194
-1
1	412	64	88
-1
3	369	173	153
-1
3	950	24	146
-1
2	773	172	1
-1
3	275	52	48
-1
3	836	138	153
-1
1	1000	179	89
-1
1	336	40	16
-1
2	733	4	65
-1
2	926	199	95
-1
1	366	66	110
-1
3	718	77	35
-1
3	664	197	58
-1
3	664	146	181
-1
1	463	119	185
-1
3	767	145	122
-1
2	807	132	100
-1
2	623	132	92
-1
4	639	67	47
-1
2	885	151	45
-1
2	794	28	62
-1
3	28	193	90
193	11	100	18	5	90	
2	638	63	86
-1
2	18	126	32
126	15	94	32	
3	2	141	102
141	13	86	8	102	
2	276	3	46
3	46	
3	327	170	177
-1
1	570	176	60
-1
3	16	150	78
150	7	68	15	27	1	78	
2	212	140	28
-1
3	673	24	8
24	8	
3	162	18	152
-1
3	48	197	14
-1
3	631	34	91
-1
2	332	4	31
-1
4	777	5	186
-1
2	505	32	107
-1
2	165	159	34
-1
3	794	128	184
-1
2	422	96	75
-1
1	381	107	99
-1
2	332	132	68
-1
2	698	93	64
-1
1	788	92	98
-1
1	971	122	101
-1
2	708	53	57
-1
3	414	181	41
-1
1	247	38	151
-1
2	182	2	30
-1
4	857	195	125
-1
1	507	168	184
-1
2	574	100	115
-1
2	437	32	7
-1
2	86	129	99
-1
3	538	68	172
-1
2	795	190	25
-1
2	835	97	157
-1
4	337	110	194
-1
4	166	109	147
-1
1	691	42	94
-1
2	474	50	13
-1
4	188	156	113
-1
2	346	81	144
-1
1	996	70	24
-1
3	768	155	43
-1
2	344	93	33
-1
2	500	39	129
-1
3	446	25	191
-1
4	992	161	51
-1
2	637	126	92
-1
1	450	168	94
-1
3	162	41	1
-1
3	457	180	82
-1
1	32	78	151
78	1	27	15	6	151	
2	674	73	57
-1
1	58	40	149
-1
1	187	183	187
-1
3	529	35	11
-1
1	979	80	123
-1
1	70	23	49
23	17	49	
1	715	60	16
-1
1	716	61	9
-1
1	997	22	188
-1
1	699	78	17
-1
1	555	61	90
-1
3	456	134	81
-1
1	842	144	16
-1
1	605	130	50
-1
2	727	58	81
-1
2	727	188	55
-1
1	943	57	66
-1
2	551	172	126
-1
2	90	39	147
-1
3	907	35	176
-1
4	348	85	188
-1
2	828	39	74
-1
4	43	46	17
46	3	45	17	
1	844	40	98
-1
2	676	196	155
-1
1	531	122	94
-1
1	396	1	102
-1
3	74	143	73
-1
3	372	45	63
-1
4	100	86	97
86	13	97	
1	287	144	133
-1
4	960	91	124
-1
3	176	71	169
-1
3	473	113	8
-1
4	379	109	3
-1
1	872	184	77
-1
3	374	114	77
-1
3	598	62	171
-1
3	261	135	167
-1
2	709	58	4
-1
1	994	157	100
-1
2	317	44	142
-1
3	837	155	12
-1
4	45	131	77
131	6	37	16	77	
3	599	155	185
-1
4	227	86	168
-1
1	655	157	34
-1
4	177	82	47
-1
2	695	32	133
-1
2	299	44	190
-1
3	598	152	147
-1
2	939	97	142
-1
3	503	13	96
-1
2	979	50	178
-1
4	915	46	133
-1
2	282	196	18
-1
2	667	175	126
-1
1	113	29	8
-1
4	45	158	191
158	9	92	2	3	191	
3	835	52	34
-1
3	933	150	137
-1
4	274	99	34
-1
1	169	38	198
-1
1	147	92	47
-1
1	31	70	44
70	1	27	15	62	44	
1	848	184	192
-1
2	173	17	166
-1
4	732	36	194
-1
1	122	148	151
-1
3	307	193	155
-1
1	644	179	104
-1
1	477	111	3
-1
1	474	184	192
-1
3	473	152	35
-1
2	868	50	104
-1
1	259	80	39
-1
4	224	79	7
-1
2	770	4	42
-1
3	72	135	142
-1
3	826	9	134
-1
1	330	115	112
-1
4	884	110	22
-1
3	427	186	157
-1
1	461	12	60
-1
4	316	84	110
-1
2	906	151	141
-1
1	512	162	20
-1
2	506	185	23
-1
4	647	154	109
-1
1	332	26	117
-1
1	395	51	184
-1
2	416	132	93
-1
3	724	167	31
-1
3	783	193	42
-1
2	92	53	77
-1
2	33	120	179
120	15	179	
3	452	25	140
-1
1	226	89	77
-1
2	734	194	30
-1
2	451	192	7
-1
2	386	123	10
-1
2	830	117	141
-1
4	260	84	60
-1
2	853	7	52
-1
3	81	141	57
-1
1	812	33	176
-1
2	951	17	153
-1
1	427	20	41
-1
3	9	45	186
45	3	2	14	186	
4	767	178	177
-1
3	176	180	51
-1
2	269	117	119
-1
3	928	147	2
-1
4	579	158	160
-1
4	387	11	100
11	100	
2	963	43	84
-1
1	267	54	52
-1
1	107	157	23
157	2	23	
1	692	183	67
-1
3	20	143	197
143	11	197	
4	70	110	128
-1
4	588	85	45
-1
3	341	153	143
-1
2	52	32	100
32	18	100	
4	503	11	62
-1
3	787	197	105
-1
1	990	111	158
-1
2	213	177	114
-1
3	31	35	49
35	17	49	
1	179	78	191
-1
2	459	97	52
-1
1	903	166	89
-1
2	45	105	41
105	8	37	16	41	
3	496	197	73
-1
4	758	48	35
-1
2	262	151	183
-1
1	171	89	46
-1
4	437	30	174
-1
1	485	42	161
-1
3	27	25	38
25	20	5	38	
3	479	155	135
-1
3	367	13	52
-1
4	959	67	157
-1
2	183	63	105
-1
2	969	159	153
-1
3	704	68	55
-1
2	349	129	143
-1
1	874	51	172
-1
3	34	87	166
-1
2	872	171	142
-1
3	758	150	96
-1
2	409	28	61
-1
3	117	146	127
-1
4	222	56	190
-1
4	126	191	100
-1
2	980	159	167
-1
3	922	62	47
-1
1	645	162	97
-1
2	10	188	184
188	18	60	2	184	
2	103	21	106
-1
2	751	44	55
-1
1	411	1	34
-1
3	337	10	179
-1
2	278	126	187
-1
4	377	99	177
-1
3	95	24	135
-1
2	341	3	149
-1
4	638	76	110
-1
3	421	121	97
-1
4	878	82	70
-1
2	333	185	113
-1
3	966	135	114
-1
2	497	97	75
-1
1	883	33	152
-1
2	659	63	51
-1
4	145	191	26
-1
4	693	86	29
-1
1	355	26	56
-1
2	3	63	176
63	4	20	5	176	
3	24	35	10
35	17	45	15	20	10	
3	937	113	146
-1
3	202	197	32
-1
3	228	114	128
-1
3	779	10	112
-1
2	781	44	174
-1
3	7	102	165
102	8	46	3	165	
2	787	199	50
-1
4	42	91	27
91	12	78	1	27	
3	770	197	90
-1
3	979	152	76
-1
2	124	175	140
-1
2	955	63	136
-1
1	234	16	2
16	69	14	2	
2	945	43	11
-1
1	719	22	55
-1
2	635	2	108
-1
2	436	8	106
-1
3	462	146	149
-1
2	703	188	97
-1
1	579	157	48
-1
3	670	87	23
-1
3	958	10	37
-1
2	759	116	53
-1
1	569	149	95
-1
3	975	45	116
-1
1	283	115	70
-1
1	340	149	29
-1
1	488	184	175
-1
2	785	198	114
-1
2	584	100	22
-1
4	558	30	108
-1
2	995	100	117
-1
3	447	9	184
-1
3	493	167	84
-1
3	561	87	128
-1
3	430	62	43
-1
2	810	96	191
-1
3	784	35	127
-1
4	449	75	124
-1
4	870	11	175
-1
2	377	194	5
194	5	
3	445	152	104
-1
4	28	98	64
98	1	27	15	64	
2	63	96	30
-1
2	791	188	116
-1
1	633	148	129
-1
2	575	129	176
-1
1	53	139	163
-1
4	528	74	37
-1
2	703	123	47
-1
3	507	193	192
-1
3	962	121	143
-1
4	25	165	192
165	3	70	1	192	
3	806	145	87
-1
2	873	7	75
-1
3	202	197	174
-1
3	129	181	55
-1
1	291	108	145
-1
2	527	160	170
-1
4	325	88	92
-1
1	269	142	36
-1
4	211	48	108
-1
4	555	161	72
-1
2	41	137	168
-1
1	867	142	175
-1
3	593	14	123
-1
3	647	167	104
-1
2	543	96	11
-1
3	712	186	122
-1
1	956	65	161
-1
3	143	141	102
-1
3	650	9	149
-1
2	273	172	61
-1
2	41	126	197
126	15	64	11	197	
3	367	118	138
-1
2	689	185	104
-1
2	344	177	70
-1
2	906	175	117
-1
2	428	117	55
-1
2	788	28	71
-1
1	42	183	163
-1
2	990	125	172
-1
2	3	126	95
126	15	6	19	95	
2	399	199	172
-1
4	689	191	89
-1
1	744	157	25
-1
3	765	197	1
-1
3	882	141	127
-1
4	88	46	43
46	8	43	
3	558	25	71
-1
4	320	165	5
-1
1	643	6	82
-1
3	89	147	7
-1
1	860	149	5
-1
2	701	100	147
-1
2	477	140	103
-1
3	78	83	100
-1
2	556	199	192
-1
2	399	32	37
-1
1	21	119	14
119	17	23	2	14	
4	25	76	178
76	20	15	6	178	
2	906	196	183
-1
2	665	190	81
-1
4	221	79	30
-1
3	968	138	81
-1
2	270	190	20
-1
4	521	67	54
-1
2	712	96	4
-1
1	101	51	36
51	2	14	36	
1	114	1	154
-1
2	891	21	30
-1
2	825	198	177
-1
4	905	103	118
-1
1	486	119	196
-1
2	318	140	86
-1
1	89	107	75
-1
1	894	176	93
-1
2	498	49	188
-1
2	133	160	191
-1
1	238	60	191
-1
3	667	173	164
-1
3	795	15	161
-1
4	913	191	15
-1
4	460	48	134
-1
3	945	133	73
-1
2	772	3	179
-1
4	64	91	106
91	12	106	
2	604	185	106
-1
4	594	82	66
-1
1	136	166	77
-1
2	899	3	50
-1
1	611	22	16
-1
1	178	168	7
-1
1	911	80	6
-1
2	735	140	90
-1
4	265	36	92
-1
2	122	7	183
-1
3	828	71	167
-1
4	93	74	200
-1
1	369	19	165
-1
4	770	106	167
-1
1	538	157	140
-1
3	496	167	108
-1
1	901	144	187
-1
1	590	6	78
-1
2	882	140	114
-1
2	864	4	72
-1
2	782	126	142
-1
3	781	153	167
-1
3	345	197	185
-1
2	63	117	91
-1
3	955	87	47
-1
3	462	24	165
-1
1	200	119	109
-1
2	278	171	114
-1
2	343	160	6
-1
3	814	41	9
-1
4	108	56	86
-1
3	474	37	190
-1
4	211	169	186
-1
3	101	113	103
-1
3	99	128	141
-1
4	463	82	116
-1
3	723	143	186
-1
2	789	94	156
-1
2	394	123	115
-1
2	154	17	108
-1
2	840	31	163
-1
4	981	90	152
-1
3	319	163	120
-1
3	573	173	185
-1
3	513	25	64
-1
4	28	75	145
75	9	92	5	20	16	145	
4	965	90	39
-1
1	520	12	84
-1
2	986	200	7
-1
3	893	145	23
-1
4	808	99	5
-1
4	159	90	94
-1
1	430	22	9
-1
2	614	140	133
-1
2	477	112	110
-1
1	973	176	184
-1
3	563	155	73
-1
1	447	119	37
-1
1	253	38	188
-1
3	27	24	133
24	6	15	20	133	
3	232	68	183
-1
4	325	75	24
-1
2	485	185	45
-1
3	218	15	185
-1
2	327	28	48
-1
1	910	57	24
-1
1	135	29	178
-1
1	371	144	97
-1
1	110	142	86
-1
3	394	146	109
-1
2	376	172	129
-1
2	951	4	3
-1
1	396	80	188
-1
3	732	164	2
-1
3	179	133	181
-1
2	602	59	189
-1
4	732	169	18
-1
1	828	55	113
-1
2	113	177	54
-1
4	574	86	199
-1
1	102	80	122
-1
2	856	7	77
-1
4	995	158	156
-1
2	948	105	71
-1
4	329	36	4
-1
3	317	14	62
-1
1	886	168	182
-1
4	950	99	188
-1
1	603	78	164
-1
1	153	142	2
-1
4	627	67	33
-1
1	903	168	39
-1
1	10	176	148
176	5	78	12	148	
3	432	170	52
-1
3	35	118	39
118	1	39	
4	849	46	5
-1
3	782	114	172
-1
3	970	152	22
-1
1	485	101	51
-1
4	86	56	192
-1
2	518	160	59
-1
3	509	186	178
-1
1	8	40	153
40	11	41	16	153	
2	60	49	123
49	17	56	6	123	
2	450	81	192
-1
4	654	67	37
-1
4	977	67	102
-1
2	798	49	5
-1
3	648	170	106
-1
1	992	6	113
-1
2	50	44	72
44	62	15	20	13	72	
4	979	161	10
-1
2	932	21	49
-1
1	606	29	50
-1
1	597	40	130
-1
1	585	89	148
-1
3	238	143	15
-1
1	443	119	15
-1
1	148	69	136
-1
3	660	68	141
-1
2	483	59	184
-1
1	244	60	97
-1
2	493	39	117
-1
1	942	122	97
-1
2	23	127	136
127	9	82	6	68	7	136	
4	770	75	25
-1
2	736	59	119
-1
2	350	96	37
-1
3	285	138	57
-1
3	378	37	125
-1
4	361	48	183
-1
3	809	83	195
-1
2	526	126	33
-1
3	574	170	106
-1
2	310	63	32
-1
4	886	85	58
-1
2	604	7	116
-1
2	440	94	163
-1
2	249	44	53
-1
1	973	80	41
-1
1	307	57	89
-1
3	301	170	123
-1
4	285	178	48
-1
1	190	55	18
-1
1	973	29	80
-1
4	230	90	117
-1
2	897	175	75
-1
4	860	178	168
-1
4	264	169	163
-1
2	904	17	195
-1
2	144	189	3
189	2	3	
4	466	48	172
-1
2	114	100	102
-1
2	283	185	108
-1
2	914	126	136
-1
4	382	99	177
-1
1	456	80	151
-1
2	576	177	80
-1
2	90	188	49
-1
1	284	51	17
-1
4	887	106	158
-1
2	610	50	5
-1
1	263	115	104
-1
3	371	180	40
-1
3	858	62	166
-1
1	35	176	16
176	5	20	16	
1	137	157	95
-1
4	417	165	23
-1
1	665	92	10
-1
3	833	181	12
-1
2	190	17	70
-1
1	394	55	119
-1
1	450	16	33
-1
4	289	79	13
-1
2	806	49	26
-1
2	621	58	153
-1
1	668	92	110
-1
1	490	29	26
-1
3	652	197	117
-1
3	415	13	49
-1
3	684	45	65
-1
3	954	35	119
-1
3	987	180	135
-1
1	951	29	13
-1
3	128	118	13
-1
2	81	123	70
-1
2	542	96	114
-1
3	967	163	94
-1
2	635	4	90
-1
2	283	7	54
-1
4	548	174	98
-1
1	18	57	84
57	100	11	27	1	84	
4	952	11	64
-1
1	316	149	92
-1
1	480	51	161
-1
1	302	130	36
-1
3	167	10	131
-1
2	860	151	45
-1
1	501	69	200
-1
4	754	103	7
-1
3	803	138	180
-1
4	487	85	188
-1
1	902	54	150
-1
4	145	158	50
-1
3	506	25	52
-1
2	493	105	182
-1
4	23	158	191
158	9	92	2	3	191	
4	819	124	94
-1
1	18	183	114
183	9	82	6	19	114	
3	624	35	17
-1
2	755	140	106
-1
3	95	143	142
-1
3	596	180	195
-1
1	246	33	152
-1
4	49	178	177
178	6	19	12	177	
3	430	35	33
-1
2	173	127	190
-1
1	818	101	113
-1
1	331	119	47
-1
1	699	136	81
-1
2	204	160	20
-1
1	745	66	113
-1
2	340	160	45
-1
1	643	108	77
-1
3	971	153	6
-1
3	803	153	40
-1
1	792	183	118
-1
1	456	107	18
-1
4	302	124	136
-1
1	182	54	72
-1
3	553	153	183
-1
1	218	108	48
-1
2	662	53	160
-1
1	490	144	67
-1
3	848	138	171
-1
4	239	109	123
-1
1	157	111	57
-1
1	974	55	163
-1
4	862	110	38
-1
1	133	12	44
-1
3	467	145	148
-1
4	266	98	55
-1
1	625	115	59
-1
3	843	128	2
-1
4	165	169	140
-1
1	640	16	48
16	48	
2	48	7	110
7	68	15	110	
3	563	163	164
-1
4	1000	88	74
-1
1	43	149	85
149	5	92	2	14	85	
1	390	33	181
-1
4	597	99	78
-1
4	55	165	144
-1
3	809	141	23
-1
1	500	136	192
-1
3	99	52	159
-1
4	408	91	165
-1
4	572	91	79
-1
2	397	53	119
-1
2	833	4	67
-1
2	413	199	52
-1
2	691	140	150
-1
1	586	136	66
-1
3	761	143	7
-1
2	704	151	94
-1
2	262	50	145
-1
1	379	148	188
-1
1	209	107	78
-1
1	727	78	82
-1
1	146	26	37
-1
2	597	58	35
-1
3	898	71	175
-1
3	964	113	62
-1
2	770	50	4
-1
3	215	10	154
-1
3	759	113	155
-1
2	98	127	54
-1
2	575	105	161
-1
1	808	65	190
-1
2	445	192	16
-1
1	879	89	73
-1
4	205	85	95
-1
3	667	182	7
-1
3	22	145	57
145	16	41	11	100	57	
1	728	66	18
-1
1	282	80	131
-1
4	136	191	57
-1
4	696	88	113
-1
3	885	15	177
-1
1	452	22	120
-1
3	525	18	8
-1
2	219	49	92
-1
2	578	53	26
-1
3	186	71	122
-1
3	803	45	188
-1
2	485	172	19
-1
4	141	5	9
5	92	9	
2	853	140	49
-1
1	182	187	63
-1
3	853	24	36
-1
4	661	75	54
-1
2	904	151	102
-1
3	481	170	106
-1
4	3	99	129
99	15	20	5	129	
4	590	36	173
-1
1	160	38	144
-1
2	121	123	148
-1
3	569	15	40
-1
1	783	20	178
-1
3	570	153	1
-1
4	375	5	28
-1
1	428	65	178
-1
3	934	121	99
-1
1	262	1	197
-1
2	786	3	184
-1
1	881	144	22
-1
4	180	56	96
-1
1	819	176	62
-1
2	549	96	81
-1
1	901	78	185
-1
2	328	199	190
-1
4	706	174	6
-1
1	604	1	126
-1
4	953	86	79
-1
4	936	99	81
-1
4	709	84	177
-1
3	756	164	32
-1
1	570	144	7
-1
3	2	114	54
114	19	71	53	18	54	
3	587	14	83
-1
1	176	115	81
-1
1	781	42	54
-1
4	307	99	7
-1
1	585	55	92
-1
2	617	7	191
-1
2	993	94	74
-1
3	576	155	190
-1
3	134	62	85
-1
2	587	31	150
-1
1	69	33	164
-1
1	150	19	78
19	12	78	
3	555	146	71
-1
2	361	126	170
-1
1	853	184	24
-1
2	643	120	182
-1
1	868	89	27
-1
1	57	33	181
-1
3	741	9	195
-1
1	91	142	177
-1
2	6	81	9
81	2	92	9	
1	683	149	179
-1
2	153	50	76
-1
4	474	5	2
-1
2	897	117	137
-1
4	78	169	57
-1
3	657	163	97
-1
1	989	183	129
-1
2	183	39	137
-1
2	160	132	31
-1
4	920	174	111
-1
4	51	131	11
131	6	15	27	11	
3	726	14	13
-1
2	79	117	169
-1
3	416	143	85
-1
2	24	39	6
39	1	27	15	6	
1	520	69	120
-1
2	248	125	102
-1
3	137	113	93
-1
4	319	48	176
-1
2	381	159	101
-1
1	391	78	31
-1
1	203	80	195
-1
1	723	6	63
-1
4	608	84	5
-1
1	413	51	44
-1
4	484	74	64
-1
3	986	145	140
-1
3	678	193	52
-1
2	5	81	51
81	2	51	
2	705	199	9
-1
1	135	179	87
-1
3	329	121	118
-1
4	791	76	123
-1
2	996	198	159
-1
4	191	5	161
-1
4	806	169	35
-1
2	145	53	179
-1
2	548	190	123
-1
4	199	67	155
-1
3	607	71	153
-1
2	45	175	131
175	8	37	6	131	
1	563	61	4
-1
2	237	189	79
-1
4	147	131	76
-1
1	708	78	33
-1
1	294	20	1
-1
3	424	25	5
-1
3	347	121	194
-1
1	253	69	12
-1
1	406	19	82
19	6	82	
3	888	25	8
-1
1	91	22	20
-1
1	569	136	160
-1
4	397	124	43
-1
3	829	71	120
-1
1	981	130	92
-1
1	986	23	68
-1
4	179	46	189
-1
1	591	144	9
-1
3	224	197	27
-1
2	784	2	3
-1
3	755	41	24
-1
2	115	132	111
-1
3	357	52	35
-1
4	828	48	57
-1
4	719	76	186
-1
1	187	57	8
-1
2	727	194	5
-1
2	887	172	149
-1
3	513	114	145
-1
4	267	90	98
-1
3	843	25	90
-1
1	153	179	21
-1
2	139	93	73
-1
2	595	49	72
-1
1	580	29	148
-1
3	739	147	156
-1
4	144	85	149
-1
3	492	163	72
-1
2	388	49	138
-1
3	237	113	27
-1
3	926	180	51
-1
1	899	22	29
-1
4	723	174	74
-1
3	794	113	74
-1
2	941	59	102
-1
2	848	39	1
-1
2	148	177	85
-1
2	20	120	200
120	15	6	82	9	200	
3	109	163	48
163	19	48	
3	935	150	113
-1
3	337	138	92
-1
1	717	64	113
-1
3	190	114	38
-1
4	816	36	102
-1
1	717	29	161
-1
1	317	122	199
-1
4	154	169	127
-1
1	953	69	199
-1
4	952	88	161
-1
1	664	148	63
-1
4	707	82	200
-1
3	219	170	15
-1
1	409	38	128
-1
2	710	28	163
-1
4	70	195	144
-1
2	420	63	65
-1
2	147	132	185
-1
4	97	85	53
-1
2	57	189	92
189	2	92	
1	119	92	39
-1
1	871	108	72
-1
3	885	14	41
-1
2	765	185	79
-1
3	879	193	58
-1
3	22	102	52
102	8	37	6	52	
4	486	124	66
-1
3	471	143	197
-1
3	123	41	81
-1
2	167	137	21
-1
3	5	146	113
146	2	92	5	113	
1	277	64	172
-1
4	669	86	185
-1
2	899	171	169
-1
3	156	87	113
-1
4	959	165	15
-1
1	25	187	90
187	6	15	20	76	90	
3	21	72	184
72	13	36	14	2	184	
2	454	94	25
-1
4	626	169	113
-1
3	490	135	58
-1
1	61	139	74
-1
3	398	167	159
-1
4	366	36	81
-1
3	79	134	167
134	8	37	6	15	167	
1	245	42	84
-1
3	934	152	70
-1
3	269	128	141
-1
1	693	149	187
-1
4	358	154	155
-1
1	967	179	89
-1
2	992	21	179
-1
2	303	81	146
-1
1	135	78	133
-1
2	254	196	18
-1
1	537	26	11
-1
1	6	22	163
22	4	20	15	6	19	163	
1	498	107	90
-1
2	484	175	190
-1
1	438	20	95
-1
2	878	177	26
-1
1	457	95	46
-1
3	154	87	126
-1
2	638	189	156
-1
2	807	123	151
-1
3	818	128	176
-1
1	332	64	197
-1
1	373	69	55
-1
3	315	167	29
-1
2	609	2	48
-1
2	234	192	24
-1
1	679	69	119
-1
3	357	77	157
-1
3	312	182	97
-1
2	614	172	171
-1
4	341	178	99
-1
3	89	147	162
-1
4	143	30	31
-1
2	771	2	149
-1
2	19	116	150
116	8	37	6	68	7	150	
2	594	125	93
-1
4	464	110	162
-1
3	620	141	190
-1
2	716	97	172
-1
2	887	160	142
-1
2	385	125	71
-1
1	98	65	169
65	16	169	
3	328	153	198
-1
1	628	95	152
-1
2	130	17	67
-1
3	622	35	143
-1
3	335	181	53
-1
2	725	44	145
-1
1	296	16	41
16	41	
4	389	131	152
-1
4	812	169	76
-1
2	732	105	92
-1
2	130	3	44
-1
4	81	82	90
-1
4	899	110	58
-1
2	842	39	45
-1
1	846	12	25
-1
3	590	147	68
-1
3	782	71	83
-1
3	85	118	166
-1
2	112	58	134
-1
1	203	69	39
-1
1	446	1	193
-1
4	687	82	74
-1
3	344	114	183
-1
1	788	12	173
-1
4	964	5	185
-1
2	632	50	83
-1
4	466	191	153
-1
4	183	124	22
-1
2	669	8	79
-1
1	659	119	100
-1
2	251	73	52
-1
3	124	118	133
-1
4	907	156	46
-1
3	431	52	9
-1
2	615	39	14
-1
2	849	3	15
-1
3	801	186	158
-1
2	822	3	81
-1
3	653	138	41
-1
1	752	6	111
-1
1	203	64	184
-1
3	487	114	53
-1
3	684	37	161
-1
1	692	95	12
-1
2	57	126	2
126	15	20	5	92	2	
1	624	92	156
-1
3	981	141	93
-1
2	613	93	96
-1
4	605	67	185
-1
1	716	119	190
-1
1	851	70	5
-1
3	455	24	118
-1
4	215	110	106
-1
3	826	145	153
-1
2	780	188	30
-1
3	335	197	73
-1
1	828	20	165
-1
3	75	152	58
-1
3	259	164	124
-1
3	48	121	42
-1
2	804	188	63
-1
2	721	39	38
-1
1	978	92	99
-1
2	482	59	43
-1
4	663	36	182
-1
3	136	15	178
-1
3	100	150	197
-1
2	357	177	100
-1
2	432	3	16
-1
1	625	61	136
-1
1	39	60	123
60	2	14	74	6	123	
2	876	63	112
-1
3	974	135	155
-1
1	368	64	13
-1
3	750	146	49
-1
2	527	8	63
-1
3	676	143	164
-1
4	527	195	92
-1
2	342	151	94
-1
3	77	135	154
-1
2	151	159	13
-1
2	62	198	75
-1
3	617	25	9
-1
2	29	199	25
199	10	20	25	
3	829	118	170
-1
1	444	19	129
-1
3	207	146	72
-1
3	299	173	18
-1
4	144	99	168
-1
3	298	41	54
-1
1	862	69	13
-1
2	289	172	162
-1
1	649	33	186
-1
1	273	1	136
-1
3	994	182	54
-1
3	123	10	72
-1
4	146	5	169
-1
1	163	12	93
-1
3	882	62	144
-1
4	736	5	136
-1
1	348	54	4
-1
3	461	68	175
-1
1	246	108	160
-1
4	382	156	160
-1
3	587	181	93
-1
4	610	174	55
-1
2	331	96	59
-1
3	423	41	22
-1
2	766	3	83
-1
4	701	85	40
-1
1	657	20	45
-1
1	783	119	64
-1
1	494	179	171
-1
1	406	176	127
-1
4	898	109	107
-1
1	152	95	80
-1
1	963	57	128
-1
1	184	187	168
-1
4	819	161	123
-1
4	658	79	159
-1
1	54	179	130
-1
1	518	187	200
-1
1	688	122	178
-1
3	566	167	105
-1
2	424	172	14
-1
1	256	22	60
-1
2	183	125	116
-1
3	702	87	54
-1
3	976	71	15
-1
1	534	89	93
-1
4	463	98	23
-1
4	462	103	162
-1
1	991	20	35
-1
1	296	60	1
-1
3	461	25	125
-1
2	720	49	146
-1
2	388	104	22
-1
1	441	38	109
-1
1	7	139	131
139	61	53	71	19	6	131	
1	851	115	171
-1
2	674	200	20
-1
3	187	15	122
-1
4	821	76	94
-1
1	421	19	153
-1
1	745	66	129
-1
2	42	126	129
126	15	20	5	129	
3	464	45	184
-1
1	324	184	173
-1
3	806	25	112
-1
1	728	183	178
-1
3	747	34	129
-1
1	620	107	143
-1
2	865	93	171
-1
1	169	65	189
-1
4	450	85	54
-1
3	778	182	179
-1
1	114	176	175
-1
1	286	38	159
-1
3	349	113	135
-1
1	278	70	117
-1
3	607	197	150
-1
1	149	95	8
-1
1	719	115	52
-1
4	659	131	116
-1
2	912	100	153
-1
1	642	149	134
-1
1	217	78	60
-1
4	727	191	50
-1
3	261	77	162
-1
3	177	25	32
-1
4	679	103	28
-1
4	86	109	75
-1
3	938	9	141
-1
1	405	80	71
-1
3	557	138	122
-1
2	842	2	70
-1
2	302	43	148
-1
4	751	11	90
-1
2	864	137	166
-1
3	95	197	143
197	11	143	
2	875	126	45
-1
2	949	4	105
-1
3	289	41	65
-1
1	759	130	144
-1
3	881	135	82
-1
4	102	91	35
-1
4	201	85	77
-1
3	291	186	88
-1
4	8	88	176
88	18	5	176	
2	350	151	125
-1
4	946	46	50
-1
3	402	72	5
-1
1	867	20	45
-1
1	410	60	175
-1
3	43	170	61
170	6	19	71	53	61	
2	677	2	103
-1
2	306	104	187
-1
4	145	56	172
-1
4	920	98	59
-1
4	244	106	162
-1
2	645	8	7
-1
3	449	153	78
-1
4	446	154	49
-1
2	220	172	108
-1
3	232	182	29
-1
1	334	176	31
-1
4	721	5	86
-1
4	44	110	141
110	15	20	13	141	
1	55	54	39
54	18	39	
2	616	125	96
-1
4	174	169	102
-1
4	603	165	54
-1
3	851	14	160
-1
2	910	59	131
-1
4	890	30	64
-1
1	320	61	40
-1
2	5	194	196
194	5	20	15	6	56	196	
1	498	66	105
-1
3	736	62	110
-1
2	783	116	34
-1
3	284	83	154
-1
4	890	56	119
-1
3	649	10	84
-1
1	131	12	142
-1
3	747	121	123
-1
1	186	162	183
-1
4	533	82	128
-1
1	37	38	146
-1
3	898	135	7
-1
1	331	22	74
-1
1	637	157	156
-1
1	107	40	163
-1
2	190	129	172
-1
2	683	129	183
-1
2	805	59	55
-1
4	139	5	16
-1
1	666	142	49
-1
4	163	74	87
-1
3	969	62	173
-1
2	194	159	147
-1
1	749	42	102
-1
1	863	78	93
-1
1	434	184	21
-1
2	16	125	149
125	7	68	15	20	5	149	
2	222	7	160
-1
4	238	11	164
-1
1	86	149	58
-1
1	124	166	131
-1
2	849	129	145
-1
2	347	49	103
-1
4	48	195	96
-1
3	941	143	173
-1
4	913	158	108
-1
4	262	191	32
-1
2	821	159	38
-1
3	336	180	200
-1
4	993	169	148
-1
2	676	7	66
-1
4	772	82	146
-1
1	474	130	146
-1
4	170	76	140
-1
4	494	76	83
-1
1	554	168	40
-1
2	185	32	182
-1
2	775	93	140
-1
1	774	65	72
-1
3	322	153	192
-1
2	787	97	198
-1
2	684	172	80
-1
3	629	143	161
-1
4	169	169	189
-1
4	403	90	16
-1
1	194	136	135
-1
4	975	88	166
-1
2	467	73	11
-1
2	890	199	75
-1
2	481	172	179
-1
2	31	93	76
93	8	48	20	76	
2	662	31	199
-1
3	222	114	94
-1
3	762	143	14
-1
2	977	63	103
-1
1	863	65	189
-1
2	629	58	77
-1
2	239	32	101
-1
2	865	50	99
-1
1	844	139	70
-1
2	519	172	115
-1
2	917	2	97
-1
2	162	63	163
-1
4	375	36	105
-1
3	77	150	119
-1
1	818	78	183
-1
3	94	141	40
-1
4	794	169	23
-1
2	44	7	25
7	68	6	25	
3	913	71	163
-1
1	779	66	86
-1
1	76	184	87
-1
2	838	53	101
-1
3	694	14	89
-1
2	812	189	38
-1
2	946	17	115
-1
3	585	34	7
-1
4	759	79	175
-1
3	583	24	133
-1
4	298	67	156
-1
2	383	132	21
-1
3	870	62	157
-1
2	122	137	9
-1
2	10	126	174
126	15	20	13	174	
1	999	19	114
-1
3	714	182	131
-1
2	72	127	116
-1
2	647	63	147
-1
1	731	22	170
-1
2	486	4	189
-1
1	107	101	120
-1
4	815	84	181
-1
2	823	105	70
-1
1	348	26	195
-1
4	62	36	166
-1
3	744	186	147
-1
4	211	99	26
-1
2	557	171	88
-1
4	927	169	109
-1
4	715	99	65
-1
2	186	137	117
-1
4	118	195	200
-1
3	939	9	56
-1
1	134	183	82
-1
1	451	130	69
-1
4	349	191	54
-1
4	774	86	105
-1
2	662	97	27
-1
2	122	53	147
-1
4	386	131	197
-1
3	455	45	133
-1
3	654	182	127
-1
3	262	52	135
-1
2	695	190	69
-1
4	315	75	199
-1
2	120	125	141
-1
4	824	74	27
-1
2	202	47	75
-1
1	548	60	127
-1
3	945	134	10
-1
3	229	71	54
-1
2	156	125	188
-1
4	242	131	39
-1
2	311	192	28
-1
4	61	86	103
86	5	20	76	103	
2	201	200	179
-1
1	179	119	52
-1
1	853	95	51
-1
2	132	96	62
-1
2	941	196	195
-1
1	346	92	66
-1
2	885	120	142
-1
1	323	27	72
-1
1	303	69	63
-1
4	605	131	100
-1
4	383	191	99
-1
4	987	191	170
-1
1	189	122	16
-1
2	650	126	63
-1
1	845	57	58
-1
1	862	149	101
-1
2	803	47	173
-1
4	27	131	199
131	6	15	20	10	199	
1	89	6	19
6	19	
1	389	108	149
-1
1	239	64	139
-1
2	760	198	82
-1
1	775	184	155
-1
2	838	172	80
-1
4	847	174	89
-1
3	748	170	37
-1
1	120	183	35
-1
2	470	185	166
-1
4	689	11	171
-1
3	437	52	30
-1
2	128	192	93
-1
3	609	182	90
-1
1	763	142	26
-1
3	794	68	149
-1
1	482	57	74
-1
2	471	104	43
-1
2	105	3	25
-1
4	622	74	162
-1
3	992	143	124
-1
2	573	31	175
-1
3	265	68	118
-1
4	507	195	100
-1
3	284	155	193
-1
1	784	69	12
-1
3	658	14	69
14	69	
2	100	96	172
-1
1	677	166	174
-1
1	838	22	47
-1
2	961	44	141
-1
1	136	187	172
-1
2	805	160	191
-1
3	504	24	185
-1
4	48	82	91
82	6	19	12	91	
2	860	117	111
-1
1	128	101	124
-1
4	51	158	171
-1
3	376	9	136
-1
4	574	85	158
-1
1	114	122	1
-1
3	685	35	187
-1
1	75	122	98
-1
2	411	126	122
-1
3	653	182	155
-1
1	563	29	72
-1
1	639	40	124
-1
3	9	167	81
167	15	20	5	92	2	81	
