4	482	146	89
-1
2	39	117	128
117	10	70	7	128	
2	789	7	37
-1
3	25	176	4
176	3	18	93	4	
4	58	88	47
88	1	53	47	
2	798	29	170
-1
1	568	55	68
-1
1	623	112	89
-1
1	984	12	10
-1
2	483	48	108
-1
3	123	14	5
14	41	5	
2	402	95	121
-1
1	38	85	79
85	14	79	
3	593	73	54
-1
1	239	97	142
-1
4	560	155	122
-1
1	228	152	128
-1
2	68	71	39
71	16	19	39	
2	429	94	3
-1
2	936	29	50
-1
3	893	111	16
-1
4	165	185	110
-1
2	644	186	147
-1
2	449	175	19
-1
2	742	167	116
-1
1	663	158	22
-1
4	942	69	125
-1
4	981	96	196
-1
2	183	116	41
116	17	41	
4	384	144	69
-1
1	199	32	132
-1
3	461	124	68
-1
2	207	40	54
-1
2	225	83	28
-1
1	892	132	147
-1
3	265	25	104
-1
4	790	88	124
-1
2	737	29	172
-1
2	377	161	87
-1
3	397	143	182
-1
1	280	79	165
-1
3	148	77	40
-1
3	753	137	80
-1
2	132	95	162
-1
1	878	120	45
-1
3	933	163	70
-1
1	857	28	109
-1
1	228	169	89
-1
1	466	105	50
-1
2	647	33	144
-1
4	412	181	174
-1
3	651	61	51
-1
3	530	160	139
-1
1	44	112	34
112	8	34	
3	640	195	105
-1
3	61	25	19
25	39	19	
3	969	157	198
-1
2	10	165	166
165	19	7	70	13	166	
4	459	144	70
-1
2	554	161	102
-1
3	328	160	35
-1
3	330	123	47
-1
3	20	125	6
125	14	17	97	6	
1	605	55	69
-1
1	661	50	63
-1
1	80	41	87
41	14	16	87	
2	477	102	196
-1
1	643	70	112
-1
3	664	31	8
-1
1	918	41	168
-1
3	152	195	79
-1
4	998	74	1
-1
3	603	3	126
-1
1	423	174	132
-1
2	237	179	181
-1
2	924	39	21
-1
3	471	118	122
-1
1	734	147	144
-1
2	941	141	126
-1
3	261	4	167
-1
4	339	121	113
-1
3	940	24	186
-1
2	417	21	140
-1
2	948	175	113
-1
2	928	197	91
-1
2	700	186	82
-1
3	974	61	151
-1
3	69	131	97
131	15	17	97	
1	994	16	37
-1
3	912	157	193
-1
1	24	169	65
169	2	59	20	65	
1	9	59	89
59	12	40	89	
2	900	150	109
-1
1	365	166	36
-1
2	655	113	184
-1
4	488	192	169
-1
1	239	44	29
-1
1	735	17	111
-1
2	324	37	127
-1
2	316	182	35
-1
2	980	94	3
-1
2	468	117	61
-1
4	129	78	163
-1
1	564	177	128
-1
2	899	141	41
-1
4	668	148	32
-1
3	496	35	75
35	16	75	
3	559	25	43
-1
3	885	160	31
-1
3	119	35	13
35	16	42	13	
2	873	150	58
-1
4	485	81	174
-1
1	247	101	3
-1
4	575	181	132
-1
4	767	96	24
-1
2	398	194	123
-1
3	225	61	158
-1
1	219	109	182
-1
3	450	67	93
-1
3	614	103	127
-1
1	271	173	28
-1
1	796	45	61
-1
1	551	129	161
-1
3	82	128	141
-1
1	105	54	188
-1
4	628	20	181
-1
1	137	169	194
-1
3	870	145	54
-1
4	915	164	72
-1
2	593	165	174
-1
2	221	130	146
-1
1	481	152	142
-1
4	193	99	22
99	12	22	
2	485	49	149
-1
2	272	130	2
-1
3	804	187	173
-1
1	397	166	142
-1
1	250	54	86
-1
4	273	75	1
-1
2	646	189	165
-1
2	543	182	94
-1
3	484	154	197
-1
2	658	186	96
-1
2	606	178	144
-1
3	960	62	26
-1
1	132	85	164
-1
4	225	88	129
-1
2	111	37	134
-1
4	711	38	8
-1
3	828	111	197
-1
3	73	108	130
-1
3	70	3	35
3	14	46	35	
4	965	38	20
-1
2	308	95	149
-1
2	533	53	162
-1
1	96	12	46
12	38	14	46	
2	976	95	85
-1
1	309	120	121
-1
1	669	30	159
-1
3	265	92	21
-1
2	746	119	128
-1
4	980	192	130
-1
1	151	13	168
-1
1	99	177	62
-1
2	660	84	66
-1
1	105	169	77
-1
1	941	16	124
-1
4	862	144	43
-1
3	820	4	24
-1
4	440	72	67
-1
4	719	88	186
-1
2	849	33	129
-1
4	368	164	141
-1
4	581	114	69
-1
4	447	164	104
-1
1	275	23	72
-1
1	198	79	40
-1
4	440	20	183
-1
2	815	33	138
-1
3	682	52	10
-1
2	219	43	97
-1
2	499	113	82
-1
2	591	113	45
-1
4	459	80	111
-1
1	114	13	26
-1
2	386	11	49
-1
1	777	85	79
-1
2	911	83	50
83	50	
4	448	74	82
-1
1	57	41	85
41	14	85	
4	354	74	79
-1
3	787	92	192
-1
3	983	142	104
-1
1	445	132	136
-1
3	271	142	148
-1
1	471	55	158
-1
4	149	192	194
-1
1	599	120	76
-1
1	680	30	102
-1
4	917	78	94
-1
2	395	86	167
-1
4	186	191	58
-1
1	490	177	151
-1
3	377	160	34
-1
3	724	4	127
-1
4	33	74	133
74	5	52	3	133	
4	226	144	125
-1
1	854	45	44
-1
3	707	195	26
-1
4	600	26	55
-1
3	566	142	140
-1
3	175	137	131
-1
2	925	122	59
-1
3	110	163	170
-1
1	836	139	174
-1
3	568	14	199
-1
4	44	46	95
46	14	41	20	95	
3	688	24	91
-1
2	465	29	85
-1
3	119	135	110
-1
2	58	86	52
86	9	52	
3	340	3	188
-1
1	399	177	61
-1
2	920	53	24
-1
3	293	163	162
-1
2	844	149	176
-1
2	690	116	173
-1
3	980	160	148
-1
4	16	199	176
199	3	176	
2	125	63	62
-1
3	928	133	147
-1
2	467	190	149
-1
1	928	82	77
-1
1	151	32	81
-1
4	864	151	194
-1
4	791	196	142
-1
4	316	191	10
-1
4	663	80	169
-1
2	391	11	119
-1
4	852	26	181
-1
2	999	102	113
-1
2	99	182	54
-1
2	328	48	87
-1
2	608	175	118
-1
3	402	77	21
-1
4	895	93	16
-1
2	304	83	6
-1
2	24	150	37
150	7	70	10	37	
1	742	13	199
-1
3	274	3	176
3	176	
1	738	6	29
-1
3	192	4	10
-1
1	678	55	58
-1
2	948	182	184
-1
2	568	141	61
-1
2	535	94	153
-1
2	692	141	187
-1
1	728	44	137
-1
1	326	68	101
-1
2	853	161	55
-1
3	81	35	60
35	16	40	11	60	
3	291	172	16
-1
2	300	115	22
-1
3	683	145	155
-1
3	943	92	95
-1
2	647	11	141
-1
3	586	145	81
-1
4	74	36	76
-1
2	774	115	143
-1
4	428	192	56
-1
1	239	44	90
-1
3	854	124	61
-1
1	427	166	128
-1
4	581	65	72
-1
4	276	148	163
-1
3	968	42	173
-1
1	848	41	69
-1
4	923	26	104
-1
4	218	99	170
-1
3	473	24	161
-1
3	314	3	156
-1
1	126	41	79
41	14	79	
1	453	47	197
-1
3	324	73	61
-1
1	38	54	8
54	34	8	
4	162	81	2
-1
2	230	48	42
-1
1	285	47	67
-1
4	54	121	117
-1
2	566	90	140
-1
4	321	114	142
-1
3	752	27	182
-1
1	148	105	180
-1
3	808	157	53
-1
2	768	33	58
-1
1	969	70	90
-1
1	410	32	137
-1
3	28	61	135
61	99	20	41	17	135	
1	544	98	55
-1
4	83	151	145
-1
4	424	69	58
-1
2	157	189	37
-1
3	137	92	141
-1
2	141	39	97
-1
4	398	199	129
-1
1	239	166	151
-1
1	927	134	182
-1
2	661	95	194
-1
2	67	122	91
-1
4	11	65	194
65	20	54	34	11	194	
4	21	99	62
99	20	54	16	62	
2	409	122	2
-1
1	949	30	94
-1
1	797	166	132
-1
3	278	58	130
-1
2	428	7	47
-1
1	761	45	132
-1
3	154	171	26
171	9	26	
3	245	31	99
-1
1	790	50	115
-1
1	651	12	13
-1
1	204	32	86
-1
2	497	40	116
-1
3	381	140	33
-1
3	662	137	43
-1
3	109	14	49
14	85	15	49	
3	392	193	94
-1
3	218	153	16
-1
2	668	106	199
-1
2	935	102	48
-1
1	747	91	59
-1
4	585	93	43
-1
1	252	97	34
-1
3	236	145	174
-1
3	678	125	110
-1
3	327	187	75
-1
1	772	47	67
-1
2	587	190	19
-1
4	137	159	124
-1
3	784	27	178
-1
2	595	161	68
-1
1	237	59	113
-1
2	470	43	9
-1
4	243	46	153
-1
1	704	82	30
-1
4	778	159	168
-1
2	596	37	166
-1
3	214	8	155
-1
1	490	147	114
-1
2	667	83	140
-1
1	886	19	52
-1
1	150	13	110
-1
4	958	1	105
-1
1	863	70	150
-1
4	892	65	31
-1
1	411	120	142
-1
1	176	50	178
-1
1	930	45	138
-1
2	243	11	36
-1
4	134	100	70
-1
3	185	118	88
-1
4	847	155	52
-1
1	351	105	52
-1
3	652	14	74
-1
4	635	76	138
-1
2	976	119	57
-1
1	705	129	106
-1
3	242	104	103
-1
2	877	186	113
-1
1	99	28	12
28	61	99	12	
4	986	114	81
-1
1	190	98	187
-1
4	241	96	91
-1
4	314	46	57
-1
1	3	98	84
98	7	19	16	14	84	
1	660	132	3
-1
1	117	59	83
-1
3	619	163	139
-1
3	731	5	124
-1
2	294	33	103
-1
2	326	83	16
-1
4	65	69	66
69	17	15	37	66	
3	307	58	161
-1
1	363	50	7
-1
2	447	116	56
-1
3	801	118	139
-1
1	483	177	197
-1
4	21	46	111
46	35	4	111	
1	344	16	67
-1
4	47	99	52
99	20	41	14	52	
4	262	144	134
-1
2	879	22	2
-1
2	40	86	11
86	9	52	3	11	
4	798	192	13
-1
4	453	155	128
-1
4	343	1	45
-1
4	91	1	174
-1
3	401	35	171
-1
1	868	56	186
-1
4	719	151	84
-1
2	52	197	180
-1
2	206	11	1
-1
4	368	89	86
-1
4	780	80	77
-1
3	459	77	183
-1
1	704	129	135
-1
1	229	23	87
-1
2	799	113	122
-1
4	736	114	177
-1
4	772	181	79
-1
4	551	99	76
-1
2	751	102	38
-1
2	788	107	78
-1
3	616	27	158
-1
1	599	6	34
-1
1	533	17	115
-1
1	220	120	137
-1
4	493	100	50
-1
1	21	50	163
50	17	41	20	59	2	163	
4	499	185	95
-1
1	326	156	145
-1
3	763	58	46
-1
3	393	8	105
-1
1	550	147	131
-1
3	735	163	88
-1
2	49	161	104
-1
1	538	45	175
-1
1	939	16	74
-1
3	653	108	123
-1
3	547	128	60
-1
3	43	27	15
27	17	15	
1	488	152	25
-1
3	144	67	184
-1
1	674	59	131
-1
3	914	160	93
-1
2	617	94	5
-1
2	192	95	49
-1
1	217	32	17
32	17	
3	492	170	124
-1
1	751	174	4
-1
1	117	120	182
-1
4	141	114	85
-1
4	925	1	151
-1
1	255	97	161
-1
2	99	122	120
-1
3	703	35	166
-1
3	303	52	60
-1
3	119	195	43
-1
2	995	11	164
-1
1	598	54	137
-1
3	779	4	8
-1
2	863	122	121
-1
1	966	13	73
-1
3	126	137	169
-1
3	598	143	43
-1
1	763	41	77
-1
2	374	95	80
-1
1	968	198	26
-1
1	131	68	189
-1
3	219	62	42
-1
2	426	11	46
-1
2	498	141	118
-1
3	570	4	130
-1
4	491	121	67
-1
1	933	198	9
-1
1	161	147	2
-1
3	441	61	96
-1
2	18	34	45
34	8	70	7	45	
4	406	1	113
-1
2	448	83	126
-1
1	245	101	137
-1
4	562	78	77
-1
2	891	175	32
-1
3	509	145	104
-1
3	670	187	102
-1
2	471	119	200
-1
1	966	79	61
-1
2	811	71	46
-1
4	123	89	47
-1
4	600	46	81
-1
4	488	93	182
-1
4	917	89	11
-1
1	748	50	186
-1
4	4	93	82
93	11	60	10	82	
3	457	153	68
-1
2	56	22	138
-1
3	916	92	16
-1
3	762	58	39
-1
1	560	68	79
-1
3	440	142	124
-1
4	973	93	169
-1
4	936	181	57
-1
1	121	97	59
-1
4	802	196	103
-1
4	821	199	55
-1
1	758	55	77
-1
2	773	63	168
-1
2	363	178	177
-1
1	841	91	196
-1
1	317	2	89
-1
2	885	194	182
-1
1	493	166	162
-1
1	703	101	58
-1
1	405	173	5
-1
1	460	126	4
-1
4	888	146	10
-1
3	455	103	72
-1
1	184	28	2
-1
3	179	142	44
-1
3	268	183	46
-1
1	49	51	39
-1
3	362	135	156
-1
2	771	179	9
-1
1	375	82	181
-1
4	530	38	107
-1
1	340	97	4
-1
3	563	136	59
-1
4	116	191	86
-1
1	760	126	27
-1
3	405	104	161
-1
3	843	123	11
-1
3	398	171	97
-1
2	6	84	28
84	54	34	8	28	
1	139	54	109
-1
2	597	29	146
-1
2	200	110	195
-1
2	58	49	130
49	33	31	6	130	
4	295	164	72
-1
1	274	79	197
-1
2	834	190	53
-1
2	997	194	175
-1
2	645	188	98
-1
1	272	138	181
-1
2	580	95	35
-1
2	678	33	15
-1
2	24	29	124
29	2	59	20	41	17	124	
4	505	181	125
-1
2	577	190	88
-1
1	125	85	118
-1
1	977	158	108
-1
3	104	143	53
-1
1	201	91	41
-1
3	981	136	178
-1
2	567	7	72
-1
1	981	139	57
-1
4	457	168	37
-1
4	981	191	169
-1
2	820	95	159
-1
1	89	23	195
-1
4	196	148	104
-1
4	601	76	198
-1
2	793	179	89
-1
3	170	131	24
-1
4	793	64	182
-1
1	801	30	120
-1
2	790	11	87
-1
3	958	67	29
-1
4	716	199	124
-1
2	62	18	98
-1
2	565	106	197
-1
1	763	54	73
-1
1	651	6	3
-1
1	226	198	86
-1
2	407	119	149
-1
2	479	63	178
-1
4	117	64	140
-1
2	346	53	158
-1
2	21	162	156
162	2	59	20	156	
4	718	78	125
-1
1	915	91	183
-1
1	939	56	188
-1
2	893	18	193
-1
4	978	20	142
-1
2	526	197	60
-1
3	456	3	74
-1
2	395	33	137
-1
2	505	150	141
-1
2	60	95	103
95	3	103	
2	937	115	132
-1
2	871	184	22
-1
1	58	98	29
-1
2	802	188	198
-1
4	895	81	169
-1
3	154	58	165
-1
3	427	136	120
-1
4	516	191	152
-1
3	208	137	53
-1
1	462	41	147
-1
2	345	53	13
-1
2	919	189	197
-1
2	747	11	46
-1
4	297	20	34
-1
2	865	21	66
-1
3	30	67	123
67	36	6	97	17	41	5	123	
4	549	20	10
-1
1	252	198	152
-1
4	905	65	89
-1
3	203	73	129
-1
2	816	86	133
-1
3	164	31	73
-1
2	161	149	83
-1
1	746	47	102
-1
3	811	143	74
-1
3	686	8	140
-1
2	895	37	111
-1
3	247	137	61
-1
3	487	140	125
-1
1	767	44	149
-1
4	500	199	35
-1
3	972	14	17
-1
1	407	129	165
-1
4	508	89	11
-1
3	134	35	106
-1
1	473	45	113
-1
1	736	82	101
-1
1	996	177	189
-1
2	472	175	128
-1
3	21	61	124
61	99	20	41	17	124	
3	807	27	74
-1
1	823	126	87
-1
1	339	50	167
-1
1	101	56	7
-1
2	406	115	193
-1
2	470	48	190
-1
3	322	73	71
-1
3	510	8	47
-1
4	990	155	21
-1
4	665	26	33
-1
1	738	198	60
-1
1	376	156	185
-1
2	94	130	34
-1
1	700	68	41
-1
4	293	121	156
-1
1	34	126	3
126	6	36	67	3	
4	904	148	27
-1
4	503	69	34
-1
3	75	131	140
-1
1	108	120	118
-1
3	367	136	115
-1
3	703	73	23
-1
3	89	200	152
-1
4	929	93	172
-1
4	436	192	92
-1
4	39	36	169
-1
4	265	69	116
-1
1	851	173	137
-1
3	142	27	67
-1
1	259	101	138
-1
3	926	8	73
-1
1	948	126	145
-1
2	851	29	144
-1
2	622	117	36
-1
2	713	197	179
-1
2	882	33	15
-1
1	949	23	35
-1
2	885	39	159
-1
1	903	41	185
-1
3	640	183	86
-1
3	112	193	45
-1
3	408	118	171
-1
1	903	17	199
-1
1	690	68	67
-1
1	469	41	15
-1
3	235	154	47
-1
3	669	187	21
-1
2	28	87	60
87	16	19	11	60	
3	164	124	52
-1
4	449	26	34
-1
4	694	66	27
-1
1	264	177	96
-1
4	214	185	65
-1
2	280	39	132
-1
1	446	129	172
-1
2	445	197	77
-1
3	665	31	15
-1
1	76	51	54
-1
1	528	30	177
-1
2	513	194	154
-1
2	291	194	19
-1
2	787	87	148
-1
2	651	102	84
-1
2	734	115	122
-1
4	657	146	50
-1
4	486	144	46
-1
2	452	188	28
-1
3	505	52	31
-1
4	233	80	12
-1
4	187	159	5
-1
2	5	71	151
71	16	14	151	
2	504	162	37
-1
4	387	100	91
-1
2	909	102	157
-1
3	110	187	55
-1
3	108	195	198
-1
4	487	80	185
-1
2	917	84	188
-1
3	129	140	19
140	16	19	
1	285	173	177
-1
4	835	159	48
-1
2	824	115	161
-1
3	866	171	12
-1
3	822	157	65
-1
1	28	17	3
17	14	3	
2	577	127	197
-1
2	913	186	29
-1
4	701	72	112
-1
2	71	141	3
141	6	31	3	
2	848	21	175
-1
1	247	105	85
-1
3	207	92	152
-1
3	570	67	122
-1
1	634	132	30
-1
1	836	105	47
-1
3	184	133	125
-1
1	812	109	110
-1
2	875	22	133
-1
4	878	74	73
-1
4	404	144	93
-1
3	289	143	198
-1
2	592	189	41
-1
3	113	195	107
-1
2	942	116	190
-1
2	340	149	94
-1
3	416	136	178
-1
1	277	120	87
-1
2	410	83	60
-1
1	82	158	85
158	4	85	
3	127	187	28
-1
2	476	190	123
-1
4	316	78	111
-1
4	174	69	58
-1
3	563	133	173
-1
3	8	27	74
27	17	41	5	74	
3	186	118	9
-1
1	24	134	80
134	2	59	20	41	5	80	
2	83	162	115
-1
3	767	171	72
-1
3	146	5	10
5	47	10	
3	68	131	199
-1
1	779	6	29
-1
3	188	73	49
-1
4	160	46	182
-1
2	385	161	160
-1
2	346	167	77
-1
1	225	152	10
152	10	
2	539	175	172
-1
4	162	57	94
-1
2	971	175	50
-1
3	722	73	180
-1
3	350	92	137
-1
2	798	22	9
-1
1	531	9	6
-1
1	490	169	165
-1
3	367	153	132
-1
1	928	98	83
-1
4	451	75	10
-1
2	697	165	18
-1
1	746	79	193
-1
4	726	1	17
-1
2	814	122	108
-1
1	975	23	130
-1
2	380	21	138
-1
3	297	103	58
-1
3	28	193	163
193	20	59	2	163	
4	462	159	60
-1
4	271	38	86
-1
4	241	89	3
-1
4	433	185	81
-1
2	401	130	81
-1
2	508	7	155
-1
1	237	173	177
-1
1	775	147	149
-1
4	632	78	52
-1
1	194	174	196
-1
4	806	1	106
-1
3	43	15	143
15	17	14	16	143	
2	445	37	183
-1
3	525	77	119
-1
3	958	61	1
-1
3	112	61	7
-1
1	40	169	131
169	2	59	20	57	15	131	
3	189	157	77
-1
3	792	131	155
-1
2	339	115	128
-1
1	844	60	81
-1
1	586	17	47
-1
1	721	60	83
-1
3	239	104	112
-1
4	239	181	172
-1
2	798	90	185
-1
4	728	1	105
-1
4	5	192	61
192	9	57	20	99	61	
1	711	132	192
-1
4	790	75	58
-1
1	270	13	117
-1
1	316	56	86
-1
2	551	194	145
-1
4	862	114	200
-1
3	33	104	132
104	75	62	3	132	
3	169	143	21
-1
3	73	92	173
-1
1	334	19	117
-1
2	77	175	48
-1
2	934	37	123
-1
3	802	27	135
-1
4	487	96	143
-1
4	383	164	88
-1
4	935	114	1
114	1	
2	18	175	56
175	6	97	17	56	
4	239	159	150
-1
3	763	128	41
-1
1	279	152	60
-1
1	679	85	186
-1
2	401	161	23
-1
4	487	46	49
-1
2	781	48	96
-1
2	868	86	59
-1
2	820	21	124
-1
2	876	107	98
-1
3	625	124	9
-1
4	866	114	88
-1
3	677	77	39
-1
2	414	107	124
-1
4	436	185	36
-1
3	236	137	82
-1
3	732	176	81
-1
1	942	156	118
-1
3	66	24	138
-1
3	963	195	196
-1
1	723	70	120
-1
1	810	47	33
-1
4	649	64	61
-1
3	924	140	168
-1
3	359	153	104
-1
2	240	141	41
-1
3	720	176	168
-1
2	638	107	123
-1
2	727	49	98
-1
4	923	66	45
-1
1	594	28	114
-1
3	626	103	112
-1
1	839	112	175
-1
1	158	112	114
-1
3	613	35	19
-1
2	605	194	111
-1
4	972	185	86
-1
4	847	57	145
-1
2	744	94	145
-1
3	540	172	10
-1
4	54	46	189
46	14	16	189	
2	965	39	91
-1
1	492	17	155
-1
1	605	55	66
-1
4	775	164	101
-1
3	85	176	46
176	3	14	46	
4	123	181	30
-1
1	267	152	86
-1
1	163	198	131
-1
2	172	94	55
-1
2	312	33	100
-1
4	603	38	139
-1
4	909	155	107
-1
4	174	46	113
-1
1	26	2	76
2	59	20	41	17	135	76	
1	471	129	3
-1
2	101	165	183
-1
4	338	88	87
-1
1	469	105	36
-1
3	923	67	81
-1
2	974	190	66
-1
2	864	102	55
-1
1	570	56	9
-1
4	282	164	6
-1
4	509	89	160
-1
2	864	115	40
-1
4	246	185	4
-1
2	684	37	91
-1
2	672	175	147
-1
3	952	195	14
-1
4	769	69	155
-1
2	824	194	56
-1
3	784	58	63
-1
2	142	179	178
-1
1	501	13	67
-1
4	340	121	181
-1
2	95	184	117
-1
2	185	182	106
-1
1	932	17	80
-1
4	497	88	26
-1
4	51	192	46
192	9	52	14	46	
3	259	160	39
-1
3	73	183	96
-1
2	51	167	75
167	46	14	16	75	
3	69	108	87
108	19	16	87	
3	801	160	159
-1
1	717	51	95
-1
3	974	145	28
-1
1	853	82	44
-1
2	230	165	132
-1
1	675	13	123
-1
2	514	63	82
-1
3	609	73	17
-1
4	235	146	135
-1
4	673	148	194
-1
1	432	16	153
-1
1	78	16	155
16	40	11	155	
2	505	84	99
-1
3	748	58	132
-1
3	831	62	96
-1
3	705	92	60
-1
3	139	118	123
-1
3	955	31	147
-1
4	641	192	44
-1
2	634	178	191
-1
1	138	51	6
-1
2	492	34	173
-1
3	142	111	9
-1
2	626	167	18
-1
4	873	66	31
-1
1	733	97	74
-1
4	607	1	192
-1
1	753	91	174
-1
2	597	197	165
-1
2	187	37	95
-1
1	945	70	145
-1
2	669	7	130
-1
1	429	50	40
-1
4	846	144	6
-1
1	829	169	71
-1
3	902	193	119
-1
3	93	125	72
125	14	41	20	72	
3	619	131	162
-1
2	735	84	159
-1
1	29	32	195
32	17	97	6	36	195	
2	173	18	17
18	17	
4	654	114	175
-1
3	493	135	177
-1
3	250	163	72
-1
2	673	161	192
-1
2	943	189	184
-1
2	414	90	109
-1
3	928	135	39
-1
1	438	105	74
-1
2	584	39	105
-1
1	352	68	75
-1
4	527	192	140
-1
4	655	46	74
-1
2	526	90	37
-1
3	117	92	197
-1
4	300	164	137
-1
3	808	58	178
-1
3	599	24	112
-1
4	72	151	16
151	14	16	
3	529	140	7
-1
3	155	123	74
123	5	74	
3	894	27	17
-1
3	768	153	62
-1
2	204	7	104
-1
1	752	132	195
-1
2	240	48	110
-1
4	217	99	167
-1
2	481	107	190
-1
4	648	57	92
-1
4	454	80	183
-1
3	279	8	58
-1
2	296	162	84
-1
1	509	56	188
-1
2	412	175	194
-1
2	606	130	77
-1
4	467	81	76
-1
4	234	72	174
-1
4	375	88	32
-1
1	819	120	88
-1
1	353	169	168
-1
1	210	173	175
-1
3	93	52	89
52	9	89	
4	880	99	96
-1
2	225	7	70
7	70	
1	653	19	199
-1
3	928	176	31
-1
2	702	43	102
-1
1	485	28	141
-1
3	173	154	61
-1
3	540	124	180
-1
3	466	77	152
-1
2	106	86	155
-1
3	1	131	53
131	15	47	53	
2	270	162	60
-1
1	468	139	30
-1
4	50	191	157
-1
2	551	119	151
-1
3	892	172	178
-1
1	904	56	84
-1
2	883	180	7
-1
2	634	71	83
-1
4	789	89	121
-1
2	993	194	3
-1
1	52	147	164
-1
4	433	168	102
-1
4	390	36	45
-1
2	740	37	163
-1
2	70	188	86
-1
3	753	31	93
-1
1	311	134	73
-1
1	746	16	95
-1
4	618	1	183
-1
2	20	141	129
141	6	97	48	10	129	
1	535	134	75
-1
3	389	137	42
-1
3	233	170	29
-1
3	347	111	66
-1
1	432	2	5
-1
2	676	71	35
-1
2	548	175	120
-1
2	995	86	135
-1
3	777	183	87
-1
3	705	200	28
-1
1	131	19	113
-1
1	973	105	1
-1
4	753	93	170
-1
3	818	77	32
-1
1	422	23	34
-1
1	808	6	56
-1
1	527	82	31
-1
4	813	181	68
-1
2	300	175	50
-1
1	479	152	1
-1
3	343	8	19
-1
1	943	139	75
-1
2	65	63	168
-1
3	96	15	44
-1
4	481	185	67
-1
1	937	158	24
-1
1	919	166	105
-1
1	386	44	86
-1
4	787	57	12
-1
3	387	108	115
-1
1	557	138	123
-1
4	831	80	13
-1
2	950	22	75
-1
4	794	38	41
-1
2	412	86	25
-1
1	587	166	183
-1
1	292	54	100
-1
3	129	172	143
-1
1	740	109	199
-1
1	255	47	58
-1
4	729	185	195
-1
4	941	93	74
-1
3	567	124	48
-1
3	7	25	37
25	14	17	15	37	
2	432	18	122
-1
4	966	181	40
-1
4	65	168	93
-1
2	607	11	17
-1
1	758	91	77
-1
1	167	30	76
-1
4	962	36	60
-1
2	187	116	153
-1
1	786	56	28
-1
1	823	174	52
-1
4	744	181	22
-1
4	735	164	154
-1
1	380	129	73
-1
3	596	193	35
-1
4	824	151	125
-1
1	499	60	107
-1
3	711	27	142
-1
2	15	188	58
188	6	97	48	9	58	
1	242	126	65
-1
1	45	112	39
-1
1	866	134	19
-1
2	172	29	134
29	2	134	
4	844	164	62
-1
2	879	95	6
-1
2	403	90	108
-1
4	861	65	168
-1
2	803	116	146
-1
2	12	178	85
178	5	41	14	85	
4	76	192	10
-1
4	266	185	73
-1
2	236	29	6
-1
1	769	47	187
-1
2	830	18	102
-1
1	187	13	196
13	196	
2	95	43	37
-1
1	14	198	53
198	11	60	1	53	
3	759	58	168
-1
1	643	60	145
-1
1	204	23	136
-1
4	877	99	72
-1
2	834	116	101
-1
1	820	152	147
-1
1	273	120	116
-1
2	868	102	80
-1
4	256	88	123
-1
1	909	134	120
-1
1	676	147	177
-1
1	973	105	189
-1
4	460	99	11
-1
1	732	55	61
-1
3	832	131	177
-1
4	330	164	128
-1
3	397	136	199
-1
3	876	8	100
-1
1	998	28	188
-1
2	869	83	121
-1
4	998	191	68
-1
1	186	19	124
-1
4	148	191	175
-1
1	961	50	29
-1
3	889	133	111
-1
2	816	116	26
-1
2	566	197	161
-1
3	266	193	121
-1
2	453	21	148
-1
2	925	18	182
-1
2	344	39	125
-1
4	820	36	143
-1
2	994	21	85
-1
1	774	120	86
-1
4	684	80	19
-1
4	909	168	134
-1
3	622	135	131
-1
1	742	101	123
-1
1	841	166	95
-1
3	174	170	65
-1
2	298	94	103
-1
2	592	190	138
-1
1	676	9	110
-1
1	362	2	181
-1
2	380	127	61
-1
1	265	10	180
-1
1	995	70	115
-1
1	670	91	167
-1
2	164	184	84
-1
3	828	176	53
-1
2	882	150	98
-1
4	619	199	87
-1
4	280	191	95
-1
4	661	66	48
-1
2	721	179	174
-1
1	52	158	183
-1
1	766	23	5
-1
1	484	169	95
-1
4	767	38	31
-1
3	771	154	6
-1
3	69	133	107
-1
3	707	15	106
-1
4	802	185	96
-1
4	401	65	113
-1
3	575	125	92
-1
2	709	197	1
-1
2	713	48	175
-1
1	560	166	144
-1
2	342	49	133
-1
4	899	168	38
-1
1	406	138	171
-1
1	511	158	185
-1
4	158	65	169
-1
2	670	18	185
-1
2	113	18	109
-1
4	514	144	57
-1
2	488	53	57
-1
2	31	117	22
117	10	44	12	22	
1	516	28	22
-1
4	753	121	189
-1
4	923	20	79
-1
3	259	25	36
-1
2	28	87	100
87	9	100	
1	212	44	117
-1
4	473	65	87
-1
2	529	178	30
-1
1	137	91	34
-1
2	358	178	103
-1
2	732	161	82
-1
4	672	76	3
-1
1	950	28	22
-1
4	986	151	198
-1
2	837	161	84
-1
2	306	188	127
-1
1	792	152	191
-1
3	221	176	120
-1
1	7	56	10
56	51	10	
3	509	193	140
-1
2	990	102	100
-1
2	792	33	175
-1
4	165	57	154
-1
1	162	6	56
-1
3	645	143	17
-1
1	123	132	156
-1
2	266	37	107
-1
1	185	28	34
-1
3	747	200	90
-1
1	86	158	82
-1
4	585	66	183
-1
3	111	8	168
8	15	168	
4	416	199	24
-1
2	72	116	181
116	17	41	5	181	
3	40	77	76
77	14	17	135	76	
4	995	74	7
-1
4	854	196	43
-1
1	87	13	22
-1
2	928	150	173
-1
4	809	96	131
-1
4	144	181	148
181	5	148	
2	311	117	155
-1
2	686	179	106
-1
2	866	194	21
-1
1	893	17	49
-1
3	899	8	122
-1
4	893	155	70
-1
3	666	8	82
-1
4	439	46	31
-1
1	921	174	126
-1
2	620	182	58
-1
3	175	77	174
-1
1	432	139	104
-1
3	204	24	50
-1
3	652	42	18
-1
1	774	134	26
-1
2	43	33	180
-1
3	724	77	139
-1
3	707	143	184
-1
3	32	133	109
133	3	52	9	109	
3	842	5	43
-1
3	15	24	119
24	10	60	11	3	119	
2	71	150	58
-1
3	720	133	81
-1
3	89	136	74
-1
2	866	188	8
-1
2	45	161	192
161	9	192	
4	535	155	68
-1
4	719	78	162
-1
3	227	136	46
-1
4	221	168	50
-1
1	140	9	26
9	26	
3	997	176	175
-1
2	829	197	60
-1
1	855	68	195
-1
3	262	157	182
-1
2	5	22	94
22	12	99	61	94	
1	624	19	48
-1
3	786	153	78
-1
1	631	23	13
-1
1	433	2	180
-1
2	458	22	140
-1
2	584	161	67
-1
1	243	109	63
-1
2	638	90	131
-1
4	771	144	87
-1
3	65	157	60
157	15	73	83	1	60	
2	912	113	78
-1
3	389	136	31
-1
3	202	73	5
-1
1	733	56	6
-1
4	825	88	28
-1
3	491	145	140
-1
4	153	80	49
-1
4	883	75	90
-1
1	121	112	185
-1
2	381	34	141
-1
1	410	98	53
-1
2	392	162	140
-1
2	397	150	13
-1
3	2	103	68
103	3	11	68	
4	781	36	155
-1
1	521	12	51
-1
2	921	102	82
-1
1	810	54	156
-1
4	394	89	19
-1
2	286	161	53
-1
4	490	93	150
-1
1	629	55	63
-1
4	841	46	13
-1
3	108	42	67
-1
4	214	196	54
-1
3	616	176	65
-1
2	898	48	166
-1
1	653	120	172
-1
1	872	129	12
-1
4	324	74	172
-1
3	425	111	17
-1
3	88	200	71
-1
4	52	181	116
181	5	41	17	116	
2	518	21	110
-1
4	924	81	57
-1
4	388	46	184
-1
3	754	62	32
-1
4	877	159	151
-1
2	288	11	32
-1
2	811	34	57
-1
1	827	109	120
-1
1	449	134	71
-1
1	717	173	51
-1
3	26	25	24
25	13	70	10	24	
4	82	93	56
-1
1	665	16	101
-1
1	648	156	114
-1
3	951	61	24
-1
3	734	137	187
-1
3	390	176	20
-1
2	909	186	129
-1
2	132	165	14
-1
2	982	165	186
-1
4	5	81	161
81	15	57	9	161	
2	12	106	5
106	11	19	39	5	
1	513	139	21
-1
1	178	156	128
-1
3	202	3	188
-1
3	588	153	124
-1
2	207	86	99
-1
1	87	28	36
28	88	6	36	
4	300	88	152
-1
1	637	19	117
-1
3	797	153	197
-1
1	2	109	55
109	9	57	15	81	55	
4	174	121	193
-1
4	701	185	100
-1
2	40	162	103
-1
3	363	163	7
-1
2	13	150	45
150	7	45	
1	448	109	24
-1
3	200	195	63
-1
2	68	95	34
95	20	54	34	
3	64	131	186
131	15	17	186	
4	270	80	94
-1
2	415	33	14
-1
1	514	158	198
-1
1	568	10	112
-1
2	175	49	74
-1
2	771	11	176
-1
2	746	175	84
-1
2	8	22	30
22	12	40	11	30	
1	41	173	76
173	10	76	
2	178	40	7
-1
1	72	56	38
56	17	14	38	
3	437	125	70
-1
1	787	139	179
-1
3	298	5	188
-1
3	523	172	36
-1
1	698	98	198
-1
1	733	68	172
-1
2	363	165	145
-1
3	590	125	70
-1
2	996	165	109
-1
3	785	143	116
-1
1	606	166	193
-1
1	984	2	83
-1
2	971	188	87
-1
2	958	37	59
-1
3	955	160	156
-1
1	678	9	176
-1
2	223	94	140
-1
1	492	56	16
-1
2	552	197	181
-1
3	820	193	75
-1
1	212	129	40
-1
3	846	135	193
-1
3	533	118	181
-1
1	191	41	169
-1
1	698	198	128
-1
1	473	105	137
-1
1	965	134	30
-1
3	180	108	37
-1
4	512	199	33
-1
3	138	103	177
-1
4	777	74	106
-1
2	922	37	192
-1
1	654	82	109
-1
3	622	14	149
-1
1	350	156	147
-1
1	238	6	3
-1
1	19	30	136
30	11	3	52	9	136	
2	407	194	44
-1
1	991	126	194
-1
2	768	189	48
-1
2	225	127	121
-1
1	616	55	157
-1
3	276	128	191
-1
4	825	181	156
-1
3	923	3	112
-1
1	877	152	117
-1
2	12	141	146
141	6	88	1	21	19	7	146	
4	607	159	92
-1
2	801	117	169
-1
2	200	107	109
-1
4	921	26	187
-1
1	229	50	194
-1
1	971	17	121
-1
1	327	45	102
45	7	102	
4	190	69	104
-1
3	258	143	7
-1
3	355	171	99
-1
2	446	182	9
-1
2	766	141	125
-1
2	827	141	31
-1
3	413	140	57
-1
1	6	12	58
12	44	10	58	
3	879	193	27
-1
3	980	163	71
-1
1	635	41	91
-1
1	841	30	33
-1
2	539	87	3
-1
3	99	42	136
-1
2	223	39	76
-1
3	253	157	168
-1
3	661	183	60
-1
1	671	147	71
-1
3	897	153	15
-1
3	967	31	130
-1
2	57	162	170
-1
4	441	196	200
-1
2	995	188	38
-1
4	730	78	79
-1
3	958	176	70
-1
1	125	198	26
-1
1	784	2	8
-1
2	207	63	106
-1
3	973	133	10
-1
4	702	181	192
-1
1	72	147	153
-1
4	623	155	148
-1
3	260	195	135
-1
2	339	189	12
-1
1	360	70	139
-1
3	385	27	136
-1
3	944	104	138
-1
2	449	87	152
-1
1	259	45	36
-1
2	250	18	16
-1
2	755	119	162
-1
3	54	142	116
142	16	14	17	116	
4	989	164	62
-1
3	152	24	50
-1
4	291	114	119
-1
3	978	73	98
-1
1	115	9	1
-1
1	418	152	39
-1
1	853	152	84
-1
2	668	162	53
-1
1	181	12	171
-1
3	448	118	65
-1
3	909	171	28
-1
3	910	111	3
-1
2	181	63	68
-1
1	678	105	140
-1
2	230	34	100
-1
1	268	101	51
-1
3	703	118	155
-1
3	155	123	116
-1
3	678	142	79
-1
3	342	123	196
-1
2	121	122	167
-1
3	924	183	77
-1
1	791	44	91
-1
3	83	24	147
-1
2	182	53	181
-1
1	385	82	81
-1
2	139	102	198
-1
3	54	4	72
4	93	11	34	72	
3	733	111	14
-1
2	928	188	88
-1
1	694	129	161
-1
2	723	49	143
-1
3	813	124	187
-1
2	960	115	162
-1
2	140	149	15
-1
2	172	130	48
-1
4	121	114	149
-1
3	193	52	105
-1
3	406	58	15
-1
2	293	190	2
-1
4	653	69	82
-1
2	748	115	82
-1
2	486	37	6
-1
4	47	1	72
1	60	11	34	72	
3	461	160	20
-1
1	661	51	149
-1
2	209	22	15
-1
3	513	143	18
-1
2	79	87	75
87	16	75	
3	880	92	16
-1
3	313	136	37
-1
3	795	140	151
-1
2	600	39	139
-1
3	223	124	139
-1
3	42	171	51
171	9	79	10	51	
3	942	183	53
-1
2	308	43	27
-1
3	926	52	121
-1
2	200	116	7
-1
3	568	195	98
-1
4	604	26	185
-1
1	354	139	76
-1
3	244	133	115
-1
2	734	84	38
-1
2	136	106	8
-1
4	589	99	191
-1
4	615	192	33
-1
4	687	100	36
-1
3	293	25	104
-1
3	542	176	98
-1
3	726	143	75
-1
1	201	98	13
98	7	70	13	
3	715	3	145
-1
4	105	46	180
-1
1	712	132	37
-1
3	54	67	135
67	36	6	97	17	135	
1	439	55	127
-1
2	426	21	178
-1
2	529	107	2
-1
4	178	151	129
-1
3	253	92	24
-1
1	65	169	121
-1
3	762	170	124
-1
4	941	36	121
-1
3	178	92	52
92	14	52	
1	864	156	119
-1
1	942	9	125
-1
4	719	199	98
-1
3	472	25	156
-1
3	401	153	107
-1
3	424	131	150
-1
3	496	183	119
-1
4	971	199	40
-1
3	92	160	27
-1
2	295	53	119
-1
2	365	182	74
-1
1	890	45	34
-1
3	539	187	33
-1
4	294	57	9
57	9	
1	152	129	113
-1
4	302	81	43
-1
1	820	56	177
-1
4	611	151	128
-1
2	37	122	87
-1
2	555	165	139
-1
2	580	11	120
-1
3	166	176	117
-1
1	398	17	55
-1
4	758	155	111
-1
3	70	200	191
-1
1	865	152	71
-1
2	393	53	126
-1
3	720	24	29
-1
2	607	34	102
-1
2	697	22	18
-1
1	169	129	28
-1
3	885	108	155
-1
3	491	73	171
-1
2	1	22	77
22	12	99	20	77	
2	592	179	29
-1
4	14	1	180
1	53	12	59	2	180	
4	692	65	184
-1
1	120	9	159
-1
1	621	129	144
-1
2	990	87	165
-1
3	817	183	93
-1
3	172	103	1
-1
1	294	139	25
-1
2	723	29	199
-1
1	751	30	177
-1
1	882	173	129
-1
1	65	138	145
138	8	38	12	145	
2	175	29	154
-1
4	118	100	82
-1
4	282	72	168
-1
3	575	61	102
-1
4	927	78	157
-1
4	503	1	95
-1
4	701	46	124
-1
1	630	120	153
-1
1	358	70	77
-1
3	103	103	14
103	3	14	
2	256	167	195
-1
4	889	93	94
-1
1	608	10	166
-1
3	461	92	178
-1
2	617	18	55
-1
4	312	144	7
-1
4	35	46	5
46	14	41	5	
4	139	99	124
-1
3	567	128	194
-1
1	332	85	48
-1
1	126	139	15
-1
4	772	146	59
-1
2	889	34	69
-1
3	466	193	160
-1
1	673	54	177
-1
2	31	22	72
22	12	99	20	72	
3	835	133	69
-1
2	159	119	167
-1
1	104	9	94
-1
2	551	175	131
-1
2	917	107	69
-1
2	376	184	15
-1
4	44	155	200
-1
2	555	43	193
-1
3	483	61	198
-1
3	106	133	19
-1
3	574	163	104
-1
1	293	198	22
-1
3	538	108	31
-1
2	668	11	157
-1
2	137	113	63
-1
1	903	30	47
-1
3	854	157	153
-1
3	246	200	148
-1
2	595	106	8
-1
2	166	188	92
-1
4	269	93	54
-1
2	642	18	3
-1
3	424	111	110
-1
2	181	48	72
-1
3	595	67	137
-1
4	441	155	166
-1
4	546	57	74
-1
3	93	111	25
-1
3	252	108	130
-1
1	343	55	69
-1
4	396	20	161
-1
4	951	88	130
-1
1	812	129	192
-1
1	436	105	191
-1
1	372	85	57
-1
1	889	79	12
-1
4	362	72	20
-1
1	186	17	82
-1
3	267	61	190
-1
1	735	112	44
-1
1	47	54	15
54	20	57	15	
4	776	1	102
-1
4	919	151	182
-1
3	309	163	86
-1
2	318	150	170
-1
4	729	121	1
-1
2	500	161	72
-1
2	782	122	40
-1
1	523	59	100
-1
3	318	125	11
-1
1	332	59	64
-1
1	185	105	64
-1
1	166	32	167
-1
4	404	151	81
-1
1	725	59	30
-1
3	725	176	150
-1
1	548	56	62
-1
3	387	108	183
-1
4	686	89	193
-1
3	696	163	117
-1
1	111	32	127
-1
2	975	115	31
-1
4	293	99	62
-1
1	173	16	12
-1
1	402	19	23
-1
4	703	96	150
-1
4	964	20	6
-1
4	898	168	65
-1
3	690	154	105
-1
4	606	192	67
-1
2	732	39	50
-1
2	114	150	164
-1
4	527	76	14
-1
4	891	168	29
-1
3	513	140	200
-1
4	414	93	47
-1
3	971	195	66
-1
2	35	110	185
-1
2	739	7	139
-1
4	957	96	82
-1
2	6	53	120
53	1	88	6	36	120	
3	569	136	69
-1
4	534	1	96
-1
2	715	127	15
-1
1	866	169	154
-1
4	712	81	198
-1
1	977	47	192
-1
1	562	17	101
-1
3	852	52	59
-1
3	885	142	106
-1
4	4	99	110
99	20	41	17	27	110	
3	25	104	45
104	75	19	7	45	
3	920	25	197
-1
1	335	158	76
-1
3	440	24	44
-1
4	638	89	77
-1
3	981	200	123
-1
1	434	129	91
-1
3	892	42	142
-1
4	398	93	36
-1
1	907	177	134
-1
1	504	132	189
-1
1	300	156	13
-1
1	527	28	123
-1
4	371	114	146
-1
3	47	153	35
-1
3	321	142	186
-1
3	811	123	114
-1
1	905	156	155
-1
4	340	199	47
-1
4	73	196	175
-1
1	461	55	107
-1
1	426	158	14
-1
1	500	9	41
-1
3	45	136	154
136	9	79	10	154	
3	631	58	59
-1
3	617	104	200
-1
3	330	24	74
-1
2	685	186	181
-1
2	883	90	180
-1
2	810	29	127
-1
2	468	53	181
-1
4	881	66	90
-1
1	674	91	51
-1
2	179	190	138
-1
2	837	186	195
-1
1	989	17	50
-1
2	614	33	25
-1
2	147	162	10
-1
1	126	198	100
-1
2	4	33	80
33	23	80	
3	985	42	133
-1
1	626	109	198
-1
2	876	141	40
-1
1	613	166	181
-1
3	559	145	166
-1
3	408	133	182
-1
3	832	73	166
-1
2	994	87	80
-1
2	93	33	77
-1
2	172	110	109
-1
4	656	65	102
-1
4	5	1	10
1	60	10	
3	644	27	103
-1
1	424	54	68
-1
1	742	19	164
-1
1	523	177	97
-1
4	441	185	121
-1
4	120	168	7
-1
2	948	161	191
-1
3	809	5	52
-1
1	510	129	117
-1
2	872	184	117
-1
2	774	189	95
-1
2	593	184	149
-1
3	157	160	167
-1
1	5	101	143
101	46	14	16	143	
2	125	175	79
-1
3	484	15	199
-1
1	226	134	159
-1
2	478	34	164
-1
3	946	42	44
-1
4	614	151	27
-1
2	109	22	167
-1
1	9	147	103
147	55	62	3	103	
3	575	92	62
-1
2	69	48	162
-1
3	900	4	136
-1
3	898	128	151
-1
2	408	11	36
-1
2	523	189	69
-1
4	766	66	62
-1
3	145	163	13
-1
3	663	176	186
-1
4	965	36	85
-1
1	826	44	176
-1
3	987	170	175
-1
4	675	191	178
-1
2	977	90	105
-1
1	364	139	68
-1
4	785	146	56
-1
2	46	21	73
21	1	83	73	
2	658	186	187
-1
1	196	82	114
-1
3	80	145	150
-1
1	255	109	145
-1
2	581	87	67
-1
3	358	25	57
-1
4	414	99	146
-1
3	233	27	36
-1
4	40	191	181
-1
2	664	175	153
-1
4	50	20	139
20	54	34	11	139	
1	164	30	172
-1
1	465	177	116
-1
1	961	56	177
-1
3	227	62	63
-1
3	683	42	39
-1
4	580	151	90
-1
4	815	164	116
-1
2	148	197	58
-1
4	100	36	32
-1
4	790	100	4
-1
1	362	101	185
-1
1	829	16	113
-1
1	157	32	168
-1
3	171	193	181
-1
1	210	19	174
-1
1	299	54	124
-1
4	414	185	87
-1
3	624	200	35
-1
4	7	99	23
99	20	41	17	33	23	
2	610	150	74
-1
3	146	92	174
-1
3	458	5	142
-1
2	977	33	173
-1
3	309	142	165
-1
1	682	112	136
-1
4	805	121	141
-1
1	444	19	125
-1
4	830	185	76
-1
3	652	8	174
-1
3	277	14	76
-1
3	403	176	167
-1
3	544	73	123
-1
2	516	83	107
-1
2	633	11	48
-1
1	120	120	160
-1
3	660	153	80
-1
2	184	110	51
-1
1	860	105	35
-1
1	185	134	194
-1
1	612	138	159
-1
3	930	14	86
-1
1	852	16	159
-1
4	559	159	193
-1
3	206	27	3
-1
1	965	59	74
-1
2	397	178	27
-1
2	447	189	136
-1
3	233	172	192
-1
3	26	183	125
183	13	25	14	125	
1	536	120	62
-1
3	22	131	28
131	15	8	28	
1	332	13	43
-1
4	924	64	154
-1
2	478	22	180
-1
2	952	180	190
-1
4	730	144	119
-1
3	617	140	107
-1
1	408	138	30
-1
3	284	170	13
-1
1	898	147	84
-1
2	525	83	166
-1
1	919	56	178
-1
1	272	139	42
-1
3	803	62	15
-1
1	144	91	194
-1
2	62	194	90
194	11	19	90	
3	568	123	181
-1
1	198	91	119
-1
1	162	98	40
-1
1	645	134	187
-1
3	962	31	21
-1
4	340	155	28
-1
3	333	73	166
-1
1	147	97	179
-1
1	341	51	21
-1
3	582	195	15
-1
3	562	8	89
-1
3	432	176	180
-1
3	72	125	29
-1
4	210	38	162
-1
1	382	82	144
-1
2	609	43	98
-1
1	926	134	123
-1
4	904	66	19
-1
1	76	13	21
13	70	7	19	21	
1	690	105	15
-1
4	531	38	23
-1
4	510	199	150
-1
3	90	31	26
31	17	15	26	
2	204	102	63
-1
2	747	63	96
-1
1	597	44	90
-1
3	319	52	24
-1
1	889	177	41
-1
1	461	32	5
-1
2	828	107	61
-1
2	402	149	98
-1
1	751	79	97
-1
3	128	140	79
-1
4	990	181	132
-1
2	37	184	194
184	12	40	11	194	
2	526	83	37
-1
3	501	31	88
-1
2	942	149	16
-1
2	698	189	199
-1
2	759	49	57
-1
4	56	76	157
76	135	17	15	157	
2	504	29	35
-1
2	182	179	126
-1
3	513	58	107
-1
4	706	199	42
-1
3	142	35	124
-1
2	781	113	154
-1
2	548	165	54
-1
3	698	58	194
-1
1	307	156	195
-1
4	63	114	22
114	1	53	12	22	
4	850	121	51
-1
3	175	25	181
-1
1	481	6	39
-1
2	323	119	37
-1
3	798	176	24
-1
3	504	118	136
-1
1	109	50	100
-1
2	503	150	158
-1
1	497	47	113
-1
3	270	153	178
-1
1	520	16	98
-1
4	701	65	122
-1
4	939	191	80
-1
4	927	72	198
-1
4	350	146	125
-1
3	85	143	194
-1
1	337	198	44
-1
2	694	107	193
-1
1	558	9	191
-1
4	335	57	144
-1
1	432	126	111
-1
1	706	198	127
-1
1	985	98	117
-1
2	134	188	140
-1
4	858	66	85
-1
4	652	168	180
-1
3	647	52	177
-1
3	39	140	35
140	16	35	
4	229	185	195
-1
3	524	142	3
-1
1	634	28	81
-1
1	112	60	78
-1
2	429	117	127
-1
1	120	101	66
-1
2	805	186	131
-1
2	336	43	98
-1
4	864	46	102
-1
3	851	92	193
-1
1	445	82	178
-1
2	848	63	119
-1
2	328	186	147
-1
3	405	172	158
-1
3	483	35	26
-1
3	148	15	78
15	81	78	
3	30	135	63
135	17	97	63	
1	480	91	57
-1
4	581	26	103
-1
1	373	41	146
-1
1	902	91	180
-1
3	21	136	42
136	9	52	5	42	
3	119	135	179
-1
3	276	14	150
-1
3	253	170	137
-1
3	330	52	151
-1
4	992	199	85
-1
2	800	180	175
-1
1	702	59	152
-1
4	400	191	145
-1
4	579	164	35
-1
4	172	65	122
-1
2	350	37	8
-1
4	452	155	21
-1
2	588	182	190
-1
2	538	34	41
-1
2	423	115	191
-1
2	749	106	171
-1
2	853	106	181
-1
4	597	159	172
-1
2	183	110	87
-1
2	57	40	103
-1
2	64	11	140
11	40	16	140	
2	885	161	46
-1
4	274	164	180
-1
4	67	151	165
-1
4	409	88	80
-1
3	979	62	137
-1
3	312	163	194
-1
3	283	15	105
-1
3	969	163	14
-1
3	271	145	6
-1
4	562	1	16
-1
1	608	17	128
-1
1	739	101	91
-1
1	503	126	193
-1
4	934	144	33
-1
3	671	153	94
-1
2	216	83	8
-1
2	920	194	174
-1
1	886	28	136
-1
4	691	196	33
-1
3	858	67	185
-1
2	738	180	1
-1
3	428	187	53
-1
3	221	77	131
-1
2	653	180	74
-1
4	498	65	178
-1
3	858	135	13
-1
3	231	103	158
-1
2	919	22	186
-1
1	103	59	181
-1
1	487	101	199
-1
4	488	159	179
-1
4	692	96	117
-1
4	22	75	194
75	19	11	194	
1	248	47	125
-1
1	777	51	189
-1
1	589	101	76
-1
1	347	158	178
-1
3	332	140	151
-1
2	864	11	10
-1
1	863	112	110
-1
4	241	199	20
-1
4	309	38	67
-1
1	102	129	94
-1
3	178	103	140
-1
2	767	150	191
-1
1	242	126	43
-1
3	819	67	152
-1
1	769	13	91
-1
4	330	96	53
-1
4	192	159	164
-1
2	211	21	114
-1
1	478	13	151
-1
4	771	74	32
-1
2	662	127	134
-1
1	804	105	35
-1
2	46	71	112
71	18	93	8	112	
4	597	64	178
-1
2	40	34	142
34	54	16	142	
3	292	154	189
-1
2	455	84	148
-1
4	369	75	120
-1
2	871	37	85
-1
4	302	66	158
-1
2	387	188	84
-1
1	373	50	188
-1
2	37	53	10
53	47	10	
1	966	51	25
-1
1	508	47	10
-1
4	48	38	164
38	1	60	10	164	
1	395	129	199
-1
3	115	136	25
-1
3	799	104	61
-1
1	108	126	127
-1
2	791	180	114
-1
3	731	118	115
-1
1	692	91	168
-1
2	917	127	170
-1
3	278	92	16
-1
4	841	151	54
-1
4	639	199	134
-1
3	215	145	69
-1
2	76	11	124
-1
1	754	9	50
-1
1	667	68	29
-1
1	534	59	98
-1
2	101	141	188
-1
1	822	32	66
-1
4	237	100	110
-1
2	442	178	60
-1
3	728	170	10
-1
2	196	161	155
-1
2	920	175	165
-1
1	121	50	126
-1
3	101	3	193
3	95	20	193	
2	598	22	3
-1
4	338	155	143
-1
2	3	7	127
7	19	16	54	20	127	
2	912	180	178
-1
1	924	16	155
-1
1	85	10	125
10	79	14	125	
3	791	137	85
-1
2	156	84	11
-1
4	33	155	61
155	11	34	54	20	99	61	
4	177	75	15
-1
2	732	127	188
-1
3	74	125	94
-1
3	952	62	52
-1
1	930	16	31
-1
3	284	128	199
-1
3	560	3	160
-1
2	396	87	48
-1
4	7	78	131
78	81	15	131	
4	819	185	86
-1
1	233	169	112
-1
3	973	145	39
-1
4	866	76	163
-1
2	70	102	176
-1
2	700	53	191
-1
2	50	182	70
182	7	70	
2	209	18	24
-1
1	256	129	111
-1
3	387	125	140
-1
2	224	83	124
-1
1	887	101	44
-1
1	125	85	188
-1
4	239	57	16
-1
4	214	75	69
-1
4	757	144	121
-1
3	778	195	55
-1
1	202	45	24
-1
2	464	53	152
-1
3	3	61	28
61	28	
4	678	199	110
-1
2	521	22	10
-1
3	60	108	95
-1
4	675	185	103
-1
1	143	23	177
-1
2	416	189	72
-1
1	422	97	67
-1
4	445	26	63
-1
3	396	27	115
-1
2	376	90	127
-1
1	685	44	125
-1
4	847	121	98
-1
3	93	193	158
-1
2	395	53	142
-1
1	324	79	116
-1
1	595	174	56
-1
2	613	189	152
-1
2	75	162	178
-1
1	542	6	156
-1
3	620	153	198
-1
3	345	128	41
-1
2	642	165	114
-1
2	399	11	106
-1
3	92	103	110
-1
1	608	97	189
-1
3	863	172	162
-1
2	967	167	102
-1
3	696	131	63
-1
1	251	158	68
-1
1	800	51	172
-1
1	993	70	100
-1
1	506	166	64
-1
3	563	8	74
-1
1	873	158	128
-1
1	813	50	24
-1
4	174	57	196
-1
2	75	71	114
71	83	1	114	
2	937	37	196
-1
1	556	132	105
-1
3	327	135	155
-1
1	978	134	177
-1
1	193	126	142
-1
3	818	183	149
-1
1	945	98	107
-1
2	321	122	108
-1
1	268	134	164
-1
2	381	107	34
-1
3	328	133	23
-1
4	833	69	106
-1
3	139	176	40
-1
2	515	102	126
-1
1	9	32	51
32	17	56	51	
3	557	24	186
-1
3	615	42	83
-1
2	922	186	4
-1
2	437	106	137
-1
3	23	125	195
125	14	3	67	36	195	
4	645	57	127
-1
4	350	185	147
-1
1	742	169	122
-1
2	267	107	175
-1
1	269	174	6
-1
2	606	182	30
-1
2	488	90	23
-1
4	843	57	160
-1
2	131	130	18
-1
2	525	167	142
-1
2	803	141	199
-1
4	549	185	183
-1
2	22	86	151
86	9	52	14	151	
2	197	179	9
-1
1	754	45	182
-1
4	183	66	115
-1
2	357	71	5
-1
3	517	111	61
-1
1	334	105	190
-1
4	75	36	108
-1
3	473	160	48
-1
2	207	115	32
-1
2	109	63	70
-1
2	318	37	48
-1
2	51	33	45
33	49	15	73	45	
1	966	138	62
-1
3	970	73	84
-1
2	382	29	146
-1
3	771	145	51
-1
4	279	78	86
-1
1	278	105	197
-1
1	62	177	111
-1
3	331	136	126
-1
1	530	44	162
-1
2	926	113	146
-1
4	139	164	83
-1
4	423	81	107
-1
1	968	50	136
-1
3	970	183	80
-1
1	855	105	110
-1
3	204	183	14
-1
1	114	13	142
-1
4	191	74	77
-1
3	104	4	121
-1
1	401	85	33
-1
3	484	163	148
-1
1	590	101	28
-1
3	77	123	29
-1
2	757	43	11
-1
1	18	12	116
12	99	20	41	17	116	
1	231	19	50
-1
2	572	22	62
-1
2	249	87	135
-1
4	721	78	90
-1
4	953	181	175
-1
2	701	182	137
-1
1	928	17	37
-1
1	957	158	112
-1
3	519	187	106
-1
3	34	143	69
143	16	14	69	
1	484	112	87
-1
3	497	142	108
-1
4	432	65	147
-1
2	321	113	24
-1
2	47	33	156
33	17	41	20	156	
1	535	138	89
-1
4	924	38	57
-1
2	635	117	167
-1
3	692	25	153
-1
4	360	144	95
-1
1	847	177	6
-1
1	706	12	99
-1
1	52	109	163
-1
3	427	92	28
-1
1	935	13	12
-1
2	623	11	149
-1
3	32	145	138
145	12	38	8	138	
1	398	68	55
-1
1	150	54	31
-1
3	396	145	174
-1
1	153	105	103
-1
3	651	103	66
-1
3	165	8	174
-1
1	592	12	17
-1
4	356	38	181
-1
3	704	124	191
-1
4	394	99	135
-1
2	1000	130	155
-1
2	830	127	160
-1
4	756	76	105
-1
1	458	23	161
-1
2	475	175	63
-1
1	601	177	70
-1
2	617	141	33
-1
1	197	85	23
-1
2	387	40	146
-1
2	74	95	44
-1
2	180	40	173
-1
2	339	39	51
-1
4	243	69	78
-1
3	955	176	100
-1
4	617	185	74
-1
1	639	59	50
-1
1	71	59	143
59	20	54	16	143	
4	45	76	179
-1
3	791	24	170
-1
2	986	11	64
-1
4	311	36	56
-1
3	161	15	94
-1
1	39	105	114
-1
4	338	100	89
-1
1	564	54	73
-1
2	365	71	84
-1
3	907	61	142
-1
2	837	83	169
-1
3	806	128	193
-1
1	222	70	155
-1
1	477	55	190
-1
2	570	117	156
-1
4	36	78	60
78	90	19	11	60	
1	924	68	159
-1
3	749	157	13
-1
1	632	120	35
-1
2	173	37	47
-1
2	694	95	129
-1
1	686	132	8
-1
3	240	137	77
-1
2	429	110	84
-1
2	136	186	200
-1
3	995	108	29
-1
3	954	143	96
-1
2	318	18	5
-1
1	704	166	76
-1
2	750	149	112
-1
4	878	74	7
-1
2	486	167	138
-1
3	714	4	26
-1
2	197	43	136
-1
1	949	23	73
-1
1	129	158	132
-1
1	425	152	74
-1
4	581	57	44
-1
1	456	126	161
-1
2	768	29	110
-1
2	774	178	135
-1
1	663	56	101
-1
4	888	93	104
-1
1	375	158	98
-1
4	248	155	120
-1
1	779	55	29
-1
3	5	183	132
183	13	70	8	3	132	
4	200	159	141
-1
1	760	139	66
-1
1	21	147	95
147	55	62	3	95	
4	155	114	72
-1
2	207	39	79
-1
2	862	53	171
-1
3	359	140	129
-1
3	830	67	35
-1
4	410	66	41
-1
1	742	44	23
-1
3	482	200	134
-1
4	947	151	24
-1
3	841	111	170
-1
2	265	84	83
-1
2	743	190	73
-1
4	466	196	125
-1
1	146	10	17
-1
4	332	168	83
-1
2	972	150	148
-1
4	546	159	143
-1
3	479	52	95
-1
3	703	133	45
-1
1	672	32	107
-1
3	507	24	142
-1
4	331	88	131
-1
3	456	31	78
-1
4	824	96	87
-1
3	106	193	7
-1
3	605	124	108
-1
2	747	95	66
-1
4	241	192	70
-1
2	638	71	2
-1
3	344	125	185
-1
4	85	196	9
-1
1	367	54	96
-1
4	45	185	78
185	59	20	57	15	81	78	
4	683	192	125
-1
3	641	15	117
-1
4	748	72	40
-1
4	766	76	86
-1
2	435	22	78
-1
3	588	15	100
-1
3	173	52	24
-1
1	733	147	171
-1
1	828	32	25
-1
2	906	150	161
-1
2	782	194	152
-1
3	899	77	118
-1
4	290	69	189
-1
1	576	17	64
-1
2	5	182	37
182	7	70	10	37	
4	704	168	51
-1
4	727	155	54
-1
1	97	79	153
-1
2	673	11	136
-1
2	785	39	85
-1
4	536	96	79
96	14	79	
2	805	29	107
-1
2	993	127	175
-1
1	408	17	143
-1
4	445	144	76
-1
4	47	100	43
100	9	57	20	43	
3	501	3	198
-1
4	853	81	28
-1
1	188	129	39
-1
1	224	2	29
2	29	
2	302	186	124
-1
4	160	74	104
-1
1	87	30	31
-1
1	829	23	199
-1
1	505	30	94
-1
4	899	26	193
-1
3	896	73	147
-1
3	724	125	27
-1
1	114	129	155
-1
1	542	68	108
-1
1	617	91	46
-1
3	120	193	71
-1
3	302	104	100
-1
2	100	190	122
-1
3	145	171	104
-1
3	737	27	129
-1
3	283	125	153
-1
1	861	173	77
-1
2	216	48	5
-1
2	75	161	72
-1
2	520	102	163
-1
1	790	70	107
-1
2	42	189	10
189	16	14	79	10	
1	563	91	152
-1
3	818	142	74
-1
2	899	87	100
-1
1	851	23	176
-1
3	528	58	148
-1
3	132	118	147
-1
1	204	85	107
-1
1	318	112	160
-1
3	424	31	29
-1
1	385	173	170
-1
3	288	14	60
-1
3	961	128	1
-1
1	612	98	39
-1
4	788	196	14
-1
4	87	46	71
-1
1	234	173	140
-1
4	692	57	177
-1
1	652	12	88
-1
1	432	129	70
-1
1	801	152	42
-1
4	412	88	7
-1
3	365	176	87
-1
4	803	88	184
-1
4	816	100	179
-1
2	38	39	24
39	19	7	70	10	24	
3	978	77	149
-1
2	554	110	5
-1
3	841	154	16
-1
3	710	157	96
-1
2	304	188	199
-1
2	662	141	86
-1
3	348	104	61
-1
1	531	68	101
-1
2	109	71	200
-1
2	285	39	38
-1
4	233	76	114
-1
2	789	53	176
-1
1	156	158	81
-1
2	651	150	37
-1
2	49	11	176
11	3	176	
4	86	66	68
-1
3	699	128	172
-1
4	199	75	39
-1
1	550	6	61
-1
4	539	66	99
-1
2	604	150	174
-1
1	979	134	178
-1
2	59	122	87
-1
2	847	29	36
-1
3	423	31	198
-1
3	290	31	64
-1
2	213	117	191
-1
3	852	15	65
-1
2	64	165	22
-1
4	962	114	88
-1
3	287	52	189
-1
1	16	55	123
55	80	5	123	
2	702	186	196
-1
4	889	196	177
-1
2	287	43	7
-1
1	550	17	38
-1
3	340	58	154
-1
2	356	71	120
-1
4	130	74	36
-1
3	769	137	149
-1
1	557	51	152
-1
4	431	89	6
-1
4	179	57	143
-1
2	955	110	139
-1
4	761	199	133
-1
1	998	85	101
-1
2	103	186	158
-1
3	774	77	180
-1
2	209	184	53
-1
2	957	113	142
-1
4	260	81	192
-1
2	18	190	32
190	10	27	17	32	
4	560	20	88
-1
4	650	199	198
-1
3	134	104	196
-1
4	434	65	32
-1
3	544	14	169
-1
2	675	117	197
-1
2	680	90	180
-1
1	621	51	45
-1
4	164	159	125
-1
1	595	19	66
-1
4	635	36	86
-1
1	632	147	35
-1
2	179	197	139
-1
1	562	82	155
-1
1	682	68	168
-1
3	878	163	36
-1
2	857	37	78
-1
2	101	116	128
-1
3	378	136	38
-1
4	243	99	56
-1
4	480	46	43
-1
4	267	80	190
-1
2	557	63	138
-1
1	111	41	19
-1
3	630	154	86
-1
3	218	35	48
-1
1	295	112	37
-1
1	774	120	152
-1
1	611	173	40
-1
2	419	150	138
-1
4	861	144	135
-1
3	850	176	14
-1
3	739	42	76
-1
1	958	198	68
-1
1	995	60	21
-1
4	395	89	55
-1
2	831	106	118
-1
1	334	152	38
-1
3	173	77	10
-1
2	863	40	111
-1
3	997	58	6
-1
1	563	70	181
-1
4	190	72	174
-1
1	410	10	123
-1
2	430	167	182
-1
4	637	114	71
-1
3	906	108	128
-1
2	743	90	32
-1
1	304	23	108
-1
4	966	148	147
-1
1	972	10	156
-1
1	504	158	26
-1
4	478	72	49
-1
3	152	62	58
-1
1	934	23	177
-1
3	156	52	90
-1
2	683	40	149
-1
1	866	98	190
-1
4	774	192	164
-1
4	72	96	111
96	14	85	4	111	
1	180	13	72
-1
3	957	136	30
-1
2	605	40	101
-1
4	862	69	114
-1
4	38	20	136
20	57	9	136	
1	479	105	140
-1
1	579	60	131
-1
2	168	95	28
-1
3	932	160	20
-1
1	394	85	67
-1
3	66	157	79
157	15	8	79	
4	295	88	15
-1
1	347	44	6
-1
3	413	200	74
-1
1	548	13	45
-1
1	239	51	150
-1
4	770	81	161
-1
1	749	60	55
-1
3	568	27	15
-1
2	234	110	99
-1
3	65	104	7
-1
1	679	169	94
-1
3	284	15	89
-1
2	709	161	88
-1
1	105	173	101
-1
3	406	73	103
-1
3	767	111	135
-1
1	221	32	194
-1
4	987	181	173
-1
4	486	148	82
-1
1	844	134	185
-1
1	538	198	153
-1
1	578	28	119
-1
2	218	63	80
-1
3	670	123	4
-1
3	972	27	28
-1
4	306	185	91
-1
4	252	151	122
-1
3	624	171	54
-1
1	705	158	154
-1
3	242	195	39
-1
4	946	38	188
-1
2	465	127	15
-1
1	496	105	29
-1
2	451	122	151
-1
3	879	143	129
-1
4	721	114	113
-1
3	394	171	15
-1
1	648	174	186
-1
2	401	197	95
-1
1	239	54	89
-1
1	226	47	78
-1
4	392	192	5
-1
1	20	56	61
56	17	41	20	99	61	
3	522	103	134
-1
3	2	154	76
154	10	76	
2	867	184	141
-1
3	233	104	63
-1
1	970	97	37
-1
4	64	144	185
-1
4	704	96	190
-1
2	734	86	36
-1
2	338	63	28
-1
1	150	54	35
54	16	35	
3	683	25	138
-1
1	310	98	91
-1
3	650	52	74
-1
1	712	70	177
-1
2	100	102	25
-1
4	85	72	169
-1
3	426	135	16
-1
4	662	191	102
-1
3	89	124	164
-1
1	523	13	170
-1
2	812	162	146
-1
4	702	196	44
-1
1	127	105	47
-1
2	103	106	116
-1
1	80	169	17
-1
2	648	21	88
-1
1	615	105	175
-1
1	516	82	117
-1
3	632	143	40
-1
3	1	183	4
183	13	70	8	93	4	
3	346	58	117
-1
4	541	69	112
-1
3	587	171	168
-1
2	702	49	25
-1
3	471	104	193
-1
3	510	183	13
-1
1	884	30	69
-1
1	352	44	151
-1
1	943	112	45
-1
3	346	143	28
-1
2	62	95	85
95	20	41	14	85	
2	125	40	153
-1
3	492	133	75
-1
2	516	119	124
-1
1	261	173	27
-1
2	825	43	9
-1
1	646	152	190
-1
2	796	188	185
-1
1	992	139	48
-1
1	619	82	190
-1
2	255	179	36
-1
1	8	41	28
41	20	99	61	28	
2	634	165	160
-1
1	557	9	30
-1
3	935	124	2
-1
3	495	136	44
-1
2	884	161	148
-1
1	421	6	135
-1
3	268	153	73
-1
4	410	144	106
-1
2	845	115	85
-1
1	272	169	77
-1
3	583	128	41
-1
2	13	162	49
162	2	59	20	57	15	49	
1	614	70	125
-1
3	210	157	60
-1
1	957	51	172
-1
2	91	87	177
-1
2	315	107	81
-1
1	221	126	177
-1
3	857	135	91
-1
1	933	132	59
-1
4	925	155	139
-1
1	974	138	100
-1
2	650	150	121
-1
3	509	163	77
-1
3	81	172	128
-1
4	9	80	166
80	23	13	166	
3	90	170	24
-1
1	666	85	149
-1
4	708	57	36
-1
4	118	65	167
-1
2	256	197	121
-1
4	755	121	58
-1
4	876	46	159
-1
2	552	95	74
-1
1	631	156	197
-1
4	996	36	77
-1
4	419	196	46
-1
2	520	37	82
-1
1	355	54	90
-1
2	473	161	154
-1
1	793	79	102
-1
1	603	134	23
-1
1	913	41	20
-1
1	986	68	115
-1
3	383	171	70
-1
1	411	2	57
-1
2	456	149	52
-1
1	890	120	41
-1
2	579	39	94
-1
3	85	145	55
-1
1	986	17	133
-1
2	560	161	18
-1
2	780	115	58
-1
1	646	28	77
-1
2	667	165	48
-1
4	923	99	49
-1
1	126	109	149
-1
2	366	117	68
-1
1	660	6	58
-1
3	66	136	154
-1
3	350	172	170
-1
1	767	158	83
-1
4	777	69	149
-1
3	253	200	128
-1
1	100	45	93
45	7	70	8	93	
3	300	111	143
-1
4	201	185	52
-1
2	220	63	120
-1
2	878	180	77
-1
4	231	191	12
-1
1	753	56	184
-1
3	587	5	93
-1
3	335	124	161
-1
4	263	100	161
-1
3	707	104	157
-1
3	49	4	20
4	35	16	54	20	
1	52	55	156
55	81	15	57	20	156	
1	171	55	170
-1
4	647	75	150
-1
3	411	104	92
-1
1	546	134	148
-1
4	38	38	104
38	14	16	75	104	
3	150	176	27
-1
3	662	111	78
-1
3	571	125	182
-1
3	190	31	137
31	6	137	
1	145	79	191
-1
3	915	131	46
-1
2	216	53	72
-1
4	707	100	175
-1
3	806	62	60
-1
2	510	7	98
7	98	
4	288	196	73
-1
1	918	97	135
-1
4	299	159	59
-1
1	587	129	89
-1
1	377	70	120
-1
1	574	166	2
-1
1	45	32	54
32	17	41	20	54	
1	371	47	105
-1
2	431	106	166
-1
3	680	111	172
-1
3	704	172	119
-1
1	839	60	16
-1
1	697	177	174
-1
3	338	27	54
-1
1	457	13	75
-1
2	810	141	40
-1
3	863	67	72
-1
2	320	63	70
-1
2	885	34	175
-1
4	809	64	86
-1
2	127	95	57
95	20	57	
1	342	198	68
-1
4	467	36	196
-1
1	72	85	22
85	14	38	12	22	
2	346	22	186
-1
1	138	30	79
-1
2	9	39	145
39	5	47	53	12	145	
2	878	53	159
-1
3	453	172	192
-1
4	890	57	7
-1
1	346	17	101
-1
3	814	143	99
-1
2	561	37	86
-1
1	183	55	170
-1
1	320	79	143
-1
3	998	24	172
-1
2	494	161	10
-1
4	205	121	63
-1
4	148	199	186
-1
3	755	3	42
-1
3	407	92	58
-1
2	457	189	153
-1
3	95	154	141
-1
2	664	115	195
-1
1	207	97	73
-1
4	530	168	49
-1
3	740	118	161
-1
2	754	11	34
-1
3	539	15	32
-1
3	333	163	186
-1
4	942	69	77
-1
3	846	27	65
-1
4	386	36	19
-1
2	733	130	133
-1
3	957	145	181
-1
3	405	103	100
-1
2	918	33	17
-1
3	151	124	28
-1
2	334	29	194
-1
2	271	119	108
-1
3	147	3	128
-1
3	363	145	107
-1
2	733	190	142
-1
3	817	128	23
-1
1	149	60	119
-1
1	49	16	22
16	40	12	22	
1	865	173	6
-1
3	444	42	81
-1
4	990	144	61
-1
2	297	29	179
-1
4	177	99	182
-1
2	683	197	78
-1
4	624	159	19
-1
1	798	44	146
-1
1	868	12	157
-1
2	41	161	125
-1
2	846	161	49
-1
3	78	25	90
25	39	19	90	
2	138	21	33
-1
1	917	10	13
-1
3	450	58	111
-1
2	679	34	107
-1
2	97	116	65
116	17	41	20	65	
1	795	91	60
-1
2	503	40	72
-1
3	827	108	184
-1
4	875	148	144
-1
4	916	146	168
-1
1	100	23	140
-1
2	112	161	101
-1
2	222	29	159
-1
1	928	30	144
-1
3	945	108	60
-1
1	356	156	102
-1
2	627	102	142
-1
3	610	157	1
-1
3	353	183	148
-1
1	73	10	93
10	79	8	93	
3	564	77	68
-1
1	465	177	180
-1
2	423	40	8
-1
3	966	14	189
-1
4	777	93	48
-1
2	831	37	155
-1
3	924	145	57
-1
3	924	171	13
-1
3	871	133	147
-1
2	316	37	108
-1
3	983	61	185
-1
3	714	25	113
-1
4	721	89	104
-1
2	861	63	117
-1
2	460	180	10
-1
1	614	109	198
-1
1	822	139	142
-1
3	586	62	65
-1
4	85	185	197
-1
2	192	7	185
-1
4	528	74	46
-1
3	840	8	22
-1
4	296	121	110
-1
3	412	193	124
-1
3	821	5	103
-1
4	171	64	11
-1
4	112	78	101
-1
4	976	99	162
-1
2	724	37	98
-1
4	61	121	57
121	17	15	57	
1	706	112	130
-1
4	927	192	90
-1
3	188	183	10
-1
4	263	78	155
-1
2	765	90	159
-1
3	528	62	23
-1
1	28	32	52
32	17	14	52	
4	542	144	150
-1
2	639	71	138
-1
1	895	147	58
-1
2	977	7	122
-1
4	866	64	113
-1
3	627	142	95
-1
4	333	81	173
-1
3	492	143	14
-1
1	266	59	75
-1
1	917	138	107
-1
1	618	166	2
-1
1	956	59	72
-1
2	13	49	170
49	3	14	170	
4	334	144	176
-1
4	798	72	191
-1
4	893	89	84
-1
2	617	115	164
-1
3	30	200	58
200	5	82	10	58	
1	304	91	117
-1
1	610	156	54
-1
4	411	72	171
-1
4	35	89	181
89	15	47	5	181	
4	204	196	30
-1
1	332	9	173
-1
2	474	94	196
-1
1	558	44	84
-1
3	473	136	150
-1
3	131	104	149
-1
3	999	133	191
-1
2	604	188	146
-1
1	327	198	169
-1
3	707	160	10
-1
4	736	146	5
-1
2	660	150	165
-1
2	455	33	11
-1
2	690	106	54
-1
3	992	15	141
-1
4	692	88	44
-1
3	283	170	128
-1
1	380	120	115
-1
3	549	123	112
-1
2	110	49	24
-1
3	314	108	169
-1
2	231	43	70
-1
1	841	55	102
-1
3	646	61	160
-1
4	186	151	126
-1
2	781	94	13
-1
4	108	185	134
185	59	2	134	
3	822	67	53
-1
4	886	199	128
-1
4	61	99	128
-1
3	29	8	35
8	34	11	35	
3	51	73	30
73	45	7	19	11	30	
3	104	103	84
103	3	14	84	
2	663	95	144
-1
3	989	140	46
-1
3	553	125	139
-1
1	839	105	124
-1
4	843	164	142
-1
2	522	186	140
-1
1	850	23	38
-1
2	236	83	45
-1
2	417	63	70
-1
2	700	113	172
-1
1	596	17	67
-1
3	793	31	158
-1
3	932	171	83
-1
4	407	76	139
-1
4	500	66	55
-1
3	240	108	40
-1
2	229	182	62
-1
3	226	183	96
-1
2	895	18	158
-1
3	818	35	23
-1
2	836	86	191
-1
2	594	33	173
-1
2	628	178	144
-1
1	718	109	171
-1
3	972	67	36
67	36	
1	563	166	95
-1
3	376	157	76
-1
1	471	138	58
-1
3	581	163	28
-1
1	403	9	14
-1
4	393	26	51
-1
3	565	14	36
-1
4	260	159	13
-1
2	30	186	73
186	17	15	73	
1	417	55	91
-1
3	264	27	8
-1
2	91	189	165
189	16	19	165	
2	101	117	54
-1
3	528	187	168
-1
2	493	167	176
-1
4	695	121	153
-1
4	730	65	118
-1
1	94	30	76
-1
1	366	41	13
-1
1	8	23	68
23	33	49	3	11	68	
2	816	39	94
-1
1	732	54	34
-1
3	985	145	150
-1
1	152	45	89
-1
3	127	124	7
-1
4	431	168	128
-1
3	549	62	192
-1
4	424	144	173
-1
2	37	37	14
37	15	17	14	
4	456	155	36
-1
2	301	162	26
-1
1	134	177	80
177	5	80	
3	36	108	176
108	19	11	3	176	
1	476	44	20
-1
3	682	195	95
-1
3	761	73	62
-1
1	753	56	123
-1
3	277	4	18
-1
2	242	179	55
-1
2	677	167	161
-1
2	55	22	122
-1
2	286	122	51
-1
3	461	8	158
-1
2	32	43	2
43	20	59	2	
1	526	70	148
-1
4	139	151	21
-1
1	213	112	28
-1
1	831	16	31
-1
3	437	92	161
-1
1	397	134	128
-1
2	718	162	149
-1
4	568	168	71
-1
3	678	5	78
-1
4	31	65	72
65	20	72	
2	778	48	141
-1
1	750	173	43
-1
2	377	63	154
-1
4	559	76	121
-1
2	720	106	165
-1
3	247	142	50
-1
2	595	90	163
-1
2	417	7	83
-1
2	494	127	87
-1
3	917	4	152
-1
2	457	34	199
-1
3	500	163	124
-1
2	805	113	138
-1
1	478	41	13
-1
3	794	200	70
-1
2	643	119	163
-1
2	757	165	52
-1
3	839	111	11
-1
3	526	128	137
-1
1	629	173	140
-1
2	827	90	125
-1
1	702	98	87
-1
2	392	149	151
-1
2	404	106	192
-1
3	626	183	191
-1
3	788	176	61
-1
3	640	170	25
-1
1	250	126	87
-1
2	538	117	14
-1
3	829	42	139
-1
1	153	70	28
-1
2	991	48	77
-1
2	742	102	26
-1
4	485	93	131
-1
4	427	96	65
-1
4	287	121	192
-1
3	663	61	161
-1
3	149	52	38
52	14	38	
2	515	53	154
-1
2	253	190	195
-1
2	632	18	16
-1
2	108	122	64
-1
4	885	64	117
-1
3	415	5	9
-1
1	879	41	56
-1
3	70	67	129
-1
3	982	153	189
-1
3	20	15	192
15	57	9	192	
2	725	116	44
-1
1	272	30	33
-1
2	287	34	2
-1
4	302	65	75
-1
3	18	124	138
124	17	15	8	138	
1	178	9	95
-1
2	834	175	135
-1
1	962	54	154
-1
4	702	75	106
-1
1	693	9	73
-1
2	536	180	188
-1
3	120	104	17
-1
2	273	175	2
-1
3	147	14	18
-1
3	436	67	141
-1
2	530	37	101
-1
3	617	14	76
-1
1	770	47	81
-1
3	275	160	107
-1
3	499	61	115
-1
3	886	153	94
-1
2	654	40	150
-1
4	55	159	76
-1
3	72	183	41
-1
1	165	129	108
-1
2	865	165	144
-1
4	292	46	109
-1
3	324	62	108
-1
3	31	183	67
183	13	70	8	3	67	
1	97	10	80
-1
3	543	108	184
-1
2	92	194	24
-1
4	367	199	134
-1
1	8	54	69
54	34	11	69	
3	667	125	197
-1
1	362	41	113
-1
2	270	106	111
-1
2	929	149	124
-1
3	596	73	107
-1
1	27	55	68
55	81	15	8	34	11	68	
3	210	103	175
-1
1	385	45	120
-1
3	671	136	119
-1
1	339	55	124
-1
3	887	14	48
-1
4	752	80	41
-1
3	462	193	98
-1
3	337	62	46
-1
4	443	191	70
-1
1	462	138	124
-1
2	837	116	27
-1
3	508	125	23
-1
3	426	62	111
-1
2	349	84	165
-1
2	349	22	130
-1
1	589	60	9
-1
2	286	11	1
-1
3	83	24	14
-1
2	953	161	156
-1
4	628	155	45
-1
1	206	17	160
-1
3	229	5	37
-1
1	139	112	50
-1
2	655	90	133
-1
2	784	190	154
-1
1	544	138	13
-1
4	296	78	176
-1
2	309	115	199
-1
2	217	150	111
-1
2	613	102	66
-1
1	173	129	34
-1
3	161	135	38
-1
2	610	115	101
-1
2	542	53	190
-1
2	647	107	180
-1
2	811	90	69
-1
2	786	33	99
-1
3	737	128	13
-1
2	647	188	162
-1
1	664	156	15
-1
1	249	169	96
-1
4	886	93	182
-1
2	139	53	96
-1
3	728	14	148
-1
4	707	155	6
-1
4	128	1	95
-1
3	226	163	79
-1
2	990	149	158
-1
1	504	85	97
-1
2	718	83	53
-1
4	613	99	173
-1
1	746	147	65
-1
4	641	185	69
-1
3	788	123	82
-1
1	545	2	188
-1
3	639	61	140
-1
2	669	188	102
-1
1	578	13	2
-1
3	675	154	86
-1
4	879	57	121
-1
2	451	127	171
-1
1	267	91	117
-1
2	487	37	53
-1
3	368	77	175
-1
1	507	17	177
-1
2	846	161	37
-1
1	899	152	176
-1
4	101	20	140
-1
1	538	198	93
-1
3	858	24	102
-1
2	428	102	28
-1
3	497	104	118
-1
3	949	170	154
-1
1	276	56	183
-1
2	852	175	199
-1
4	440	81	111
-1
4	815	78	62
-1
3	554	176	34
-1
4	998	76	183
-1
3	299	14	158
-1
1	526	23	59
-1
3	996	3	114
-1
4	101	99	35
-1
4	483	199	42
-1
4	633	74	168
-1
3	744	125	48
-1
2	157	116	77
116	17	14	77	
2	542	130	4
-1
3	124	35	32
-1
2	281	33	45
-1
3	891	131	19
-1
1	404	9	21
-1
3	790	4	71
-1
3	831	104	70
-1
1	598	139	143
-1
3	597	171	20
-1
4	25	66	135
66	37	15	17	135	
1	429	23	17
-1
4	260	164	51
-1
2	56	40	35
40	11	35	
4	26	72	118
72	34	11	118	
3	247	163	126
-1
3	269	118	81
-1
1	690	60	184
-1
2	433	90	74
-1
2	404	40	45
-1
4	338	36	110
-1
3	106	61	84
-1
1	557	41	200
-1
4	743	100	191
-1
2	260	107	62
-1
1	337	132	176
-1
2	969	130	46
-1
4	553	199	105
-1
4	978	88	194
-1
4	822	72	33
-1
4	884	75	21
-1
2	319	165	33
-1
1	318	70	73
-1
2	708	178	124
-1
4	122	121	30
-1
1	97	132	161
-1
2	742	21	91
-1
2	846	189	41
-1
4	592	93	80
-1
2	576	71	104
-1
1	396	44	130
-1
2	780	127	94
-1
4	452	46	164
-1
2	375	115	93
-1
2	604	175	165
-1
4	517	96	97
-1
4	359	192	69
-1
2	751	86	57
-1
2	382	83	102
-1
4	685	74	172
-1
1	415	2	15
-1
2	260	149	94
-1
1	975	129	139
-1
2	468	180	5
-1
2	832	107	179
-1
3	680	62	74
-1
2	348	178	18
-1
4	157	88	103
-1
4	658	38	185
-1
3	181	172	11
-1
1	195	56	12
-1
2	640	22	160
-1
1	130	82	88
-1
3	335	8	20
-1
4	313	75	78
-1
1	539	59	139
-1
1	756	138	69
-1
4	410	38	156
-1
1	994	147	146
-1
3	156	3	69
3	14	69	
3	767	183	124
-1
1	279	129	98
-1
1	118	169	131
-1
1	737	98	138
-1
2	214	184	165
-1
1	505	97	23
-1
3	773	187	112
-1
3	80	142	101
-1
4	177	151	46
-1
4	445	96	200
-1
3	921	4	182
-1
2	18	122	63
-1
3	700	200	183
-1
3	237	118	32
-1
1	153	6	16
-1
4	927	20	64
-1
4	239	76	50
-1
2	491	48	143
-1
2	137	127	45
-1
1	536	56	92
-1
4	870	100	95
-1
3	684	172	17
-1
2	266	141	16
-1
2	97	40	85
40	16	14	85	
2	864	29	91
-1
4	527	181	62
-1
3	328	108	137
-1
1	670	98	136
-1
3	314	140	14
-1
4	606	76	69
-1
4	52	164	121
-1
4	68	185	92
185	59	20	41	14	92	
1	636	68	33
-1
1	520	85	72
-1
3	162	133	100
-1
2	423	197	33
-1
4	511	75	140
-1
3	846	3	189
-1
3	860	24	128
-1
2	728	90	156
-1
2	248	95	71
-1
4	692	146	55
-1
1	724	166	74
-1
4	747	1	110
-1
4	647	72	42
-1
2	631	34	190
-1
1	570	56	65
-1
2	110	119	19
-1
4	37	164	42
164	10	82	5	42	
1	544	23	83
-1
3	814	103	177
-1
2	420	102	75
-1
3	693	193	192
-1
1	602	68	192
-1
3	596	15	63
-1
1	185	13	48
-1
2	601	43	56
-1
4	819	164	174
-1
3	213	73	137
-1
3	95	61	112
-1
3	424	5	166
-1
2	250	18	19
-1
4	641	38	12
-1
1	584	82	31
-1
2	598	84	45
-1
1	846	79	57
-1
3	101	15	99
15	57	20	99	
1	226	16	62
16	62	
2	714	186	86
-1
2	425	150	147
-1
2	142	197	151
-1
4	761	20	168
-1
2	324	21	157
-1
3	554	61	39
-1
1	199	44	74
-1
1	607	41	104
-1
4	58	38	118
38	1	60	11	118	
1	471	138	85
-1
3	957	163	71
-1
3	903	77	172
-1
2	205	53	168
-1
3	972	195	139
-1
2	681	107	159
-1
1	319	30	171
-1
3	544	135	166
-1
3	247	133	7
-1
3	316	92	196
-1
2	1	149	134
149	63	97	17	41	20	59	2	134	
1	823	19	48
-1
2	994	175	76
-1
2	962	29	129
-1
2	500	33	75
-1
3	211	157	133
-1
2	381	37	162
-1
2	299	107	96
-1
1	857	50	181
-1
2	252	48	24
-1
3	585	163	172
-1
3	785	163	142
-1
4	860	185	69
-1
2	940	179	97
-1
3	166	92	130
-1
3	298	143	38
-1
1	11	105	74
105	9	52	5	74	
4	859	38	132
-1
3	391	136	133
-1
4	214	192	180
-1
2	385	43	142
-1
2	78	180	105
-1
4	546	164	41
-1
2	43	175	171
-1
3	124	67	62
-1
1	761	32	157
-1
2	986	130	61
-1
3	117	92	98
-1
2	49	150	33
-1
3	28	140	24
140	16	14	79	10	24	
3	721	153	19
-1
4	425	89	198
-1
2	18	167	113
167	46	14	41	20	59	2	113	
1	788	112	87
-1
2	402	106	153
-1
2	358	29	137
-1
2	218	141	66
-1
1	68	126	157
-1
2	500	194	59
-1
2	76	194	198
194	11	198	
2	694	21	103
-1
2	291	94	191
-1
1	3	70	109
70	7	89	9	109	
2	41	87	21
87	16	19	21	
4	346	75	126
-1
1	82	28	107
-1
4	899	185	47
-1
3	807	154	173
-1
2	665	21	118
-1
4	215	121	112
-1
4	317	196	84
-1
4	59	89	177
89	9	52	5	177	
3	168	131	47
-1
1	540	85	133
-1
3	217	125	159
-1
2	323	22	186
-1
1	322	55	122
-1
1	494	105	76
-1
1	11	112	96
112	8	70	7	19	96	
3	274	128	168
-1
3	958	142	115
-1
1	134	10	155
-1
4	580	69	37
-1
2	665	188	121
-1
2	823	127	198
-1
2	809	95	171
-1
3	682	170	26
-1
1	957	91	130
-1
2	405	184	193
-1
4	524	146	121
-1
4	391	20	62
-1
1	697	129	24
-1
3	734	62	92
-1
2	854	194	31
-1
3	803	58	157
-1
4	574	80	3
-1
2	951	40	172
-1
2	480	122	62
-1
1	673	30	197
-1
2	545	34	143
-1
2	606	110	114
-1
4	581	100	42
-1
4	472	196	55
-1
4	502	81	48
-1
3	210	135	105
-1
4	813	89	137
-1
3	984	62	176
-1
1	398	12	49
-1
1	194	44	79
-1
1	88	68	64
-1
1	353	12	173
-1
1	946	169	24
-1
2	1	150	172
150	7	19	11	3	172	
1	448	173	52
-1
4	953	75	138
-1
4	689	36	179
-1
3	816	200	40
-1
3	665	136	4
-1
3	895	133	199
-1
1	910	126	66
-1
1	235	166	77
-1
3	258	118	197
-1
4	381	64	146
-1
4	985	64	119
-1
2	922	63	145
-1
2	700	167	132
-1
2	892	7	132
-1
1	447	23	67
-1
2	845	39	151
-1
1	462	85	28
-1
2	490	194	193
-1
1	886	28	63
-1
4	232	38	126
-1
2	702	18	141
-1
1	446	2	3
-1
4	377	76	170
-1
2	660	127	176
-1
3	278	170	150
-1
1	628	16	140
-1
1	608	12	24
-1
3	952	73	18
-1
2	14	162	197
162	2	59	20	54	16	19	7	197	
2	91	48	34
-1
3	831	31	4
-1
1	386	132	5
-1
1	707	177	32
-1
1	834	105	159
-1
2	584	165	128
-1
2	675	194	96
-1
2	299	22	107
-1
4	68	181	132
-1
1	864	132	93
-1
1	298	98	92
-1
2	101	188	122
-1
3	257	171	53
-1
3	41	108	181
108	19	39	5	181	
3	151	14	38
14	38	
1	830	47	2
-1
2	525	182	195
-1
4	784	57	168
-1
2	715	107	100
-1
1	807	174	32
-1
2	299	37	129
-1
2	772	86	68
-1
1	225	138	190
-1
3	157	195	97
-1
3	594	35	110
-1
3	547	137	109
-1
1	294	166	42
-1
1	813	91	50
-1
4	713	74	156
-1
2	944	188	81
-1
4	224	146	70
146	7	70	
4	643	196	155
-1
4	33	168	93
168	15	8	93	
4	129	144	39
-1
4	991	100	25
-1
4	451	46	161
-1
4	92	192	126
-1
2	294	37	168
-1
1	1	50	41
50	17	41	
2	282	162	180
-1
4	351	57	78
-1
1	857	32	73
-1
4	549	74	40
-1
3	387	58	183
-1
3	411	187	35
-1
1	123	129	80
-1
2	649	179	23
-1
1	216	70	60
-1
2	609	115	61
-1
2	188	116	22
-1
2	817	197	78
-1
4	90	99	61
99	61	
4	481	155	134
-1
1	216	56	144
-1
3	450	42	130
-1
3	481	5	58
-1
2	855	127	188
-1
2	866	127	57
-1
3	326	143	172
-1
4	947	151	39
-1
2	376	90	35
-1
2	188	107	85
-1
4	674	148	39
-1
1	217	28	46
-1
2	298	43	40
-1
1	555	44	196
-1
4	494	76	122
-1
3	502	131	1
-1
4	873	196	143
-1
4	663	74	45
-1
3	97	172	86
-1
4	933	100	144
-1
2	324	87	91
-1
3	169	160	71
-1
3	208	176	113
-1
3	203	73	109
-1
2	277	179	184
-1
4	77	72	114
-1
1	171	174	62
-1
1	167	198	135
-1
3	604	61	58
-1
1	300	109	157
-1
2	342	194	44
-1
2	212	117	155
-1
2	477	37	131
-1
1	585	45	155
-1
4	368	199	86
-1
3	34	27	157
27	17	15	157	
1	447	55	82
-1
1	933	177	32
-1
2	790	95	44
-1
4	747	99	152
-1
1	342	198	97
-1
1	896	139	13
-1
3	978	103	50
-1
2	533	179	46
-1
2	818	115	196
-1
1	326	82	175
-1
3	208	67	29
-1
2	391	113	158
-1
1	834	45	52
-1
3	337	35	150
-1
3	834	133	99
-1
4	998	74	38
-1
1	647	169	92
-1
1	44	147	70
-1
3	392	31	184
-1
2	966	48	17
-1
1	194	173	36
-1
1	951	132	148
-1
2	755	122	193
-1
2	504	107	179
-1
1	203	44	111
-1
3	192	77	184
-1
4	35	74	152
74	5	82	10	152	
3	504	73	50
-1
1	239	68	80
-1
1	607	59	79
-1
3	642	24	4
-1
3	142	170	135
-1
4	334	72	9
-1
4	712	26	115
-1
2	22	130	110
130	6	97	17	27	110	
2	957	84	186
-1
3	60	27	12
-1
3	310	61	84
-1
2	941	116	151
-1
2	420	106	162
-1
1	423	112	185
-1
2	509	106	154
-1
1	717	47	26
-1
1	584	132	51
-1
3	93	195	132
-1
1	431	16	167
-1
3	242	124	193
-1
3	877	183	53
-1
3	379	92	120
-1
2	140	33	25
-1
3	477	52	89
-1
4	230	26	194
-1
1	407	134	192
-1
1	410	51	123
-1
2	741	186	117
-1
1	660	30	84
-1
1	652	60	7
-1
2	457	53	141
-1
4	576	81	33
-1
1	953	12	17
-1
4	841	151	20
-1
3	586	27	45
-1
1	977	9	178
-1
2	51	167	180
-1
3	519	176	117
-1
4	402	69	147
-1
3	360	128	158
-1
2	100	179	11
-1
3	284	187	43
-1
3	852	163	54
-1
3	223	67	157
-1
2	467	107	183
-1
3	797	92	143
-1
4	928	20	110
-1
1	445	70	85
-1
2	143	188	153
-1
2	100	141	32
-1
3	262	52	11
-1
3	505	103	197
-1
3	558	187	111
-1
2	914	190	177
-1
1	49	13	35
13	42	16	35	
3	191	31	78
-1
2	452	179	97
-1
1	889	59	166
-1
3	241	103	105
-1
1	873	45	197
-1
4	435	96	48
-1
1	383	158	151
-1
3	646	62	89
-1
3	174	171	30
-1
2	161	37	42
-1
1	838	85	25
-1
3	535	27	155
-1
1	652	79	13
-1
2	357	167	67
-1
4	105	159	63
-1
3	553	183	159
-1
1	855	169	68
-1
3	943	104	129
-1
2	372	149	51
-1
4	366	74	87
-1
2	742	34	171
-1
4	296	72	150
-1
1	661	158	28
-1
1	927	9	146
-1
2	590	117	56
-1
2	100	22	191
-1
1	367	126	159
-1
2	247	180	62
-1
2	297	122	162
-1
1	784	45	188
-1
1	106	10	21
10	44	1	21	
3	455	103	44
-1
4	634	151	1
-1
2	179	11	10
-1
3	387	137	126
-1
4	777	78	99
-1
1	135	177	24
-1
2	549	95	3
-1
2	310	141	76
-1
4	297	38	121
-1
2	670	21	82
-1
4	913	78	185
-1
3	914	133	135
-1
1	675	166	97
-1
1	552	97	33
-1
2	651	83	63
-1
1	226	59	191
-1
3	429	145	86
-1
4	256	93	26
-1
4	376	155	63
-1
3	210	3	35
-1
3	146	24	113
-1
3	832	137	197
-1
1	928	2	114
-1
1	712	28	10
-1
2	774	179	44
-1
4	565	181	102
-1
2	450	7	199
-1
3	27	187	91
187	87	16	14	3	91	
3	890	42	197
-1
3	876	170	152
-1
2	740	179	175
-1
3	936	124	63
-1
4	802	155	16
-1
2	811	34	43
-1
3	55	145	22
145	12	22	
2	308	119	2
-1
3	706	35	8
-1
4	149	36	146
-1
3	297	62	188
-1
3	448	103	157
-1
2	623	179	87
-1
1	437	70	10
-1
1	453	158	116
-1
4	695	159	149
-1
1	716	169	45
-1
2	870	175	115
-1
2	29	83	149
83	50	17	97	63	149	
3	975	140	184
-1
4	314	88	198
-1
4	422	185	100
-1
2	508	184	30
-1
1	717	158	100
-1
3	584	195	9
-1
1	684	47	167
-1
4	728	93	87
-1
2	843	161	62
-1
1	591	30	96
-1
1	127	10	35
-1
2	124	184	75
-1
2	175	49	11
-1
1	805	70	194
-1
1	104	177	152
-1
1	64	45	98
45	7	98	
1	430	28	96
-1
2	716	63	188
-1
4	329	191	148
-1
2	576	33	129
-1
2	163	175	139
-1
2	237	53	74
-1
3	447	128	123
-1
3	592	103	192
-1
2	943	107	121
-1
2	992	162	165
-1
3	487	25	145
-1
1	475	6	7
-1
3	374	73	197
-1
1	55	2	181
-1
1	545	129	108
-1
1	170	91	160
-1
2	892	127	88
-1
3	836	125	142
-1
4	508	69	48
-1
2	272	11	161
-1
4	768	155	137
-1
1	975	41	142
-1
3	323	67	14
-1
3	304	193	167
-1
1	211	47	96
-1
3	522	143	186
-1
1	361	112	65
-1
1	902	156	141
-1
3	949	143	9
-1
1	661	50	172
-1
3	397	73	126
-1
1	938	41	118
-1
2	704	167	185
-1
4	670	89	177
-1
4	117	144	175
-1
2	855	106	117
-1
2	471	29	28
-1
2	763	188	183
-1
3	972	42	125
-1
2	95	190	126
-1
3	772	3	199
-1
4	489	199	191
-1
4	425	89	157
-1
4	601	144	197
-1
2	127	165	141
-1
1	843	82	46
-1
4	271	88	25
-1
1	5	158	165
158	4	93	11	19	165	
1	882	120	6
-1
2	407	43	147
-1
4	205	89	149
-1
1	747	60	100
-1
1	303	101	140
-1
3	900	77	83
-1
4	192	78	199
-1
1	37	156	32
156	20	41	17	32	
4	14	199	119
199	3	119	
2	778	21	76
-1
3	583	25	196
-1
2	81	106	190
-1
4	230	65	79
-1
2	481	21	138
-1
4	420	168	190
-1
1	454	70	67
-1
4	604	121	96
-1
1	636	112	51
-1
1	754	101	1
-1
4	430	114	21
-1
1	777	91	198
-1
3	118	25	103
-1
1	196	105	119
-1
2	486	86	140
-1
3	475	118	107
-1
4	293	89	176
-1
2	188	94	49
-1
1	991	98	160
-1
3	191	133	60
-1
4	764	38	173
-1
3	361	67	15
-1
3	215	195	191
-1
2	734	113	48
-1
1	473	60	133
-1
3	179	145	3
-1
3	506	172	91
-1
4	706	64	185
-1
3	266	4	82
-1
2	277	194	166
-1
3	50	136	3
136	9	52	3	
4	416	99	22
-1
2	607	11	168
-1
2	406	178	80
-1
3	690	111	140
-1
3	292	135	36
-1
4	983	65	7
-1
2	567	122	71
-1
1	1000	28	74
-1
4	565	93	19
-1
1	367	169	106
-1
3	540	170	157
-1
1	508	138	167
-1
4	387	96	144
-1
1	78	101	6
-1
2	714	190	140
-1
1	472	82	4
-1
4	942	64	126
-1
2	367	182	153
-1
4	385	181	197
-1
3	891	145	117
-1
2	647	63	87
-1
4	365	155	24
-1
3	909	62	119
-1
3	714	200	171
-1
4	606	78	160
-1
3	409	143	41
-1
3	686	14	56
-1
3	790	108	37
-1
4	986	74	169
-1
2	903	11	113
-1
1	941	101	128
-1
4	516	99	82
-1
2	586	63	143
-1
3	556	123	94
-1
2	115	189	123
-1
2	908	194	17
-1
3	563	154	31
-1
2	352	40	90
-1
4	920	181	163
-1
2	185	119	173
-1
1	864	173	25
-1
2	145	113	75
-1
1	239	28	90
-1
2	884	165	12
-1
1	807	120	200
-1
2	423	186	145
-1
4	205	93	99
-1
3	94	8	90
-1
4	809	159	22
-1
1	733	30	140
-1
3	110	14	112
14	79	8	112	
3	584	77	176
-1
1	873	173	155
-1
3	237	163	119
-1
1	388	47	38
-1
2	933	53	24
-1
3	983	27	68
-1
1	224	32	75
-1
3	445	125	185
-1
1	985	85	15
-1
2	448	18	28
-1
2	424	127	57
-1
2	778	110	29
-1
3	97	135	144
-1
3	286	171	142
-1
2	109	110	146
-1
2	529	194	172
-1
3	403	176	3
-1
4	788	151	80
-1
4	602	196	164
-1
1	381	132	133
-1
2	989	179	59
-1
1	218	2	169
2	169	
1	713	132	55
-1
1	654	28	177
-1
2	199	113	86
-1
1	122	174	80
-1
2	277	102	7
102	7	
1	756	56	158
-1
3	71	195	105
-1
4	604	148	36
-1
1	462	129	14
-1
2	582	117	168
-1
2	188	86	99
-1
2	164	150	78
-1
3	602	3	142
-1
3	433	153	67
-1
3	639	27	168
-1
3	148	103	176
103	3	176	
1	52	10	170
10	79	14	170	
1	39	32	118
32	17	69	11	118	
3	205	35	46
-1
2	972	49	114
-1
2	822	182	152
-1
3	851	170	101
-1
1	992	85	56
-1
2	59	86	160
86	9	160	
3	578	118	186
-1
1	953	109	40
-1
3	323	8	49
-1
1	992	60	81
-1
1	637	50	67
-1
1	302	54	67
-1
1	205	177	49
-1
1	706	198	170
-1
2	513	48	6
-1
4	472	192	44
-1
1	410	50	161
-1
2	249	179	21
-1
1	450	132	29
-1
1	730	6	40
-1
2	748	197	89
-1
4	615	185	143
-1
4	615	38	119
-1
2	936	43	69
-1
4	741	148	68
-1
1	984	60	59
-1
2	97	83	60
83	1	60	
1	717	44	39
-1
4	697	93	122
-1
3	736	142	127
-1
1	225	23	75
-1
3	719	170	59
-1
3	837	136	96
-1
2	457	150	138
-1
1	725	85	37
-1
2	983	178	48
-1
2	995	161	83
-1
1	633	9	126
-1
1	906	126	170
-1
1	432	174	63
-1
2	258	110	85
-1
2	316	86	7
-1
3	963	4	94
-1
2	53	40	44
40	12	44	
2	641	49	80
-1
1	889	173	57
-1
2	323	107	170
-1
1	648	101	178
-1
1	818	85	55
-1
2	280	190	29
-1
1	117	173	90
-1
1	75	30	175
-1
1	768	97	178
-1
1	163	60	169
-1
4	195	64	17
-1
3	603	104	189
-1
4	372	144	48
-1
4	302	66	100
-1
4	108	114	185
-1
2	136	83	126
-1
4	177	114	99
-1
2	751	182	80
-1
1	280	56	177
-1
3	249	176	188
-1
2	817	90	51
-1
2	358	84	106
-1
2	205	87	50
-1
1	704	10	115
-1
2	840	63	180
-1
3	166	171	62
-1
3	816	58	176
-1
3	695	35	157
-1
3	823	137	165
-1
1	810	17	92
-1
4	412	65	181
-1
2	270	33	17
-1
2	919	190	55
-1
2	33	194	16
194	11	40	16	
1	613	50	79
-1
4	826	89	49
-1
1	953	6	58
-1
2	110	21	92
-1
1	426	68	29
-1
2	317	90	197
-1
3	649	52	13
-1
3	265	15	45
-1
2	119	84	35
84	14	46	35	
3	935	154	180
-1
3	13	187	29
187	87	16	54	20	59	2	29	
4	813	151	118
-1
3	470	128	123
-1
4	514	81	96
-1
3	694	142	163
-1
2	290	167	4
-1
3	254	35	7
-1
2	698	83	174
-1
4	684	148	57
-1
2	64	18	11
18	93	11	
1	892	152	149
-1
2	361	116	51
-1
4	636	80	130
-1
2	531	102	10
-1
2	445	167	151
-1
1	200	60	69
-1
1	607	101	103
-1
3	780	154	138
-1
3	988	3	85
-1
2	150	87	54
-1
2	650	102	158
-1
3	452	145	25
-1
2	382	106	105
-1
4	391	93	158
-1
1	294	23	124
-1
1	514	19	183
-1
2	17	18	35
18	93	11	35	
3	506	24	140
-1
4	542	155	142
-1
2	595	95	180
-1
4	952	196	33
-1
4	977	46	178
-1
2	833	49	35
-1
1	990	30	127
-1
1	313	173	101
-1
2	847	18	119
-1
3	881	131	136
-1
4	20	99	160
99	20	57	9	160	
3	313	4	66
-1
3	445	145	160
-1
3	477	140	108
-1
2	6	43	153
43	16	42	13	153	
3	40	171	153
171	9	89	7	70	13	153	
3	918	3	183
-1
4	818	192	107
-1
1	536	56	124
-1
2	272	102	54
-1
2	983	182	153
-1
3	448	153	108
-1
2	360	18	53
-1
3	867	62	144
-1
2	971	90	138
-1
2	123	48	109
-1
2	57	39	111
-1
3	163	157	55
-1
1	438	174	110
-1
3	44	62	12
62	16	40	12	
3	348	133	145
-1
3	855	67	98
-1
4	459	66	115
-1
3	402	25	128
-1
2	340	43	169
-1
2	248	165	16
-1
2	310	40	7
-1
2	164	48	163
-1
3	474	163	88
-1
3	85	200	149
-1
2	581	43	33
-1
2	278	190	99
-1
2	544	197	165
-1
1	823	55	141
-1
1	592	9	136
-1
4	559	100	52
-1
4	765	99	91
-1
3	479	8	91
-1
3	519	172	53
-1
2	67	197	4
-1
2	452	33	199
-1
1	950	13	140
-1
1	66	91	136
-1
2	807	186	143
-1
2	94	161	151
-1
3	545	104	50
-1
3	988	62	148
-1
2	478	179	107
-1
1	882	9	78
-1
2	637	127	26
-1
4	435	146	58
-1
2	975	197	71
-1
1	462	98	113
-1
4	4	164	50
164	10	27	17	50	
3	354	170	10
-1
3	555	15	113
-1
4	854	159	127
-1
1	561	98	105
-1
2	190	175	65
-1
3	216	8	192
-1
1	73	45	89
45	7	89	
1	695	79	85
79	14	85	
3	7	5	182
5	39	19	7	182	
3	257	67	145
-1
2	618	22	66
-1
3	331	128	80
-1
1	657	82	191
-1
3	713	136	88
-1
4	977	96	15
-1
1	320	85	22
-1
3	808	52	18
-1
3	892	125	49
-1
1	226	19	53
-1
2	522	178	71
-1
2	588	186	45
-1
3	219	3	172
3	172	
1	609	85	5
-1
2	449	141	140
-1
2	863	53	187
-1
2	436	182	24
-1
2	454	53	75
-1
3	702	61	151
-1
3	506	104	170
-1
4	329	81	99
-1
3	173	3	36
-1
2	744	190	38
-1
3	948	160	123
-1
4	640	121	15
-1
1	378	169	20
-1
3	1	183	153
183	13	153	
3	428	170	5
-1
2	378	175	65
-1
1	899	28	121
-1
1	997	134	1
-1
3	984	62	3
-1
2	422	186	144
-1
4	696	81	56
-1
2	462	180	176
-1
1	81	19	96
19	96	
2	585	149	78
-1
1	590	101	199
-1
3	606	128	174
-1
2	526	106	1
-1
3	279	4	86
-1
3	681	153	99
-1
3	377	136	84
-1
1	232	109	164
-1
1	207	156	144
-1
3	454	170	114
-1
1	483	2	14
-1
3	81	187	115
-1
3	54	176	42
176	3	14	16	42	
4	807	181	99
-1
2	492	107	55
-1
4	791	185	7
-1
1	874	17	94
-1
3	190	193	155
-1
3	685	176	62
-1
1	350	134	31
-1
3	564	187	33
-1
4	678	69	19
-1
2	471	150	146
-1
4	970	155	126
-1
2	424	161	184
-1
2	182	53	120
-1
2	227	43	89
-1
1	981	68	33
-1
4	195	57	9
57	9	
2	977	141	142
-1
1	409	91	81
-1
1	779	6	149
-1
2	676	83	50
83	50	
3	2	153	5
153	13	42	5	
4	337	74	117
-1
1	257	97	169
-1
4	497	78	163
-1
4	729	57	183
-1
2	537	189	39
-1
3	831	183	132
-1
3	711	160	174
-1
1	11	120	131
120	36	6	97	17	15	131	
1	813	51	13
-1
1	169	126	117
-1
1	885	79	143
-1
1	806	16	39
-1
3	720	24	69
-1
1	502	120	125
-1
2	693	48	113
-1
3	976	137	48
-1
2	701	119	159
-1
4	431	181	78
-1
4	195	191	80
-1
3	463	3	6
-1
3	205	123	84
-1
3	844	8	51
-1
1	264	13	74
-1
2	340	84	145
-1
2	52	186	193
186	17	41	20	193	
4	651	78	81
-1
3	409	5	199
-1
1	87	105	179
-1
3	518	135	121
-1
1	323	129	76
-1
4	559	191	198
-1
4	561	196	5
-1
4	235	191	169
-1
1	779	6	53
-1
3	923	145	190
-1
4	555	148	67
-1
4	153	199	71
-1
2	131	7	175
-1
1	204	45	61
-1
3	479	163	189
-1
2	476	37	131
-1
1	433	147	78
-1
3	801	108	20
-1
2	5	94	25
94	61	99	20	41	14	25	
3	194	24	121
-1
1	412	147	69
-1
2	282	53	19
-1
1	208	6	25
-1
4	620	88	22
-1
1	360	91	136
-1
1	243	169	124
-1
2	120	197	71
-1
2	892	29	130
-1
4	468	181	23
-1
2	189	186	46
-1
2	809	179	144
-1
4	627	191	197
-1
3	403	24	2
-1
2	224	184	41
-1
4	311	155	132
-1
2	635	115	52
-1
3	457	157	48
-1
1	986	28	76
-1
2	808	119	57
-1
3	405	187	194
-1
2	349	127	172
-1
2	545	87	114
-1
2	498	113	90
-1
3	690	67	25
-1
2	621	43	179
-1
3	473	153	93
-1
1	72	139	49
-1
3	148	195	29
-1
2	556	180	147
-1
1	949	139	85
-1
4	872	144	163
-1
3	738	92	49
-1
2	827	188	113
-1
2	51	37	180
-1
1	29	126	22
-1
4	474	99	174
-1
3	274	123	113
-1
2	902	194	59
-1
2	601	141	39
-1
2	485	48	177
-1
4	800	148	120
-1
4	648	20	163
-1
1	713	109	150
-1
3	692	135	138
-1
3	513	137	64
-1
2	838	117	114
-1
2	302	190	36
-1
1	361	16	29
-1
2	999	117	122
-1
2	727	117	169
-1
3	599	154	69
-1
3	961	153	88
-1
1	63	152	148
-1
4	400	64	82
-1
2	15	107	170
107	9	52	14	170	
1	528	19	38
-1
1	763	9	28
-1
2	144	110	195
-1
1	465	70	63
-1
4	985	20	132
-1
1	653	147	85
-1
1	692	97	189
-1
4	839	57	92
-1
2	272	119	108
-1
2	41	71	14
71	16	14	
1	879	85	185
-1
2	258	165	193
-1
1	452	79	102
-1
2	66	22	124
-1
2	997	86	143
-1
2	81	71	41
71	16	14	41	
3	821	123	137
-1
2	513	167	146
-1
3	572	5	64
-1
3	985	77	86
-1
4	969	69	171
-1
4	713	99	87
-1
1	815	156	165
-1
4	690	159	187
-1
3	984	25	72
-1
2	425	21	94
-1
1	313	54	169
-1
4	258	26	135
-1
2	674	90	139
-1
3	959	61	167
-1
1	481	198	36
-1
1	767	166	134
-1
1	284	79	42
-1
1	470	45	152
-1
1	141	134	128
-1
4	987	69	149
-1
4	955	93	154
-1
1	89	158	179
-1
2	579	167	21
-1
4	346	192	81
-1
3	133	103	78
-1
3	818	135	196
-1
1	11	54	26
54	20	57	15	26	
3	163	137	22
-1
1	690	6	107
-1
1	590	98	175
-1
2	295	84	20
-1
4	626	38	177
-1
4	446	78	95
-1
4	326	57	87
-1
3	956	154	189
-1
4	951	38	123
-1
2	376	7	128
7	128	
2	397	18	64
-1
1	55	132	69
132	3	14	69	
1	629	173	167
-1
2	248	115	2
-1
1	224	9	192
9	192	
2	519	34	69
-1
1	157	79	77
79	14	77	
3	97	157	182
-1
1	171	112	171
-1
3	499	14	178
-1
2	362	141	147
-1
4	231	89	30
-1
3	949	143	2
-1
3	150	171	116
-1
1	493	19	125
-1
2	362	194	110
-1
4	390	64	141
-1
4	572	20	97
-1
2	742	116	160
-1
2	71	87	125
87	16	14	125	
4	569	185	65
-1
1	398	98	153
-1
3	952	128	95
-1
1	467	28	17
-1
2	943	130	35
-1
2	653	22	181
-1
3	745	135	44
-1
3	841	125	16
-1
4	952	96	131
-1
2	676	189	169
-1
1	92	12	105
-1
1	244	132	3
132	3	
2	890	130	82
-1
4	658	81	110
-1
4	445	99	39
-1
3	825	42	12
-1
4	668	46	147
-1
2	483	190	71
-1
2	366	182	118
-1
1	134	85	58
-1
1	639	112	69
-1
3	593	3	1
-1
4	874	46	82
-1
2	783	87	114
-1
4	173	144	12
-1
2	185	188	5
-1
4	883	164	50
-1
1	953	32	191
-1
4	22	66	124
66	37	15	17	124	
3	479	183	8
-1
4	100	69	119
69	14	3	119	
1	452	59	73
-1
1	933	51	118
-1
3	846	124	156
-1
2	9	107	52
107	9	52	
3	14	31	39
31	17	41	5	39	
3	215	15	3
-1
2	358	49	186
-1
4	281	1	3
-1
2	641	22	138
-1
2	111	53	6
-1
1	784	152	64
-1
3	253	3	114
-1
2	761	87	37
-1
2	612	84	95
-1
3	602	92	126
-1
4	556	57	92
-1
3	493	24	141
-1
4	896	181	93
-1
1	185	13	67
-1
3	790	5	119
-1
2	405	116	70
-1
1	918	51	24
-1
1	906	55	110
-1
3	153	15	145
-1
4	830	26	188
-1
2	473	180	197
-1
3	965	135	20
-1
1	258	28	152
-1
4	724	75	164
-1
1	842	59	121
-1
2	63	48	188
48	97	6	188	
3	838	4	38
-1
4	99	121	92
121	17	14	92	
2	43	178	59
178	5	41	20	59	
1	382	82	36
-1
2	778	63	15
-1
3	797	136	150
-1
4	500	100	177
-1
3	816	157	3
-1
1	736	32	61
-1
3	723	25	60
-1
2	912	39	63
-1
4	555	76	135
-1
1	413	174	64
-1
4	449	168	146
-1
2	263	150	8
-1
2	764	127	143
-1
4	92	76	195
-1
2	494	127	151
-1
3	154	142	135
-1
3	213	77	159
-1
4	75	151	198
-1
3	9	62	25
62	16	14	25	
1	625	17	199
-1
2	370	29	118
-1
2	129	29	19
-1
1	672	44	146
-1
2	18	7	173
7	70	10	173	
4	368	100	99
-1
4	854	144	41
-1
1	613	98	69
-1
3	762	62	172
-1
4	786	89	33
-1
2	136	49	1
-1
3	854	73	182
-1
2	672	194	10
-1
3	369	123	5
123	5	
4	93	146	12
-1
3	344	163	62
-1
1	936	82	5
-1
3	604	136	54
-1
4	775	148	68
-1
3	360	61	108
-1
4	560	46	156
-1
2	493	182	181
-1
3	255	187	174
-1
1	459	10	96
-1
3	222	131	41
-1
1	283	23	3
-1
1	840	166	85
-1
1	45	101	20
101	46	14	41	20	
4	464	57	119
-1
3	171	183	179
-1
2	527	94	176
-1
1	507	6	109
-1
1	480	98	95
-1
1	928	152	57
-1
3	168	163	187
-1
2	923	184	161
-1
1	559	19	79
-1
3	930	58	179
-1
1	1000	54	187
-1
3	178	118	122
-1
4	305	88	167
-1
1	814	166	172
-1
3	260	24	22
-1
1	316	56	125
-1
3	54	183	87
-1
2	215	102	71
-1
3	493	176	89
-1
1	823	134	98
-1
2	162	63	103
-1
3	635	62	20
-1
4	601	191	60
-1
4	325	96	25
96	14	25	
3	946	61	49
-1
1	422	120	104
-1
2	509	188	38
-1
1	131	41	139
-1
2	571	7	115
-1
1	20	51	200
51	10	82	5	200	
4	522	74	15
-1
3	894	187	76
-1
2	953	21	19
-1
2	929	21	66
-1
3	329	145	126
-1
3	984	42	45
-1
4	173	64	184
-1
3	712	124	25
-1
1	578	6	183
-1
3	329	128	34
-1
1	543	147	107
-1
4	571	20	93
-1
4	589	66	65
-1
1	254	169	85
-1
1	379	50	182
-1
2	575	178	175
-1
4	159	114	38
114	1	38	
2	535	86	113
-1
2	917	149	70
-1
4	150	78	197
-1
2	408	7	95
-1
2	852	149	115
-1
2	116	119	131
-1
1	153	59	100
-1
1	934	112	149
-1
3	460	42	78
-1
1	450	17	191
-1
2	762	127	77
-1
3	232	61	25
-1
1	428	177	103
-1
1	75	79	109
79	9	109	
2	341	86	9
86	9	
1	471	138	80
-1
3	122	5	138
-1
3	870	157	2
-1
3	748	42	43
-1
2	90	102	11
102	7	19	11	
4	366	151	137
-1
4	343	64	197
-1
2	245	95	126
-1
4	105	75	4
75	16	35	4	
2	465	149	41
-1
4	544	89	130
-1
4	282	159	135
-1
4	635	81	91
-1
2	277	102	85
-1
4	488	1	186
-1
1	776	91	88
-1
3	325	8	151
-1
2	50	150	46
-1
4	805	146	72
-1
1	645	2	20
-1
3	775	67	60
-1
1	661	10	170
-1
2	103	43	2
-1
3	387	77	104
-1
2	972	106	56
-1
3	659	145	98
-1
1	562	120	106
-1
1	207	44	7
-1
1	78	45	153
45	7	70	13	153	
2	249	49	154
-1
4	708	46	172
-1
4	629	20	182
-1
1	431	32	176
-1
1	686	134	5
-1
4	141	121	110
-1
1	239	44	54
-1
1	696	55	125
-1
1	502	16	169
-1
1	254	174	165
-1
3	760	3	14
-1
1	131	51	59
-1
2	264	110	30
-1
2	440	90	61
-1
1	996	120	194
-1
3	505	5	66
-1
1	510	98	62
-1
3	434	136	116
-1
3	954	183	83
-1
2	119	84	56
84	14	17	56	
2	84	90	10
-1
2	142	49	12
-1
3	123	131	121
-1
1	983	147	162
-1
2	528	186	82
-1
3	146	133	38
-1
2	807	37	135
-1
1	874	98	22
-1
3	556	131	156
-1
2	763	37	40
-1
2	572	107	129
-1
2	583	190	129
-1
2	855	83	59
-1
1	16	6	5
6	97	17	41	5	
1	849	139	142
-1
4	687	66	74
-1
3	373	163	62
-1
1	147	169	159
-1
2	702	194	42
-1
2	893	149	78
-1
2	621	63	184
-1
2	349	34	125
-1
1	560	16	7
-1
2	164	22	11
-1
4	658	38	149
-1
2	331	86	166
-1
3	745	124	129
-1
1	703	50	49
-1
1	696	147	195
-1
2	973	48	143
-1
2	708	141	158
-1
2	632	113	191
-1
3	238	62	159
-1
2	1000	21	180
-1
3	548	136	169
-1
3	466	193	7
-1
4	546	76	82
-1
3	946	172	130
-1
4	540	74	76
-1
3	883	170	76
-1
2	440	94	168
-1
3	782	154	32
-1
4	140	185	93
-1
2	72	175	65
-1
1	592	174	153
-1
2	198	122	97
-1
3	280	187	172
-1
2	561	84	143
-1
2	189	29	169
29	2	169	
1	216	169	90
-1
3	535	3	135
-1
2	766	194	88
-1
2	611	175	73
-1
3	275	67	199
-1
2	979	90	172
-1
4	676	81	93
-1
1	399	32	31
-1
3	894	62	114
-1
2	214	22	143
-1
2	703	162	63
-1
1	389	177	65
-1
2	277	63	58
-1
2	701	29	32
-1
2	899	39	50
-1
4	870	65	139
-1
1	515	44	172
-1
2	297	119	2
-1
2	763	117	63
-1
2	505	162	36
-1
2	119	175	150
-1
3	783	77	78
-1
2	640	18	141
-1
2	823	94	169
-1
2	825	194	7
-1
1	363	44	71
-1
2	86	113	66
-1
2	487	179	184
-1
4	901	76	53
-1
4	889	38	14
-1
2	638	94	189
-1
1	715	12	17
-1
4	7	146	34
146	7	19	11	34	
4	575	185	79
-1
4	733	159	24
-1
3	756	183	67
-1
1	621	98	132
-1
3	357	183	62
-1
1	9	70	137
70	10	60	1	88	6	137	
2	174	122	126
-1
1	714	10	19
-1
4	331	199	182
-1
4	116	114	127
-1
4	347	72	63
-1
1	370	47	22
-1
3	789	131	4
-1
2	120	86	101
-1
2	581	107	84
-1
3	470	15	105
-1
1	195	23	26
-1
4	966	148	36
-1
3	547	62	186
-1
4	426	144	99
-1
2	888	11	171
-1
3	109	157	169
-1
2	265	127	99
-1
2	717	115	137
-1
2	200	186	195
-1
3	256	118	9
-1
1	82	139	183
-1
1	269	134	130
-1
1	454	51	191
-1
2	705	149	86
-1
1	27	174	97
174	7	89	15	17	97	
3	347	62	53
-1
2	397	122	131
-1
2	933	186	45
-1
1	927	55	182
-1
1	735	54	52
-1
3	69	62	190
-1
2	399	95	75
-1
2	141	115	125
-1
1	627	120	74
-1
3	675	24	47
-1
1	927	2	60
-1
4	810	148	134
-1
3	54	145	71
145	12	53	1	83	71	
2	188	29	125
-1
1	439	156	131
-1
3	628	42	192
-1
3	303	111	86
-1
3	779	61	200
-1
4	252	1	119
-1
2	851	179	95
-1
2	462	53	96
-1
1	195	132	196
-1
2	666	141	92
-1
4	942	146	120
-1
1	872	85	27
-1
3	63	123	69
123	5	41	14	69	
3	300	103	131
-1
3	499	5	191
-1
3	170	183	191
-1
3	16	187	122
187	87	16	19	7	122	
2	63	189	126
-1
1	658	50	57
-1
1	901	45	149
-1
3	373	62	47
-1
3	999	3	131
-1
3	219	27	6
-1
4	749	89	108
-1
2	339	189	64
-1
2	482	39	198
-1
3	155	160	184
-1
2	680	175	172
-1
4	689	38	174
-1
1	637	47	170
-1
4	635	148	183
-1
1	166	120	185
-1
1	371	70	11
-1
4	230	89	52
-1
2	693	37	192
-1
3	890	128	182
-1
1	426	9	142
-1
3	149	163	68
-1
2	874	194	57
-1
1	443	82	104
-1
2	225	71	3
-1
1	162	105	74
-1
2	124	22	143
-1
4	175	192	31
-1
1	318	173	68
-1
4	700	65	195
-1
2	193	107	155
-1
2	812	84	69
-1
2	269	184	14
-1
3	572	58	96
-1
4	974	100	166
-1
3	847	77	22
-1
4	541	38	44
-1
2	572	161	187
-1
3	391	136	160
-1
3	985	5	24
-1
3	891	104	82
-1
2	911	48	117
-1
1	724	60	101
-1
3	371	128	158
-1
1	136	51	9
-1
3	358	176	85
-1
1	201	174	122
-1
4	387	114	35
-1
1	498	85	122
-1
4	522	75	126
-1
2	755	11	182
-1
2	272	53	29
-1
3	924	163	40
-1
2	881	39	167
-1
1	641	9	17
-1
1	78	97	192
-1
1	999	6	165
-1
1	233	158	79
-1
4	306	144	115
-1
2	832	194	190
-1
2	213	115	152
-1
2	993	21	5
-1
1	633	44	119
-1
2	751	167	157
-1
4	568	199	118
-1
2	111	40	14
40	16	14	
2	228	117	19
-1
3	458	67	176
-1
3	724	52	71
-1
3	713	157	64
-1
3	817	140	130
-1
1	221	152	103
-1
3	539	145	146
-1
1	848	129	113
-1
1	165	79	111
-1
1	330	198	102
-1
1	348	109	18
-1
4	475	88	37
-1
1	745	97	40
-1
4	361	20	196
-1
1	842	85	136
-1
1	944	101	39
-1
4	290	121	135
-1
2	802	11	63
-1
1	64	10	142
10	79	14	16	142	
1	366	174	139
-1
3	135	103	199
103	3	199	
1	371	2	38
-1
4	10	76	134
76	135	17	41	20	59	2	134	
1	358	173	106
-1
3	245	133	190
-1
1	883	174	42
-1
1	618	70	162
-1
4	432	159	124
-1
1	725	112	134
-1
2	416	175	59
-1
3	966	140	114
-1
4	604	75	115
-1
2	489	197	143
-1
4	994	159	67
-1
2	535	116	151
-1
3	576	160	76
-1
2	689	194	145
-1
3	765	163	103
-1
3	650	195	14
-1
2	508	119	189
-1
1	373	134	80
-1
4	240	100	154
-1
1	582	55	103
-1
2	200	95	61
-1
1	750	41	176
-1
2	425	175	87
-1
3	170	103	80
-1
3	624	143	43
-1
2	238	107	189
-1
1	778	156	59
-1
4	257	64	193
-1
2	163	188	44
-1
3	865	27	50
-1
3	725	160	144
-1
4	452	159	184
-1
3	290	108	159
-1
3	769	133	13
-1
1	563	54	155
-1
3	103	77	62
-1
4	762	66	17
-1
2	306	43	32
-1
3	349	52	172
-1
3	198	14	198
-1
1	341	30	158
-1
3	477	154	116
-1
3	435	157	24
-1
4	199	46	108
-1
1	753	166	113
-1
4	566	81	189
-1
3	583	135	7
-1
4	366	96	49
-1
4	937	1	100
-1
1	887	101	65
-1
1	444	98	94
-1
4	511	191	199
-1
3	134	67	155
-1
2	793	53	152
-1
1	657	51	70
-1
4	998	155	102
-1
4	404	121	36
-1
1	652	55	132
-1
3	704	172	84
-1
3	368	61	185
-1
1	862	147	82
-1
2	260	190	24
-1
4	367	100	42
-1
2	470	186	94
-1
2	339	130	96
-1
3	240	187	51
-1
2	276	184	171
-1
3	559	187	25
-1
2	42	190	196
190	10	70	13	196	
4	426	93	56
-1
3	260	61	154
-1
4	235	74	143
-1
3	477	133	195
-1
1	770	51	132
-1
4	666	121	13
-1
1	268	59	151
-1
1	438	51	134
-1
4	814	78	72
-1
4	761	36	14
-1
2	569	29	106
-1
2	122	7	118
-1
4	217	66	143
-1
3	11	52	28
52	3	8	28	
3	694	128	78
-1
1	706	50	198
-1
2	409	115	9
-1
1	94	134	11
-1
3	166	123	88
-1
3	331	136	75
-1
4	588	96	103
-1
4	306	64	61
-1
1	400	138	126
-1
3	427	154	178
-1
2	105	116	57
116	17	15	57	
1	254	9	106
-1
4	214	66	172
-1
4	224	74	105
-1
1	911	120	27
-1
2	537	37	114
-1
2	440	167	10
-1
3	100	154	25
-1
2	778	11	162
-1
2	707	11	115
-1
2	715	37	30
-1
2	221	141	190
-1
1	592	147	8
-1
3	449	160	33
-1
2	875	184	152
-1
4	389	46	188
-1
3	750	183	154
-1
1	526	174	60
-1
3	488	25	70
-1
3	554	154	80
-1
1	736	60	69
-1
2	77	127	161
-1
1	284	147	107
-1
2	469	90	67
-1
1	372	138	2
-1
2	160	165	47
-1
1	865	105	29
-1
1	76	6	2
-1
3	746	131	27
-1
2	977	18	180
-1
3	845	124	192
-1
1	158	59	70
-1
2	464	87	16
-1
3	682	171	57
-1
4	683	191	147
-1
2	82	162	111
-1
3	710	73	167
-1
1	64	138	172
138	8	3	172	
2	242	165	102
-1
2	373	110	72
-1
2	516	39	147
-1
3	385	35	5
-1
4	552	192	91
-1
1	609	56	13
-1
4	355	89	155
-1
3	17	172	117
172	3	11	60	10	117	
3	983	5	189
-1
4	354	114	78
-1
1	7	129	43
129	10	47	53	43	
3	430	170	104
-1
2	176	95	142
-1
1	332	10	177
-1
3	975	195	120
-1
1	739	98	175
-1
2	94	106	64
-1
1	410	12	187
-1
1	550	28	191
-1
2	380	162	56
-1
3	974	67	185
-1
4	429	26	106
-1
1	723	55	200
-1
3	51	31	162
-1
2	570	162	108
-1
3	97	136	5
-1
4	312	75	111
-1
1	250	120	74
-1
4	640	81	54
-1
1	247	30	15
-1
2	783	161	82
-1
2	841	86	107
-1
3	440	67	113
-1
2	801	189	143
-1
2	660	39	57
-1
3	865	160	192
-1
1	727	56	18
-1
2	600	119	137
-1
4	853	168	17
-1
4	820	159	199
-1
1	853	6	111
-1
3	311	140	149
-1
2	623	180	15
-1
4	966	20	3
-1
3	22	172	193
172	3	14	41	20	193	
1	765	32	104
-1
2	935	48	160
-1
1	623	174	78
-1
1	592	173	198
-1
2	742	178	156
-1
2	804	197	161
-1
2	752	49	53
-1
4	366	159	32
-1
3	720	133	3
-1
1	864	98	127
-1
2	368	71	110
-1
2	679	188	157
-1
4	756	74	130
-1
4	905	96	54
-1
2	61	39	183
39	25	13	183	
2	173	180	131
-1
3	25	136	131
136	9	57	15	131	
2	457	87	89
-1
3	259	5	22
-1
3	937	124	71
-1
3	446	140	94
-1
2	2	107	81
107	9	57	15	81	
4	683	185	106
-1
3	89	92	1
92	14	38	1	
2	71	197	192
-1
4	802	57	123
-1
2	132	29	58
-1
1	373	6	145
-1
3	146	62	101
-1
4	768	72	24
-1
1	261	9	115
-1
1	93	6	21
6	88	1	21	
3	198	8	5
-1
3	551	42	49
-1
2	742	130	45
-1
3	864	153	53
-1
2	74	106	33
-1
2	418	37	38
-1
