1	436	100	166
-1
1	984	165	113
-1
1	769	55	192
-1
2	829	88	44
-1
2	711	39	17
-1
2	327	135	37
-1
1	235	124	182
-1
2	403	116	94
-1
3	261	180	117
-1
1	763	68	78
-1
2	328	129	177
-1
2	841	164	141
-1
1	632	99	148
-1
1	475	68	35
-1
1	643	96	25
-1
4	231	159	160
-1
2	813	85	35
-1
4	658	119	150
-1
1	174	73	81
-1
2	403	85	101
-1
1	532	47	181
-1
2	24	175	96
175	15	96	
2	523	167	194
-1
3	158	198	61
-1
3	382	25	109
-1
2	693	19	67
-1
3	327	50	103
-1
2	628	14	173
-1
4	261	71	45
-1
4	361	196	129
-1
2	941	151	128
-1
2	788	82	54
-1
1	181	105	20
-1
2	594	28	169
-1
3	854	137	145
-1
3	672	70	164
-1
1	374	115	165
-1
4	546	193	130
-1
4	942	21	152
-1
4	822	81	99
-1
4	949	193	49
-1
2	2	85	130
85	9	27	7	70	17	130	
3	173	72	187
-1
1	742	4	166
-1
1	886	197	54
-1
3	601	50	75
-1
1	765	73	189
-1
4	894	46	182
-1
1	997	143	154
-1
2	896	84	186
-1
1	344	58	178
-1
3	226	6	62
-1
2	564	160	85
-1
2	529	132	88
-1
3	334	25	37
-1
4	8	111	38
111	6	38	
3	597	112	111
-1
2	130	28	108
-1
1	235	73	3
-1
3	820	70	38
-1
1	949	165	95
-1
2	562	108	53
-1
4	446	133	12
-1
1	485	96	95
-1
3	921	176	120
-1
4	959	109	30
-1
3	621	69	92
-1
4	928	65	119
-1
1	130	146	192
-1
3	168	180	13
-1
2	862	151	177
-1
1	866	99	84
-1
3	477	60	169
-1
1	924	105	16
-1
4	243	141	144
-1
1	24	62	4
62	11	19	4	
2	867	20	72
-1
4	186	40	88
-1
4	929	119	33
-1
3	741	49	164
-1
3	869	168	114
-1
3	304	181	164
-1
1	272	47	23
-1
1	40	75	79
75	45	1	79	
3	783	198	20
-1
4	538	40	33
-1
3	610	15	52
-1
2	297	82	43
-1
2	82	19	113
-1
1	845	99	113
-1
4	111	191	80
-1
3	826	59	13
-1
4	849	114	11
-1
2	679	186	85
-1
1	450	177	83
-1
4	82	111	74
111	6	74	
3	885	48	41
-1
1	479	57	74
-1
1	792	154	92
-1
3	304	187	142
-1
1	536	183	132
-1
3	348	45	142
-1
4	958	71	55
-1
4	194	71	192
-1
3	276	149	120
-1
3	502	199	30
-1
3	894	80	78
-1
4	967	117	86
-1
2	258	195	191
-1
2	751	186	177
-1
1	834	90	160
-1
1	727	177	4
-1
1	733	124	74
-1
1	125	33	144
-1
1	644	26	45
-1
1	426	54	195
-1
3	655	107	26
-1
4	940	200	142
-1
4	931	166	137
-1
2	59	175	122
-1
4	170	125	163
-1
4	374	110	139
-1
1	199	36	14
-1
3	495	168	46
-1
3	291	44	24
-1
2	685	88	29
-1
4	110	65	135
-1
4	452	119	86
-1
1	188	58	3
-1
2	461	140	177
-1
3	224	199	53
-1
4	362	120	162
-1
2	576	93	149
-1
3	173	44	116
-1
1	348	90	160
-1
3	376	180	199
-1
3	462	16	63
-1
4	147	125	133
-1
2	749	128	190
-1
2	877	67	82
-1
2	281	128	32
-1
2	794	152	151
-1
1	142	64	196
-1
1	410	192	191
-1
2	369	116	80
-1
2	719	63	11
-1
4	181	191	26
-1
2	113	52	102
-1
3	454	199	182
-1
1	487	99	48
-1
2	918	128	175
-1
2	621	8	77
-1
1	616	2	93
-1
1	806	95	83
-1
1	37	104	150
104	2	8	1	150	
4	599	24	13
-1
1	176	142	3
-1
2	229	74	6
74	6	
4	210	138	4
-1
1	658	192	55
-1
2	384	78	182
-1
3	261	148	141
-1
3	353	168	94
-1
2	587	135	141
-1
1	137	92	44
-1
2	701	128	68
-1
4	655	126	161
-1
3	460	53	35
-1
4	616	81	172
-1
4	222	91	115
-1
1	155	100	145
-1
4	695	83	92
-1
1	341	143	11
-1
1	881	47	145
-1
2	76	186	36
186	39	25	41	36	
2	943	74	115
-1
1	256	174	192
-1
2	490	28	44
-1
2	461	39	124
-1
1	328	54	166
-1
4	872	27	65
-1
3	363	181	148
-1
3	773	76	42
-1
3	69	168	41
-1
3	704	48	26
-1
4	770	123	99
-1
3	161	18	24
-1
1	756	73	3
-1
4	79	114	41
-1
4	397	126	47
-1
3	661	53	73
-1
1	608	124	54
-1
2	202	38	81
-1
2	442	162	48
-1
1	267	30	47
-1
2	517	85	121
-1
1	540	54	90
-1
4	342	166	114
-1
4	382	121	27
-1
2	980	152	105
-1
3	653	148	157
-1
2	258	8	33
-1
3	490	168	70
-1
3	337	169	32
-1
4	735	10	61
-1
2	55	28	98
28	10	15	98	
4	945	144	151
-1
4	658	83	69
-1
4	37	24	189
24	57	54	189	
1	541	157	92
-1
3	497	137	39
-1
4	129	141	199
-1
3	151	198	166
-1
2	982	39	134
-1
1	394	127	95
-1
1	91	61	122
-1
2	194	67	65
-1
1	862	11	99
-1
4	202	21	122
-1
3	294	9	30
-1
3	532	149	166
-1
1	930	197	58
-1
2	447	78	7
-1
2	932	28	45
-1
2	826	161	171
-1
1	99	154	31
-1
3	915	45	50
-1
3	813	190	12
-1
1	486	51	32
-1
1	316	4	40
-1
3	633	97	140
-1
3	443	181	137
-1
1	649	62	14
-1
4	94	109	193
-1
1	816	192	153
-1
3	199	18	106
-1
1	648	68	102
-1
2	459	135	91
-1
2	643	147	93
-1
3	234	185	97
-1
2	774	52	145
-1
1	110	36	125
-1
2	75	78	187
-1
1	467	127	47
-1
2	619	172	190
-1
3	924	187	159
-1
3	178	137	27
-1
1	868	184	161
-1
2	913	195	59
-1
2	809	37	43
-1
3	553	70	46
-1
2	30	43	82
43	41	15	72	81	33	82	
1	168	104	159
-1
3	766	178	37
-1
4	755	196	8
-1
2	314	14	147
-1
1	540	90	83
-1
2	52	67	19
-1
1	310	86	13
-1
1	505	150	1
-1
2	950	158	70
-1
2	631	63	65
-1
1	342	92	120
-1
1	378	11	50
-1
3	538	176	45
-1
1	636	130	11
-1
2	870	43	100
-1
4	888	134	118
-1
3	852	185	155
-1
1	52	47	105
-1
2	74	151	14
151	1	7	37	14	
2	338	52	76
-1
4	657	35	119
-1
3	106	176	129
-1
1	503	105	104
-1
2	113	42	186
-1
1	212	77	28
-1
1	681	99	114
-1
2	387	186	98
-1
3	891	190	96
-1
1	57	41	46
41	15	74	6	46	
4	84	114	98
-1
1	3	3	132
3	48	1	132	
3	683	60	59
-1
4	539	117	163
-1
2	324	19	5
-1
2	703	131	33
-1
2	216	94	83
-1
4	266	126	69
-1
4	161	65	58
-1
3	407	107	50
-1
3	656	163	116
-1
1	539	47	118
-1
3	397	1	177
-1
4	311	83	46
-1
4	467	21	16
-1
4	852	144	99
-1
1	334	47	144
-1
1	802	62	22
-1
2	811	79	86
-1
4	413	40	192
-1
3	328	198	155
-1
3	245	53	1
-1
1	174	143	1
-1
4	571	91	35
-1
3	586	1	56
-1
1	684	68	151
-1
4	780	119	197
-1
2	201	52	11
-1
3	686	6	89
-1
3	477	168	80
-1
3	983	180	77
-1
3	935	59	129
-1
1	687	104	23
-1
2	922	29	113
-1
3	177	199	114
-1
1	479	136	181
-1
2	476	172	99
-1
2	438	151	102
-1
2	278	151	107
-1
3	158	188	27
-1
3	834	16	6
-1
3	315	199	17
-1
4	137	133	120
-1
2	50	20	100
20	53	15	17	100	
2	363	93	50
-1
4	895	21	185
-1
1	145	99	156
-1
4	446	126	58
-1
3	305	163	8
-1
4	531	193	147
-1
1	888	150	163
-1
2	704	135	161
-1
3	575	49	45
-1
4	674	138	16
-1
2	923	139	108
-1
3	260	53	128
-1
2	15	147	27
147	3	48	1	7	27	
2	25	43	152
43	41	15	18	90	13	152	
2	784	88	67
-1
4	331	144	59
-1
2	493	74	160
-1
4	605	114	94
-1
1	249	17	95
-1
1	817	192	32
-1
1	524	17	170
-1
1	604	92	174
-1
2	182	151	120
-1
4	85	117	114
-1
4	751	141	1
-1
4	161	125	97
-1
1	120	55	122
-1
1	166	99	35
-1
3	260	103	52
-1
3	243	103	195
-1
4	164	119	11
-1
2	737	195	54
-1
3	208	198	4
-1
1	721	179	121
-1
2	73	63	13
-1
4	569	166	137
-1
4	443	126	143
-1
3	877	198	41
-1
3	280	163	95
-1
1	226	174	198
-1
3	389	168	68
-1
2	42	131	62
131	15	41	36	30	62	
2	446	19	11
-1
1	318	26	141
-1
2	330	98	4
-1
3	267	170	121
-1
4	809	91	198
-1
4	802	133	147
-1
2	496	161	61
-1
1	845	41	34
-1
3	313	18	1
-1
3	126	6	83
-1
3	537	48	101
-1
3	77	45	78
-1
2	832	162	175
-1
4	904	91	145
-1
4	102	109	187
-1
3	600	70	119
-1
4	861	71	79
-1
4	846	166	71
-1
1	447	11	89
-1
4	881	123	46
-1
4	182	200	93
-1
2	611	88	89
-1
4	186	117	50
-1
3	682	148	93
-1
1	668	4	153
-1
1	938	57	22
-1
2	16	56	92
56	9	74	15	92	
2	239	116	58
-1
2	479	162	68
-1
2	124	160	142
-1
4	569	40	93
-1
3	257	173	181
-1
1	859	136	97
-1
4	703	121	196
-1
1	55	2	199
2	16	199	
4	77	21	55
21	11	19	55	
2	568	158	63
-1
3	377	173	178
-1
3	996	163	91
-1
1	89	41	2
-1
4	782	117	194
-1
2	962	85	166
-1
2	58	93	101
93	6	26	11	101	
3	605	103	173
-1
1	804	5	126
-1
3	810	60	146
-1
2	872	88	103
-1
1	202	55	28
-1
1	644	184	142
-1
1	646	179	183
-1
1	439	68	51
-1
3	556	49	135
-1
2	609	162	179
-1
1	781	171	82
-1
2	107	175	38
-1
1	604	130	97
-1
2	859	140	136
-1
3	886	163	191
-1
2	627	116	126
-1
2	561	160	104
-1
1	811	5	123
-1
2	297	43	171
-1
3	628	198	84
-1
3	309	6	54
-1
2	746	139	29
-1
1	995	197	110
-1
4	130	200	49
-1
1	72	58	164
-1
1	197	95	79
95	79	
2	853	74	190
-1
3	775	34	194
-1
1	98	197	188
-1
3	781	45	138
-1
3	235	72	95
-1
3	415	180	33
-1
2	124	78	29
-1
4	525	24	181
-1
1	488	105	190
-1
1	918	177	85
-1
4	108	125	158
-1
1	53	177	143
-1
1	841	104	91
-1
3	378	1	136
-1
3	272	181	7
-1
2	657	167	139
-1
3	637	181	168
-1
1	169	57	191
-1
3	759	181	95
-1
2	995	20	23
-1
1	504	89	148
-1
4	198	196	76
-1
3	889	1	179
-1
4	224	193	131
-1
3	182	170	64
-1
4	720	193	30
-1
3	287	1	11
-1
3	229	190	67
-1
2	324	158	199
-1
2	698	116	18
-1
1	197	62	106
-1
1	673	165	54
-1
3	603	163	6
-1
1	86	51	198
-1
1	549	26	119
-1
2	578	7	63
-1
2	940	79	64
-1
4	758	117	53
-1
1	556	146	162
-1
4	525	21	78
-1
3	583	118	91
-1
1	188	115	56
-1
2	393	139	18
-1
2	742	93	20
-1
3	260	178	197
-1
4	274	126	3
-1
2	737	56	33
-1
2	341	195	150
-1
1	903	105	95
-1
3	532	60	115
-1
3	222	137	184
-1
4	829	71	98
-1
1	198	58	188
-1
1	569	2	81
-1
1	165	95	58
-1
1	520	154	136
-1
4	352	27	191
-1
2	653	116	137
-1
2	947	8	41
-1
1	613	62	53
-1
4	997	145	189
-1
4	646	119	11
-1
2	234	147	20
-1
3	66	97	21
97	11	21	
