4	71	118	122
-1
2	34	147	144
147	10	15	9	144	
3	41	141	126
141	6	7	36	97	71	4	126	
3	61	4	167
-1
2	39	121	113
121	100	21	12	3	113	
4	40	24	186
24	15	13	186	
2	17	21	140
21	12	140	
1	48	175	113
-1
3	28	197	91
197	3	77	62	14	91	
2	100	186	82
-1
3	74	61	151
-1
2	69	131	97
131	7	36	97	
4	94	16	37
16	20	37	
1	12	157	193
157	5	51	94	193	
1	24	169	65
169	5	18	3	65	
2	9	59	89
59	97	36	14	89	
2	100	150	109
-1
1	65	166	36
166	7	36	
4	55	113	184
113	3	18	9	20	184	
4	88	192	169
-1
2	39	44	29
-1
3	35	17	111
17	100	21	12	111	
3	24	37	127
37	20	9	18	3	127	
3	16	182	35
182	8	93	16	35	
4	80	94	3
94	16	76	3	
4	68	117	61
117	7	65	3	61	
1	29	78	163
78	19	60	1	163	
3	64	177	128
-1
3	99	141	41
141	19	37	20	41	
3	68	148	32
148	2	53	15	13	32	
2	96	35	75
35	16	75	
1	59	25	43
-1
3	85	160	31
-1
2	19	35	13
35	16	48	13	
2	73	150	58
150	16	97	36	58	
1	85	81	174
81	31	7	67	11	174	
4	47	101	3
101	51	5	18	3	
4	75	181	132
-1
1	67	96	24
96	19	24	
3	98	194	123
194	7	123	
3	25	61	158
61	3	76	16	97	71	4	158	
4	19	109	182
109	2	27	14	67	7	93	8	182	
1	50	67	93
67	7	93	
4	14	103	127
103	17	5	18	3	127	
3	71	173	28
173	9	20	67	7	6	28	
3	96	45	61
45	16	76	3	61	
3	51	129	161
129	83	92	19	62	11	161	
1	82	128	141
128	6	141	
1	5	54	188
54	11	67	7	188	
2	28	20	181
20	9	18	5	181	
1	37	169	194
169	5	54	11	67	7	194	
3	70	145	54
145	3	18	5	54	
2	15	164	72
164	17	5	72	
3	93	165	174
165	7	67	11	174	
4	21	130	146
130	143	11	9	18	34	146	
2	81	152	142
-1
3	93	99	22
-1
1	85	49	149
-1
4	72	130	2
-1
2	4	187	173
187	2	53	15	9	173	
1	97	166	142
-1
1	50	54	86
54	11	67	7	86	
4	73	75	1
75	84	1	
1	46	189	165
189	22	53	2	27	14	67	7	165	
3	43	182	94
182	8	93	16	94	
2	84	154	197
-1
2	58	186	96
186	13	48	16	96	
2	6	178	144
178	2	53	15	9	144	
3	60	62	26
62	19	26	
2	32	85	164
85	11	68	17	164	
1	25	88	129
88	69	19	92	83	129	
3	11	37	134
37	20	67	11	134	
4	11	38	8
38	16	93	8	
4	28	111	197
111	12	3	197	
2	73	108	130
-1
1	70	3	35
3	76	16	35	
4	65	38	20
38	20	
3	8	95	149
95	3	77	62	14	149	
1	33	53	162
53	15	9	20	67	7	6	28	162	
2	96	12	46
12	58	36	14	46	
3	76	95	85
-1
2	9	120	121
120	10	21	100	121	
2	69	30	159
30	14	67	7	159	
1	65	92	21
92	10	21	
1	46	119	128
119	7	6	128	
4	80	192	130
192	14	67	11	143	130	
4	51	13	168
13	85	11	168	
3	99	177	62
-1
1	60	84	66
84	1	9	18	3	66	
1	5	169	77
169	5	18	3	77	
4	41	16	124
16	76	3	124	
2	62	144	43
-1
3	20	4	24
4	71	84	1	60	19	24	
3	40	72	67
72	69	11	67	
1	19	88	186
88	12	32	13	186	
1	49	33	129
33	2	53	10	92	83	129	
2	68	164	141
164	17	5	72	19	141	
3	81	114	69
114	19	69	
2	47	164	104
164	17	100	21	12	104	
3	75	23	72
23	79	17	5	72	
3	98	79	40
79	40	
2	40	20	183
20	9	18	183	
1	15	33	138
33	2	53	15	9	138	
3	82	52	10
52	88	12	21	10	
1	19	43	97
43	22	53	2	27	14	36	97	
4	99	113	82
113	3	82	
4	91	113	45
-1
2	59	80	111
80	7	93	12	111	
4	14	13	26
13	15	24	19	26	
2	86	11	49
11	84	71	4	49	
2	77	85	79
-1
4	11	83	50
83	96	16	75	29	50	
2	48	74	82
-1
3	57	41	85
41	20	67	11	85	
2	54	74	79
-1
1	87	92	192
92	19	62	14	192	
1	83	142	104
-1
2	45	132	136
132	25	91	14	27	2	136	
1	71	142	148
-1
2	71	55	158
-1
4	49	192	194
192	14	67	7	194	
2	99	120	76
-1
2	80	30	102
-1
1	17	78	94
78	19	92	10	94	
2	95	86	167
-1
3	86	191	58
191	19	31	58	
3	90	177	151
-1
3	77	160	34
-1
3	24	4	127
4	71	97	16	76	3	127	
2	33	74	133
74	4	71	97	36	7	6	133	
2	26	144	125
-1
3	54	45	44
-1
1	7	195	26
195	9	1	60	19	26	
3	100	26	55
26	19	92	10	55	
1	66	142	140
-1
4	75	137	131
137	3	65	7	131	
1	25	122	59
122	5	18	34	16	97	59	
1	10	163	170
163	1	9	170	
2	36	139	174
139	16	20	67	11	174	
1	68	14	199
14	67	11	199	
1	44	46	95
46	14	62	77	3	95	
4	88	24	91
24	19	62	14	91	
2	65	29	85
29	75	84	11	85	
1	19	135	110
135	11	67	14	110	
2	58	86	52
86	7	93	12	88	52	
1	40	3	188
3	65	7	188	
3	99	177	61
-1
1	20	53	24
53	15	24	
1	93	163	162
-1
1	44	149	176
149	14	27	2	176	
1	90	116	173
116	1	9	173	
3	80	160	148
-1
2	16	199	176
199	11	68	17	2	176	
4	25	63	62
63	19	62	
4	28	133	147
133	6	141	19	92	10	147	
3	67	190	149
190	17	100	14	149	
1	28	82	77
82	3	77	
4	51	32	81
32	20	37	19	81	
4	64	151	194
-1
4	91	196	142
-1
3	16	191	10
191	19	92	10	
2	63	80	169
-1
2	91	11	119
11	67	7	119	
3	52	26	181
26	19	72	5	181	
4	99	102	113
102	76	3	113	
3	99	182	54
-1
2	28	48	87
48	16	93	7	87	
1	8	175	118
175	81	19	60	1	84	75	29	118	
2	2	77	21
77	62	14	100	21	
1	95	93	16
93	16	
4	4	83	6
83	92	19	141	6	
2	24	150	37
150	16	20	37	
4	42	13	199
13	85	11	199	
1	74	3	176
3	55	10	53	2	176	
2	38	6	29
6	7	93	16	75	29	
3	92	4	10
-1
2	78	55	58
55	12	58	
3	48	182	184
182	8	93	16	20	184	
3	68	141	61
141	6	7	65	3	61	
4	35	94	153
94	16	93	7	6	153	
3	92	141	187
-1
2	28	44	137
44	52	88	12	3	137	
3	26	68	101
68	17	5	51	101	
3	53	161	55
161	11	39	21	12	55	
2	81	35	60
35	16	96	73	60	
3	91	172	16
-1
4	100	115	22
115	2	53	22	
3	83	145	155
-1
1	43	92	95
92	10	55	3	95	
2	47	11	141
11	143	6	141	
3	86	145	81
-1
3	74	36	76
36	97	16	76	
4	74	115	143
115	2	17	68	11	143	
4	28	192	56
192	14	67	20	16	35	56	
2	39	44	90
44	52	88	69	19	90	
2	54	124	61
124	3	61	
1	27	166	128
166	7	6	128	
1	81	65	72
65	3	18	5	72	
3	76	148	163
-1
3	68	42	173
42	11	64	9	173	
3	48	41	69
41	20	67	11	69	
3	23	26	104
26	57	8	93	12	104	
3	18	99	170
99	73	60	1	9	170	
4	73	24	161
24	19	62	11	161	
1	14	3	156
3	65	7	156	
3	26	41	79
41	20	67	14	100	17	79	
1	53	47	197
47	12	3	197	
4	24	73	61
73	60	1	9	18	3	61	
1	38	54	8
54	11	67	7	93	8	
1	62	81	2
81	19	62	14	27	2	
2	30	48	42
48	16	42	
1	85	47	67
47	12	93	7	67	
2	54	121	117
121	100	14	67	7	117	
2	66	90	140
-1
3	21	114	142
114	19	96	16	35	142	
4	52	27	182
27	14	67	7	93	8	182	
1	48	105	180
105	13	15	10	92	180	
1	8	157	53
157	5	17	2	53	
1	68	33	58
33	2	17	100	14	36	58	
2	69	70	90
70	11	62	19	90	
4	10	32	137
32	12	3	137	
3	28	61	135
61	3	18	9	11	135	
3	44	98	55
98	20	32	12	55	
4	83	151	145
-1
1	24	69	58
69	88	12	58	
1	57	189	37
189	22	53	15	9	20	37	
1	37	92	141
92	19	141	
1	41	39	97
39	11	67	7	36	97	
2	98	199	129
-1
1	39	166	151
166	7	67	20	32	13	151	
1	27	134	182
134	11	67	7	93	8	182	
3	61	95	194
95	3	65	7	194	
1	67	122	91
122	5	17	100	14	91	
1	11	65	194
65	7	194	
3	21	99	62
99	73	60	19	62	
1	9	122	2
122	5	17	2	
2	49	30	94
30	10	94	
1	97	166	132
-1
2	78	58	130
58	36	7	6	28	130	
3	28	7	47
7	93	12	47	
3	61	45	132
-1
1	54	171	26
171	20	37	19	26	
2	45	31	99
31	19	60	73	99	
1	90	50	115
-1
2	51	12	13
12	32	13	
4	4	32	86
32	20	67	7	86	
3	97	40	116
-1
3	81	140	33
-1
4	62	137	43
-1
1	9	14	49
14	36	97	71	4	49	
1	92	193	94
193	94	
2	18	153	16
153	6	7	93	16	
4	68	106	199
-1
4	35	102	48
102	76	16	48	
1	47	91	59
91	14	36	97	59	
1	85	93	43
-1
1	52	97	34
97	16	34	
3	36	145	174
145	3	18	9	11	174	
4	78	125	110
-1
2	27	187	75
187	2	27	14	67	20	16	75	
1	72	47	67
47	12	93	7	67	
3	87	190	19
190	17	5	72	19	
2	37	159	124
159	7	65	3	124	
4	84	27	178
27	2	178	
3	95	161	68
161	11	68	
2	37	59	113
59	97	16	76	3	113	
1	70	43	9
43	22	53	15	9	
1	43	46	153
46	14	67	7	6	153	
1	4	82	30
82	3	55	10	30	
2	78	159	168
159	7	67	11	168	
3	96	37	166
37	20	67	7	166	
3	14	8	155
8	93	16	20	37	155	
2	90	147	114
147	10	92	19	114	
4	67	83	140
83	92	10	21	12	140	
4	86	19	52
19	69	88	52	
4	50	13	110
13	15	53	2	27	14	110	
3	58	1	105
1	9	15	13	105	
2	63	70	150
70	11	67	20	16	150	
1	92	65	31
65	7	31	
2	11	120	142
120	10	94	16	35	142	
1	76	50	178
-1
3	30	45	138
45	16	20	9	138	
2	43	11	36
11	67	7	36	
2	34	100	70
100	14	67	11	70	
4	85	118	88
-1
3	47	155	52
155	37	19	69	88	52	
1	51	105	52
-1
1	52	14	74
14	36	97	71	4	74	
2	35	76	138
76	16	20	9	138	
1	76	119	57
119	7	93	8	57	
3	5	129	106
129	83	96	16	75	29	106	
3	42	104	103
104	12	21	100	17	103	
2	77	186	113
-1
1	99	28	12
28	6	7	93	12	
3	86	114	81
114	19	81	
3	90	98	187
98	20	67	14	27	2	187	
1	41	96	91
96	19	62	14	91	
1	14	46	57
46	14	62	19	26	57	
3	3	98	84
98	1	84	
2	60	132	3
-1
2	17	59	83
59	97	16	96	83	
1	19	163	139
163	1	9	20	16	139	
3	31	5	124
5	18	3	124	
1	94	33	103
33	2	17	103	
4	26	83	16
83	96	16	
1	65	69	66
69	88	12	3	66	
2	7	58	161
58	36	14	67	11	161	
1	63	50	7
50	29	75	16	93	7	
1	47	116	56
116	1	9	20	16	35	56	
4	1	118	139
118	29	75	16	139	
3	83	177	197
-1
1	21	46	111
46	14	100	21	12	111	
4	44	16	67
16	20	67	
3	47	99	52
-1
2	62	144	134
144	9	64	11	134	
1	79	22	2
22	53	2	
2	40	86	11
86	7	67	11	
4	98	192	13
-1
3	53	155	128
155	37	20	67	7	6	128	
3	43	1	45
1	9	20	16	45	
3	91	1	174
1	84	11	174	
2	1	35	171
35	16	20	171	
1	68	56	186
-1
4	19	151	84
151	13	85	11	84	
3	52	197	180
197	3	55	10	92	180	
2	6	11	1
11	9	1	
3	68	89	86
89	14	67	7	86	
2	80	80	77
-1
2	59	77	183
77	3	18	183	
3	4	129	135
129	83	92	19	62	11	135	
3	29	23	87
23	80	7	87	
4	99	113	122
113	3	18	5	122	
3	36	114	177
114	19	62	14	27	2	177	
4	72	181	79
181	5	17	79	
3	51	99	76
99	73	96	16	76	
4	51	102	38
102	76	16	38	
1	88	107	78
107	10	92	19	78	
4	16	27	158
27	14	36	97	71	4	158	
2	99	6	34
6	7	93	16	34	
3	33	17	115
17	2	115	
2	20	120	137
120	10	55	3	137	
2	93	100	50
-1
1	21	50	163
50	29	75	84	1	163	
4	99	185	95
-1
2	26	156	145
156	7	65	3	145	
2	63	58	46
58	36	14	46	
3	93	8	105
-1
2	50	147	131
147	10	30	14	67	7	131	
1	35	163	88
163	1	60	19	69	88	
3	49	161	104
161	11	39	21	12	104	
3	38	45	175
45	16	96	19	81	175	
4	39	16	74
16	97	71	4	74	
2	53	108	123
108	2	17	100	14	67	7	123	
1	47	128	60
128	6	141	19	60	
4	43	27	15
27	2	53	15	
2	88	152	25
-1
1	44	67	184
67	20	184	
2	74	59	131
59	97	36	7	131	
3	14	160	93
160	12	93	
4	17	94	5
94	51	5	
3	92	95	49
-1
4	17	32	17
32	20	67	14	100	17	
3	92	170	124
170	9	18	3	124	
3	51	174	4
174	11	84	71	4	
2	17	120	182
120	10	55	12	93	8	182	
3	41	114	85
114	19	62	11	85	
3	25	1	151
1	9	15	13	151	
1	55	97	161
97	36	7	67	11	161	
1	99	122	120
-1
2	3	35	166
35	16	93	7	166	
3	3	52	60
52	88	69	19	60	
1	19	195	43
195	9	15	53	22	43	
2	95	11	164
11	68	17	164	
1	98	54	137
-1
3	79	4	8
-1
1	63	122	121
122	5	17	100	121	
4	66	13	73
13	15	9	1	60	73	
4	26	137	169
137	3	18	5	169	
2	98	143	43
-1
3	63	41	77
41	20	67	14	62	77	
3	74	95	80
95	3	65	7	80	
2	68	198	26
198	17	5	72	19	26	
3	31	68	189
68	17	2	53	22	189	
3	19	62	42
62	11	42	
2	26	11	46
11	67	14	46	
3	98	141	118
-1
3	70	4	130
-1
2	91	121	67
121	100	14	67	
2	33	198	9
198	17	68	11	9	
2	61	147	2
147	10	53	2	
3	41	61	96
61	3	76	16	96	
2	18	34	45
34	16	45	
3	6	1	113
1	9	18	3	113	
4	48	83	126
-1
4	45	101	137
101	51	5	18	3	137	
1	62	78	77
78	19	62	77	
1	91	175	32
-1
3	9	145	104
145	3	12	104	
2	70	187	102
-1
1	71	119	200
119	7	93	8	200	
3	66	79	61
79	17	5	18	3	61	
2	11	71	46
71	97	36	14	46	
3	23	89	47
89	14	100	21	12	47	
1	100	46	81
46	14	62	19	81	
1	88	93	182
93	8	182	
3	17	89	11
89	14	67	11	
1	48	50	186
-1
1	4	93	82
93	12	3	82	
2	57	153	68
153	6	143	11	68	
1	56	22	138
22	53	15	9	138	
1	16	92	16
92	83	96	16	
2	62	58	39
58	12	21	39	
3	60	68	79
68	17	79	
1	40	142	124
142	35	16	76	3	124	
1	73	93	169
93	16	34	18	5	169	
4	36	181	57
181	5	72	19	26	57	
1	21	97	59
97	59	
4	2	196	103
196	52	88	51	5	17	103	
2	21	199	55
199	11	67	7	93	12	55	
2	58	55	77
55	3	77	
4	73	63	168
63	19	62	11	168	
2	63	178	177
178	2	177	
1	41	91	196
-1
4	17	2	89
2	27	14	89	
3	85	194	182
194	7	93	8	182	
1	93	166	162
166	7	6	28	162	
4	3	101	58
101	51	88	12	58	
3	5	173	5
173	9	18	5	
4	60	126	4
126	4	
1	88	146	10
146	34	16	94	10	
4	55	103	72
103	17	5	72	
1	84	28	2
28	6	7	67	14	27	2	
1	79	142	44
-1
4	68	183	46
183	18	9	20	67	14	46	
3	49	51	39
51	5	54	11	39	
1	62	135	156
135	11	67	7	156	
3	71	179	9
179	98	20	9	
1	75	82	181
82	3	18	5	181	
4	30	38	107
38	14	30	10	107	
1	40	97	4
97	71	4	
4	63	136	59
136	2	53	15	13	59	
3	16	191	86
191	19	31	7	86	
4	60	126	27
-1
3	5	104	161
104	12	21	39	11	161	
2	43	123	11
123	7	67	11	
1	98	171	97
171	20	16	97	
1	6	84	28
84	11	143	6	28	
1	39	54	109
54	5	17	2	109	
2	97	29	146
29	75	16	34	146	
3	100	110	195
-1
1	58	49	130
-1
2	95	164	72
164	17	5	72	
3	74	79	197
-1
3	34	190	53
190	17	2	53	
3	97	194	175
194	7	31	81	175	
4	45	188	98
188	7	67	20	98	
1	72	138	181
138	9	18	5	181	
3	80	95	35
95	3	76	16	35	
1	78	33	15
33	2	53	15	
2	24	29	124
29	75	16	76	3	124	
4	5	181	125
181	5	51	88	52	44	125	
3	77	190	88
190	17	5	51	88	
2	25	85	118
85	11	84	75	29	118	
4	77	158	108
-1
2	4	143	53
143	11	9	15	53	
1	1	91	41
91	14	67	20	41	
4	81	136	178
136	2	178	
3	67	7	72
7	31	19	72	
2	81	139	57
139	16	93	8	57	
3	57	168	37
168	11	67	20	37	
3	81	191	169
191	19	72	5	169	
3	20	95	159
95	3	65	7	159	
3	89	23	195
-1
3	96	148	104
-1
2	1	76	198
76	3	18	5	17	198	
3	93	179	89
179	98	20	67	14	89	
2	70	131	24
131	7	31	19	24	
3	93	64	182
-1
2	1	30	120
30	10	120	
2	90	11	87
11	67	7	87	
1	58	67	29
67	20	16	75	29	
2	16	199	124
199	11	9	18	3	124	
1	62	18	98
18	9	1	98	
4	65	106	197
-1
1	63	54	73
54	11	84	1	60	73	
2	51	6	3
6	7	65	3	
2	26	198	86
198	17	68	11	67	7	86	
1	7	119	149
119	7	36	14	149	
4	79	63	178
-1
3	17	64	140
64	11	67	7	93	12	140	
1	46	53	158
-1
3	21	162	156
162	28	6	7	156	
1	18	78	125
78	19	69	88	52	44	125	
1	15	91	183
91	14	67	20	9	18	183	
1	39	56	188
56	35	16	93	7	188	
1	93	18	193
18	34	16	94	193	
2	78	20	142
20	16	35	142	
3	26	197	60
197	3	18	9	1	60	
1	56	3	74
-1
1	95	33	137
-1
