1	11	37	134
37	46	14	93	7	134	
1	11	38	8
38	17	2	92	8	
2	28	111	197
111	14	67	20	19	197	
4	73	108	130
108	9	79	56	130	
2	70	3	35
-1
1	65	38	20
38	13	36	19	20	
3	8	95	149
95	9	34	7	149	
3	33	53	162
53	73	11	60	13	162	
2	96	12	46
12	67	14	46	
3	76	95	85
95	9	17	29	85	
3	9	120	121
120	3	6	60	13	121	
1	69	30	159
-1
4	65	92	21
92	2	17	9	21	
1	46	119	128
119	6	27	14	75	2	128	
4	80	192	130
-1
1	51	13	168
13	99	14	16	168	
2	99	177	62
-1
1	60	84	66
84	25	10	47	11	66	
2	5	169	77
169	7	93	14	50	43	77	
1	41	16	124
16	14	67	12	124	
2	62	144	43
144	20	19	36	2	43	
4	20	4	24
4	12	42	2	18	24	
1	40	72	67
72	4	12	67	
1	19	88	186
88	26	25	10	47	11	186	
3	49	33	129
33	10	17	2	129	
3	68	164	141
-1
2	81	114	69
114	13	36	19	20	69	
3	47	164	104
-1
4	75	23	72
23	11	4	72	
1	98	79	40
79	20	40	
2	40	20	183
20	82	10	183	
3	15	33	138
33	10	12	138	
3	82	52	10
52	15	82	10	
3	19	43	97
43	2	42	12	4	97	
1	99	113	82
113	101	2	36	15	82	
1	91	113	45
-1
3	59	80	111
80	13	99	14	111	
1	14	13	26
13	36	2	101	113	26	
2	86	11	49
11	66	76	17	49	
4	77	85	79
85	42	12	67	20	79	
1	11	83	50
83	12	67	14	50	
4	48	74	82
74	55	10	82	
1	57	41	85
41	17	29	85	
4	54	74	79
74	86	19	20	79	
4	87	92	192
92	8	1	192	
4	83	142	104
-1
3	45	132	136
132	9	21	6	27	14	16	136	
4	71	142	148
-1
3	71	55	158
55	13	99	14	158	
4	49	192	194
192	1	100	9	34	194	
3	99	120	76
-1
1	80	30	102
-1
1	17	78	94
78	17	37	46	14	166	94	
3	95	86	167
86	19	167	
3	86	191	58
191	20	19	36	2	58	
2	90	177	151
-1
1	77	160	34
160	10	17	9	34	
4	24	4	127
4	71	20	19	127	
4	33	74	133
74	1	8	50	14	133	
2	26	144	125
144	20	22	125	
1	54	45	44
45	12	44	
2	7	195	26
195	16	14	166	94	26	
2	100	26	55
26	25	10	55	
4	66	142	140
142	15	140	
1	75	137	131
137	15	96	100	1	131	
2	25	122	59
122	10	59	
3	10	163	170
163	2	17	76	66	170	
3	36	139	174
139	7	69	20	82	15	174	
3	68	14	199
14	27	6	21	5	199	
2	44	46	95
46	37	17	9	95	
1	88	24	91
-1
4	65	29	85
29	85	
2	19	135	110
135	53	54	12	67	14	110	
3	58	86	52
86	19	20	52	
2	40	3	188
3	6	21	9	188	
2	99	177	61
177	16	14	67	12	61	
3	20	53	24
53	73	69	7	24	
3	93	163	162
163	2	36	13	162	
4	44	149	176
149	7	93	14	99	10	176	
4	90	116	173
116	2	17	78	173	
1	80	160	148
160	10	148	
3	16	199	176
199	5	23	57	10	176	
3	25	63	62
63	5	90	13	62	
1	28	133	147
133	14	50	8	1	147	
2	67	190	149
190	2	18	24	7	149	
1	28	82	77
82	15	36	13	77	
3	51	32	81
32	14	67	20	79	56	81	
3	64	151	194
151	11	73	69	7	34	194	
4	91	196	142
-1
3	16	191	10
191	20	82	10	
3	63	80	169
80	18	24	7	169	
2	91	11	119
11	60	6	119	
2	52	26	181
26	113	101	2	181	
4	99	102	113
-1
3	99	182	54
182	85	42	12	54	
4	28	48	87
48	14	99	13	87	
1	8	175	118
175	3	82	20	67	12	118	
2	2	77	21
77	13	60	6	21	
4	95	93	16
93	14	16	
1	4	83	6
83	12	67	14	27	6	
2	24	150	37
150	7	93	14	46	37	
1	42	13	199
13	90	5	199	
2	74	3	176
3	82	10	176	
1	38	6	29
6	37	17	29	
4	92	4	10
4	47	10	
3	78	55	58
55	13	36	2	58	
3	48	182	184
-1
2	68	141	61
141	11	54	12	61	
4	35	94	153
94	26	25	10	153	
2	92	141	187
-1
1	28	44	137
44	15	137	
2	26	68	101
68	17	2	101	
3	53	161	55
-1
2	81	35	60
35	98	4	11	60	
4	91	172	16
-1
2	100	115	22
-1
2	83	145	155
145	12	67	20	155	
4	43	92	95
92	2	17	9	95	
2	47	11	141
11	141	
2	86	145	81
145	12	54	11	64	81	
3	74	36	76
36	2	17	76	
2	74	115	143
-1
4	28	192	56
192	1	100	9	79	56	
1	39	44	90
44	13	90	
4	54	124	61
124	12	61	
1	27	166	128
166	14	75	2	128	
2	81	65	72
65	12	4	72	
1	76	148	163
148	10	17	2	163	
3	68	42	173
42	2	17	78	173	
1	48	41	69
41	17	29	85	69	
2	23	26	104
26	25	10	82	3	104	
2	18	99	170
99	13	60	11	66	170	
1	73	24	161
24	7	34	9	161	
2	14	3	156
3	6	60	13	156	
1	26	41	79
41	17	9	79	
1	53	47	197
47	10	82	20	19	197	
1	24	73	61
73	53	54	12	61	
4	38	54	8
54	12	67	14	50	8	
2	62	81	2
81	56	79	20	19	36	2	
4	30	48	42
48	18	2	42	
1	85	47	67
47	4	12	67	
4	54	121	117
121	13	55	117	
3	66	90	140
90	13	36	15	140	
2	21	114	142
114	13	36	15	142	
3	52	27	182
-1
3	48	105	180
105	10	82	3	180	
1	8	157	53
157	113	101	2	42	12	54	53	
3	68	33	58
-1
3	69	70	90
70	12	65	90	
3	10	32	137
32	14	67	20	82	15	137	
2	28	61	135
61	12	54	53	135	
1	44	98	55
98	17	10	55	
3	83	151	145
151	11	54	12	145	
1	24	69	58
69	20	19	36	2	58	
2	57	189	37
189	1	8	50	37	
4	37	92	141
92	2	36	13	60	11	141	
2	41	39	97
39	5	23	11	4	97	
3	98	199	129
-1
1	39	166	151
166	14	27	6	60	11	151	
2	27	134	182
134	7	69	85	182	
3	61	95	194
95	9	34	194	
2	67	122	91
122	10	47	4	91	
2	11	65	194
65	14	93	7	34	194	
2	21	99	62
99	13	62	
2	9	122	2
122	10	17	2	
1	49	30	94
-1
1	97	166	132
-1
1	78	58	130
-1
4	28	7	47
7	69	73	11	47	
1	61	45	132
45	10	17	9	132	
3	54	171	26
-1
3	45	31	99
31	14	99	
2	90	50	115
50	8	1	115	
2	51	12	13
12	44	13	
3	4	32	86
32	14	67	20	19	86	
1	97	40	116
40	20	19	36	2	116	
1	81	140	33
140	15	82	10	33	
1	62	137	43
137	15	36	2	43	
3	9	14	49
14	67	20	82	15	49	
2	92	193	94
-1
3	18	153	16
153	10	99	14	16	
4	68	106	199
106	66	11	23	5	199	
4	35	102	48
102	8	50	14	48	
2	47	91	59
91	4	47	10	59	
4	85	93	43
93	14	50	43	
4	52	97	34
97	4	11	73	69	7	34	
2	36	145	174
145	12	44	15	174	
1	78	125	110
125	22	20	67	14	110	
4	27	187	75
187	14	75	
1	72	47	67
47	4	12	67	
2	87	190	19
190	2	36	19	
3	37	159	124
159	2	42	12	124	
3	84	27	178
27	14	50	8	178	
3	95	161	68
-1
3	37	59	113
59	10	25	101	113	
3	70	43	9
43	2	17	9	
2	43	46	153
46	14	99	10	153	
1	4	82	30
82	20	79	56	30	
3	78	159	168
159	2	75	16	168	
1	96	37	166
37	46	14	166	
3	14	8	155
8	50	14	67	20	155	
2	90	147	114
-1
1	67	83	140
83	12	44	15	140	
1	86	19	52
19	20	52	
1	50	13	110
13	99	14	110	
3	58	1	105
1	74	55	10	105	
3	63	70	150
-1
2	92	65	31
65	14	31	
3	11	120	142
120	3	82	15	142	
2	76	50	178
50	8	178	
1	30	45	138
45	12	138	
2	43	11	36
11	60	13	36	
4	34	100	70
100	96	15	44	12	70	
2	85	118	88
-1
2	47	155	52
155	20	52	
3	51	105	52
105	10	82	15	52	
3	52	14	74
14	50	8	1	74	
2	35	76	138
76	66	11	54	12	138	
1	76	119	57
119	6	57	
1	5	129	106
129	2	17	76	66	106	
4	42	104	103
104	3	6	60	11	4	103	
1	77	186	113
-1
3	99	28	12
28	31	14	67	12	
2	86	114	81
114	13	60	11	64	81	
1	90	98	187
98	17	37	46	14	187	
1	41	96	91
96	15	82	20	71	4	91	
2	14	46	57
46	37	6	57	
1	3	98	84
98	17	10	25	84	
3	60	132	3
132	9	21	6	3	
3	17	59	83
59	10	12	83	
3	19	163	139
163	2	18	24	7	139	
1	31	5	124
5	23	11	54	12	124	
3	94	33	103
-1
1	26	83	16
83	12	67	14	16	
1	65	69	66
69	73	11	66	
1	7	58	161
58	2	17	9	161	
2	63	50	7
50	14	93	7	
4	47	116	56
116	2	36	19	20	79	56	
2	1	118	139
118	12	67	14	93	7	139	
2	83	177	197
-1
2	21	46	111
46	14	111	
1	44	16	67
16	14	67	
2	47	99	52
99	14	67	20	52	
2	62	144	134
144	20	69	7	134	
2	79	22	2
22	19	36	2	
3	40	86	11
86	87	13	60	11	
4	98	192	13
192	1	74	55	13	
2	53	155	128
155	20	19	36	2	128	
3	43	1	45
1	74	55	10	45	
3	91	1	174
1	100	96	15	174	
2	1	35	171
35	98	17	2	36	13	62	171	
1	68	56	186
56	81	64	11	186	
3	19	151	84
151	11	47	10	25	84	
1	52	197	180
197	19	20	82	3	180	
2	6	11	1
11	66	76	1	
3	68	89	86
89	90	13	87	86	
3	80	80	77
80	13	77	
2	59	77	183
77	13	99	10	183	
1	4	129	135
129	2	42	12	54	53	135	
4	29	23	87
23	11	60	13	87	
1	99	113	122
-1
2	36	114	177
114	13	99	14	16	177	
3	72	181	79
181	2	36	19	20	79	
2	51	99	76
99	10	17	76	
4	51	102	38
102	8	92	2	17	38	
1	88	107	78
107	1	76	17	78	
3	16	27	158
27	14	158	
1	99	6	34
6	21	9	34	
3	33	17	115
17	76	1	115	
3	20	120	137
120	3	82	15	137	
4	93	100	50
100	1	8	50	
2	21	50	163
50	43	2	163	
3	99	185	95
-1
3	26	156	145
156	13	44	12	145	
1	63	58	46
58	2	75	14	46	
3	93	8	105
-1
2	50	147	131
147	1	131	
3	35	163	88
163	2	101	113	157	88	
3	49	161	104
-1
1	38	45	175
45	10	82	3	175	
1	39	16	74
16	14	50	8	1	74	
4	53	108	123
108	9	21	6	123	
4	47	128	60
128	2	36	13	60	
3	43	27	15
27	14	67	20	82	15	
3	88	152	25
152	2	101	25	
2	44	67	184
67	20	82	3	184	
3	74	59	131
-1
1	14	160	93
160	10	99	14	93	
4	17	94	5
94	166	14	27	6	21	5	
3	92	95	49
95	9	17	49	
3	17	32	17
32	14	75	2	17	
3	92	170	124
-1
4	51	174	4
174	15	82	20	71	4	
3	17	120	182
120	3	82	20	69	85	182	
2	41	114	85
114	13	36	2	42	85	
3	25	1	151
1	76	66	11	151	
4	55	97	161
-1
2	99	122	120
122	10	82	3	120	
2	3	35	166
35	98	17	37	46	14	166	
3	3	52	60
52	20	57	6	60	
2	19	195	43
195	16	75	2	43	
2	95	11	164
-1
4	98	54	137
54	12	44	15	137	
4	79	4	8
4	11	66	76	1	8	
2	63	122	121
122	10	99	13	121	
1	66	13	73
13	60	11	73	
1	26	137	169
137	15	82	20	69	7	169	
2	98	143	43
-1
1	63	41	77
41	17	2	43	77	
3	74	95	80
95	9	17	2	18	80	
3	68	198	26
-1
2	31	68	189
68	17	76	1	189	
2	19	62	42
62	13	36	2	42	
2	26	11	46
11	60	6	37	46	
2	98	141	118
141	11	54	12	118	
4	70	4	130
4	71	20	79	56	130	
4	91	121	67
121	13	99	14	67	
3	33	198	9
198	4	98	17	9	
2	61	147	2
147	1	8	92	2	
2	41	61	96
61	12	44	15	96	
1	18	34	45
34	7	93	14	67	12	45	
3	6	1	113
1	8	92	2	101	113	
1	48	83	126
-1
3	45	101	137
101	2	36	15	137	
1	62	78	77
78	17	2	43	77	
1	91	175	32
-1
2	9	145	104
145	12	67	20	82	3	104	
4	70	187	102
187	14	50	8	102	
1	71	119	200
119	6	57	20	52	200	
1	66	79	61
79	20	67	12	61	
2	11	71	46
71	20	67	14	46	
3	23	89	47
89	11	47	
2	100	46	81
-1
4	88	93	182
-1
3	17	89	11
89	11	
2	48	50	186
50	37	6	60	11	186	
4	4	93	82
93	14	67	20	82	
3	57	153	68
153	10	17	68	
2	56	22	138
22	20	67	12	138	
4	16	92	16
92	2	75	16	
1	62	58	39
-1
2	60	68	79
68	17	9	79	
4	40	142	124
142	15	44	12	124	
4	73	93	169
93	7	169	
3	36	181	57
181	2	36	19	20	57	
4	21	97	59
97	4	12	10	59	
4	2	196	103
196	61	12	4	103	
3	21	199	55
199	5	90	13	55	
3	58	55	77
55	13	77	
3	73	63	168
-1
2	63	178	177
178	8	50	14	16	177	
2	41	91	196
91	4	12	61	196	
2	17	2	89
2	36	13	90	89	
1	85	194	182
-1
1	93	166	162
166	14	99	13	162	
3	3	101	58
101	2	58	
3	5	173	5
173	78	17	9	21	5	
1	60	126	4
126	35	98	4	
3	88	146	10
146	9	17	10	
4	55	103	72
103	4	72	
3	84	28	2
28	18	2	
4	79	142	44
142	15	44	
4	68	183	46
183	10	99	14	46	
1	49	51	39
51	20	57	23	5	39	
2	62	135	156
-1
4	71	179	9
179	71	20	79	9	
1	75	82	181
82	15	36	2	181	
1	30	38	107
38	17	76	1	107	
4	40	97	4
97	4	
3	63	136	59
136	16	14	99	10	59	
3	16	191	86
191	20	19	86	
1	60	126	27
-1
4	5	104	161
104	3	6	21	9	161	
2	43	123	11
123	6	60	11	
3	98	171	97
-1
1	6	84	28
84	25	101	2	18	28	
4	39	54	109
54	12	67	20	52	109	
4	97	29	146
29	17	9	146	
1	100	110	195
110	14	16	195	
2	58	49	130
49	15	82	20	79	56	130	
3	95	164	72
-1
1	74	79	197
79	20	19	197	
2	34	190	53
190	2	42	12	54	53	
1	97	194	175
-1
3	45	188	98
188	9	17	98	
2	72	138	181
138	12	42	2	181	
3	80	95	35
-1
3	78	33	15
33	10	82	15	
4	24	29	124
29	17	10	12	124	
3	5	181	125
181	2	36	19	22	125	
2	77	190	88
190	2	101	113	157	88	
4	25	85	118
85	42	12	118	
2	77	158	108
-1
2	4	143	53
143	64	11	54	53	
2	1	91	41
91	4	98	17	41	
3	81	136	178
-1
4	67	7	72
7	69	73	11	4	72	
3	81	139	57
139	7	69	20	57	
3	57	168	37
168	16	14	46	37	
3	81	191	169
191	20	69	7	169	
3	20	95	159
95	9	17	2	159	
4	89	23	195
-1
1	96	148	104
148	10	82	3	104	
2	1	76	198
76	66	11	4	198	
4	93	179	89
179	71	4	11	89	
3	70	131	24
131	1	8	92	2	18	24	
4	93	64	182
-1
1	1	30	120
30	56	79	20	82	3	120	
2	90	11	87
11	60	13	87	
2	58	67	29
67	20	69	85	29	
3	16	199	124
199	5	23	11	54	12	124	
4	62	18	98
18	2	17	98	
4	65	106	197
-1
4	63	54	73
54	53	73	
1	51	6	3
6	3	
3	26	198	86
198	4	71	20	19	86	
1	7	119	149
119	6	27	14	93	7	149	
3	79	63	178
-1
4	17	64	140
64	11	60	13	36	15	140	
3	46	53	158
53	54	12	67	14	158	
1	21	162	156
162	13	156	
1	18	78	125
78	17	2	36	19	22	125	
2	15	91	183
91	4	47	10	183	
1	39	56	188
56	79	9	188	
4	93	18	193
18	28	193	
2	78	20	142
20	82	15	142	
1	26	197	60
197	19	36	13	60	
2	56	3	74
3	82	10	55	74	
3	95	33	137
-1
2	5	150	141
150	7	69	73	11	141	
3	60	95	103
-1
2	37	115	132
115	1	100	9	132	
1	71	184	22
184	3	82	20	22	
1	58	98	29
98	17	29	
3	2	188	198
188	9	17	98	4	198	
2	95	81	169
-1
1	54	58	165
58	2	75	14	27	6	165	
3	27	136	120
136	16	14	27	6	3	120	
3	16	191	152
191	20	19	36	2	152	
1	8	137	53
137	15	82	20	79	53	
1	62	41	147
41	17	76	1	147	
3	45	53	13
53	73	11	60	13	
2	19	189	197
189	1	74	86	19	197	
2	47	11	46
11	60	6	37	46	
2	97	20	34
20	69	7	34	
2	65	21	66
21	6	60	11	66	
2	30	67	123
67	14	27	6	123	
2	49	20	10
20	82	10	
3	52	198	152
198	4	12	42	2	152	
2	5	65	89
65	90	89	
1	3	73	129
73	11	60	13	36	2	129	
3	16	86	133
86	19	20	67	14	133	
3	64	31	73
31	20	69	73	
4	61	149	83
-1
1	46	47	102
47	10	99	14	50	8	102	
2	11	143	74
143	64	11	66	76	1	74	
3	86	8	140
8	92	2	36	15	140	
1	95	37	111
37	46	14	111	
1	47	137	61
137	15	44	12	61	
1	87	140	125
140	15	82	20	22	125	
1	67	44	149
44	15	82	20	69	7	149	
3	100	199	35
-1
3	72	14	17
14	75	2	17	
1	7	129	165
129	2	75	14	27	6	165	
3	8	89	11
89	11	
2	34	35	106
35	98	4	11	66	106	
1	73	45	113
45	10	25	101	113	
1	36	82	101
82	15	36	2	101	
2	96	177	189
-1
1	72	175	128
-1
2	21	61	124
61	12	124	
3	7	27	74
27	14	50	8	1	74	
1	23	126	87
126	35	98	17	49	15	96	87	
2	39	50	167
50	14	67	20	19	167	
1	1	56	7
56	79	9	34	7	
2	6	115	193
115	1	8	92	2	18	28	193	
4	70	48	190
48	18	2	190	
1	22	73	71
73	11	4	71	
3	10	8	47
8	1	76	66	11	47	
2	90	155	21
155	20	57	6	21	
2	65	26	33
26	25	10	33	
3	38	198	60
198	4	11	60	
3	76	156	185
156	13	77	43	185	
2	94	130	34
-1
2	100	68	41
68	17	41	
4	93	121	156
121	13	156	
1	34	126	3
126	35	98	17	37	6	3	
1	4	148	27
148	10	57	6	27	
1	3	69	34
69	7	34	
3	75	131	140
131	1	100	96	15	140	
3	8	120	118
120	3	82	20	67	12	118	
3	67	136	115
-1
1	3	73	23
73	11	23	
3	89	200	152
200	52	15	36	2	152	
4	29	93	172
93	14	27	6	21	5	172	
4	36	192	92
192	1	8	92	
3	39	36	169
36	2	18	24	7	169	
1	65	69	116
69	20	19	36	2	116	
3	51	173	137
173	78	17	49	15	137	
3	42	27	67
27	14	67	
