2	906	43	97
-1
2	934	190	73
-1
2	395	108	19
-1
2	587	78	44
-1
1	980	154	117
-1
1	883	93	68
-1
2	75	141	29
-1
1	976	116	124
-1
4	973	146	35
-1
4	915	106	140
-1
2	211	111	135
-1
1	436	16	124
-1
4	54	101	183
-1
1	897	95	61
-1
3	813	33	14
-1
4	632	12	58
-1
1	60	95	150
95	15	52	47	150	
4	135	121	17
-1
2	322	96	162
-1
1	13	21	67
21	18	58	9	8	67	
3	747	87	178
-1
3	622	50	145
-1
1	157	85	46
-1
2	217	138	92
138	92	
2	382	186	125
-1
3	591	150	88
-1
1	92	181	182
-1
2	908	192	54
-1
2	269	127	102
-1
1	288	48	74
-1
4	465	12	160
-1
2	761	111	9
-1
2	758	132	45
-1
2	850	88	134
-1
3	326	56	119
-1
4	813	189	68
-1
3	547	179	200
-1
1	952	70	192
-1
3	5	129	70
129	6	27	1	15	20	29	14	55	70	
1	678	198	69
-1
1	590	85	80
-1
4	950	101	190
-1
4	195	61	74
-1
2	728	19	113
-1
4	447	20	121
-1
4	866	97	109
-1
4	618	61	40
-1
4	409	7	61
-1
2	430	111	190
-1
2	298	115	139
-1
4	729	193	175
-1
3	119	182	75
-1
2	144	131	87
-1
3	256	77	57
-1
3	728	5	28
-1
1	237	3	76
-1
4	428	20	137
-1
1	688	37	95
-1
4	277	45	5
45	5	
2	167	74	120
-1
1	941	123	64
-1
3	767	52	197
-1
1	406	122	79
-1
2	262	65	156
-1
1	242	72	112
-1
2	317	200	114
-1
3	5	188	133
188	9	58	18	21	48	3	133	
4	500	15	122
-1
3	456	102	166
-1
2	527	131	192
-1
4	390	97	66
-1
1	338	38	117
-1
4	617	4	190
-1
2	124	9	6
-1
2	587	23	78
-1
1	452	16	29
-1
1	584	84	16
-1
4	657	89	30
-1
2	23	140	83
140	4	15	19	83	
3	166	195	13
-1
1	383	122	110
-1
4	52	63	147
63	15	1	2	23	147	
4	641	1	102
-1
4	647	169	63
-1
1	676	44	37
-1
3	104	30	4
30	15	4	
1	519	81	87
-1
1	700	16	127
-1
2	982	73	66
-1
2	995	47	61
-1
1	256	164	182
-1
4	354	146	44
-1
3	55	197	196
197	14	196	
2	469	190	164
-1
2	857	36	159
-1
2	460	111	188
-1
2	947	166	68
-1
1	673	85	84
-1
2	139	135	108
-1
1	151	116	154
-1
1	884	110	117
-1
3	79	165	62
-1
1	75	70	11
-1
4	190	125	200
-1
1	549	145	35
-1
1	736	2	97
-1
4	556	61	62
-1
1	591	159	97
-1
2	498	32	31
-1
1	651	122	98
-1
3	919	24	160
-1
1	332	107	76
-1
3	942	185	146
-1
3	741	11	70
-1
4	727	1	166
-1
4	575	101	167
-1
2	388	36	28
-1
3	684	143	138
-1
3	866	133	169
-1
3	564	30	42
-1
2	123	32	65
-1
3	150	150	171
-1
4	295	82	108
-1
2	316	23	118
-1
1	682	116	118
-1
1	248	194	18
-1
4	827	169	6
-1
3	365	156	148
-1
2	885	192	33
-1
1	879	57	62
-1
1	143	172	46
-1
2	266	46	195
-1
3	973	196	28
-1
4	690	90	3
-1
1	960	6	118
-1
3	329	87	111
-1
3	886	86	31
-1
2	186	65	187
-1
1	818	181	178
-1
2	631	65	186
-1
3	276	143	110
-1
1	23	38	155
38	20	15	60	18	155	
4	850	103	102
-1
1	52	27	192
27	1	80	24	192	
2	721	68	149
-1
1	584	27	187
-1
2	214	108	72
-1
4	352	193	88
-1
1	681	130	68
-1
2	67	147	133
-1
3	128	178	27
-1
3	282	5	64
-1
1	736	27	118
-1
3	79	29	144
29	14	144	
2	627	32	12
-1
4	413	105	190
-1
2	36	88	97
-1
1	676	53	42
-1
3	343	5	171
-1
1	275	85	118
-1
4	54	103	47
103	9	58	18	21	47	
3	117	30	51
30	15	45	5	51	
2	787	64	30
-1
1	330	199	58
-1
3	141	77	89
-1
1	531	55	193
-1
2	179	19	32
19	32	
1	620	6	85
-1
1	743	81	41
-1
3	660	24	77
-1
3	58	50	132
50	2	68	83	5	132	
4	860	103	161
-1
1	89	172	176
-1
3	946	158	174
-1
3	187	39	2
-1
2	531	132	56
-1
3	563	14	74
-1
2	199	192	80
-1
1	791	164	160
-1
4	667	106	183
-1
3	598	117	185
-1
2	711	174	87
-1
3	286	185	10
-1
2	412	74	119
-1
4	813	171	158
-1
2	469	109	89
-1
3	494	40	102
-1
1	925	154	45
-1
2	85	152	160
-1
4	19	94	65
94	18	60	15	4	65	
3	3	160	133
160	2	68	83	10	3	133	
1	442	110	58
-1
4	803	20	43
-1
1	522	57	116
-1
2	631	68	38
-1
3	919	33	147
-1
1	972	53	186
-1
4	968	146	91
-1
4	528	71	42
-1
1	744	107	87
-1
3	277	77	46
-1
1	886	80	107
-1
2	728	73	78
-1
1	595	75	87
-1
3	433	148	154
-1
3	131	178	138
-1
1	516	48	190
-1
4	206	171	88
-1
4	399	139	110
-1
2	885	18	16
-1
4	682	113	92
-1
2	741	141	123
-1
1	418	27	147
-1
4	56	106	22
-1
4	10	101	169
101	5	83	10	169	
1	499	85	99
-1
4	289	15	146
-1
4	928	82	117
-1
3	637	39	7
-1
4	204	189	176
-1
3	647	25	88
-1
2	970	58	29
-1
1	668	198	55
-1
3	489	168	112
-1
2	10	23	12
23	2	1	41	12	
4	508	184	48
-1
3	605	83	14
-1
1	921	123	95
-1
1	479	2	85
-1
1	454	38	73
-1
4	942	193	97
-1
3	922	39	155
-1
3	928	160	152
-1
3	39	28	71
28	19	71	
2	203	68	94
-1
3	850	30	29
-1
3	816	136	111
-1
1	910	93	185
-1
3	747	165	186
-1
1	19	44	175
44	18	60	15	1	41	13	175	
3	316	49	167
-1
2	22	142	158
142	8	12	158	
4	525	63	69
-1
2	596	142	96
-1
1	641	181	116
-1
1	669	183	144
-1
4	532	184	32
-1
1	868	199	124
-1
4	254	61	40
-1
4	28	7	83
7	10	83	
3	747	25	132
-1
3	704	92	25
-1
2	924	65	88
-1
2	372	190	29
-1
1	887	137	161
-1
1	182	177	143
-1
3	765	197	79
-1
1	240	80	77
-1
3	880	148	137
-1
3	162	153	95
-1
2	245	132	120
-1
2	70	78	163
78	1	27	6	163	
3	909	133	28
-1
1	689	57	169
-1
3	450	28	105
-1
1	744	66	33
-1
2	774	47	181
-1
4	651	12	61
-1
4	339	51	160
-1
1	234	130	112
-1
1	705	44	195
-1
3	419	40	25
-1
4	398	61	157
-1
4	166	169	165
-1
1	670	10	144
-1
2	902	59	161
-1
1	235	154	160
-1
3	847	128	123
-1
1	606	130	125
-1
4	469	20	55
-1
3	463	5	50
-1
4	687	61	41
-1
1	196	80	102
-1
3	912	77	70
-1
2	208	43	31
-1
2	968	64	41
-1
4	79	118	195
-1
2	601	152	74
-1
1	126	198	3
-1
1	532	3	174
-1
2	981	23	179
-1
1	421	37	39
-1
4	922	124	118
-1
4	744	71	147
-1
1	926	134	141
-1
2	567	141	4
-1
4	113	61	121
-1
4	986	139	24
-1
2	540	140	21
-1
2	113	17	175
-1
3	291	148	197
-1
3	482	128	186
-1
4	751	100	61
-1
2	497	174	131
-1
1	237	69	16
-1
1	993	194	157
-1
2	665	112	169
-1
3	489	24	59
-1
2	309	9	150
-1
4	436	100	166
-1
3	984	165	113
-1
1	769	55	192
-1
2	829	88	44
-1
3	711	39	17
-1
2	327	135	37
135	37	
4	235	124	182
-1
1	403	116	94
-1
4	261	180	117
-1
2	763	68	78
-1
3	328	129	177
-1
1	841	164	141
-1
4	632	99	148
-1
2	475	68	35
-1
2	643	96	25
-1
1	231	159	160
-1
1	813	85	35
-1
2	658	119	150
-1
2	174	73	81
-1
1	403	85	101
-1
2	532	47	181
-1
2	24	175	96
175	13	27	1	15	96	
3	523	167	194
-1
1	158	198	61
-1
3	382	25	109
-1
2	693	19	67
-1
3	327	50	103
-1
3	628	14	173
-1
4	261	71	45
-1
3	361	196	129
-1
1	941	151	128
-1
4	788	82	54
-1
4	181	105	20
-1
3	594	28	169
-1
1	854	137	145
-1
1	672	70	164
-1
2	374	115	165
-1
4	546	193	130
-1
1	942	21	152
-1
1	822	81	99
-1
4	949	193	49
-1
1	2	85	130
85	12	72	10	130	
1	173	72	187
-1
4	742	4	166
-1
3	886	197	54
-1
3	601	50	75
-1
2	765	73	189
-1
2	894	46	182
-1
3	997	143	154
-1
1	896	84	186
-1
2	344	58	178
-1
1	226	6	62
-1
3	564	160	85
-1
2	529	132	88
-1
3	334	25	37
-1
2	8	111	38
111	7	10	38	
2	597	112	111
-1
3	130	28	108
-1
2	235	73	3
-1
1	820	70	38
-1
3	949	165	95
-1
2	562	108	53
-1
3	446	133	12
-1
2	485	96	95
-1
4	921	176	120
-1
2	959	109	30
-1
1	621	69	92
-1
2	928	65	119
-1
4	130	146	192
-1
4	168	180	13
-1
1	862	151	177
-1
4	866	99	84
-1
3	477	60	169
-1
4	924	105	16
-1
2	243	141	144
-1
2	24	62	4
62	12	63	15	4	
4	867	20	72
-1
3	186	40	88
-1
2	929	119	33
-1
3	741	49	164
-1
3	869	168	114
-1
1	304	181	164
-1
2	272	47	23
-1
1	40	75	79
75	2	68	20	79	
1	783	198	20
-1
3	538	40	33
-1
4	610	15	52
-1
4	297	82	43
-1
2	82	19	113
-1
4	845	99	113
-1
1	111	191	80
-1
2	826	59	13
-1
4	849	114	11
-1
2	679	186	85
-1
1	450	177	83
-1
2	82	111	74
-1
1	885	48	41
-1
1	479	57	74
-1
1	792	154	92
-1
2	304	187	142
-1
1	536	183	132
-1
4	348	45	142
-1
4	958	71	55
-1
4	194	71	192
-1
3	276	149	120
-1
1	502	199	30
-1
1	894	80	78
-1
3	967	117	86
-1
3	258	195	191
-1
2	751	186	177
-1
4	834	90	160
-1
1	727	177	4
-1
4	733	124	74
-1
3	125	33	144
-1
4	644	26	45
-1
2	426	54	195
-1
1	655	107	26
-1
2	940	200	142
-1
2	931	166	137
-1
2	59	175	122
175	13	6	122	
4	170	125	163
-1
1	374	110	139
-1
2	199	36	14
-1
3	495	168	46
-1
1	291	44	24
-1
2	685	88	29
-1
2	110	65	135
-1
2	452	119	86
-1
2	188	58	3
-1
2	461	140	177
-1
1	224	199	53
-1
2	362	120	162
-1
1	576	93	149
-1
1	173	44	116
-1
4	348	90	160
-1
4	376	180	199
-1
1	462	16	63
-1
4	147	125	133
-1
3	749	128	190
-1
3	877	67	82
-1
3	281	128	32
-1
2	794	152	151
-1
2	142	64	196
-1
2	410	192	191
-1
1	369	116	80
-1
4	719	63	11
-1
1	181	191	26
-1
3	113	52	102
-1
1	454	199	182
-1
4	487	99	48
-1
3	918	128	175
-1
2	621	8	77
-1
1	616	2	93
-1
1	806	95	83
-1
1	37	104	150
104	1	15	52	47	150	
3	599	24	13
-1
2	176	142	3
-1
2	229	74	6
-1
2	210	138	4
-1
2	658	192	55
-1
2	384	78	182
-1
3	261	148	141
-1
3	353	168	94
-1
2	587	135	141
-1
3	137	92	44
-1
3	701	128	68
-1
1	655	126	161
-1
1	460	53	35
-1
1	616	81	172
-1
4	222	91	115
-1
4	155	100	145
-1
3	695	83	92
-1
3	341	143	11
-1
2	881	47	145
-1
2	76	186	36
186	4	36	
2	943	74	115
-1
2	256	174	192
-1
3	490	28	44
-1
3	461	39	124
-1
2	328	54	166
-1
1	872	27	65
-1
1	363	181	148
-1
1	773	76	42
-1
3	69	168	41
-1
1	704	48	26
-1
1	770	123	99
-1
2	161	18	24
-1
2	756	73	3
-1
4	79	114	41
-1
1	397	126	47
-1
1	661	53	73
-1
