1	595	92	189
-1
2	798	172	8
-1
1	331	90	95
-1
2	86	59	38
-1
2	490	5	61
-1
2	821	183	59
-1
4	192	1	14
-1
1	413	32	47
-1
1	997	77	47
-1
3	668	159	154
-1
3	57	146	45
-1
1	264	92	168
-1
3	110	89	10
-1
3	299	21	20
-1
3	959	57	24
-1
3	17	99	7
99	16	52	7	
1	983	119	159
-1
2	229	62	142
-1
3	627	74	19
-1
2	781	71	129
-1
2	577	138	74
-1
3	497	146	166
-1
1	506	10	54
-1
2	125	71	25
-1
4	348	170	34
-1
2	306	128	132
-1
4	64	97	50
-1
4	958	79	111
-1
2	776	59	137
-1
4	504	86	159
-1
1	530	66	48
-1
4	95	42	194
-1
2	700	138	155
-1
1	677	195	25
-1
1	110	119	146
-1
2	193	19	26
-1
2	42	124	122
-1
3	904	140	152
-1
4	192	97	10
-1
1	550	24	95
-1
4	998	79	112
-1
1	591	160	154
-1
1	297	54	43
-1
2	873	106	190
-1
1	619	134	108
-1
1	844	195	78
-1
2	917	187	154
-1
1	468	180	93
-1
3	429	83	141
-1
2	724	75	116
-1
3	835	176	146
-1
4	340	173	106
-1
4	735	115	111
-1
3	524	11	16
-1
3	183	36	101
-1
1	61	54	95
-1
4	814	97	33
-1
1	858	13	12
-1
1	150	32	95
-1
4	817	60	121
-1
2	362	135	96
-1
4	667	122	21
-1
1	178	13	87
-1
3	945	147	50
-1
3	646	22	85
-1
3	92	157	138
-1
4	125	17	186
-1
3	488	182	150
-1
1	382	191	181
-1
1	54	92	192
92	84	6	192	
2	702	108	127
-1
1	674	69	48
-1
4	560	88	12
-1
2	9	65	111
65	7	76	14	111	
1	245	161	132
-1
3	534	158	88
-1
1	719	50	56
-1
3	68	126	189
-1
1	400	13	179
-1
3	792	147	70
-1
2	670	152	129
-1
2	869	5	198
-1
1	80	78	85
78	72	85	
4	390	190	101
-1
3	674	150	61
-1
1	113	195	19
-1
2	121	128	20
-1
3	509	47	97
-1
1	840	66	61
-1
1	261	18	7
-1
4	590	9	111
-1
3	539	30	115
-1
4	775	98	193
-1
2	475	129	182
-1
1	287	119	131
-1
2	857	144	77
-1
2	628	56	5
-1
2	76	128	3
-1
3	337	37	20
-1
1	495	28	37
-1
4	605	88	45
-1
1	720	77	74
-1
3	864	167	123
-1
2	597	141	52
-1
3	279	167	122
-1
2	156	6	65
-1
2	112	62	72
-1
4	514	42	200
-1
2	133	117	188
-1
2	722	5	15
-1
4	366	100	102
-1
2	792	56	131
-1
1	866	127	97
-1
4	317	190	38
-1
2	590	138	4
-1
4	6	17	9
17	95	9	
2	678	124	23
-1
2	429	187	16
-1
1	416	52	84
-1
2	830	184	89
-1
3	283	57	140
-1
4	13	23	195
23	18	20	10	195	
4	910	166	122
-1
2	747	183	63
-1
1	702	52	1
-1
1	63	41	169
-1
3	37	47	44
47	3	73	8	67	15	44	
1	604	76	30
-1
1	487	104	81
-1
1	727	119	16
-1
4	466	100	73
-1
3	661	182	47
-1
1	382	195	164
-1
2	844	56	146
-1
1	996	154	197
-1
2	764	55	190
-1
1	359	69	36
-1
3	188	57	111
-1
4	468	60	166
-1
3	684	147	84
-1
1	908	73	135
-1
2	154	139	116
-1
1	917	151	110
-1
3	62	84	165
-1
4	611	79	70
-1
2	800	75	125
-1
4	635	190	145
-1
2	497	149	2
-1
4	462	136	61
-1
1	297	156	159
-1
1	831	191	32
-1
4	698	98	122
-1
2	560	51	24
-1
1	676	119	107
-1
2	146	132	185
-1
1	670	142	11
-1
2	366	141	1
-1
1	567	127	101
-1
3	228	175	36
-1
1	538	188	143
-1
3	169	84	133
-1
1	642	66	30
-1
3	265	164	32
-1
1	771	123	150
-1
3	708	150	82
-1
3	718	95	23
-1
2	918	117	116
-1
1	18	82	194
82	4	96	20	194	
4	206	48	169
-1
3	948	27	156
-1
3	633	165	192
-1
2	462	85	57
-1
4	646	79	172
-1
4	395	143	46
-1
1	828	66	196
-1
4	203	173	90
-1
1	318	90	6
-1
1	511	160	87
-1
2	631	129	86
-1
4	787	86	65
-1
4	978	186	181
-1
1	386	18	65
-1
1	710	31	143
-1
1	155	76	38
76	14	38	
4	102	23	103
-1
1	992	50	27
-1
1	549	52	68
-1
4	787	121	27
-1
2	272	184	108
-1
2	288	14	193
-1
2	668	152	130
-1
1	933	81	147
-1
1	427	67	178
-1
2	64	128	5
-1
1	318	82	27
-1
4	544	136	29
136	16	29	
4	812	79	32
-1
3	390	27	105
-1
1	297	13	88
-1
3	442	36	53
-1
1	771	76	5
-1
4	918	143	85
-1
2	47	75	103
75	19	11	103	
1	451	54	30
-1
2	230	117	64
-1
2	858	187	199
-1
3	889	130	77
-1
2	993	141	55
-1
1	32	131	19
131	18	92	19	
3	285	179	6
-1
2	241	20	81
-1
4	877	143	24
-1
4	932	60	50
-1
4	761	58	103
-1
4	576	60	172
-1
3	774	89	158
-1
3	402	146	39
-1
2	656	187	132
-1
1	674	131	14
-1
2	80	163	192
-1
1	160	199	164
-1
1	583	191	106
-1
1	985	67	117
-1
3	87	198	174
-1
4	10	111	185
111	14	26	11	54	5	185	
4	719	86	74
-1
4	758	12	171
-1
1	289	13	109
-1
1	702	69	40
-1
4	645	94	154
-1
3	560	125	152
-1
2	865	85	94
-1
2	533	19	160
-1
1	258	3	110
-1
4	843	42	20
-1
1	516	3	57
-1
4	838	122	68
-1
1	347	31	33
-1
1	386	119	53
-1
2	691	172	146
-1
4	842	168	71
-1
2	487	128	107
-1
2	446	144	77
-1
1	707	77	80
-1
4	678	86	73
-1
2	287	128	75
-1
1	954	195	148
-1
2	138	33	178
-1
1	790	131	48
-1
2	288	116	171
-1
2	710	6	139
-1
1	216	199	18
-1
2	92	85	113
85	4	113	
1	323	82	141
-1
2	347	141	27
-1
1	822	18	106
-1
2	169	56	101
-1
1	499	10	85
-1
3	746	99	15
-1
3	317	89	82
-1
2	207	128	39
-1
3	976	37	189
-1
4	488	4	25
-1
3	629	47	58
-1
4	655	170	198
-1
4	112	68	168
-1
3	812	89	23
-1
1	648	10	184
-1
2	614	108	83
-1
2	95	5	123
-1
4	485	121	2
-1
4	273	79	38
-1
1	297	54	193
-1
1	355	142	39
-1
4	152	122	160
-1
2	71	128	28
-1
1	694	39	68
-1
1	29	3	29
3	73	8	67	15	18	29	
1	511	50	136
-1
2	985	16	93
-1
4	386	110	165
-1
3	775	147	44
-1
2	367	19	49
-1
2	958	116	142
-1
3	869	22	63
-1
3	96	125	142
-1
1	516	196	181
-1
1	944	41	183
-1
1	232	69	184
-1
2	124	132	199
-1
4	640	68	61
-1
1	283	54	7
-1
1	732	28	25
-1
3	825	147	92
-1
1	488	104	65
-1
2	429	124	190
-1
2	761	172	137
-1
4	943	87	177
-1
3	679	182	197
-1
3	877	165	80
-1
2	337	40	148
-1
3	895	80	153
-1
3	120	162	132
-1
1	363	45	78
-1
2	628	70	133
-1
2	769	109	57
-1
3	505	89	28
-1
1	233	50	66
-1
2	981	144	47
-1
1	261	174	12
-1
1	760	52	51
-1
2	512	139	130
-1
1	995	34	44
-1
2	225	105	40
-1
2	157	19	61
-1
3	365	198	169
-1
4	944	166	10
-1
2	761	70	59
-1
4	760	102	154
-1
1	523	35	128
-1
3	525	47	130
-1
2	55	6	20
6	83	78	18	20	
1	450	69	5
-1
1	441	63	61
-1
4	502	87	80
-1
1	470	196	77
-1
2	831	112	43
-1
3	641	8	64
-1
4	195	168	118
-1
4	874	79	152
-1
4	203	1	198
-1
3	574	126	3
-1
2	179	132	23
-1
4	839	181	37
-1
3	918	21	124
-1
4	747	122	71
-1
2	741	144	134
-1
3	404	126	141
-1
3	321	167	61
-1
1	824	113	139
-1
4	821	186	140
-1
3	775	140	17
-1
1	197	113	148
-1
4	786	91	128
-1
1	61	82	100
82	4	19	100	
1	531	151	174
-1
4	616	97	69
-1
3	557	37	194
-1
3	169	193	112
-1
2	859	65	24
-1
3	150	89	9
-1
2	566	109	100
-1
3	513	36	165
-1
2	792	184	55
-1
1	844	169	88
-1
2	817	29	39
-1
4	237	111	135
-1
1	582	127	124
-1
1	494	35	116
-1
1	517	3	180
-1
2	878	61	68
-1
2	777	163	129
-1
2	141	128	164
-1
1	148	41	99
-1
1	635	32	68
-1
2	225	75	96
-1
2	960	43	159
-1
1	635	31	85
-1
1	950	13	119
-1
4	281	58	73
-1
1	101	174	85
-1
1	581	3	47
-1
2	496	132	175
-1
1	394	24	167
-1
1	61	123	198
-1
3	909	158	25
-1
3	467	182	19
-1
2	703	93	50
-1
1	173	127	14
-1
1	45	28	71
-1
2	529	61	196
-1
1	128	161	151
-1
2	54	141	82
-1
1	820	188	105
-1
4	569	181	28
-1
3	145	194	137
-1
1	364	54	70
-1
1	165	72	115
-1
1	130	174	193
-1
3	752	146	21
-1
1	899	142	81
-1
3	449	22	193
-1
2	530	149	85
-1
3	987	2	72
-1
4	966	173	4
-1
1	454	142	197
-1
4	675	86	50
-1
4	589	1	73
-1
3	182	165	46
-1
4	754	94	143
-1
2	586	197	84
-1
4	778	96	58
-1
2	262	144	6
-1
3	885	26	160
-1
3	688	164	132
-1
2	437	129	25
-1
1	38	134	111
134	13	20	93	14	111	
3	311	8	111
-1
2	308	197	28
-1
3	203	130	73
-1
1	38	35	70
35	15	67	8	70	
2	695	20	165
-1
2	653	149	108
-1
3	612	162	133
-1
3	95	46	96
46	8	96	
2	320	85	176
-1
4	430	121	109
-1
3	492	159	69
-1
3	319	21	65
-1
2	392	128	146
-1
3	813	130	180
-1
4	777	168	151
-1
2	84	62	99
62	16	99	
1	969	66	60
-1
1	416	77	105
-1
2	744	124	141
-1
2	404	43	62
-1
1	72	24	20
24	16	29	18	20	
1	688	67	40
-1
4	433	186	119
-1
2	764	129	49
-1
2	914	141	168
-1
1	364	69	181
-1
1	23	104	47
104	17	67	8	73	3	47	
1	479	72	75
-1
2	420	40	198
-1
2	633	183	40
-1
2	452	138	15
-1
1	243	10	82
-1
4	313	97	19
-1
1	513	82	99
-1
1	880	45	191
-1
4	813	111	59
-1
3	611	26	114
-1
3	885	49	186
-1
4	83	79	177
-1
1	874	50	111
-1
1	41	82	48
-1
2	74	85	57
-1
4	292	79	154
-1
3	142	192	187
-1
1	732	104	183
-1
4	542	136	45
-1
1	655	148	71
-1
3	392	158	71
-1
3	520	194	149
-1
1	430	76	199
-1
4	878	102	80
-1
4	286	94	117
-1
3	991	167	195
-1
4	777	58	186
-1
1	760	151	90
-1
1	204	34	177
-1
1	474	127	124
-1
3	944	133	33
-1
3	445	125	26
-1
2	395	44	54
-1
3	426	26	107
-1
2	342	55	200
-1
3	737	140	166
-1
1	922	131	175
-1
2	763	59	125
-1
4	139	170	110
-1
1	214	174	36
-1
1	246	199	168
-1
3	824	95	44
-1
4	29	91	88
-1
2	735	85	65
-1
4	686	110	119
-1
1	603	52	58
-1
1	777	188	140
-1
2	53	61	199
-1
1	162	24	120
-1
3	349	162	93
-1
3	916	176	44
-1
4	960	173	90
-1
1	999	148	180
-1
3	463	176	16
-1
2	933	62	125
-1
3	990	147	128
-1
2	682	149	67
-1
1	432	77	128
-1
1	351	81	151
-1
3	996	194	64
-1
1	191	142	191
-1
1	880	10	116
-1
1	211	169	63
-1
1	226	119	191
-1
4	702	181	52
-1
1	982	113	199
-1
