1	541	4	189
-1
4	182	194	188
-1
3	953	26	142
-1
3	64	113	122
113	5	2	122	
3	245	133	168
-1
4	247	116	170
-1
2	791	45	90
-1
2	328	115	122
-1
3	676	10	131
-1
4	667	76	77
-1
1	455	32	81
-1
3	43	172	26
172	6	14	45	26	
3	336	105	4
-1
1	57	58	116
58	20	36	9	116	
2	976	73	48
-1
2	946	118	115
-1
2	587	164	159
-1
1	308	154	25
-1
4	790	82	34
-1
2	18	109	62
109	2	47	18	62	
1	850	175	93
-1
3	476	29	16
-1
2	231	23	73
-1
1	746	158	82
-1
2	593	167	154
-1
3	459	142	71
-1
2	217	39	186
-1
1	193	25	140
-1
1	178	84	173
-1
2	39	73	33
-1
1	483	43	7
-1
2	51	92	187
-1
2	923	119	10
-1
1	756	149	119
-1
1	909	46	85
-1
2	980	190	179
-1
4	565	48	17
-1
3	456	16	194
-1
1	980	8	77
-1
2	812	186	102
-1
1	970	176	96
-1
1	557	11	187
-1
2	318	13	58
-1
1	236	87	158
-1
2	73	42	4
42	11	19	4	
4	451	150	193
-1
1	19	81	41
81	5	14	3	41	
4	12	198	56
198	51	11	82	20	56	
3	441	5	16
-1
3	94	185	1
-1
4	989	148	128
-1
2	975	118	138
-1
4	584	74	102
-1
2	342	191	188
-1
3	697	178	29
-1
3	889	2	131
-1
1	81	4	11
4	19	11	
2	137	23	160
-1
2	304	186	165
-1
3	56	178	101
-1
4	783	71	48
-1
4	673	59	165
-1
2	774	186	38
-1
2	362	169	180
-1
1	190	62	110
-1
1	520	158	111
-1
1	683	47	67
-1
3	242	79	89
-1
2	358	167	26
-1
1	658	70	4
-1
3	306	125	26
-1
2	270	108	85
-1
2	460	132	70
-1
3	191	105	190
-1
4	52	66	52
66	12	98	1	52	
1	763	8	9
-1
3	829	79	7
-1
4	269	161	86
-1
3	446	155	52
-1
2	801	112	122
-1
4	427	170	46
-1
3	663	27	105
-1
2	132	96	36
-1
1	121	107	141
-1
2	324	50	158
-1
4	733	101	117
-1
1	291	15	196
-1
1	376	43	108
-1
3	180	63	14
63	14	
1	301	61	78
-1
1	498	61	47
-1
2	555	39	25
-1
4	790	101	72
-1
1	682	32	179
-1
3	592	105	180
-1
4	708	28	80
-1
2	255	112	95
-1
4	915	3	89
-1
3	280	130	104
-1
2	357	109	164
-1
4	155	161	176
-1
1	979	11	15
-1
3	451	165	115
-1
1	381	154	99
-1
2	960	188	155
-1
1	239	179	134
-1
4	685	38	46
-1
2	774	45	200
-1
3	829	159	129
-1
4	592	38	190
-1
3	919	147	150
-1
4	533	101	160
-1
4	800	80	124
-1
3	498	130	30
-1
3	804	110	17
-1
1	337	21	147
-1
4	534	59	184
-1
2	333	96	28
-1
1	814	21	138
-1
1	803	49	128
-1
2	304	192	74
-1
3	464	110	126
-1
1	539	43	5
-1
4	320	194	86
-1
1	488	43	147
-1
1	634	46	167
-1
2	170	182	178
-1
4	349	116	73
-1
1	439	200	93
-1
2	366	13	141
-1
1	191	15	132
-1
4	716	71	193
-1
1	273	134	187
-1
2	958	24	180
-1
2	505	96	22
-1
4	223	183	19
-1
2	1000	169	153
-1
4	872	90	20
-1
2	316	190	19
-1
4	456	28	184
-1
3	939	145	150
-1
3	684	135	20
-1
4	870	3	105
-1
3	650	75	129
-1
2	223	184	24
-1
4	394	40	158
-1
3	146	63	126
-1
1	365	14	167
-1
4	735	38	157
-1
4	718	153	184
-1
4	468	161	81
-1
2	287	51	167
-1
1	992	134	169
-1
1	472	4	195
-1
3	47	5	179
5	14	83	7	61	179	
1	556	179	18
-1
3	634	172	80
-1
3	800	69	94
-1
3	756	185	83
-1
3	292	120	35
-1
3	772	189	195
-1
1	90	8	198
-1
4	259	95	131
-1
4	605	38	86
-1
1	383	61	90
-1
4	801	59	21
-1
1	432	14	192
-1
1	277	47	13
-1
1	559	47	197
-1
1	946	154	68
-1
2	892	45	57
-1
1	689	168	64
-1
3	20	10	110
10	33	15	8	110	
2	457	20	99
-1
2	299	24	159
-1
3	119	7	17
7	70	17	
3	662	159	183
-1
3	74	142	29
142	5	14	6	29	
1	71	19	27
19	40	27	
2	738	129	181
-1
4	146	74	177
-1
4	410	166	97
-1
3	871	54	106
-1
1	170	25	125
-1
1	128	34	148
-1
2	497	132	106
-1
2	479	50	64
-1
1	59	111	158
-1
3	686	137	176
-1
3	466	159	104
-1
4	42	48	130
48	15	33	3	130	
4	538	194	95
-1
3	395	155	100
-1
1	519	25	77
-1
4	219	146	110
-1
3	524	26	193
-1
1	940	122	42
-1
2	897	152	104
-1
3	24	10	192
10	24	5	192	
4	879	95	150
-1
2	760	112	198
-1
1	854	154	191
-1
1	906	43	97
-1
2	934	190	73
-1
2	395	108	19
-1
4	587	78	44
-1
1	980	154	117
-1
1	883	93	68
-1
1	75	141	29
141	5	14	6	29	
4	976	116	124
-1
4	973	146	35
-1
3	915	106	140
-1
1	211	111	135
-1
3	436	16	124
-1
4	54	101	183
-1
4	897	95	61
-1
3	813	33	14
-1
1	632	12	58
-1
4	60	95	150
-1
2	135	121	17
-1
2	322	96	162
-1
1	13	21	67
21	7	61	67	
1	747	87	178
-1
2	622	50	145
-1
2	157	85	46
85	4	46	
3	217	138	92
-1
2	382	186	125
-1
4	591	150	88
-1
2	92	181	182
-1
2	908	192	54
-1
3	269	127	102
-1
4	288	48	74
-1
1	465	12	160
-1
1	761	111	9
-1
2	758	132	45
-1
2	850	88	134
-1
1	326	56	119
-1
3	813	189	68
-1
1	547	179	200
-1
1	952	70	192
-1
2	5	129	70
129	1	21	7	70	
4	678	198	69
-1
2	590	85	80
-1
4	950	101	190
-1
1	195	61	74
-1
1	728	19	113
-1
2	447	20	121
-1
2	866	97	109
-1
1	618	61	40
-1
3	409	7	61
-1
1	430	111	190
-1
2	298	115	139
-1
4	729	193	175
-1
2	119	182	75
-1
1	144	131	87
-1
4	256	77	57
-1
3	728	5	28
-1
4	237	3	76
-1
2	428	20	137
-1
3	688	37	95
-1
2	277	45	5
-1
4	167	74	120
-1
4	941	123	64
-1
1	767	52	197
-1
1	406	122	79
-1
2	262	65	156
-1
1	242	72	112
-1
1	317	200	114
-1
2	5	188	133
188	7	21	1	133	
1	500	15	122
-1
4	456	102	166
-1
1	527	131	192
-1
2	390	97	66
-1
4	338	38	117
-1
1	617	4	190
-1
2	124	9	6
-1
2	587	23	78
-1
3	452	16	29
-1
1	584	84	16
-1
2	657	89	30
-1
1	23	140	83
140	1	21	7	83	
3	166	195	13
-1
1	383	122	110
-1
3	52	63	147
63	14	3	147	
3	641	1	102
-1
2	647	169	63
-1
3	676	44	37
-1
1	104	30	4
30	12	46	4	
1	519	81	87
-1
3	700	16	127
-1
2	982	73	66
-1
1	995	47	61
-1
2	256	164	182
-1
4	354	146	44
-1
3	55	197	196
197	6	14	83	7	196	
2	469	190	164
-1
2	857	36	159
-1
1	460	111	188
-1
4	947	166	68
-1
2	673	85	84
-1
3	139	135	108
-1
4	151	116	154
-1
3	884	110	117
-1
3	79	165	62
165	14	45	18	62	
1	75	70	11
70	15	11	
3	190	125	200
-1
3	549	145	35
-1
3	736	2	97
-1
1	556	61	62
-1
3	591	159	97
-1
1	498	32	31
-1
1	651	122	98
-1
2	919	24	160
-1
1	332	107	76
-1
3	942	185	146
-1
1	741	11	70
-1
3	727	1	166
-1
4	575	101	167
-1
2	388	36	28
-1
2	684	143	138
-1
3	866	133	169
-1
1	564	30	42
-1
1	123	32	65
-1
4	150	150	171
-1
4	295	82	108
-1
2	316	23	118
-1
4	682	116	118
-1
4	248	194	18
-1
2	827	169	6
-1
3	365	156	148
-1
2	885	192	33
-1
1	879	57	62
-1
3	143	172	46
-1
1	266	46	195
-1
2	973	196	28
-1
4	690	90	3
-1
3	960	6	118
-1
1	329	87	111
-1
2	886	86	31
-1
2	186	65	187
-1
2	818	181	178
-1
2	631	65	186
-1
2	276	143	110
-1
4	23	38	155
38	16	14	5	155	
1	850	103	102
-1
3	52	27	192
-1
4	721	68	149
-1
3	584	27	187
-1
2	214	108	72
-1
4	352	193	88
-1
3	681	130	68
-1
3	67	147	133
-1
3	128	178	27
-1
3	282	5	64
-1
3	736	27	118
-1
3	79	29	144
-1
1	627	32	12
-1
3	413	105	190
-1
2	36	88	97
88	20	82	6	97	
1	676	53	42
-1
3	343	5	171
-1
2	275	85	118
-1
1	54	103	47
103	7	83	14	6	47	
1	117	30	51
-1
3	787	64	30
-1
2	330	199	58
-1
4	141	77	89
-1
2	531	55	193
-1
1	179	19	32
-1
3	620	6	85
-1
1	743	81	41
-1
2	660	24	77
-1
2	58	50	132
50	15	11	1	132	
1	860	103	161
-1
3	89	172	176
-1
1	946	158	174
-1
2	187	39	2
-1
2	531	132	56
-1
1	563	14	74
-1
2	199	192	80
-1
2	791	164	160
-1
3	667	106	183
-1
2	598	117	185
-1
3	711	174	87
-1
3	286	185	10
185	10	
4	412	74	119
-1
1	813	171	158
-1
2	469	109	89
-1
4	494	40	102
-1
1	925	154	45
-1
2	85	152	160
-1
3	19	94	65
94	15	11	65	
1	3	160	133
160	1	133	
3	442	110	58
-1
2	803	20	43
-1
1	522	57	116
-1
4	631	68	38
-1
3	919	33	147
-1
1	972	53	186
-1
4	968	146	91
-1
4	528	71	42
-1
1	744	107	87
-1
4	277	77	46
-1
4	886	80	107
-1
2	728	73	78
-1
3	595	75	87
-1
4	433	148	154
-1
3	131	178	138
-1
4	516	48	190
-1
1	206	171	88
-1
3	399	139	110
-1
1	885	18	16
-1
3	682	113	92
-1
1	741	141	123
-1
3	418	27	147
-1
3	56	106	22
-1
4	10	101	169
101	15	50	83	14	169	
2	499	85	99
-1
1	289	15	146
-1
4	928	82	117
-1
2	637	39	7
-1
3	204	189	176
-1
1	647	25	88
-1
1	970	58	29
-1
4	668	198	55
-1
1	489	168	112
-1
2	10	23	12
23	17	12	
2	508	184	48
-1
4	605	83	14
-1
4	921	123	95
-1
3	479	2	85
-1
4	454	38	73
-1
4	942	193	97
-1
2	922	39	155
-1
1	928	160	152
-1
4	39	28	71
28	20	55	71	
4	203	68	94
-1
1	850	30	29
-1
1	816	136	111
-1
1	910	93	185
-1
3	747	165	186
-1
3	19	44	175
44	7	70	15	11	175	
1	316	49	167
-1
3	22	142	158
142	5	14	21	1	158	
3	525	63	69
-1
3	596	142	96
-1
2	641	181	116
-1
4	669	183	144
-1
2	532	184	32
-1
2	868	199	124
-1
1	254	61	40
-1
3	28	7	83
7	83	
1	747	25	132
-1
2	704	92	25
-1
2	924	65	88
-1
2	372	190	29
-1
3	887	137	161
-1
2	182	177	143
-1
3	765	197	79
-1
4	240	80	77
-1
4	880	148	137
-1
4	162	153	95
-1
2	245	132	120
-1
4	70	78	163
-1
3	909	133	28
-1
1	689	57	169
-1
4	450	28	105
-1
4	744	66	33
-1
1	774	47	181
-1
1	651	12	61
-1
2	339	51	160
-1
3	234	130	112
-1
3	705	44	195
-1
4	419	40	25
-1
1	398	61	157
-1
2	166	169	165
-1
3	670	10	144
-1
4	902	59	161
-1
1	235	154	160
-1
1	847	128	123
-1
3	606	130	125
-1
2	469	20	55
-1
3	463	5	50
-1
1	687	61	41
-1
4	196	80	102
-1
4	912	77	70
-1
1	208	43	31
-1
3	968	64	41
-1
2	79	118	195
118	7	21	1	195	
2	601	152	74
-1
4	126	198	3
-1
4	532	3	174
-1
2	981	23	179
-1
3	421	37	39
-1
2	922	124	118
-1
4	744	71	147
-1
1	926	134	141
-1
1	567	141	4
-1
1	113	61	121
-1
3	986	139	24
-1
