1	71	91	168
-1
1	507	42	128
-1
4	877	87	144
-1
1	880	46	77
-1
2	673	107	86
-1
1	475	78	128
-1
4	348	87	195
-1
3	978	154	33
-1
2	248	138	131
-1
2	571	190	116
-1
4	539	88	6
-1
2	418	110	199
-1
2	513	16	85
-1
4	141	92	82
-1
4	27	123	141
123	9	6	11	141	
3	106	147	18
-1
3	701	22	56
-1
4	485	169	10
-1
3	615	100	99
-1
3	482	146	89
-1
2	39	117	128
117	14	59	5	128	
2	789	7	37
-1
3	25	176	4
176	5	60	15	28	2	4	
4	58	88	47
88	19	47	
1	798	29	170
-1
1	568	55	68
-1
4	623	112	89
-1
3	984	12	10
-1
3	483	48	108
-1
1	123	14	5
14	59	5	
4	402	95	121
-1
3	38	85	79
85	17	79	
1	593	73	54
-1
4	239	97	142
-1
1	560	155	122
-1
1	228	152	128
-1
2	68	71	39
-1
2	429	94	3
-1
1	936	29	50
-1
4	893	111	16
-1
2	165	185	110
-1
3	644	186	147
-1
1	449	175	19
-1
4	742	167	116
-1
3	663	158	22
-1
4	942	69	125
-1
3	981	96	196
-1
4	183	116	41
-1
4	384	144	69
-1
1	199	32	132
-1
1	461	124	68
-1
1	207	40	54
40	78	54	
1	225	83	28
-1
1	892	132	147
-1
1	265	25	104
-1
4	790	88	124
-1
1	737	29	172
-1
1	377	161	87
-1
1	397	143	182
-1
1	280	79	165
-1
1	148	77	40
-1
4	753	137	80
-1
4	132	95	162
-1
1	878	120	45
-1
3	933	163	70
-1
3	857	28	109
-1
4	228	169	89
-1
1	466	105	50
-1
1	647	33	144
-1
1	412	181	174
-1
4	651	61	51
-1
3	530	160	139
-1
4	44	112	34
112	56	70	33	20	34	
3	640	195	105
-1
1	61	25	19
25	3	57	19	
1	969	157	198
-1
3	10	165	166
165	17	3	166	
4	459	144	70
-1
1	554	161	102
-1
3	328	160	35
-1
4	330	123	47
-1
2	20	125	6
125	10	9	6	
1	605	55	69
-1
3	661	50	63
-1
2	80	41	87
-1
1	477	102	196
-1
1	643	70	112
-1
3	664	31	8
-1
2	918	41	168
-1
3	152	195	79
-1
1	998	74	1
-1
3	603	3	126
-1
4	423	174	132
-1
1	237	179	181
-1
1	924	39	21
-1
2	471	118	122
-1
3	734	147	144
-1
3	941	141	126
-1
1	261	4	167
-1
1	339	121	113
-1
4	940	24	186
-1
2	417	21	140
-1
1	948	175	113
-1
1	928	197	91
-1
3	700	186	82
-1
4	974	61	151
-1
3	69	131	97
-1
2	994	16	37
-1
1	912	157	193
-1
4	24	169	65
-1
4	9	59	89
59	15	89	
2	900	150	109
-1
3	365	166	36
-1
2	655	113	184
-1
1	488	192	169
-1
2	239	44	29
-1
2	735	17	111
-1
3	324	37	127
-1
4	316	182	35
-1
2	980	94	3
-1
2	468	117	61
-1
1	129	78	163
-1
3	564	177	128
-1
3	899	141	41
-1
3	668	148	32
-1
1	496	35	75
-1
1	559	25	43
-1
3	885	160	31
-1
1	119	35	13
-1
2	873	150	58
-1
3	485	81	174
-1
4	247	101	3
-1
1	575	181	132
-1
3	767	96	24
-1
3	398	194	123
-1
4	225	61	158
-1
2	219	109	182
-1
1	450	67	93
-1
4	614	103	127
-1
2	271	173	28
-1
2	796	45	61
-1
2	551	129	161
-1
1	82	128	141
-1
3	105	54	188
-1
2	628	20	181
-1
4	137	169	194
-1
2	870	145	54
-1
2	915	164	72
-1
3	593	165	174
-1
2	221	130	146
-1
1	481	152	142
-1
4	193	99	22
-1
4	485	49	149
-1
2	272	130	2
-1
4	804	187	173
-1
3	397	166	142
-1
3	250	54	86
-1
3	273	75	1
-1
1	646	189	165
-1
4	543	182	94
-1
3	484	154	197
-1
3	658	186	96
-1
4	606	178	144
-1
2	960	62	26
-1
3	132	85	164
-1
4	225	88	129
-1
3	111	37	134
-1
3	711	38	8
-1
4	828	111	197
-1
1	73	108	130
-1
3	70	3	35
-1
3	965	38	20
-1
4	308	95	149
-1
1	533	53	162
-1
3	96	12	46
-1
4	976	95	85
-1
1	309	120	121
-1
2	669	30	159
-1
4	265	92	21
-1
4	746	119	128
-1
1	980	192	130
-1
4	151	13	168
-1
3	99	177	62
-1
3	660	84	66
-1
4	105	169	77
-1
2	941	16	124
-1
4	862	144	43
-1
1	820	4	24
-1
2	440	72	67
-1
4	719	88	186
-1
1	849	33	129
-1
2	368	164	141
-1
1	581	114	69
-1
2	447	164	104
-1
3	275	23	72
-1
1	198	79	40
-1
2	440	20	183
-1
1	815	33	138
-1
2	682	52	10
-1
4	219	43	97
-1
2	499	113	82
-1
2	591	113	45
-1
4	459	80	111
-1
4	114	13	26
-1
1	386	11	49
-1
3	777	85	79
-1
1	911	83	50
-1
1	448	74	82
-1
2	57	41	85
-1
1	354	74	79
-1
4	787	92	192
-1
2	983	142	104
-1
1	445	132	136
-1
2	271	142	148
-1
1	471	55	158
-1
1	149	192	194
-1
1	599	120	76
-1
2	680	30	102
-1
1	917	78	94
-1
2	395	86	167
-1
4	186	191	58
-1
3	490	177	151
-1
3	377	160	34
-1
1	724	4	127
-1
1	33	74	133
74	6	14	1	133	
4	226	144	125
-1
2	854	45	44
-1
3	707	195	26
-1
3	600	26	55
-1
2	566	142	140
-1
4	175	137	131
-1
4	925	122	59
-1
3	110	163	170
-1
2	836	139	174
-1
1	568	14	199
-1
1	44	46	95
46	15	28	2	95	
4	688	24	91
-1
1	465	29	85
-1
1	119	135	110
-1
2	58	86	52
-1
3	340	3	188
-1
3	399	177	61
-1
1	920	53	24
-1
3	293	163	162
-1
1	844	149	176
-1
4	690	116	173
-1
3	980	160	148
-1
3	16	199	176
199	1	14	59	5	176	
2	125	63	62
63	7	62	
2	928	133	147
-1
2	467	190	149
-1
1	928	82	77
-1
1	151	32	81
-1
3	864	151	194
-1
1	791	196	142
-1
4	316	191	10
-1
4	663	80	169
-1
1	391	11	119
-1
3	852	26	181
-1
1	999	102	113
-1
4	99	182	54
182	19	54	
3	328	48	87
-1
1	608	175	118
-1
1	402	77	21
-1
1	895	93	16
-1
1	304	83	6
-1
2	24	150	37
150	84	9	27	37	
4	742	13	199
-1
3	274	3	176
-1
2	738	6	29
6	29	
1	192	4	10
-1
1	678	55	58
-1
4	948	182	184
-1
3	568	141	61
-1
2	535	94	153
-1
3	692	141	187
-1
2	728	44	137
-1
1	326	68	101
-1
1	853	161	55
-1
1	81	35	60
35	97	60	
2	291	172	16
-1
3	300	115	22
-1
2	683	145	155
-1
4	943	92	95
-1
1	647	11	141
-1
2	586	145	81
-1
1	74	36	76
36	20	73	17	76	
3	774	115	143
-1
1	428	192	56
-1
2	239	44	90
-1
1	854	124	61
-1
3	427	166	128
-1
3	581	65	72
-1
3	276	148	163
-1
1	968	42	173
-1
2	848	41	69
-1
3	923	26	104
-1
4	218	99	170
-1
4	473	24	161
-1
3	314	3	156
-1
2	126	41	79
-1
3	453	47	197
-1
1	324	73	61
-1
3	38	54	8
54	13	21	8	
3	162	81	2
-1
3	230	48	42
-1
3	285	47	67
-1
1	54	121	117
121	19	39	14	117	
3	566	90	140
-1
1	321	114	142
-1
3	752	27	182
-1
1	148	105	180
-1
1	808	157	53
-1
1	768	33	58
-1
1	969	70	90
-1
1	410	32	137
-1
4	28	61	135
61	18	68	49	135	
4	544	98	55
-1
3	83	151	145
-1
4	424	69	58
-1
1	157	189	37
-1
4	137	92	141
-1
1	141	39	97
-1
3	398	199	129
-1
3	239	166	151
-1
3	927	134	182
-1
4	661	95	194
-1
4	67	122	91
-1
3	11	65	194
65	3	194	
4	21	99	62
99	8	79	17	27	7	62	
4	409	122	2
-1
2	949	30	94
-1
3	797	166	132
-1
3	278	58	130
-1
2	428	7	47
-1
2	761	45	132
-1
4	154	171	26
-1
3	245	31	99
-1
3	790	50	115
-1
3	651	12	13
-1
1	204	32	86
-1
1	497	40	116
-1
2	381	140	33
-1
4	662	137	43
-1
1	109	14	49
14	83	68	49	
3	392	193	94
-1
2	218	153	16
-1
2	668	106	199
-1
1	935	102	48
-1
1	747	91	59
-1
1	585	93	43
-1
4	252	97	34
-1
2	236	145	174
-1
2	678	125	110
-1
4	327	187	75
-1
3	772	47	67
-1
2	587	190	19
-1
3	137	159	124
-1
3	784	27	178
-1
1	595	161	68
-1
4	237	59	113
-1
4	470	43	9
-1
1	243	46	153
-1
1	704	82	30
-1
3	778	159	168
-1
3	596	37	166
-1
1	214	8	155
-1
3	490	147	114
-1
1	667	83	140
-1
1	886	19	52
-1
4	150	13	110
-1
1	958	1	105
-1
1	863	70	150
-1
3	892	65	31
-1
1	411	120	142
-1
3	176	50	178
-1
2	930	45	138
-1
1	243	11	36
-1
3	134	100	70
-1
2	185	118	88
-1
1	847	155	52
-1
1	351	105	52
-1
1	652	14	74
-1
2	635	76	138
-1
4	976	119	57
-1
2	705	129	106
-1
4	242	104	103
-1
3	877	186	113
-1
3	99	28	12
-1
1	986	114	81
-1
4	190	98	187
-1
3	241	96	91
-1
1	314	46	57
-1
4	3	98	84
98	100	12	20	34	17	52	84	
1	660	132	3
-1
4	117	59	83
59	14	83	
3	619	163	139
-1
4	731	5	124
-1
1	294	33	103
-1
1	326	83	16
-1
4	65	69	66
-1
3	307	58	161
-1
3	363	50	7
-1
4	447	116	56
-1
2	801	118	139
-1
3	483	177	197
-1
1	21	46	111
46	15	60	5	111	
2	344	16	67
-1
4	47	99	52
-1
4	262	144	134
-1
3	879	22	2
-1
2	40	86	11
86	3	16	2	11	
1	798	192	13
-1
1	453	155	128
-1
1	343	1	45
-1
1	91	1	174
-1
1	401	35	171
-1
2	868	56	186
-1
3	719	151	84
-1
1	52	197	180
197	19	53	12	180	
1	206	11	1
-1
4	368	89	86
-1
4	780	80	77
-1
1	459	77	183
-1
2	704	129	135
-1
3	229	23	87
-1
2	799	113	122
-1
1	736	114	177
-1
1	772	181	79
-1
4	551	99	76
-1
1	751	102	38
-1
2	788	107	78
-1
3	616	27	158
-1
2	599	6	34
-1
2	533	17	115
-1
1	220	120	137
-1
3	493	100	50
-1
3	21	50	163
50	6	14	163	
2	499	185	95
-1
3	326	156	145
-1
3	763	58	46
-1
1	393	8	105
-1
3	550	147	131
-1
3	735	163	88
-1
1	49	161	104
161	30	20	73	14	1	104	
2	538	45	175
-1
2	939	16	74
-1
1	653	108	123
-1
1	547	128	60
-1
3	43	27	15
27	17	55	15	
1	488	152	25
-1
1	144	67	184
-1
4	674	59	131
-1
3	914	160	93
-1
2	617	94	5
-1
4	192	95	49
-1
1	217	32	17
-1
1	492	170	124
-1
4	751	174	4
-1
1	117	120	182
-1
1	141	114	85
-1
1	925	1	151
-1
4	255	97	161
-1
4	99	122	120
-1
1	703	35	166
-1
2	303	52	60
-1
3	119	195	43
-1
1	995	11	164
-1
3	598	54	137
-1
1	779	4	8
-1
4	863	122	121
-1
4	966	13	73
-1
4	126	137	169
-1
1	598	143	43
-1
2	763	41	77
-1
4	374	95	80
-1
2	968	198	26
-1
1	131	68	189
-1
2	219	62	42
-1
1	426	11	46
-1
3	498	141	118
-1
1	570	4	130
-1
1	491	121	67
-1
2	933	198	9
-1
3	161	147	2
-1
4	441	61	96
-1
2	18	34	45
34	20	12	100	98	45	
1	406	1	113
-1
1	448	83	126
-1
4	245	101	137
-1
1	562	78	77
-1
1	891	175	32
-1
2	509	145	104
-1
4	670	187	102
-1
4	471	119	200
-1
1	966	79	61
-1
2	811	71	46
-1
4	123	89	47
-1
1	600	46	81
-1
1	488	93	182
-1
