2	23	108	95
108	6	72	18	95	
1	116	118	116
-1
1	194	118	82
-1
2	769	18	48
-1
1	156	6	27
-1
2	192	148	165
-1
1	57	33	85
33	14	22	85	
1	972	62	79
-1
3	446	46	143
-1
1	596	195	66
-1
2	890	28	173
-1
4	206	3	90
-1
1	887	118	160
-1
2	486	111	129
-1
1	665	31	86
-1
1	381	187	186
-1
3	265	178	18
-1
2	143	186	31
186	7	95	18	31	
4	638	110	76
-1
1	903	155	23
-1
4	227	102	50
-1
3	268	192	52
-1
3	227	149	121
-1
1	908	187	184
-1
1	793	72	14
-1
3	330	88	152
-1
1	147	68	81
-1
1	778	133	67
-1
1	405	27	128
-1
2	427	64	82
-1
1	629	118	136
-1
3	32	144	79
-1
1	105	12	27
-1
1	688	190	13
-1
4	253	97	36
-1
2	605	42	76
-1
2	285	171	143
-1
1	703	118	75
-1
4	830	47	54
-1
1	464	51	117
-1
1	199	30	187
-1
2	277	58	130
-1
1	255	89	141
-1
3	19	193	131
193	6	91	13	7	27	131	
2	406	32	179
-1
4	81	85	20
-1
4	424	41	143
-1
1	50	77	60
77	14	73	2	60	
3	103	132	58
-1
3	572	161	60
-1
4	358	176	89
-1
3	39	174	146
-1
1	532	2	187
-1
3	414	56	131
-1
2	592	74	163
-1
1	564	80	199
-1
1	306	160	191
-1
2	317	183	67
-1
4	374	185	198
-1
4	585	87	111
-1
3	674	10	86
-1
1	971	119	12
-1
3	509	158	13
-1
1	40	89	69
89	3	12	69	
4	954	102	94
-1
3	152	45	125
-1
1	294	160	85
-1
1	960	65	19
-1
1	910	133	3
-1
2	620	58	42
-1
2	257	43	3
-1
2	668	116	122
-1
1	833	38	31
-1
1	653	147	119
-1
2	146	186	172
-1
1	71	91	168
-1
2	507	42	128
-1
4	877	87	144
-1
3	880	46	77
-1
2	673	107	86
-1
4	475	78	128
-1
4	348	87	195
-1
3	978	154	33
-1
2	248	138	131
-1
1	571	190	116
-1
3	539	88	6
-1
4	418	110	199
-1
4	513	16	85
-1
2	141	92	82
-1
2	27	123	141
123	1	66	6	100	9	141	
1	106	147	18
-1
4	701	22	56
-1
4	485	169	10
-1
1	615	100	99
-1
3	482	146	89
-1
4	39	117	128
117	15	16	128	
3	789	7	37
-1
4	25	176	4
176	8	14	70	4	
3	58	88	47
88	9	100	6	47	
3	798	29	170
-1
2	568	55	68
-1
1	623	112	89
-1
1	984	12	10
-1
3	483	48	108
-1
2	123	14	5
14	84	5	
4	402	95	121
-1
4	38	85	79
85	22	14	77	19	79	
3	593	73	54
-1
4	239	97	142
-1
1	560	155	122
-1
3	228	152	128
-1
1	68	71	39
-1
3	429	94	3
-1
3	936	29	50
-1
2	893	111	16
-1
4	165	185	110
-1
2	644	186	147
-1
3	449	175	19
-1
4	742	167	116
-1
3	663	158	22
-1
2	942	69	125
-1
4	981	96	196
-1
2	183	116	41
-1
3	384	144	69
-1
2	199	32	132
-1
3	461	124	68
-1
1	207	40	54
-1
3	225	83	28
-1
3	892	132	147
-1
3	265	25	104
-1
3	790	88	124
-1
3	737	29	172
-1
3	377	161	87
-1
2	397	143	182
-1
3	280	79	165
-1
1	148	77	40
-1
2	753	137	80
-1
4	132	95	162
-1
4	878	120	45
-1
3	933	163	70
-1
2	857	28	109
-1
4	228	169	89
-1
2	466	105	50
-1
1	647	33	144
-1
3	412	181	174
-1
2	651	61	51
-1
1	530	160	139
-1
1	44	112	34
112	18	14	34	
1	640	195	105
-1
3	61	25	19
25	18	77	19	
3	969	157	198
-1
4	10	165	166
165	3	166	
3	459	144	70
-1
3	554	161	102
-1
1	328	160	35
-1
2	330	123	47
-1
3	20	125	6
125	15	20	8	6	
2	605	55	69
-1
2	661	50	63
-1
4	80	41	87
41	9	14	87	
4	477	102	196
-1
2	643	70	112
-1
1	664	31	8
-1
4	918	41	168
-1
1	152	195	79
-1
2	998	74	1
-1
4	603	3	126
-1
3	423	174	132
-1
1	237	179	181
-1
2	924	39	21
-1
1	471	118	122
-1
1	734	147	144
-1
1	941	141	126
-1
2	261	4	167
-1
4	339	121	113
-1
3	940	24	186
-1
3	417	21	140
-1
3	948	175	113
-1
3	928	197	91
-1
2	700	186	82
-1
2	974	61	151
-1
2	69	131	97
-1
4	994	16	37
-1
3	912	157	193
-1
4	24	169	65
169	6	8	65	
4	9	59	89
59	57	19	3	89	
1	900	150	109
-1
3	365	166	36
-1
3	655	113	184
-1
3	488	192	169
-1
1	239	44	29
-1
1	735	17	111
-1
1	324	37	127
-1
2	316	182	35
-1
3	980	94	3
-1
4	468	117	61
-1
4	129	78	163
-1
1	564	177	128
-1
1	899	141	41
-1
2	668	148	32
-1
3	496	35	75
-1
3	559	25	43
-1
1	885	160	31
-1
3	119	35	13
35	8	16	13	
1	873	150	58
-1
1	485	81	174
-1
4	247	101	3
-1
3	575	181	132
-1
4	767	96	24
-1
1	398	194	123
-1
2	225	61	158
-1
4	219	109	182
-1
4	450	67	93
-1
1	614	103	127
-1
1	271	173	28
-1
3	796	45	61
-1
3	551	129	161
-1
2	82	128	141
-1
2	105	54	188
-1
3	628	20	181
-1
4	137	169	194
-1
3	870	145	54
-1
3	915	164	72
-1
4	593	165	174
-1
1	221	130	146
-1
3	481	152	142
-1
4	193	99	22
-1
1	485	49	149
-1
1	272	130	2
-1
1	804	187	173
-1
3	397	166	142
-1
2	250	54	86
-1
1	273	75	1
-1
4	646	189	165
-1
2	543	182	94
-1
3	484	154	197
-1
2	658	186	96
-1
3	606	178	144
-1
1	960	62	26
-1
4	132	85	164
-1
3	225	88	129
-1
1	111	37	134
37	8	20	15	134	
1	711	38	8
-1
2	828	111	197
-1
2	73	108	130
-1
4	70	3	35
-1
1	965	38	20
-1
4	308	95	149
-1
1	533	53	162
-1
1	96	12	46
12	3	46	
4	976	95	85
-1
4	309	120	121
-1
1	669	30	159
-1
2	265	92	21
-1
1	746	119	128
-1
3	980	192	130
-1
2	151	13	168
-1
1	99	177	62
-1
2	660	84	66
-1
4	105	169	77
-1
4	941	16	124
-1
3	862	144	43
-1
2	820	4	24
-1
1	440	72	67
-1
3	719	88	186
-1
1	849	33	129
-1
3	368	164	141
-1
4	581	114	69
-1
3	447	164	104
-1
1	275	23	72
-1
3	198	79	40
-1
3	440	20	183
-1
1	815	33	138
-1
3	682	52	10
-1
2	219	43	97
-1
3	499	113	82
-1
3	591	113	45
-1
1	459	80	111
-1
2	114	13	26
13	16	26	
4	386	11	49
11	49	
4	777	85	79
-1
3	911	83	50
-1
2	448	74	82
-1
4	57	41	85
41	95	7	71	85	
2	354	74	79
-1
2	787	92	192
-1
4	983	142	104
-1
3	445	132	136
-1
4	271	142	148
-1
2	471	55	158
-1
3	149	192	194
-1
4	599	120	76
-1
1	680	30	102
-1
4	917	78	94
-1
4	395	86	167
-1
3	186	191	58
-1
1	490	177	151
-1
1	377	160	34
-1
2	724	4	127
-1
2	33	74	133
74	18	95	7	13	133	
3	226	144	125
-1
3	854	45	44
-1
1	707	195	26
-1
3	600	26	55
-1
4	566	142	140
-1
2	175	137	131
-1
1	925	122	59
-1
3	110	163	170
-1
3	836	139	174
-1
2	568	14	199
-1
3	44	46	95
46	18	95	
3	688	24	91
-1
3	465	29	85
-1
4	119	135	110
-1
4	58	86	52
86	19	77	18	52	
4	340	3	188
-1
1	399	177	61
-1
1	920	53	24
-1
3	293	163	162
-1
3	844	149	176
-1
2	690	116	173
-1
1	980	160	148
-1
2	16	199	176
199	3	46	18	14	8	176	
3	125	63	62
-1
1	928	133	147
-1
1	467	190	149
-1
3	928	82	77
-1
2	151	32	81
32	15	81	
2	864	151	194
-1
2	791	196	142
-1
3	316	191	10
-1
1	663	80	169
-1
4	391	11	119
-1
3	852	26	181
-1
4	999	102	113
-1
2	99	182	54
-1
3	328	48	87
-1
3	608	175	118
-1
1	402	77	21
-1
4	895	93	16
-1
3	304	83	6
83	6	
1	24	150	37
150	63	100	6	8	37	
2	742	13	199
-1
4	274	3	176
-1
1	738	6	29
-1
2	192	4	10
-1
2	678	55	58
-1
2	948	182	184
-1
1	568	141	61
-1
3	535	94	153
-1
1	692	141	187
-1
1	728	44	137
-1
1	326	68	101
-1
3	853	161	55
-1
3	81	35	60
-1
4	291	172	16
-1
2	300	115	22
-1
3	683	145	155
-1
2	943	92	95
-1
4	647	11	141
-1
3	586	145	81
-1
3	74	36	76
-1
2	774	115	143
-1
3	428	192	56
-1
1	239	44	90
-1
3	854	124	61
-1
3	427	166	128
-1
1	581	65	72
-1
2	276	148	163
-1
2	968	42	173
-1
4	848	41	69
-1
3	923	26	104
-1
4	218	99	170
-1
3	473	24	161
-1
4	314	3	156
-1
4	126	41	79
-1
4	453	47	197
-1
3	324	73	61
-1
2	38	54	8
54	36	15	20	8	
1	162	81	2
-1
3	230	48	42
-1
4	285	47	67
-1
4	54	121	117
121	18	98	15	117	
4	566	90	140
-1
4	321	114	142
-1
1	752	27	182
-1
2	148	105	180
-1
3	808	157	53
-1
1	768	33	58
-1
2	969	70	90
-1
2	410	32	137
-1
2	28	61	135
61	18	52	135	
3	544	98	55
-1
2	83	151	145
-1
2	424	69	58
-1
4	157	189	37
-1
2	137	92	141
-1
2	141	39	97
-1
2	398	199	129
-1
3	239	166	151
-1
2	927	134	182
-1
4	661	95	194
-1
1	67	122	91
122	4	26	6	91	
1	11	65	194
65	14	18	46	3	194	
4	21	99	62
99	30	16	95	18	52	62	
1	409	122	2
-1
1	949	30	94
-1
3	797	166	132
-1
2	278	58	130
-1
3	428	7	47
-1
3	761	45	132
-1
2	154	171	26
-1
1	245	31	99
-1
2	790	50	115
-1
1	651	12	13
-1
2	204	32	86
-1
1	497	40	116
-1
2	381	140	33
-1
2	662	137	43
-1
2	109	14	49
-1
3	392	193	94
-1
1	218	153	16
-1
1	668	106	199
-1
4	935	102	48
-1
1	747	91	59
-1
4	585	93	43
-1
4	252	97	34
-1
3	236	145	174
-1
3	678	125	110
-1
1	327	187	75
-1
4	772	47	67
-1
1	587	190	19
-1
1	137	159	124
-1
1	784	27	178
-1
3	595	161	68
-1
4	237	59	113
-1
2	470	43	9
-1
3	243	46	153
-1
3	704	82	30
-1
1	778	159	168
-1
1	596	37	166
-1
4	214	8	155
-1
1	490	147	114
-1
3	667	83	140
-1
2	886	19	52
-1
2	150	13	110
-1
3	958	1	105
-1
2	863	70	150
-1
1	892	65	31
-1
4	411	120	142
-1
2	176	50	178
-1
3	930	45	138
-1
4	243	11	36
-1
1	134	100	70
-1
1	185	118	88
-1
1	847	155	52
-1
2	351	105	52
-1
2	652	14	74
-1
1	635	76	138
-1
1	976	119	57
-1
3	705	129	106
-1
2	242	104	103
-1
2	877	186	113
-1
2	99	28	12
28	12	
4	986	114	81
-1
3	190	98	187
-1
4	241	96	91
-1
3	314	46	57
-1
3	3	98	84
98	18	14	84	
3	660	132	3
-1
4	117	59	83
-1
3	619	163	139
-1
2	731	5	124
-1
1	294	33	103
-1
3	326	83	16
-1
2	65	69	66
69	12	26	6	66	
2	307	58	161
-1
2	363	50	7
-1
2	447	116	56
-1
1	801	118	139
-1
1	483	177	197
-1
3	21	46	111
46	18	72	6	111	
4	344	16	67
-1
4	47	99	52
-1
3	262	144	134
-1
4	879	22	2
-1
4	40	86	11
86	19	43	11	
3	798	192	13
-1
1	453	155	128
-1
3	343	1	45
-1
3	91	1	174
1	78	17	174	
3	401	35	171
-1
3	868	56	186
-1
2	719	151	84
-1
3	52	197	180
-1
4	206	11	1
-1
1	368	89	86
-1
1	780	80	77
-1
1	459	77	183
-1
3	704	129	135
-1
