3	65	12	160
12	18	11	160	
1	61	111	9
111	9	
4	58	132	45
132	30	12	7	45	
1	50	88	134
88	1	95	11	64	10	134	
3	26	56	119
56	3	2	19	119	
3	13	189	68
189	11	95	7	45	68	
1	47	179	200
179	2	13	64	11	200	
4	52	70	192
70	20	8	14	95	1	192	
1	5	129	70
129	3	100	20	70	
1	78	198	69
-1
2	90	85	80
85	8	20	100	80	
4	50	101	190
101	2	39	20	8	190	
2	95	61	74
61	12	19	10	74	
4	28	19	113
19	12	7	6	113	
1	47	20	121
20	121	
4	66	97	109
97	19	12	109	
2	18	61	40
61	14	8	40	
2	9	7	61
7	14	61	
1	30	111	190
111	9	14	8	190	
2	98	115	139
115	7	12	13	139	
2	29	193	175
193	9	175	
2	19	182	75
182	7	12	18	89	75	
4	44	131	87
131	12	82	3	87	
1	56	77	57
77	14	8	68	57	
3	28	5	28
5	94	15	27	19	10	28	
3	37	3	76
3	76	
1	28	20	137
20	39	41	18	137	
3	88	37	95
-1
1	77	45	5
45	8	38	94	5	
3	67	74	120
74	10	19	2	120	
1	41	123	64
123	9	14	86	34	64	
4	67	52	197
-1
2	6	122	79
122	6	7	12	18	79	
2	62	65	156
-1
2	42	72	112
72	9	53	16	112	
4	17	200	114
200	11	95	14	9	114	
1	5	188	133
188	62	133	
2	100	15	122
15	44	7	6	122	
1	56	102	166
102	14	166	
4	27	131	192
131	12	7	95	1	192	
4	90	97	66
97	19	31	20	66	
1	38	38	117
38	8	55	18	11	117	
1	17	4	190
4	2	39	20	8	190	
1	24	9	6
9	14	7	6	
1	87	23	78
23	87	3	78	
2	52	16	29
16	29	
3	84	84	16
84	10	32	16	
4	57	89	30
89	18	12	30	
3	23	140	83
140	3	82	12	83	
3	66	195	13
195	9	72	13	
2	83	122	110
122	6	3	110	
3	52	63	147
63	15	27	19	36	16	147	
2	41	1	102
1	95	14	102	
3	47	169	63
169	12	33	15	63	
1	76	44	37
44	7	6	3	37	
2	4	30	4
30	12	19	2	4	
2	19	81	87
81	14	7	6	3	87	
2	100	16	127
16	36	19	127	
1	82	73	66
-1
3	95	47	61
47	12	61	
1	56	164	182
164	8	14	7	182	
4	54	146	44
146	2	13	15	44	
2	55	197	196
197	5	94	15	33	12	196	
1	69	190	164
190	8	164	
3	57	36	159
36	16	159	
1	60	111	188
111	9	14	77	62	188	
1	47	166	68
166	14	8	68	
2	73	85	84
85	8	55	10	84	
3	39	135	108
135	1	95	14	8	20	108	
2	51	116	154
116	11	64	13	2	154	
4	84	110	117
110	3	49	18	11	117	
3	79	165	62
165	14	77	62	
4	75	70	11
70	50	49	18	11	
4	90	125	200
125	18	11	200	
2	49	145	35
145	15	44	7	14	81	35	
3	36	2	97
2	19	97	
2	56	61	62
61	14	77	62	
2	91	159	97
159	16	36	19	97	
3	98	32	31
32	10	19	31	
2	51	122	98
122	6	7	14	8	98	
2	19	24	160
24	2	13	64	11	160	
4	32	107	76
107	3	76	
3	42	185	146
185	11	64	13	2	146	
4	41	11	70
11	18	49	50	70	
2	27	1	166
1	95	14	166	
4	75	101	167
101	2	13	64	11	167	
3	88	36	28
36	19	10	28	
3	84	143	138
143	14	7	138	
1	66	133	169
133	62	89	18	12	169	
2	64	30	42
30	12	7	95	1	42	
3	23	32	65
32	7	95	1	42	5	65	
3	50	150	171
150	20	8	171	
1	95	82	108
82	48	20	108	
1	16	23	118
23	87	3	49	50	118	
2	82	116	118
116	11	18	49	50	118	
2	48	194	18
194	3	49	18	
3	27	169	6
169	12	7	6	
3	65	156	148
-1
3	85	192	33
-1
3	79	57	62
-1
3	43	172	46
172	10	46	
3	66	46	195
46	13	72	9	195	
4	73	196	28
196	12	19	10	28	
3	90	90	3
90	6	3	
2	60	6	118
6	3	49	50	118	
1	29	87	111
87	3	6	7	14	9	111	
1	86	86	31
86	34	64	13	15	31	
2	86	65	187
-1
2	18	181	178
181	7	32	10	178	
2	31	65	186
65	5	42	1	95	7	6	186	
3	76	143	110
143	14	7	6	3	110	
1	23	38	155
38	8	55	18	11	155	
2	50	103	102
103	12	7	14	102	
4	52	27	192
27	15	44	7	95	1	192	
4	21	68	149
68	56	3	2	4	149	
4	84	27	187
27	19	2	187	
4	14	108	72
108	20	8	14	9	72	
2	52	193	88
193	9	14	95	1	88	
1	81	130	68
130	6	7	45	68	
2	67	147	133
147	16	77	62	133	
4	28	178	27
178	10	19	27	
3	82	5	64
5	94	15	13	64	
4	36	27	118
27	15	94	50	118	
2	79	29	144
29	16	124	144	
3	27	32	12
32	7	12	
3	13	105	190
105	19	12	83	8	190	
1	36	88	97
88	1	95	7	12	19	97	
2	76	53	42
53	9	14	95	1	42	
3	43	5	171
5	94	38	8	171	
2	75	85	118
85	8	20	70	50	118	
2	54	103	47
103	12	47	
2	17	30	51
30	12	7	45	51	
1	87	64	30
64	13	12	30	
2	30	199	58
199	92	14	7	58	
1	41	77	89
77	16	89	
1	31	55	193
55	18	92	14	9	193	
4	79	19	32
19	10	32	
2	20	6	85
6	7	14	8	85	
2	43	81	41
81	14	92	18	41	
2	60	24	77
24	2	19	36	16	77	
2	58	50	132
50	49	16	124	144	132	
2	60	103	161
-1
3	89	172	176
-1
1	46	158	174
158	12	33	15	94	5	174	
2	87	39	2
39	2	
4	31	132	56
132	30	12	7	71	56	
4	63	14	74
14	7	32	10	74	
3	99	192	80
-1
1	91	164	160
-1
4	67	106	183
-1
1	98	117	185
117	11	185	
3	11	174	87
174	5	94	50	49	3	87	
3	86	185	10
185	11	64	10	
3	12	74	119
74	10	19	119	
1	13	171	158
171	8	83	12	158	
3	69	109	89
109	12	18	89	
3	94	40	102
40	8	14	102	
2	25	154	45
154	2	3	6	7	45	
1	85	152	160
152	7	95	11	160	
3	19	94	65
94	5	65	
3	3	160	133
160	11	18	89	62	133	
4	42	110	58
110	3	6	7	58	
1	3	20	43
20	8	43	
3	22	57	116
57	68	45	7	95	11	116	
4	31	68	38
68	8	38	
4	19	33	147
33	12	83	16	147	
2	72	53	186
53	9	14	7	6	186	
4	68	146	91
146	2	13	91	
2	28	71	42
71	7	95	1	42	
4	44	107	87
107	3	87	
1	77	77	46
77	16	29	46	
2	86	80	107
80	100	3	107	
1	28	73	78
73	9	14	7	6	3	78	
2	95	75	87
-1
2	33	148	154
148	4	2	154	
4	31	178	138
178	10	32	7	138	
1	16	48	190
48	20	8	190	
1	6	171	88
171	8	14	95	1	88	
2	99	139	110
-1
3	85	18	16
18	49	16	
4	82	113	92
113	6	7	14	92	
1	41	141	123
141	48	20	8	14	9	123	
4	18	27	147
27	19	36	16	147	
4	56	106	22
-1
4	10	101	169
101	2	19	12	169	
2	99	85	99
85	8	16	99	
2	89	15	146
15	13	2	146	
1	28	82	117
82	12	18	11	117	
2	37	39	7
39	41	18	12	7	
3	4	189	176
189	11	95	14	176	
2	47	25	88
25	5	42	1	88	
4	70	58	29
58	7	14	81	29	
1	68	198	55
-1
3	89	168	112
-1
1	10	23	12
23	87	3	82	12	
1	8	184	48
184	96	100	20	48	
1	5	83	14
83	8	14	
1	21	123	95
123	9	14	95	
3	79	2	85
2	39	20	8	85	
1	54	38	73
38	8	14	9	73	
2	42	193	97
193	9	47	12	19	97	
2	22	39	155
39	41	18	11	155	
3	28	160	152
160	11	95	7	152	
1	39	28	71
28	10	64	34	71	
4	3	68	94
68	8	38	94	
2	50	30	29
30	124	16	29	
3	16	136	111
136	3	6	7	14	9	111	
3	10	93	185
93	2	19	36	18	11	185	
3	47	165	186
165	14	7	6	186	
1	19	44	175
44	7	14	9	175	
1	16	49	167
49	18	11	167	
2	22	142	158
142	12	158	
3	25	63	69
63	15	31	20	69	
2	96	142	96
-1
2	41	181	116
181	7	95	11	116	
4	69	183	144
-1
1	32	184	32
184	96	100	3	6	7	32	
2	68	199	124
199	92	18	49	16	124	
2	54	61	40
61	14	8	40	
2	28	7	83
7	12	83	
2	47	25	132
-1
1	4	92	25
92	14	95	1	42	5	25	
2	24	65	88
65	5	42	1	88	
1	72	190	29
190	8	16	29	
1	87	137	161
-1
3	82	177	143
177	7	14	143	
2	65	197	79
197	5	94	50	49	18	79	
2	40	80	77
80	17	9	14	77	
2	80	148	137
-1
4	62	153	95
153	7	95	
4	45	132	120
132	30	12	19	2	120	
4	70	78	163
78	3	82	12	163	
1	9	133	28
133	62	89	18	55	10	28	
3	89	57	169
57	68	45	7	12	169	
1	50	28	105
28	10	19	105	
2	44	66	33
66	20	31	15	33	
3	74	47	181
47	12	7	181	
3	51	12	61
12	61	
1	39	51	160
51	45	7	95	11	160	
1	34	130	112
130	6	3	49	16	112	
1	5	44	195
44	7	14	9	195	
3	19	40	25
40	8	38	94	5	25	
2	98	61	157
61	14	9	157	
3	66	169	165
169	12	7	14	165	
1	70	10	144
10	32	16	124	144	
3	2	59	161
59	17	76	3	87	23	161	
2	35	154	160
154	2	13	64	11	160	
4	47	128	123
128	10	32	9	123	
1	6	130	125
130	6	7	12	18	125	
1	69	20	55
20	8	55	
3	63	5	50
5	94	50	
2	87	61	41
61	12	18	41	
2	96	80	102
80	17	9	14	102	
1	12	77	70
77	14	8	20	70	
2	8	43	31
43	8	20	31	
1	68	64	41
64	11	18	41	
2	79	118	195
-1
1	1	152	74
152	7	32	10	74	
1	26	198	3
198	5	94	50	49	3	
3	32	3	174
3	49	50	94	5	174	
1	81	23	179
23	87	3	2	179	
3	21	37	39
37	3	2	39	
3	22	124	118
124	16	49	50	118	
2	44	71	147
71	7	32	16	147	
2	26	134	141
134	10	69	20	48	141	
1	67	141	4
141	48	20	39	2	4	
2	13	61	121
61	14	8	20	121	
2	86	139	24
139	13	2	24	
3	40	140	21
140	3	2	21	
1	13	17	175
17	9	175	
2	91	148	197
-1
4	82	128	186
-1
1	51	100	61
100	20	8	14	61	
3	97	174	131
-1
2	37	69	16
69	8	16	
2	93	194	157
-1
4	65	112	169
112	16	83	12	169	
2	89	24	59
-1
1	9	9	150
9	14	8	20	150	
1	36	100	166
100	20	8	14	166	
3	84	165	113
165	14	7	6	113	
1	69	55	192
55	18	11	95	1	192	
1	29	88	44
88	1	95	7	44	
2	11	39	17
39	41	18	12	17	
3	27	135	37
135	1	95	7	6	3	37	
3	35	124	182
124	30	12	7	182	
2	3	116	94
116	11	18	49	50	94	
4	61	180	117
180	16	49	18	11	117	
4	63	68	78
68	56	3	78	
1	28	129	177
129	3	6	7	177	
1	41	164	141
164	8	20	48	141	
3	32	99	148
99	16	36	19	2	4	148	
4	75	68	35
68	45	7	14	81	35	
4	43	96	25
-1
2	31	159	160
159	16	36	18	11	160	
2	13	85	35
85	8	14	81	35	
2	58	119	150
119	19	31	20	150	
1	74	73	81
73	9	14	81	
2	3	85	101
85	8	20	39	2	101	
3	32	47	181
47	12	7	181	
3	24	175	96
175	9	14	8	20	100	96	
3	23	167	194
167	11	18	49	3	194	
1	58	198	61
198	5	94	15	33	12	61	
2	82	25	109
-1
4	93	19	67
19	12	47	9	67	
2	27	50	103
50	49	18	12	103	
4	28	14	173
14	7	6	3	2	173	
2	61	71	45
71	7	45	
4	61	196	129
196	12	82	3	129	
2	41	151	128
151	15	27	19	10	128	
1	88	82	54
-1
3	81	105	20
105	19	31	20	
1	94	28	169
-1
1	54	137	145
137	18	12	33	15	145	
4	72	70	164
70	20	8	164	
2	74	115	165
115	7	14	165	
2	46	193	130
193	9	14	7	6	130	
3	42	21	152
21	2	3	6	7	152	
2	22	81	99
81	29	16	99	
2	49	193	49
193	9	53	16	49	
2	2	85	130
85	8	14	7	6	130	
2	73	72	187
72	13	2	187	
1	42	4	166
4	2	3	6	7	14	166	
2	86	197	54
-1
2	1	50	75
50	49	18	89	75	
1	65	73	189
73	9	14	95	11	189	
3	94	46	182
46	13	12	7	182	
3	97	143	154
-1
3	96	84	186
-1
4	44	58	178
58	7	32	10	178	
2	26	6	62
6	7	14	77	62	
3	64	160	85
160	11	95	14	8	85	
4	29	132	88
132	30	12	7	95	1	88	
2	34	25	37
25	5	94	50	49	3	37	
1	8	111	38
111	9	14	8	38	
4	97	112	111
112	16	53	9	111	
1	30	28	108
28	10	69	20	108	
1	35	73	3
73	9	14	7	6	3	
4	20	70	38
70	20	8	38	
3	49	165	95
165	14	95	
4	62	108	53
108	20	8	16	53	
1	46	133	12
133	62	89	18	12	
4	85	96	95
96	100	20	8	14	95	
4	21	176	120
176	14	7	6	3	2	120	
3	59	109	30
109	12	30	
2	21	69	92
69	8	14	92	
2	28	65	119
65	5	94	15	27	19	119	
4	30	146	192
146	2	3	6	7	95	1	192	
4	68	180	13
180	16	29	46	13	
2	62	151	177
151	15	44	7	177	
3	66	99	84
99	16	32	10	84	
1	77	60	169
60	18	12	169	
3	24	105	16
105	19	36	16	
1	43	141	144
141	48	20	8	16	124	144	
1	24	62	4
62	89	18	36	19	2	4	
1	67	20	72
20	8	14	9	72	
3	86	40	88
40	8	14	95	1	88	
2	29	119	33
119	19	12	33	
1	41	49	164
49	16	8	164	
3	69	168	114
-1
2	4	181	164
181	7	14	8	164	
3	72	47	23
-1
2	40	75	79
75	89	18	79	
1	83	198	20
198	5	94	50	70	20	
3	38	40	33
40	8	83	12	33	
2	10	15	52
15	31	20	8	52	
1	97	82	43
82	12	83	8	43	
4	82	19	113
19	12	7	6	113	
3	45	99	113
99	16	32	7	6	113	
4	11	191	80
191	48	20	100	80	
3	26	59	13
59	17	12	13	
1	49	114	11
114	9	14	95	11	
3	79	186	85
186	6	7	14	8	85	
3	50	177	83
177	7	12	83	
1	82	111	74
-1
1	85	48	41
48	20	39	41	
3	79	57	74
-1
2	92	154	92
154	2	19	36	18	92	
4	4	187	142
187	2	19	12	142	
4	36	183	132
-1
1	48	45	142
45	7	12	142	
2	58	71	55
71	7	12	18	55	
2	94	71	192
71	7	95	1	192	
2	76	149	120
149	4	2	120	
2	2	199	30
199	92	18	12	30	
2	94	80	78
80	100	3	78	
1	67	117	86
117	11	64	34	86	
3	58	195	191
-1
3	51	186	177
186	6	7	177	
3	34	90	160
90	6	7	95	11	160	
3	27	177	4
177	7	6	3	2	4	
3	33	124	74
124	16	32	10	74	
4	25	33	144
33	12	30	124	144	
2	44	26	45
26	20	8	45	
2	26	54	195
54	10	32	9	195	
4	55	107	26
107	3	100	20	26	
4	40	200	142
200	11	18	12	142	
1	31	166	137
166	14	92	18	137	
3	59	175	122
175	9	14	7	6	122	
4	70	125	163
125	18	12	163	
4	74	110	139
110	3	2	13	139	
3	99	36	14
36	18	92	14	
3	95	168	46
168	15	13	46	
1	91	44	24
44	15	13	2	24	
1	85	88	29
-1
2	10	65	135
65	5	42	1	135	
2	52	119	86
119	19	12	7	14	86	
4	88	58	3
58	7	6	3	
3	61	140	177
140	3	6	7	177	
2	24	199	53
199	92	14	9	53	
4	62	120	162
120	2	3	6	7	162	
3	76	93	149
-1
1	73	44	116
44	7	95	11	116	
3	48	90	160
90	6	7	95	11	160	
4	76	180	199
180	16	49	18	92	199	
2	62	16	63
16	36	19	27	15	63	
4	47	125	133
125	18	89	62	133	
4	49	128	190
128	10	55	8	190	
3	77	67	82
67	9	47	12	82	
4	81	128	32
128	10	32	
1	94	152	151
152	7	44	15	151	
1	42	64	196
64	13	12	196	
3	10	192	191
192	1	95	7	12	82	48	191	
2	69	116	80
116	11	18	12	17	80	
3	19	63	11
63	15	13	64	11	
4	81	191	26
191	48	20	26	
4	13	52	102
52	8	14	102	
2	54	199	182
199	92	14	7	182	
3	87	99	48
99	16	8	20	48	
4	18	128	175
128	10	32	9	175	
4	21	8	77
8	14	77	
3	16	2	93
2	93	
2	6	95	83
95	14	8	83	
4	37	104	150
104	23	87	3	100	20	150	
2	99	24	13
24	2	13	
2	76	142	3
142	12	82	3	
3	29	74	6
74	10	32	7	6	
2	10	138	4
138	7	6	3	2	4	
3	58	192	55
192	1	95	11	18	55	
4	84	78	182
78	3	6	7	182	
2	61	148	141
-1
3	53	168	94
168	15	94	
3	87	135	141
-1
1	37	92	44
92	14	7	44	
4	1	128	68
128	10	55	8	68	
2	55	126	161
-1
2	60	53	35
53	9	14	81	35	
2	16	81	172
81	29	46	10	172	
1	22	91	115
91	12	7	115	
1	55	100	145
100	20	31	15	145	
1	95	83	92
83	12	18	92	
3	41	143	11
143	14	95	11	
3	81	47	145
47	12	33	15	145	
3	76	186	36
186	6	7	12	18	36	
3	43	74	115
74	10	32	7	115	
3	56	174	192
174	5	42	1	192	
1	90	28	44
-1
2	61	39	124
39	41	18	49	16	124	
2	28	54	166
54	10	32	7	14	166	
4	72	27	65
27	15	94	5	65	
2	63	181	148
-1
1	73	76	42
-1
3	69	168	41
168	15	33	12	18	41	
1	4	48	26
48	20	26	
1	70	123	99
123	9	53	16	99	
3	61	18	24
18	36	19	2	24	
1	56	73	3
73	9	14	7	6	3	
1	79	114	41
-1
2	97	126	47
126	16	83	12	47	
2	61	53	73
53	9	73	
3	8	124	54
124	16	29	46	10	54	
1	2	38	81
38	8	14	81	
2	42	162	48
162	7	12	82	48	
2	67	30	47
30	12	47	
2	17	85	121
85	8	20	121	
2	40	54	90
54	10	32	7	6	90	
1	42	166	114
166	14	9	114	
4	82	121	27
121	20	31	15	27	
1	80	152	105
152	7	12	19	105	
2	53	148	157
-1
4	58	8	33
8	83	12	33	
3	90	168	70
168	15	31	20	70	
3	37	169	32
169	12	7	32	
1	35	10	61
10	19	12	61	
1	55	28	98
28	10	98	
1	45	144	151
144	124	30	12	33	15	151	
1	58	83	69
83	8	69	
2	37	24	189
24	2	13	64	11	189	
3	41	157	92
157	9	14	92	
1	97	137	39
137	18	41	39	
1	29	141	199
141	48	82	12	18	92	199	
1	51	198	166
198	5	42	1	95	14	166	
2	82	39	134
39	2	19	10	134	
2	94	127	95
127	19	12	7	95	
2	91	61	122
61	14	7	6	122	
3	94	67	65
-1
4	62	11	99
11	18	49	16	99	
3	2	21	122
21	2	3	6	122	
1	94	9	30
9	47	12	30	
2	32	149	166
149	4	2	3	6	7	14	166	
