3	3	152	148
152	4	148	
4	27	167	144
167	2	68	4	144	
3	99	51	159
51	8	83	14	159	
2	99	38	151
38	56	8	151	
3	99	30	170
30	16	90	15	170	
1	77	5	113
5	113	
1	79	9	48
9	36	15	48	
4	9	56	150
56	42	15	12	150	
2	65	164	137
-1
1	16	78	152
78	12	4	152	
3	15	110	55
110	1	78	11	55	
3	11	13	21
13	92	16	21	
3	69	91	71
91	2	78	11	71	
3	72	142	108
142	1	44	6	108	
1	41	40	90
40	49	20	16	90	
4	5	190	94
190	4	12	78	11	94	
2	52	118	54
-1
2	53	148	109
-1
4	42	56	24
56	8	51	24	
1	93	173	102
173	5	66	8	102	
2	47	140	163
140	9	99	18	20	163	
1	20	55	127
55	6	18	20	16	127	
2	90	17	170
17	18	15	170	
2	50	185	111
185	5	82	2	68	4	111	
4	91	56	102
56	8	102	
2	84	48	43
48	15	29	14	43	
1	89	104	113
104	2	82	5	113	
1	97	8	12
8	52	12	
1	72	12	20
12	15	18	20	
3	25	153	192
153	6	3	4	192	
1	88	197	131
-1
3	66	144	137
144	4	12	78	1	137	
4	35	63	153
63	15	18	6	153	
3	97	4	90
4	12	15	90	
1	98	5	97
5	39	3	97	
4	93	95	97
95	6	3	97	
3	57	30	200
30	16	20	8	200	
1	68	18	159
18	2	82	14	159	
3	87	66	123
66	8	31	123	
1	78	138	75
138	7	25	15	75	
2	9	62	72
62	9	14	72	
2	97	101	167
101	12	78	2	167	
1	50	67	181
67	9	99	18	181	
1	39	1	136
1	44	6	136	
4	35	198	141
198	6	44	1	141	
2	31	47	187
47	68	9	187	
3	83	91	17
91	2	82	17	
2	93	47	186
-1
1	15	15	52
15	12	52	
3	42	153	141
153	6	44	1	141	
1	65	131	154
131	13	58	14	1	154	
4	31	191	55
191	7	3	6	55	
2	63	187	73
187	9	95	14	73	
4	98	88	73
-1
2	90	126	22
126	17	18	15	22	
3	77	61	21
61	3	28	16	21	
1	93	43	111
-1
4	30	25	110
25	7	100	1	110	
2	81	70	76
70	3	4	76	
1	21	84	28
84	7	3	28	
1	75	125	110
-1
2	81	189	100
189	19	46	1	100	
3	53	171	39
171	8	3	39	
1	77	133	126
133	6	18	17	126	
2	99	183	52
183	2	82	14	52	
1	71	172	64
172	5	66	19	64	
2	33	148	58
148	4	9	14	58	
4	42	92	35
92	20	18	15	12	35	
1	17	22	104
22	15	18	2	104	
4	97	154	139
-1
1	6	27	64
27	5	66	19	64	
1	58	53	4
53	11	78	12	4	
1	96	133	127
133	6	18	20	16	127	
4	21	37	59
37	18	13	10	59	
3	24	13	193
13	18	2	193	
4	39	163	165
163	20	18	13	10	165	
1	49	133	64
133	6	18	20	64	
2	83	166	108
166	10	55	6	108	
1	38	59	129
59	10	55	6	3	129	
2	76	28	34
-1
3	91	24	60
24	51	11	17	60	
2	47	129	112
129	3	6	55	10	112	
2	73	86	196
86	6	44	1	196	
2	83	33	32
33	20	18	26	32	
2	76	106	197
106	8	3	4	197	
1	40	29	159
29	14	159	
4	55	120	44
120	1	44	
4	62	68	161
68	2	78	11	161	
3	42	2	171
2	18	20	8	171	
2	76	39	198
39	3	6	198	
3	87	14	21
14	16	21	
1	99	157	102
-1
3	46	103	139
103	3	50	9	139	
3	30	175	124
175	2	18	6	124	
3	26	57	29
57	74	14	29	
3	36	132	9
132	9	
3	31	123	80
123	31	15	18	20	49	80	
2	91	178	147
178	1	44	6	147	
3	14	91	148
91	2	68	4	148	
1	11	133	138
133	6	3	7	138	
1	84	8	152
8	3	4	152	
2	37	94	108
94	11	36	6	108	
1	27	44	10
44	6	55	10	
4	50	190	136
190	4	3	6	136	
1	78	119	192
-1
2	39	196	124
196	1	44	6	124	
1	18	31	198
31	15	18	6	198	
3	17	14	175
14	82	2	175	
3	16	156	66
156	14	83	19	66	
1	54	69	150
69	12	150	
4	57	180	157
180	2	18	15	157	
1	16	15	2
15	18	2	
1	77	151	198
151	8	3	6	198	
2	12	177	139
177	12	4	9	139	
3	3	127	9
127	16	14	9	
4	78	56	4
56	8	3	4	
3	76	194	186
194	4	12	78	11	186	
1	2	12	199
12	15	199	
1	19	128	107
128	3	83	14	1	107	
4	68	143	175
143	13	18	2	175	
2	24	48	154
48	29	14	1	154	
1	78	104	168
104	2	78	11	168	
4	27	19	70
19	83	3	70	
4	65	95	47
95	9	68	47	
2	73	106	125
-1
3	28	61	180
61	4	68	2	180	
1	65	138	126
138	7	100	1	17	126	
1	16	165	137
165	10	55	11	78	1	137	
4	22	167	16
167	2	82	14	16	
2	96	185	110
185	5	1	110	
3	2	153	158
153	6	95	14	158	
2	21	28	61
28	3	61	
3	91	57	32
57	37	26	32	
2	89	83	126
83	14	82	17	126	
2	13	47	184
47	68	9	184	
3	92	171	44
171	8	3	44	
1	17	50	133
50	6	133	
1	5	67	98
67	9	50	15	98	
2	72	82	64
82	2	23	64	
1	82	155	200
155	3	8	200	
3	91	2	152
2	68	4	152	
3	3	3	132
3	4	9	132	
3	34	76	188
76	4	188	
3	12	66	71
66	17	11	71	
2	47	6	69
6	36	11	69	
2	90	118	192
-1
2	74	161	193
161	11	78	2	193	
3	71	130	59
-1
3	86	34	92
-1
1	38	58	198
58	14	95	6	198	
4	89	191	200
191	7	3	8	200	
1	72	81	154
81	5	1	154	
3	60	135	29
135	1	14	29	
2	82	21	46
21	5	1	46	
4	2	184	51
184	9	51	
3	93	130	120
130	8	83	14	1	120	
4	38	71	81
71	11	78	2	81	
3	48	144	10
144	4	12	15	75	10	
1	40	67	195
67	9	68	2	82	5	195	
1	89	5	4
5	82	2	68	4	
3	88	141	194
-1
3	42	182	26
182	13	18	26	
3	22	153	113
153	6	87	5	113	
4	68	64	133
64	20	18	6	133	
4	70	45	116
45	5	82	2	68	4	116	
2	90	47	45
47	19	66	5	45	
4	22	191	115
191	7	100	5	115	
1	31	128	10
128	3	6	55	10	
4	77	77	76
-1
1	81	67	32
67	9	95	14	73	32	
1	26	55	172
55	6	87	5	172	
1	4	43	105
43	14	82	2	105	
3	16	136	58
136	6	95	14	58	
3	48	57	73
57	74	14	73	
1	15	176	118
176	3	6	55	10	118	
1	59	146	164
-1
2	25	187	154
187	9	14	1	154	
1	34	108	82
108	6	18	2	82	
4	62	190	109
-1
1	93	18	175
18	2	175	
1	16	50	29
50	15	29	
3	73	76	23
76	4	68	2	23	
1	82	31	158
31	15	29	14	158	
1	54	146	167
146	8	83	14	82	2	167	
2	71	193	142
193	2	78	1	142	
1	86	59	39
-1
2	40	17	25
17	18	25	
2	73	193	84
193	2	84	
2	33	178	73
178	1	14	73	
2	7	39	43
39	5	82	14	43	
2	87	83	92
83	14	16	92	
3	10	51	119
51	9	62	13	119	
3	19	123	149
123	31	15	18	37	57	149	
3	85	156	46
156	14	1	46	
2	79	109	190
-1
4	17	180	48
180	2	18	15	48	
1	94	165	16
-1
4	77	56	8
56	8	
4	2	180	186
180	2	78	11	186	
1	96	12	176
12	4	3	176	
3	87	170	11
170	15	36	11	
1	58	157	13
157	15	18	13	
2	58	118	87
118	10	55	6	87	
2	4	36	42
36	15	42	
4	93	73	150
73	14	52	12	150	
3	41	51	81
51	11	78	2	81	
4	56	19	198
19	64	20	18	6	198	
1	16	12	5
12	78	1	5	
3	1	41	185
41	10	55	6	87	5	185	
2	28	94	148
94	11	78	12	4	148	
2	38	189	118
189	19	90	15	75	10	118	
3	2	175	74
175	2	82	14	74	
4	88	184	191
184	9	25	7	191	
3	29	142	178
142	1	178	
1	31	97	2
97	3	6	18	2	
2	11	89	4
89	2	68	4	
1	60	81	23
81	2	23	
1	65	137	186
137	1	78	11	186	
1	1	104	178
104	2	78	1	178	
4	48	56	71
56	42	15	36	11	71	
2	65	183	59
-1
4	38	73	186
73	14	1	78	11	186	
2	80	174	169
-1
3	10	162	62
162	15	36	9	62	
4	11	190	158
190	4	9	14	158	
4	67	120	47
120	1	46	19	47	
2	89	83	79
83	14	82	2	79	
2	26	42	167
42	15	18	2	167	
4	4	158	70
158	14	83	3	70	
1	26	58	125
58	13	10	125	
2	85	106	108
106	8	3	6	108	
2	70	70	132
70	3	50	9	132	
3	90	60	105
60	17	18	2	105	
4	52	191	66
191	7	100	5	66	
2	9	52	8
52	8	
4	7	163	79
163	20	18	2	79	
1	86	29	161
29	15	36	11	161	
1	52	69	155
69	12	4	3	155	
1	22	46	112
46	22	15	75	10	112	
1	46	1	170
1	14	29	15	170	
2	5	28	27
28	19	66	5	27	
4	36	63	96
63	15	12	4	96	
3	41	132	107
132	9	14	1	107	
2	58	121	50
121	11	36	6	50	
3	17	124	101
124	6	18	15	12	101	
1	96	133	15
133	6	18	15	
3	8	91	43
91	2	82	14	43	
1	14	176	63
176	3	8	63	
4	78	180	61
180	2	68	4	61	
2	47	101	61
101	12	4	61	
4	25	98	39
98	19	83	3	39	
1	72	155	101
155	3	4	12	101	
4	79	190	32
190	4	12	15	26	32	
2	80	82	105
82	2	105	
3	80	192	28
-1
1	95	108	112
108	6	55	10	112	
1	89	55	3
55	6	3	
2	4	115	130
115	5	66	8	130	
4	64	80	109
-1
1	76	157	161
157	15	36	11	161	
1	15	155	11
155	3	6	36	11	
2	15	179	165
179	9	36	6	55	10	165	
3	99	51	154
51	11	78	1	154	
2	55	181	188
181	18	2	68	4	188	
2	34	160	179
160	8	83	14	9	179	
2	46	39	38
39	3	38	
2	100	85	45
-1
2	29	174	159
174	40	74	14	159	
1	90	29	38
29	15	42	56	38	
3	50	192	147
-1
1	60	119	101
119	13	18	15	12	101	
1	24	133	80
133	6	18	20	49	80	
3	30	200	130
200	8	130	
4	17	98	110
98	19	46	1	110	
3	47	4	21
4	12	78	11	21	
1	84	137	59
-1
3	28	134	96
134	57	37	18	2	68	4	96	
1	38	133	21
133	6	36	11	21	
3	28	14	49
14	16	20	49	
3	74	3	192
3	4	192	
1	26	104	110
104	2	78	1	110	
4	5	64	43
64	19	83	14	43	
3	86	139	194
139	9	4	194	
4	47	120	43
120	1	14	43	
4	67	88	46
-1
3	78	34	182
-1
3	73	170	116
170	15	12	4	116	
2	93	149	200
-1
2	41	39	13
39	3	6	18	13	
2	32	166	15
166	10	75	15	
4	93	191	71
-1
2	87	116	134
-1
4	80	73	24
73	14	1	46	22	24	
4	22	158	96
158	14	9	4	96	
2	19	105	183
105	2	183	
3	53	23	169
23	2	18	6	3	169	
3	20	200	90
200	8	19	90	
3	19	72	190
72	14	9	4	190	
2	84	116	28
116	4	3	28	
4	50	56	145
56	42	15	18	2	145	
3	20	139	135
139	9	14	1	135	
1	5	84	3
84	7	3	
2	29	70	75
70	3	50	15	75	
1	24	50	184
50	9	184	
3	58	23	40
23	64	20	49	40	
3	26	194	63
194	4	12	15	63	
1	67	146	14
146	8	83	14	
1	57	165	38
-1
3	84	135	153
135	1	44	6	153	
2	81	118	161
118	10	55	11	161	
4	67	68	51
68	9	51	
4	69	87	134
87	6	18	37	57	134	
3	95	192	4
-1
3	79	72	5
72	14	1	5	
2	18	47	179
47	68	9	179	
3	80	156	172
156	14	82	5	172	
3	94	34	69
-1
3	83	200	185
-1
3	35	156	120
156	14	1	120	
4	95	92	189
92	20	64	19	189	
1	98	172	8
172	5	66	8	
1	31	90	95
90	16	14	95	
1	86	59	38
-1
1	90	5	61
5	39	3	61	
2	21	183	59
183	2	18	13	10	59	
1	92	1	14
1	14	
2	13	32	47
32	90	19	47	
4	97	77	47
-1
3	68	159	154
159	14	1	154	
1	57	146	45
146	8	66	5	45	
4	64	92	168
92	16	21	11	168	
2	10	89	10
89	6	55	10	
2	99	21	20
21	16	20	
3	59	57	24
57	37	18	15	22	24	
4	17	99	7
99	18	25	7	
1	83	119	159
119	13	58	14	159	
2	29	62	142
62	9	14	1	142	
4	27	74	19
74	14	83	19	
4	81	71	129
71	11	36	6	3	129	
1	77	138	74
138	7	100	1	14	74	
1	97	146	166
-1
2	6	10	54
10	55	6	50	9	54	
4	25	71	25
71	11	36	15	25	
3	48	170	34
-1
1	6	128	132
128	3	4	9	132	
1	64	97	50
97	3	50	
4	58	79	111
79	2	68	4	111	
1	76	59	137
-1
2	4	86	159
86	6	95	14	159	
3	30	66	48
66	17	18	15	48	
2	95	42	194
-1
1	100	138	155
138	7	3	155	
4	77	195	25
-1
1	10	119	146
119	13	18	20	8	146	
4	93	19	26
19	90	15	26	
3	42	124	122
124	6	122	
2	4	140	152
140	9	4	152	
1	92	97	10
97	3	6	55	10	
3	50	24	95
24	51	9	95	
4	98	79	112
-1
2	91	160	154
-1
1	97	54	43
54	9	95	14	43	
2	73	106	190
106	8	3	4	190	
3	19	134	108
134	57	37	18	6	108	
4	44	195	78
195	5	1	78	
2	17	187	154
187	9	14	1	154	
4	68	180	93
180	2	82	5	93	
2	29	83	141
83	14	1	141	
4	24	75	116
75	15	12	4	116	
1	35	176	146
176	3	8	146	
1	40	173	106
173	5	66	8	106	
2	35	115	111
115	5	82	2	68	4	111	
1	24	11	16
11	21	16	
2	83	36	101
36	15	12	101	
1	61	54	95
54	9	95	
1	14	97	33
97	3	6	18	20	33	
3	58	13	12
13	18	15	12	
2	50	32	95
32	73	14	95	
3	17	60	121
60	17	11	121	
3	62	135	96
135	1	78	12	4	96	
3	67	122	21
122	6	36	11	21	
3	78	13	87
13	18	2	87	
4	45	147	50
147	6	50	
1	46	22	85
22	46	1	78	11	85	
1	92	157	138
157	15	25	7	138	
2	25	17	186
17	11	186	
3	88	182	150
-1
4	82	191	181
191	7	25	18	181	
4	54	92	192
92	20	18	2	68	4	192	
1	2	108	127
108	6	18	20	16	127	
1	74	69	48
69	12	48	
4	60	88	12
88	77	94	11	78	12	
4	9	65	111
65	4	111	
2	45	161	132
161	11	36	9	132	
4	34	158	88
158	14	1	78	11	94	77	88	
1	19	50	56
50	15	42	56	
2	68	126	189
126	17	66	19	189	
3	100	13	179
13	62	9	179	
4	92	147	70
147	6	3	70	
3	70	152	129
152	4	3	129	
1	69	5	198
5	87	6	198	
1	80	78	85
78	11	85	
4	90	190	101
190	4	12	101	
4	74	150	61
150	12	4	61	
4	13	195	19
195	5	66	19	
1	21	128	20
128	3	6	18	20	
2	9	47	97
47	19	83	3	97	
3	40	66	61
66	8	3	61	
1	61	18	7
18	25	7	
1	90	9	111
9	4	111	
3	39	30	115
30	16	21	5	115	
4	75	98	193
98	15	18	2	193	
2	75	129	182
129	3	6	18	13	182	
1	87	119	131
119	13	131	
3	57	144	77
-1
4	28	56	5
56	8	66	5	
1	76	128	3
128	3	
4	37	37	20
37	20	
2	95	28	37
28	16	20	37	
4	5	88	45
88	77	94	11	21	5	45	
4	20	77	74
77	80	49	40	74	
4	64	167	123
167	2	18	15	31	123	
3	97	141	52
141	1	14	52	
4	79	167	122
167	2	18	6	122	
2	56	6	65
6	65	
2	12	62	72
62	9	14	72	
2	14	42	200
42	56	8	200	
3	33	117	188
117	80	49	20	18	2	68	4	188	
1	22	5	15
5	82	2	18	15	
1	66	100	102
100	7	3	8	102	
4	92	56	131
-1
3	66	127	97
127	16	28	3	97	
4	17	190	38
190	4	3	38	
1	90	138	4
138	7	3	4	
2	6	17	9
17	82	14	9	
3	78	124	23
124	6	18	2	23	
2	29	187	16
187	9	14	16	
2	16	52	84
52	14	82	2	84	
4	30	184	89
184	9	68	2	89	
3	83	57	140
57	37	18	99	9	140	
3	13	23	195
23	2	82	5	195	
2	10	166	122
166	10	55	6	122	
2	47	183	63
183	2	18	15	63	
2	2	52	1
52	14	1	
3	63	41	169
41	10	55	6	3	169	
2	37	47	44
47	19	46	1	44	
3	4	76	30
76	4	9	14	16	30	
1	87	104	81
104	2	81	
1	27	119	16
119	13	92	16	
1	66	100	73
100	1	14	73	
3	61	182	47
182	13	18	2	68	47	
4	82	195	164
-1
4	44	56	146
56	8	146	
4	96	154	197
-1
1	64	55	190
55	6	3	4	190	
1	59	69	36
69	11	36	
3	88	57	111
-1
3	68	60	166
60	13	10	166	
4	84	147	84
147	6	18	2	84	
4	8	73	135
73	14	1	135	
3	54	139	116
139	9	4	116	
1	17	151	110
151	8	83	14	1	110	
1	62	84	165
-1
4	11	79	70
79	2	18	6	3	70	
4	100	75	125
75	10	125	
4	35	190	145
190	4	68	2	145	
2	97	149	2
149	57	37	18	2	
3	62	136	61
136	6	3	61	
3	97	156	159
156	14	159	
4	31	191	32
191	7	100	1	14	73	32	
4	98	98	122
98	15	18	6	122	
3	60	51	24
51	24	
1	76	119	107
119	13	58	14	1	107	
3	46	132	185
132	9	68	2	82	5	185	
3	70	142	11
142	1	78	11	
3	66	141	1
141	1	
3	67	127	101
127	16	14	52	12	101	
3	28	175	36
175	2	18	15	36	
2	38	188	143
188	4	68	2	18	13	143	
1	69	84	133
84	2	18	6	133	
3	42	66	30
66	8	20	16	30	
2	65	164	32
-1
3	71	123	150
-1
4	8	150	82
150	12	78	2	82	
4	18	95	23
95	6	18	2	23	
3	18	117	116
117	80	49	20	18	2	68	4	116	
2	18	82	194
82	2	68	4	194	
2	6	48	169
48	15	50	3	169	
1	48	27	156
27	5	82	14	156	
1	33	165	192
165	10	75	15	12	4	192	
2	62	85	57
-1
4	46	79	172
79	2	82	5	172	
4	95	143	46
-1
3	28	66	196
66	5	1	196	
1	3	173	90
173	5	66	19	90	
1	18	90	6
90	15	18	6	
2	11	160	87
160	8	20	18	2	87	
2	31	129	86
129	3	6	86	
2	87	86	65
86	6	65	
3	78	186	181
186	11	78	2	18	181	
