3	73	42	4
42	10	64	4	
1	451	150	193
-1
2	19	81	41
81	78	26	18	84	41	
2	12	198	56
198	6	72	20	14	56	
4	441	5	16
-1
2	94	185	1
-1
2	989	148	128
-1
4	975	118	138
-1
1	584	74	102
-1
1	342	191	188
-1
3	697	178	29
-1
2	889	2	131
-1
3	81	4	11
4	47	71	11	
3	137	23	160
-1
4	304	186	165
-1
3	56	178	101
-1
2	783	71	48
-1
1	673	59	165
-1
4	774	186	38
-1
4	362	169	180
-1
1	190	62	110
-1
3	520	158	111
-1
2	683	47	67
-1
3	242	79	89
-1
2	358	167	26
-1
3	658	70	4
-1
2	306	125	26
-1
2	270	108	85
-1
4	460	132	70
-1
2	191	105	190
-1
2	52	66	52
66	18	36	52	
4	763	8	9
-1
3	829	79	7
-1
3	269	161	86
-1
3	446	155	52
-1
2	801	112	122
-1
1	427	170	46
-1
1	663	27	105
-1
4	132	96	36
-1
4	121	107	141
-1
1	324	50	158
-1
2	733	101	117
-1
2	291	15	196
-1
3	376	43	108
-1
1	180	63	14
63	20	14	
2	301	61	78
-1
2	498	61	47
-1
2	555	39	25
-1
2	790	101	72
-1
3	682	32	179
-1
2	592	105	180
-1
1	708	28	80
-1
2	255	112	95
-1
1	915	3	89
-1
1	280	130	104
-1
1	357	109	164
-1
3	155	161	176
-1
2	979	11	15
-1
1	451	165	115
-1
3	381	154	99
-1
3	960	188	155
-1
2	239	179	134
-1
4	685	38	46
-1
3	774	45	200
-1
2	829	159	129
-1
4	592	38	190
-1
1	919	147	150
-1
2	533	101	160
-1
3	800	80	124
-1
1	498	130	30
-1
3	804	110	17
-1
3	337	21	147
-1
1	534	59	184
-1
4	333	96	28
-1
3	814	21	138
-1
3	803	49	128
-1
1	304	192	74
-1
3	464	110	126
-1
3	539	43	5
-1
3	320	194	86
-1
3	488	43	147
-1
1	634	46	167
-1
4	170	182	178
-1
1	349	116	73
-1
2	439	200	93
-1
4	366	13	141
-1
2	191	15	132
-1
2	716	71	193
-1
2	273	134	187
-1
1	958	24	180
-1
4	505	96	22
-1
2	223	183	19
-1
4	1000	169	153
-1
4	872	90	20
-1
3	316	190	19
-1
1	456	28	184
-1
2	939	145	150
-1
2	684	135	20
-1
1	870	3	105
-1
4	650	75	129
-1
1	223	184	24
-1
2	394	40	158
-1
1	146	63	126
-1
1	365	14	167
-1
4	735	38	157
-1
3	718	153	184
-1
3	468	161	81
-1
2	287	51	167
-1
2	992	134	169
-1
3	472	4	195
-1
4	47	5	179
5	15	3	179	
2	556	179	18
-1
3	634	172	80
-1
1	800	69	94
-1
2	756	185	83
-1
2	292	120	35
-1
3	772	189	195
-1
4	90	8	198
8	33	6	198	
3	259	95	131
-1
4	605	38	86
-1
2	383	61	90
-1
1	801	59	21
-1
1	432	14	192
-1
2	277	47	13
-1
2	559	47	197
-1
3	946	154	68
-1
3	892	45	57
-1
2	689	168	64
-1
2	20	10	110
10	64	4	110	
1	457	20	99
-1
1	299	24	159
-1
3	119	7	17
7	32	8	17	
2	662	159	183
-1
3	74	142	29
142	7	29	
4	71	19	27
19	15	20	62	2	27	
3	738	129	181
-1
1	146	74	177
-1
4	410	166	97
-1
4	871	54	106
-1
2	170	25	125
-1
1	128	34	148
-1
4	497	132	106
-1
1	479	50	64
-1
4	59	111	158
-1
2	686	137	176
-1
2	466	159	104
-1
1	42	48	130
48	14	49	10	130	
3	538	194	95
-1
3	395	155	100
-1
2	519	25	77
-1
3	219	146	110
-1
3	524	26	193
-1
3	940	122	42
-1
1	897	152	104
-1
2	24	10	192
10	49	14	67	11	192	
3	879	95	150
-1
2	760	112	198
-1
3	854	154	191
-1
3	906	43	97
-1
3	934	190	73
-1
2	395	108	19
-1
1	587	78	44
-1
3	980	154	117
-1
4	883	93	68
-1
3	75	141	29
-1
1	976	116	124
-1
3	973	146	35
-1
4	915	106	140
-1
4	211	111	135
-1
2	436	16	124
-1
2	54	101	183
-1
3	897	95	61
-1
3	813	33	14
-1
2	632	12	58
-1
3	60	95	150
95	16	150	
3	135	121	17
-1
4	322	96	162
-1
3	13	21	67
21	87	7	67	
4	747	87	178
-1
1	622	50	145
-1
3	157	85	46
-1
1	217	138	92
-1
4	382	186	125
-1
1	591	150	88
-1
3	92	181	182
-1
1	908	192	54
-1
1	269	127	102
-1
1	288	48	74
-1
2	465	12	160
-1
4	761	111	9
-1
4	758	132	45
-1
1	850	88	134
-1
4	326	56	119
-1
3	813	189	68
-1
2	547	179	200
-1
3	952	70	192
-1
3	5	129	70
129	4	47	71	11	70	
2	678	198	69
-1
3	590	85	80
-1
2	950	101	190
-1
2	195	61	74
-1
4	728	19	113
-1
1	447	20	121
-1
1	866	97	109
-1
2	618	61	40
-1
3	409	7	61
-1
4	430	111	190
-1
1	298	115	139
-1
2	729	193	175
-1
4	119	182	75
-1
2	144	131	87
-1
1	256	77	57
-1
4	728	5	28
-1
1	237	3	76
-1
1	428	20	137
-1
1	688	37	95
-1
3	277	45	5
-1
1	167	74	120
-1
1	941	123	64
-1
2	767	52	197
-1
3	406	122	79
-1
1	262	65	156
-1
1	242	72	112
-1
2	317	200	114
-1
3	5	188	133
188	2	62	14	67	7	133	
2	500	15	122
-1
2	456	102	166
-1
2	527	131	192
-1
1	390	97	66
-1
4	338	38	117
-1
3	617	4	190
-1
1	124	9	6
-1
3	587	23	78
-1
2	452	16	29
-1
4	584	84	16
-1
2	657	89	30
-1
2	23	140	83
140	16	3	36	83	
1	166	195	13
-1
3	383	122	110
-1
1	52	63	147
63	20	15	3	147	
2	641	1	102
-1
4	647	169	63
-1
4	676	44	37
-1
1	104	30	4
-1
2	519	81	87
-1
2	700	16	127
-1
1	982	73	66
-1
2	995	47	61
-1
4	256	164	182
-1
3	354	146	44
-1
2	55	197	196
-1
3	469	190	164
-1
2	857	36	159
-1
4	460	111	188
-1
4	947	166	68
-1
3	673	85	84
-1
2	139	135	108
-1
1	151	116	154
-1
3	884	110	117
-1
1	79	165	62
165	18	63	20	62	
3	75	70	11
70	11	
2	190	125	200
-1
2	549	145	35
-1
2	736	2	97
-1
2	556	61	62
-1
2	591	159	97
-1
3	498	32	31
-1
3	651	122	98
-1
1	919	24	160
-1
4	332	107	76
-1
2	942	185	146
-1
2	741	11	70
-1
2	727	1	166
-1
2	575	101	167
-1
2	388	36	28
-1
3	684	143	138
-1
2	866	133	169
-1
1	564	30	42
-1
3	123	32	65
-1
1	150	150	171
-1
4	295	82	108
-1
3	316	23	118
-1
1	682	116	118
-1
3	248	194	18
-1
4	827	169	6
-1
1	365	156	148
-1
1	885	192	33
-1
2	879	57	62
-1
3	143	172	46
-1
1	266	46	195
-1
2	973	196	28
-1
4	690	90	3
-1
1	960	6	118
-1
4	329	87	111
-1
1	886	86	31
-1
1	186	65	187
-1
3	818	181	178
-1
1	631	65	186
-1
3	276	143	110
-1
4	23	38	155
38	55	18	73	11	155	
1	850	103	102
-1
1	52	27	192
-1
1	721	68	149
-1
1	584	27	187
-1
2	214	108	72
-1
2	352	193	88
-1
1	681	130	68
-1
1	67	147	133
147	3	67	7	133	
3	128	178	27
-1
4	282	5	64
-1
1	736	27	118
-1
2	79	29	144
-1
3	627	32	12
-1
2	413	105	190
-1
1	36	88	97
88	19	15	97	
3	676	53	42
-1
4	343	5	171
-1
3	275	85	118
-1
1	54	103	47
-1
1	117	30	51
-1
4	787	64	30
-1
4	330	199	58
-1
1	141	77	89
-1
2	531	55	193
-1
4	179	19	32
-1
1	620	6	85
-1
2	743	81	41
-1
1	660	24	77
-1
1	58	50	132
-1
1	860	103	161
-1
3	89	172	176
-1
3	946	158	174
-1
2	187	39	2
-1
4	531	132	56
-1
1	563	14	74
-1
1	199	192	80
-1
4	791	164	160
-1
4	667	106	183
-1
4	598	117	185
-1
1	711	174	87
-1
2	286	185	10
-1
1	412	74	119
-1
3	813	171	158
-1
1	469	109	89
-1
2	494	40	102
-1
3	925	154	45
-1
1	85	152	160
-1
4	19	94	65
94	28	18	65	
3	3	160	133
160	2	62	14	67	7	133	
3	442	110	58
-1
1	803	20	43
-1
2	522	57	116
-1
1	631	68	38
-1
3	919	33	147
-1
3	972	53	186
-1
3	968	146	91
-1
2	528	71	42
-1
4	744	107	87
-1
1	277	77	46
-1
3	886	80	107
-1
1	728	73	78
-1
4	595	75	87
-1
2	433	148	154
-1
3	131	178	138
-1
1	516	48	190
-1
3	206	171	88
-1
4	399	139	110
-1
3	885	18	16
-1
2	682	113	92
-1
3	741	141	123
-1
1	418	27	147
-1
4	56	106	22
-1
2	10	101	169
101	3	15	33	6	169	
3	499	85	99
-1
2	289	15	146
-1
4	928	82	117
-1
2	637	39	7
-1
3	204	189	176
-1
2	647	25	88
-1
2	970	58	29
-1
2	668	198	55
-1
2	489	168	112
-1
3	10	23	12
23	82	20	12	
1	508	184	48
-1
4	605	83	14
-1
1	921	123	95
-1
2	479	2	85
-1
4	454	38	73
-1
2	942	193	97
-1
2	922	39	155
-1
3	928	160	152
-1
1	39	28	71
28	18	73	11	71	
1	203	68	94
-1
1	850	30	29
-1
3	816	136	111
-1
4	910	93	185
-1
1	747	165	186
-1
4	19	44	175
44	17	20	14	56	175	
3	316	49	167
-1
3	22	142	158
142	7	13	158	
1	525	63	69
-1
3	596	142	96
-1
3	641	181	116
-1
2	669	183	144
-1
1	532	184	32
-1
4	868	199	124
-1
2	254	61	40
-1
3	28	7	83
7	26	18	36	83	
2	747	25	132
-1
4	704	92	25
-1
1	924	65	88
-1
3	372	190	29
-1
2	887	137	161
-1
4	182	177	143
-1
2	765	197	79
-1
3	240	80	77
-1
2	880	148	137
-1
3	162	153	95
-1
4	245	132	120
-1
1	70	78	163
78	26	7	163	
2	909	133	28
-1
2	689	57	169
-1
1	450	28	105
-1
2	744	66	33
-1
2	774	47	181
-1
2	651	12	61
-1
2	339	51	160
-1
1	234	130	112
-1
4	705	44	195
-1
2	419	40	25
-1
2	398	61	157
-1
4	166	169	165
-1
2	670	10	144
-1
1	902	59	161
-1
3	235	154	160
-1
2	847	128	123
-1
1	606	130	125
-1
1	469	20	55
-1
4	463	5	50
-1
2	687	61	41
-1
3	196	80	102
-1
1	912	77	70
-1
3	208	43	31
-1
4	968	64	41
-1
4	79	118	195
-1
1	601	152	74
-1
2	126	198	3
-1
1	532	3	174
-1
3	981	23	179
-1
1	421	37	39
-1
2	922	124	118
-1
2	744	71	147
-1
2	926	134	141
-1
3	567	141	4
-1
2	113	61	121
-1
4	986	139	24
-1
2	540	140	21
-1
3	113	17	175
-1
2	291	148	197
-1
2	482	128	186
-1
1	751	100	61
-1
1	497	174	131
-1
1	237	69	16
69	15	99	16	
3	993	194	157
-1
2	665	112	169
-1
1	489	24	59
-1
1	309	9	150
-1
1	436	100	166
-1
1	984	165	113
-1
2	769	55	192
-1
1	829	88	44
-1
2	711	39	17
-1
2	327	135	37
-1
2	235	124	182
-1
1	403	116	94
-1
2	261	180	117
-1
1	763	68	78
-1
3	328	129	177
-1
4	841	164	141
-1
4	632	99	148
-1
1	475	68	35
-1
4	643	96	25
-1
2	231	159	160
-1
3	813	85	35
-1
1	658	119	150
-1
1	174	73	81
-1
3	403	85	101
-1
2	532	47	181
-1
3	24	175	96
175	56	14	54	8	96	
2	523	167	194
-1
2	158	198	61
-1
2	382	25	109
-1
4	693	19	67
-1
1	327	50	103
-1
1	628	14	173
-1
2	261	71	45
-1
2	361	196	129
-1
3	941	151	128
-1
4	788	82	54
-1
2	181	105	20
-1
