2	820	188	105
-1
1	569	181	28
-1
1	145	194	137
-1
2	364	54	70
-1
3	165	72	115
-1
2	130	174	193
-1
4	752	146	21
-1
2	899	142	81
-1
2	449	22	193
-1
2	530	149	85
-1
2	987	2	72
-1
1	966	173	4
-1
2	454	142	197
-1
2	675	86	50
-1
1	589	1	73
-1
3	182	165	46
-1
1	754	94	143
-1
2	586	197	84
-1
2	778	96	58
-1
1	262	144	6
-1
4	885	26	160
-1
2	688	164	132
-1
1	437	129	25
-1
2	38	134	111
-1
3	311	8	111
-1
2	308	197	28
-1
2	203	130	73
-1
1	38	35	70
35	5	50	18	6	2	70	
3	695	20	165
-1
2	653	149	108
-1
2	612	162	133
-1
3	95	46	96
-1
4	320	85	176
-1
4	430	121	109
-1
1	492	159	69
-1
2	319	21	65
-1
4	392	128	146
-1
2	813	130	180
-1
4	777	168	151
-1
3	84	62	99
-1
1	969	66	60
-1
1	416	77	105
-1
3	744	124	141
-1
1	404	43	62
-1
1	72	24	20
-1
4	688	67	40
-1
1	433	186	119
-1
1	764	129	49
-1
2	914	141	168
-1
2	364	69	181
-1
4	23	104	47
104	64	54	80	16	47	
3	479	72	75
-1
2	420	40	198
-1
3	633	183	40
-1
1	452	138	15
-1
2	243	10	82
-1
1	313	97	19
-1
3	513	82	99
-1
2	880	45	191
-1
4	813	111	59
-1
4	611	26	114
-1
1	885	49	186
-1
1	83	79	177
-1
3	874	50	111
-1
3	41	82	48
82	8	56	48	
4	74	85	57
85	10	57	
1	292	79	154
-1
3	142	192	187
-1
4	732	104	183
-1
4	542	136	45
-1
1	655	148	71
-1
3	392	158	71
-1
1	520	194	149
-1
2	430	76	199
-1
1	878	102	80
-1
1	286	94	117
-1
1	991	167	195
-1
2	777	58	186
-1
3	760	151	90
-1
4	204	34	177
-1
4	474	127	124
-1
2	944	133	33
-1
4	445	125	26
-1
2	395	44	54
-1
4	426	26	107
-1
3	342	55	200
-1
4	737	140	166
-1
2	922	131	175
-1
1	763	59	125
-1
3	139	170	110
-1
2	214	174	36
-1
1	246	199	168
-1
2	824	95	44
-1
1	29	91	88
91	19	20	82	88	
4	735	85	65
-1
2	686	110	119
-1
3	603	52	58
-1
2	777	188	140
-1
3	53	61	199
-1
1	162	24	120
-1
2	349	162	93
-1
1	916	176	44
-1
1	960	173	90
-1
1	999	148	180
-1
1	463	176	16
-1
3	933	62	125
-1
4	990	147	128
-1
2	682	149	67
-1
1	432	77	128
-1
2	351	81	151
-1
1	996	194	64
-1
2	191	142	191
-1
2	880	10	116
-1
2	211	169	63
-1
4	226	119	191
-1
1	702	181	52
-1
4	982	113	199
-1
2	448	54	99
-1
2	375	87	128
-1
2	877	118	8
-1
2	93	21	2
-1
2	883	16	95
-1
1	550	6	104
-1
4	213	37	24
-1
1	603	199	142
-1
1	806	176	74
-1
4	804	29	138
-1
2	255	10	192
-1
2	582	58	78
-1
3	541	184	148
-1
3	294	61	168
-1
2	541	153	135
-1
3	844	187	92
-1
2	868	137	128
-1
1	961	101	126
-1
3	235	55	53
-1
1	972	60	81
-1
2	515	16	91
-1
2	545	22	100
-1
3	492	155	83
-1
2	411	95	143
-1
2	945	141	47
-1
2	636	81	186
-1
2	715	76	74
-1
4	392	143	174
-1
1	244	56	28
-1
2	324	90	39
-1
3	966	61	54
-1
4	265	128	27
-1
3	948	72	181
-1
2	242	163	76
-1
1	241	173	168
-1
2	826	69	48
-1
4	899	104	123
-1
3	24	170	18
-1
4	803	161	73
-1
1	41	156	114
156	29	98	19	20	114	
1	247	79	126
-1
2	673	197	53
-1
3	254	61	124
-1
3	881	8	38
8	38	
2	848	2	162
-1
4	47	42	30
-1
4	321	67	85
-1
1	890	117	54
-1
4	714	140	166
-1
2	27	142	121
142	19	20	7	100	2	121	
3	505	182	152
-1
3	957	180	148
-1
1	633	53	8
-1
2	670	58	168
-1
2	832	90	169
-1
2	61	137	10
137	20	57	10	
4	698	135	28
-1
3	751	55	144
-1
1	669	145	83
-1
2	989	58	24
-1
4	92	37	157
-1
2	239	141	137
-1
1	399	97	141
-1
1	166	129	198
-1
3	134	151	39
-1
3	895	182	127
-1
1	922	194	61
-1
1	465	91	67
-1
1	899	194	11
-1
3	322	62	21
-1
2	830	2	9
-1
1	966	94	149
-1
1	458	132	197
-1
2	207	130	78
-1
3	445	47	28
-1
1	371	132	161
-1
4	31	26	154
26	2	74	3	13	154	
3	450	99	45
-1
1	812	115	190
-1
1	832	13	51
-1
2	240	86	4
-1
4	540	116	97
-1
3	337	33	181
-1
1	614	43	62
-1
1	393	49	109
-1
1	153	94	192
-1
2	306	16	18
-1
1	902	199	68
-1
4	691	48	135
-1
1	693	59	147
-1
1	897	43	185
-1
4	745	34	52
-1
2	125	174	36
-1
2	787	110	78
-1
1	247	75	127
-1
4	990	67	172
-1
1	559	19	187
-1
3	227	124	137
-1
3	161	178	184
-1
2	259	68	195
-1
4	843	113	37
-1
2	446	9	70
-1
2	682	153	43
-1
2	359	30	104
-1
4	37	168	178
-1
2	808	166	196
-1
3	747	155	14
-1
3	883	114	90
-1
4	19	140	67
140	10	67	
3	613	52	86
-1
2	201	110	150
-1
3	670	105	158
-1
3	265	150	63
-1
2	320	31	92
-1
2	450	142	11
-1
3	45	178	176
178	3	74	2	176	
1	611	138	130
-1
3	100	36	43
-1
1	118	70	134
-1
1	355	88	185
-1
3	505	52	47
-1
3	814	52	151
-1
3	676	74	52
-1
1	919	138	35
-1
1	329	57	176
-1
1	504	106	105
-1
1	786	103	42
-1
4	28	113	77
113	7	85	10	77	
4	514	12	99
-1
2	698	81	186
-1
3	896	187	190
-1
1	246	91	41
-1
1	898	57	114
-1
2	532	84	3
-1
3	859	3	60
-1
4	563	83	117
-1
3	805	139	19
-1
3	33	124	131
124	2	6	18	50	5	131	
1	483	103	94
-1
2	469	16	126
-1
1	658	66	65
-1
4	250	161	107
-1
1	916	7	163
-1
1	918	56	47
-1
3	577	139	1
-1
2	46	197	83
-1
4	16	111	21
111	33	78	5	91	19	21	
4	99	67	144
-1
3	744	52	47
-1
2	422	134	62
-1
2	486	2	79
-1
3	792	11	40
-1
1	155	13	198
13	198	
4	601	128	53
-1
2	401	45	143
-1
2	235	174	91
-1
3	256	171	1
-1
1	951	186	68
-1
2	997	84	119
-1
3	611	180	52
-1
1	489	1	6
-1
2	880	86	168
-1
1	677	77	180
-1
3	129	183	59
-1
4	823	135	104
-1
2	913	87	29
-1
4	314	122	199
-1
2	181	177	136
-1
1	899	79	172
-1
2	302	76	151
-1
1	507	38	151
-1
3	227	78	188
-1
3	6	158	16
158	14	24	63	19	27	16	
4	817	34	199
-1
1	520	115	133
-1
2	100	137	20
137	20	
3	250	50	93
-1
2	985	163	21
-1
2	756	95	99
-1
1	658	145	126
-1
3	408	46	163
-1
3	547	105	193
-1
2	163	131	150
-1
1	761	88	135
-1
4	645	104	49
-1
3	216	175	138
-1
3	708	74	139
-1
4	728	123	53
-1
1	227	60	147
-1
3	552	15	43
-1
1	667	25	88
-1
3	59	184	144
-1
2	960	131	74
-1
4	694	93	114
-1
1	95	5	17
-1
1	632	49	192
-1
3	570	18	17
-1
3	574	124	92
-1
1	120	4	151
-1
3	514	182	117
-1
4	1	85	141
85	7	20	19	44	141	
3	497	151	125
-1
4	522	161	55
-1
3	435	120	99
-1
2	52	166	103
-1
1	595	60	103
-1
1	811	43	119
-1
2	654	164	195
-1
2	404	137	198
-1
3	521	8	179
-1
4	13	121	63
121	2	100	7	20	19	63	
4	937	73	166
-1
2	543	169	126
-1
1	641	43	198
-1
1	695	77	163
-1
2	998	80	174
-1
4	468	26	168
-1
3	462	189	131
-1
4	411	42	19
-1
3	541	46	26
-1
2	404	118	98
-1
2	721	130	170
-1
4	198	67	91
-1
2	147	9	133
-1
2	261	2	161
-1
2	634	96	41
-1
2	601	45	18
-1
4	83	113	6
113	7	100	2	6	
1	301	126	48
-1
2	78	137	45
-1
1	575	77	162
-1
1	145	32	91
32	58	19	91	
4	987	104	109
-1
1	919	102	70
-1
3	79	200	71
-1
3	871	61	166
-1
3	889	46	11
-1
3	646	47	123
-1
2	93	81	200
-1
3	689	182	88
-1
3	250	11	117
-1
1	493	186	148
-1
3	353	82	4
-1
2	22	68	57
68	57	
1	492	138	56
-1
2	458	16	116
-1
2	268	39	162
-1
1	742	79	160
-1
3	693	124	40
-1
2	181	169	173
-1
1	97	57	136
-1
1	196	59	121
-1
1	199	103	2
-1
3	655	55	21
-1
1	63	77	158
-1
4	978	168	173
-1
2	91	177	163
-1
2	2	196	41
196	26	46	6	18	41	
3	794	89	117
-1
3	766	182	85
-1
2	701	162	93
-1
2	173	58	103
-1
1	326	6	5
-1
1	146	4	60
-1
2	903	10	88
-1
3	28	72	55
72	18	50	19	58	55	
2	742	2	184
-1
2	583	44	179
-1
3	251	46	68
-1
2	135	39	49
-1
1	979	156	162
-1
2	682	9	171
-1
1	438	181	175
-1
1	897	107	130
-1
1	136	4	140
-1
1	591	59	163
-1
2	126	86	116
-1
3	304	27	160
-1
4	923	161	5
-1
3	971	11	43
-1
1	684	97	198
-1
1	454	28	6
-1
3	829	109	139
-1
4	710	146	197
-1
4	49	195	200
-1
2	964	130	58
-1
3	79	72	95
-1
2	190	197	74
-1
1	594	53	34
-1
3	788	175	197
-1
1	538	98	45
-1
1	895	181	72
-1
1	33	35	180
35	5	50	18	6	180	
3	629	15	78
-1
3	181	124	24
-1
4	590	125	105
-1
1	885	88	177
-1
2	158	118	125
-1
3	343	108	177
-1
1	691	53	104
-1
2	336	41	1
-1
3	607	178	181
-1
3	539	72	167
-1
1	568	57	181
-1
4	591	37	57
-1
2	95	169	181
-1
1	23	159	20
159	43	5	60	20	
4	148	195	89
-1
4	476	104	196
-1
4	579	198	1
-1
3	131	89	193
-1
1	464	24	170
-1
3	30	182	193
-1
3	11	120	1
120	19	44	1	
2	467	87	190
-1
4	799	29	158
-1
3	618	124	116
-1
1	706	98	62
-1
2	254	197	165
-1
4	206	73	163
-1
3	998	3	51
-1
2	519	86	26
-1
2	663	149	7
-1
3	464	178	79
-1
4	253	140	117
-1
3	562	158	146
-1
1	278	156	21
-1
4	691	125	118
-1
3	256	183	115
-1
2	18	188	139
188	9	47	16	12	139	
4	20	193	93
193	4	28	8	93	
2	597	142	178
-1
1	3	60	126
60	20	82	8	65	126	
3	833	74	56
-1
2	950	137	195
-1
2	295	141	105
-1
1	315	103	60
-1
1	384	132	137
-1
2	298	22	71
-1
4	588	29	58
-1
4	481	198	2
-1
2	458	169	95
-1
3	336	165	154
-1
3	791	120	27
-1
1	537	152	116
-1
1	41	53	8
53	9	88	8	
4	453	147	62
-1
1	389	13	145
-1
2	611	197	119
-1
3	20	46	147
46	6	2	74	3	147	
4	821	34	97
-1
1	67	66	65
-1
4	220	123	30
-1
2	998	10	149
-1
1	865	152	52
-1
3	73	89	105
-1
1	886	129	3
-1
2	231	133	16
-1
4	149	73	164
-1
4	247	83	161
-1
1	543	102	146
-1
3	408	74	11
-1
4	437	140	86
-1
4	337	111	95
-1
3	940	61	47
-1
4	844	125	87
-1
2	399	149	167
-1
1	214	35	100
-1
3	729	17	172
-1
3	889	165	7
-1
3	635	11	108
-1
1	445	106	134
-1
4	482	113	73
-1
1	377	101	136
-1
3	975	189	196
-1
4	461	128	72
-1
3	227	124	21
-1
3	726	74	7
-1
2	50	87	23
87	2	74	3	14	23	
1	456	167	139
-1
1	315	7	101
-1
4	448	193	6
-1
3	273	190	70
-1
