3	355	86	69
-1
3	712	52	46
-1
1	370	122	1
-1
2	27	46	27
46	14	4	15	1	27	
4	296	105	63
-1
2	107	36	132
-1
2	650	141	121
-1
3	701	158	124
-1
3	815	117	133
-1
3	643	196	91
-1
2	263	108	176
-1
3	61	14	180
14	4	49	18	180	
2	861	78	101
-1
2	639	47	98
-1
3	301	25	155
-1
1	432	72	190
-1
3	905	179	82
-1
4	228	180	192
-1
1	312	80	108
-1
1	603	95	55
-1
4	330	89	115
-1
1	509	104	80
-1
1	161	164	157
-1
4	11	176	155
176	4	155	
4	565	15	179
-1
2	354	115	51
-1
4	388	99	181
-1
2	979	155	160
-1
1	38	134	39
134	3	20	39	
2	645	46	85
-1
2	559	200	174
-1
3	838	129	29
-1
2	547	190	192
-1
3	701	150	119
-1
3	680	160	133
-1
4	130	124	200
-1
3	510	30	98
-1
2	821	17	4
-1
2	59	147	137
-1
4	96	184	134
184	3	134	
3	221	28	133
-1
2	49	138	14
-1
3	992	128	3
-1
2	910	74	104
-1
1	443	126	64
-1
3	594	5	139
-1
3	443	86	120
-1
2	246	147	88
-1
3	582	167	34
-1
3	116	178	170
-1
2	800	73	149
-1
1	613	93	39
-1
2	415	141	166
-1
2	71	132	191
-1
4	534	193	116
-1
2	424	187	73
-1
4	96	180	158
-1
2	583	22	105
-1
2	569	19	23
-1
3	90	153	200
-1
4	790	20	72
-1
2	228	19	116
-1
4	945	184	56
-1
3	135	150	139
-1
4	203	20	84
-1
4	475	105	70
-1
3	784	129	50
-1
3	640	24	23
-1
3	863	158	194
-1
1	214	126	146
-1
3	438	167	165
-1
1	753	157	135
-1
4	561	184	118
-1
1	851	81	68
-1
3	534	167	87
-1
4	404	169	192
-1
3	405	195	72
-1
3	979	179	47
-1
2	372	18	156
-1
1	869	80	34
-1
4	585	94	200
-1
3	320	83	156
-1
1	389	35	92
-1
3	208	195	172
-1
1	495	198	90
-1
2	838	131	59
-1
3	661	86	5
-1
4	59	90	183
-1
1	614	21	1
-1
2	247	192	32
-1
1	47	13	77
13	36	20	77	
3	154	197	159
-1
2	445	68	146
-1
1	568	57	92
-1
2	10	64	89
64	3	20	89	
1	620	110	20
-1
4	224	99	57
-1
1	607	159	99
-1
2	759	17	119
-1
1	542	183	62
-1
3	819	29	74
-1
1	729	27	71
-1
1	674	181	138
-1
1	566	177	146
-1
4	254	97	10
-1
4	625	106	71
-1
4	434	125	170
-1
3	732	148	128
-1
4	850	106	97
-1
2	511	64	79
-1
3	937	158	59
-1
4	359	176	86
-1
1	448	104	66
-1
1	594	130	42
-1
1	355	95	138
-1
4	225	100	195
-1
3	746	77	119
-1
1	226	110	19
-1
4	722	193	124
-1
1	552	42	140
-1
1	610	104	97
-1
2	295	192	24
-1
3	112	150	79
150	15	68	2	79	
1	154	198	160
-1
1	43	191	54
191	4	5	54	
4	790	97	106
-1
2	308	73	134
-1
2	878	19	195
-1
1	754	44	187
-1
3	693	117	180
-1
2	941	68	83
-1
3	316	29	75
-1
4	546	124	176
-1
1	306	35	173
-1
2	511	140	115
-1
2	416	135	11
-1
4	701	124	36
-1
1	95	183	54
-1
4	33	61	97
61	52	18	23	2	97	
3	12	14	13
14	37	13	
2	895	58	32
-1
3	321	150	60
-1
2	296	17	135
-1
3	621	162	122
-1
3	887	67	13
-1
3	450	178	147
-1
1	885	145	22
-1
2	938	46	157
-1
3	186	92	17
-1
4	350	125	182
-1
2	981	88	191
-1
3	392	182	92
-1
2	527	54	108
-1
3	848	102	69
-1
2	212	74	88
-1
3	311	160	65
-1
2	932	9	161
-1
4	88	45	158
-1
1	656	134	50
-1
2	389	119	126
-1
2	979	68	13
-1
2	70	200	147
-1
2	329	192	152
-1
1	598	70	5
-1
1	885	69	78
-1
1	701	80	190
-1
2	461	190	150
-1
2	219	74	195
-1
4	420	113	128
-1
4	97	121	47
-1
2	261	109	66
-1
3	807	40	18
-1
4	111	61	9
-1
2	115	190	30
-1
4	793	139	98
-1
2	382	175	129
-1
1	331	75	119
-1
3	877	87	144
-1
1	605	57	56
-1
3	403	28	128
-1
1	620	76	37
-1
1	237	137	28
-1
1	645	95	88
-1
3	74	5	77
5	18	20	77	
2	723	120	167
-1
2	452	64	141
-1
3	922	197	167
-1
1	65	79	6
79	2	1	6	
3	672	156	62
-1
2	400	112	42
-1
4	988	114	117
-1
3	415	133	5
-1
1	102	122	100
-1
2	731	166	56
-1
2	897	192	127
-1
1	838	66	190
-1
3	604	117	138
-1
2	9	190	17
190	3	20	36	17	
1	623	6	124
-1
2	216	78	187
-1
3	884	29	52
-1
1	889	16	184
-1
3	740	30	57
-1
3	195	83	23
-1
1	722	13	166
-1
1	463	110	183
-1
2	801	147	52
-1
3	769	102	41
-1
4	244	63	47
-1
1	830	37	76
-1
4	281	4	104
-1
3	216	87	119
-1
2	873	127	100
-1
1	247	66	182
-1
4	764	61	195
-1
3	146	182	56
-1
1	197	44	154
-1
3	190	196	55
-1
1	836	164	69
-1
1	511	159	57
-1
3	966	188	60
-1
2	484	68	147
-1
1	535	84	73
-1
2	516	108	139
-1
1	510	154	151
-1
3	765	117	84
-1
2	470	62	79
-1
3	525	11	75
-1
2	345	200	190
-1
1	202	35	149
-1
4	661	97	136
-1
2	959	62	156
-1
4	632	97	191
-1
1	122	31	98
-1
3	624	98	51
-1
3	507	160	119
-1
1	585	76	132
-1
4	11	146	142
146	9	15	40	17	142	
1	201	70	141
-1
2	101	166	127
-1
3	836	167	175
-1
3	743	28	188
-1
2	333	138	84
-1
4	830	169	66
-1
1	832	42	164
-1
2	750	65	123
-1
4	82	171	150
171	4	15	150	
2	23	108	95
108	10	68	15	95	
4	116	118	116
-1
4	194	118	82
-1
2	769	18	48
-1
1	156	6	27
6	27	
3	192	148	165
-1
3	57	33	85
-1
2	972	62	79
-1
2	446	46	143
-1
3	596	195	66
-1
3	890	28	173
-1
1	206	3	90
-1
4	887	118	160
-1
2	486	111	129
-1
1	665	31	86
-1
2	381	187	186
-1
3	265	178	18
-1
2	143	186	31
-1
1	638	110	76
-1
2	903	155	23
-1
3	227	102	50
-1
2	268	192	52
-1
3	227	149	121
-1
2	908	187	184
-1
1	793	72	14
-1
2	330	88	152
-1
2	147	68	81
68	11	81	
3	778	133	67
-1
1	405	27	128
-1
2	427	64	82
-1
4	629	118	136
-1
2	32	144	79
144	48	55	12	79	
4	105	12	27
-1
2	688	190	13
-1
4	253	97	36
-1
1	605	42	76
-1
4	285	171	143
-1
4	703	118	75
-1
2	830	47	54
-1
4	464	51	117
-1
3	199	30	187
-1
2	277	58	130
-1
4	255	89	141
-1
4	19	193	131
193	22	19	67	14	131	
2	406	32	179
-1
1	81	85	20
85	12	20	
1	424	41	143
-1
3	50	77	60
77	20	60	
2	103	132	58
-1
3	572	161	60
-1
4	358	176	89
-1
2	39	174	146
174	14	4	15	9	146	
1	532	2	187
-1
3	414	56	131
-1
2	592	74	163
-1
1	564	80	199
-1
3	306	160	191
-1
1	317	183	67
-1
3	374	185	198
-1
3	585	87	111
-1
1	674	10	86
-1
2	971	119	12
-1
3	509	158	13
-1
4	40	89	69
89	20	51	34	9	69	
3	954	102	94
-1
4	152	45	125
-1
3	294	160	85
-1
2	960	65	19
-1
3	910	133	3
-1
2	620	58	42
-1
2	257	43	3
-1
1	668	116	122
-1
1	833	38	31
-1
2	653	147	119
-1
2	146	186	172
-1
4	71	91	168
-1
1	507	42	128
-1
3	877	87	144
-1
2	880	46	77
-1
1	673	107	86
-1
2	475	78	128
-1
3	348	87	195
-1
1	978	154	33
-1
2	248	138	131
-1
2	571	190	116
-1
2	539	88	6
-1
1	418	110	199
-1
1	513	16	85
-1
3	141	92	82
-1
1	27	123	141
123	7	25	2	16	70	141	
2	106	147	18
-1
2	701	22	56
-1
4	485	169	10
-1
4	615	100	99
-1
4	482	146	89
-1
3	39	117	128
-1
4	789	7	37
-1
4	25	176	4
176	4	
2	58	88	47
88	12	19	67	47	
3	798	29	170
-1
1	568	55	68
-1
2	623	112	89
-1
4	984	12	10
-1
1	483	48	108
-1
3	123	14	5
14	4	5	
1	402	95	121
-1
1	38	85	79
85	12	79	
2	593	73	54
-1
4	239	97	142
-1
2	560	155	122
-1
2	228	152	128
-1
4	68	71	39
-1
4	429	94	3
-1
3	936	29	50
-1
2	893	111	16
-1
3	165	185	110
-1
2	644	186	147
-1
2	449	175	19
-1
3	742	167	116
-1
3	663	158	22
-1
1	942	69	125
-1
2	981	96	196
-1
1	183	116	41
-1
2	384	144	69
-1
2	199	32	132
-1
4	461	124	68
-1
3	207	40	54
-1
3	225	83	28
-1
2	892	132	147
-1
3	265	25	104
-1
2	790	88	124
-1
3	737	29	172
-1
3	377	161	87
-1
3	397	143	182
-1
1	280	79	165
-1
3	148	77	40
77	15	40	
1	753	137	80
-1
1	132	95	162
-1
2	878	120	45
-1
1	933	163	70
-1
3	857	28	109
-1
4	228	169	89
-1
4	466	105	50
-1
3	647	33	144
-1
1	412	181	174
181	14	174	
4	651	61	51
-1
3	530	160	139
-1
2	44	112	34
112	14	4	15	9	34	
3	640	195	105
-1
3	61	25	19
-1
1	969	157	198
-1
3	10	165	166
165	3	166	
2	459	144	70
-1
3	554	161	102
-1
3	328	160	35
-1
1	330	123	47
-1
4	20	125	6
125	12	79	2	1	6	
1	605	55	69
-1
3	661	50	63
-1
1	80	41	87
-1
3	477	102	196
-1
1	643	70	112
-1
1	664	31	8
-1
1	918	41	168
-1
3	152	195	79
-1
2	998	74	1
-1
1	603	3	126
-1
2	423	174	132
-1
3	237	179	181
-1
3	924	39	21
-1
4	471	118	122
-1
2	734	147	144
-1
2	941	141	126
-1
4	261	4	167
-1
4	339	121	113
-1
3	940	24	186
-1
1	417	21	140
-1
2	948	175	113
-1
3	928	197	91
-1
2	700	186	82
-1
4	974	61	151
-1
2	69	131	97
131	14	42	2	97	
1	994	16	37
-1
1	912	157	193
-1
4	24	169	65
169	5	4	15	9	65	
2	9	59	89
59	30	20	89	
3	900	150	109
-1
2	365	166	36
-1
4	655	113	184
-1
2	488	192	169
-1
1	239	44	29
-1
2	735	17	111
-1
1	324	37	127
-1
3	316	182	35
-1
4	980	94	3
-1
3	468	117	61
-1
2	129	78	163
78	1	2	163	
1	564	177	128
-1
2	899	141	41
-1
3	668	148	32
-1
1	496	35	75
-1
3	559	25	43
-1
3	885	160	31
-1
1	119	35	13
-1
3	873	150	58
-1
1	485	81	174
-1
4	247	101	3
-1
1	575	181	132
-1
2	767	96	24
-1
1	398	194	123
-1
4	225	61	158
-1
2	219	109	182
-1
3	450	67	93
-1
4	614	103	127
-1
4	271	173	28
-1
4	796	45	61
-1
3	551	129	161
-1
3	82	128	141
-1
2	105	54	188
-1
4	628	20	181
-1
4	137	169	194
-1
1	870	145	54
-1
1	915	164	72
-1
3	593	165	174
-1
1	221	130	146
-1
2	481	152	142
-1
4	193	99	22
-1
3	485	49	149
-1
1	272	130	2
-1
2	804	187	173
-1
2	397	166	142
-1
2	250	54	86
-1
1	273	75	1
-1
4	646	189	165
-1
3	543	182	94
-1
1	484	154	197
-1
2	658	186	96
-1
3	606	178	144
-1
2	960	62	26
-1
1	132	85	164
-1
2	225	88	129
-1
1	111	37	134
-1
1	711	38	8
-1
2	828	111	197
-1
2	73	108	130
-1
1	70	3	35
-1
1	965	38	20
-1
1	308	95	149
-1
1	533	53	162
-1
4	96	12	46
12	20	60	46	
1	976	95	85
-1
2	309	120	121
-1
3	669	30	159
-1
