2	574	126	3
-1
1	179	132	23
-1
2	839	181	37
-1
4	918	21	124
-1
1	747	122	71
-1
2	741	144	134
-1
2	404	126	141
-1
3	321	167	61
-1
1	824	113	139
-1
4	821	186	140
-1
1	775	140	17
-1
1	197	113	148
-1
1	786	91	128
-1
1	61	82	100
82	2	20	18	54	100	
1	531	151	174
-1
4	616	97	69
-1
1	557	37	194
-1
2	169	193	112
-1
2	859	65	24
-1
3	150	89	9
-1
4	566	109	100
-1
3	513	36	165
-1
3	792	184	55
-1
1	844	169	88
-1
2	817	29	39
-1
4	237	111	135
-1
4	582	127	124
-1
3	494	35	116
-1
1	517	3	180
-1
1	878	61	68
-1
1	777	163	129
-1
1	141	128	164
-1
1	148	41	99
-1
4	635	32	68
-1
1	225	75	96
-1
1	960	43	159
-1
3	635	31	85
-1
4	950	13	119
-1
3	281	58	73
-1
3	101	174	85
-1
1	581	3	47
-1
1	496	132	175
-1
2	394	24	167
-1
3	61	123	198
-1
2	909	158	25
-1
4	467	182	19
-1
3	703	93	50
-1
4	173	127	14
-1
2	45	28	71
28	38	5	71	
1	529	61	196
-1
2	128	161	151
-1
2	54	141	82
141	14	52	2	82	
3	820	188	105
-1
2	569	181	28
-1
3	145	194	137
-1
1	364	54	70
-1
1	165	72	115
-1
3	130	174	193
-1
2	752	146	21
-1
3	899	142	81
-1
1	449	22	193
-1
3	530	149	85
-1
3	987	2	72
-1
3	966	173	4
-1
3	454	142	197
-1
1	675	86	50
-1
3	589	1	73
-1
1	182	165	46
-1
2	754	94	143
-1
1	586	197	84
-1
4	778	96	58
-1
2	262	144	6
-1
4	885	26	160
-1
3	688	164	132
-1
1	437	129	25
-1
3	38	134	111
-1
1	311	8	111
-1
1	308	197	28
-1
4	203	130	73
-1
3	38	35	70
-1
3	695	20	165
-1
3	653	149	108
-1
3	612	162	133
-1
3	95	46	96
-1
1	320	85	176
-1
2	430	121	109
-1
3	492	159	69
-1
4	319	21	65
21	17	65	
1	392	128	146
-1
4	813	130	180
-1
3	777	168	151
-1
3	84	62	99
-1
3	969	66	60
-1
4	416	77	105
-1
4	744	124	141
-1
1	404	43	62
-1
2	72	24	20
24	2	20	
4	688	67	40
-1
4	433	186	119
-1
1	764	129	49
-1
2	914	141	168
-1
4	364	69	181
-1
3	23	104	47
104	10	22	47	
1	479	72	75
-1
1	420	40	198
-1
1	633	183	40
-1
2	452	138	15
-1
4	243	10	82
-1
4	313	97	19
-1
1	513	82	99
-1
3	880	45	191
-1
4	813	111	59
-1
4	611	26	114
-1
2	885	49	186
-1
2	83	79	177
-1
1	874	50	111
-1
1	41	82	48
82	5	86	10	48	
1	74	85	57
-1
2	292	79	154
-1
2	142	192	187
-1
3	732	104	183
-1
1	542	136	45
-1
2	655	148	71
-1
2	392	158	71
-1
3	520	194	149
-1
1	430	76	199
-1
2	878	102	80
-1
2	286	94	117
-1
3	991	167	195
-1
3	777	58	186
-1
1	760	151	90
-1
3	204	34	177
-1
4	474	127	124
-1
2	944	133	33
-1
2	445	125	26
-1
1	395	44	54
-1
4	426	26	107
-1
3	342	55	200
-1
1	737	140	166
-1
4	922	131	175
-1
1	763	59	125
-1
1	139	170	110
-1
3	214	174	36
-1
4	246	199	168
-1
4	824	95	44
-1
1	29	91	88
91	19	15	88	
1	735	85	65
-1
1	686	110	119
-1
2	603	52	58
-1
3	777	188	140
-1
1	53	61	199
-1
2	162	24	120
-1
3	349	162	93
-1
3	916	176	44
-1
3	960	173	90
-1
2	999	148	180
-1
3	463	176	16
-1
3	933	62	125
-1
2	990	147	128
-1
3	682	149	67
-1
4	432	77	128
-1
1	351	81	151
-1
3	996	194	64
-1
3	191	142	191
-1
4	880	10	116
-1
1	211	169	63
-1
4	226	119	191
-1
2	702	181	52
-1
1	982	113	199
-1
1	448	54	99
-1
1	375	87	128
-1
2	877	118	8
-1
4	93	21	2
-1
1	883	16	95
-1
2	550	6	104
-1
1	213	37	24
-1
4	603	199	142
-1
3	806	176	74
-1
2	804	29	138
-1
4	255	10	192
-1
3	582	58	78
-1
3	541	184	148
-1
1	294	61	168
-1
2	541	153	135
-1
1	844	187	92
-1
2	868	137	128
-1
1	961	101	126
-1
3	235	55	53
-1
2	972	60	81
-1
1	515	16	91
-1
1	545	22	100
-1
3	492	155	83
-1
4	411	95	143
-1
2	945	141	47
-1
1	636	81	186
-1
1	715	76	74
-1
1	392	143	174
-1
3	244	56	28
-1
1	324	90	39
-1
1	966	61	54
-1
1	265	128	27
-1
1	948	72	181
-1
1	242	163	76
-1
3	241	173	168
-1
4	826	69	48
-1
3	899	104	123
-1
1	24	170	18
170	15	67	20	18	
2	803	161	73
-1
3	41	156	114
156	47	4	55	14	114	
2	247	79	126
-1
1	673	197	53
-1
1	254	61	124
-1
1	881	8	38
-1
3	848	2	162
-1
2	47	42	30
42	16	14	54	100	30	
4	321	67	85
-1
2	890	117	54
-1
1	714	140	166
-1
3	27	142	121
142	5	82	7	95	19	53	45	121	
4	505	182	152
-1
2	957	180	148
-1
2	633	53	8
-1
3	670	58	168
-1
1	832	90	169
-1
2	61	137	10
137	39	94	10	
3	698	135	28
-1
3	751	55	144
-1
4	669	145	83
-1
3	989	58	24
-1
1	92	37	157
-1
2	239	141	137
-1
4	399	97	141
-1
1	166	129	198
129	8	198	
1	134	151	39
-1
4	895	182	127
-1
3	922	194	61
-1
1	465	91	67
-1
3	899	194	11
-1
3	322	62	21
-1
3	830	2	9
-1
2	966	94	149
-1
1	458	132	197
-1
4	207	130	78
-1
1	445	47	28
-1
1	371	132	161
-1
4	31	26	154
26	8	75	10	154	
1	450	99	45
-1
2	812	115	190
-1
4	832	13	51
-1
1	240	86	4
-1
1	540	116	97
-1
1	337	33	181
-1
1	614	43	62
-1
2	393	49	109
-1
2	153	94	192
-1
1	306	16	18
-1
4	902	199	68
-1
1	691	48	135
-1
1	693	59	147
-1
1	897	43	185
-1
3	745	34	52
-1
3	125	174	36
-1
1	787	110	78
-1
1	247	75	127
-1
4	990	67	172
-1
1	559	19	187
-1
4	227	124	137
-1
1	161	178	184
178	2	184	
2	259	68	195
-1
1	843	113	37
-1
1	446	9	70
-1
2	682	153	43
-1
3	359	30	104
-1
3	37	168	178
168	9	14	52	2	178	
3	808	166	196
-1
3	747	155	14
-1
2	883	114	90
-1
1	19	140	67
140	19	15	67	
2	613	52	86
-1
1	201	110	150
-1
4	670	105	158
-1
2	265	150	63
-1
3	320	31	92
-1
3	450	142	11
-1
1	45	178	176
178	2	20	176	
2	611	138	130
-1
3	100	36	43
-1
2	118	70	134
-1
4	355	88	185
-1
2	505	52	47
-1
2	814	52	151
-1
2	676	74	52
-1
2	919	138	35
-1
4	329	57	176
-1
4	504	106	105
-1
4	786	103	42
-1
1	28	113	77
113	11	2	20	77	
1	514	12	99
-1
1	698	81	186
-1
1	896	187	190
-1
1	246	91	41
-1
4	898	57	114
-1
2	532	84	3
-1
1	859	3	60
-1
3	563	83	117
-1
3	805	139	19
-1
4	33	124	131
124	4	1	118	2	20	131	
4	483	103	94
-1
1	469	16	126
-1
3	658	66	65
-1
2	250	161	107
-1
4	916	7	163
-1
3	918	56	47
-1
3	577	139	1
-1
1	46	197	83
197	2	36	13	83	
4	16	111	21
111	7	96	14	41	17	21	
4	99	67	144
67	20	144	
2	744	52	47
-1
3	422	134	62
-1
3	486	2	79
-1
3	792	11	40
-1
4	155	13	198
-1
1	601	128	53
-1
3	401	45	143
-1
3	235	174	91
-1
3	256	171	1
171	1	
4	951	186	68
-1
2	997	84	119
-1
2	611	180	52
-1
3	489	1	6
-1
1	880	86	168
-1
4	677	77	180
-1
1	129	183	59
-1
3	823	135	104
-1
1	913	87	29
-1
1	314	122	199
-1
4	181	177	136
-1
2	899	79	172
-1
1	302	76	151
-1
2	507	38	151
-1
1	227	78	188
-1
2	6	158	16
158	15	41	14	16	
3	817	34	199
-1
2	520	115	133
-1
2	100	137	20
-1
1	250	50	93
-1
1	985	163	21
-1
4	756	95	99
-1
4	658	145	126
-1
3	408	46	163
-1
4	547	105	193
-1
4	163	131	150
-1
4	761	88	135
-1
3	645	104	49
-1
4	216	175	138
-1
2	708	74	139
-1
3	728	123	53
-1
2	227	60	147
60	1	147	
2	552	15	43
-1
2	667	25	88
-1
3	59	184	144
184	2	20	144	
4	960	131	74
-1
3	694	93	114
-1
2	95	5	17
-1
2	632	49	192
-1
4	570	18	17
-1
4	574	124	92
-1
3	120	4	151
-1
4	514	182	117
-1
1	1	85	141
85	15	41	14	141	
1	497	151	125
-1
2	522	161	55
-1
4	435	120	99
-1
3	52	166	103
166	135	4	103	
2	595	60	103
-1
1	811	43	119
-1
3	654	164	195
-1
2	404	137	198
-1
1	521	8	179
-1
2	13	121	63
121	45	53	19	95	7	63	
3	937	73	166
-1
1	543	169	126
-1
1	641	43	198
-1
4	695	77	163
-1
2	998	80	174
-1
4	468	26	168
-1
1	462	189	131
-1
2	411	42	19
-1
3	541	46	26
-1
2	404	118	98
-1
4	721	130	170
-1
4	198	67	91
-1
1	147	9	133
-1
3	261	2	161
-1
4	634	96	41
-1
3	601	45	18
-1
1	83	113	6
-1
2	301	126	48
-1
2	78	137	45
-1
4	575	77	162
-1
4	145	32	91
-1
3	987	104	109
-1
2	919	102	70
-1
1	79	200	71
200	20	71	
1	871	61	166
-1
3	889	46	11
-1
1	646	47	123
-1
1	93	81	200
81	18	20	200	
4	689	182	88
-1
3	250	11	117
-1
4	493	186	148
-1
1	353	82	4
-1
2	22	68	57
68	70	57	
2	492	138	56
-1
1	458	16	116
-1
3	268	39	162
-1
2	742	79	160
-1
4	693	124	40
-1
1	181	169	173
-1
4	97	57	136
-1
1	196	59	121
-1
4	199	103	2
-1
3	655	55	21
-1
4	63	77	158
77	19	15	158	
3	978	168	173
-1
4	91	177	163
-1
2	2	196	41
196	7	96	14	41	
3	794	89	117
-1
4	766	182	85
-1
3	701	162	93
-1
3	173	58	103
-1
2	326	6	5
-1
3	146	4	60
4	1	60	
4	903	10	88
-1
1	28	72	55
72	14	55	
3	742	2	184
-1
1	583	44	179
-1
3	251	46	68
-1
3	135	39	49
-1
3	979	156	162
-1
1	682	9	171
-1
2	438	181	175
-1
4	897	107	130
-1
3	136	4	140
-1
1	591	59	163
-1
1	126	86	116
-1
1	304	27	160
-1
2	923	161	5
-1
3	971	11	43
-1
4	684	97	198
-1
2	454	28	6
-1
4	829	109	139
-1
2	710	146	197
-1
4	49	195	200
195	15	67	20	200	
4	964	130	58
-1
1	79	72	95
-1
1	190	197	74
-1
2	594	53	34
-1
4	788	175	197
-1
3	538	98	45
-1
2	895	181	72
-1
3	33	35	180
-1
2	629	15	78
-1
4	181	124	24
-1
2	590	125	105
-1
4	885	88	177
-1
2	158	118	125
-1
3	343	108	177
-1
2	691	53	104
-1
1	336	41	1
-1
1	607	178	181
-1
1	539	72	167
-1
4	568	57	181
-1
1	591	37	57
-1
1	95	169	181
-1
3	23	159	20
159	18	20	
4	148	195	89
-1
3	476	104	196
-1
2	579	198	1
-1
3	131	89	193
-1
2	464	24	170
-1
4	30	182	193
182	46	88	15	10	193	
4	11	120	1
120	6	64	12	4	1	
1	467	87	190
-1
2	799	29	158
-1
4	618	124	116
-1
3	706	98	62
-1
1	254	197	165
-1
3	206	73	163
-1
1	998	3	51
-1
1	519	86	26
-1
3	663	149	7
-1
1	464	178	79
-1
1	253	140	117
-1
2	562	158	146
-1
3	278	156	21
-1
2	691	125	118
-1
1	256	183	115
-1
3	18	188	139
188	7	82	3	139	
2	20	193	93
193	1	4	93	
