1	38	52	76
52	77	4	2	100	8	76	
1	57	35	119
35	17	119	
3	6	176	129
176	10	18	15	129	
4	3	105	104
105	54	17	68	13	50	29	104	
1	13	42	186
42	20	13	87	186	
1	12	77	28
77	4	2	6	28	
4	81	99	114
-1
3	87	186	98
186	87	3	98	
3	91	190	96
-1
3	57	41	46
41	46	
4	84	114	98
114	15	94	22	98	
3	3	3	132
3	82	12	10	132	
3	83	60	59
60	9	59	
2	39	117	163
-1
3	24	19	5
19	20	42	5	
1	3	131	33
131	99	91	20	19	64	88	33	
3	16	94	83
94	9	19	83	
4	66	126	69
-1
1	61	65	58
65	2	58	
4	7	107	50
107	6	38	13	50	
2	56	163	116
-1
3	39	47	118
47	17	43	2	4	118	
3	97	1	177
1	20	22	177	
1	11	83	46
83	17	46	
1	67	21	16
21	8	76	16	
3	52	144	99
144	99	
3	34	47	144
47	17	68	20	91	99	144	
2	2	62	22
62	15	94	22	
4	11	79	86
79	5	42	86	
2	13	40	192
40	13	20	192	
2	28	198	155
198	21	8	100	10	12	155	
4	45	53	1
53	2	6	30	1	
2	74	143	1
143	49	9	24	1	
3	71	91	35
91	20	98	35	
3	86	1	56
1	20	56	
3	84	68	151
68	13	87	151	
2	80	119	197
-1
1	1	52	11
52	54	17	68	20	11	
3	86	6	89
6	30	1	12	89	
3	77	168	80
-1
1	83	180	77
180	10	12	82	77	
4	35	59	129
59	9	94	15	129	
2	87	104	23
104	29	15	62	23	
1	22	29	113
29	15	94	9	19	113	
1	77	199	114
-1
3	79	136	181
136	8	66	13	181	
1	76	172	99
-1
3	38	151	102
151	87	13	20	1	102	
3	78	151	107
-1
4	58	188	27
-1
2	34	16	6
16	73	14	34	6	
1	15	199	17
199	61	16	50	13	68	17	
4	37	133	120
133	3	82	9	94	15	120	
4	50	20	100
20	10	100	
1	63	93	50
93	14	73	16	50	
1	95	21	185
-1
4	45	99	156
99	91	20	56	31	7	156	
4	46	126	58
126	13	38	6	2	58	
2	5	163	8
163	5	42	20	19	66	8	
3	31	193	147
193	57	94	9	6	147	
2	88	150	163
-1
2	4	135	161
135	30	6	9	161	
1	75	49	45
49	9	40	13	45	
1	74	138	16
-1
2	23	139	108
139	2	6	9	108	
4	60	53	128
-1
4	15	147	27
147	6	2	100	8	27	
1	25	43	152
43	17	68	20	152	
1	84	88	67
-1
3	31	144	59
144	99	91	196	9	59	
1	93	74	160
-1
4	5	114	94
114	15	94	
2	49	17	95
17	95	
4	17	192	32
192	20	32	
2	24	17	170
17	83	19	66	8	170	
1	4	92	174
92	17	54	80	174	
3	82	151	120
-1
2	85	117	114
-1
3	51	141	1
141	16	73	10	20	1	
3	61	125	97
-1
2	20	55	122
55	10	18	15	122	
4	66	99	35
99	91	20	98	35	
1	60	103	52
103	17	54	52	
1	43	103	195
103	17	43	2	195	
2	64	119	11
119	17	68	20	11	
2	37	195	54
195	2	43	17	54	
2	8	198	4
198	21	8	100	2	4	
4	21	179	121
179	18	10	20	68	17	121	
1	73	63	13
63	19	20	13	
3	69	166	137
166	13	87	3	137	
4	43	126	143
126	13	40	9	49	143	
2	77	198	41
198	21	71	41	
2	80	163	95
-1
2	26	174	198
174	80	54	17	46	41	71	21	198	
3	89	168	68
168	7	31	56	20	68	
1	42	131	62
131	196	9	94	15	62	
3	46	19	11
19	20	11	
2	18	26	141
26	10	73	16	141	
4	30	98	4
98	20	11	6	2	4	
3	67	170	121
-1
3	9	91	198
91	20	19	66	8	21	198	
4	2	133	147
133	3	78	9	6	147	
3	96	161	61
-1
3	45	41	34
41	69	73	14	34	
1	13	18	1
18	10	20	1	
3	26	6	83
6	9	19	83	
3	37	48	101
48	15	18	10	20	11	101	
1	77	45	78
45	13	40	9	78	
1	32	162	175
-1
3	4	91	145
91	20	13	145	
4	2	109	187
109	8	66	19	20	1	187	
2	100	70	119
-1
4	61	71	79
-1
3	46	166	71
166	13	68	17	46	41	71	
1	47	11	89
11	20	1	12	89	
2	81	123	46
-1
2	82	200	93
200	6	93	
1	11	88	89
88	64	63	72	89	
2	86	117	50
117	8	76	16	50	
2	82	148	93
148	8	100	2	93	
3	68	4	153
-1
3	38	57	22
57	94	22	
1	16	56	92
56	20	92	
2	39	116	58
116	20	11	6	2	58	
1	79	162	68
162	80	54	17	68	
2	24	160	142
160	10	18	15	142	
2	69	40	93
40	9	93	
3	57	173	181
173	19	20	13	181	
3	59	136	97
136	8	66	13	97	
4	3	121	196
121	17	68	20	91	196	
2	55	2	199
2	93	14	73	16	61	199	
1	77	21	55
-1
3	68	158	63
158	40	9	19	63	
3	77	173	178
-1
2	96	163	91
-1
3	89	41	2
-1
2	82	117	194
117	8	100	2	6	194	
3	62	85	166
85	11	20	13	166	
1	58	93	101
93	6	11	101	
1	5	103	173
103	17	83	19	173	
1	4	5	126
5	42	20	13	126	
3	10	60	146
60	9	24	5	146	
1	72	88	103
88	64	19	83	17	103	
2	2	55	28
55	10	100	2	6	28	
4	44	184	142
184	12	10	18	15	142	
4	46	179	183
-1
3	39	68	51
68	20	86	51	
1	56	49	135
49	2	6	30	135	
1	9	162	179
162	80	54	17	68	20	10	18	179	
1	81	171	82
171	66	19	9	82	
3	7	175	38
175	8	100	2	6	38	
1	4	130	97
130	81	16	50	13	97	
2	59	140	136
-1
2	86	163	191
-1
2	27	116	126
116	20	13	126	
2	61	160	104
160	10	18	15	29	104	
1	11	5	123
5	24	9	81	123	
1	97	43	171
-1
2	28	198	84
198	21	71	41	44	84	
3	9	6	54
6	2	43	17	54	
2	46	139	29
139	2	100	10	18	15	29	
4	95	197	110
197	11	110	
2	30	200	49
200	6	2	49	
3	72	58	164
-1
3	97	95	79
95	9	24	5	79	
1	53	74	190
74	9	19	190	
4	75	34	194
34	6	194	
4	98	197	188
-1
1	81	45	138
-1
2	35	72	95
72	89	17	95	
1	15	180	33
180	10	20	19	64	88	33	
1	24	78	29
78	9	94	15	29	
1	25	24	181
24	1	20	13	181	
4	88	105	190
-1
4	18	177	85
177	22	20	11	85	
3	8	125	158
125	80	54	17	68	13	40	158	
4	53	177	143
177	22	94	9	49	143	
2	41	104	91
104	29	50	13	20	91	
3	78	1	136
-1
4	72	181	7
-1
1	57	167	139
167	8	100	2	139	
4	37	181	168
181	13	38	6	2	7	168	
3	69	57	191
57	18	10	12	191	
4	59	181	95
181	13	68	17	95	
4	95	20	23
-1
1	4	89	148
89	12	10	100	8	148	
3	98	196	76
-1
3	89	1	179
1	20	10	18	179	
3	24	193	131
193	57	94	9	196	131	
3	82	170	64
170	8	66	19	64	
3	20	193	30
193	57	94	9	6	30	
3	87	1	11
1	20	11	
3	29	190	67
190	19	65	14	67	
3	24	158	199
158	40	13	50	16	61	199	
2	98	116	18
116	20	10	18	
2	97	62	106
-1
1	73	165	54
165	7	43	17	54	
2	3	163	6
163	5	24	9	6	
2	86	51	198
51	90	8	21	198	
2	49	26	119
26	10	20	92	17	119	
2	78	7	63
7	31	56	19	63	
4	40	79	64
79	37	13	20	19	64	
2	58	117	53
117	8	100	2	53	
2	56	146	162
-1
1	25	21	78
21	8	66	19	9	78	
1	83	118	91
-1
1	88	115	56
-1
2	93	139	18
139	2	100	10	18	
1	42	93	20
93	6	11	20	
3	60	178	197
-1
4	74	126	3
126	13	87	3	
1	37	56	33
56	19	64	88	33	
2	41	195	150
195	2	6	11	20	150	
4	3	105	95
105	54	17	95	
3	32	60	115
60	9	81	16	115	
3	22	137	184
137	3	82	12	184	
4	29	71	98
71	41	46	17	68	20	98	
3	98	58	188
-1
2	69	2	81
2	6	9	81	
3	65	95	58
95	9	6	2	58	
4	20	154	136
154	6	2	100	8	136	
2	52	27	191
27	8	100	10	12	191	
2	53	116	137
116	20	98	3	137	
2	47	8	41
8	21	71	41	
2	13	62	53
62	15	94	9	6	2	53	
1	97	145	189
145	13	189	
2	46	119	11
119	17	68	20	11	
4	34	147	20
147	6	11	20	
4	66	97	21
97	13	66	8	21	
1	23	65	67
65	14	67	
2	10	30	20
30	1	20	
2	52	149	198
-1
1	89	52	65
52	77	4	2	65	
4	29	105	73
105	54	17	46	41	69	73	
3	33	3	86
3	78	9	86	
2	73	16	31
16	73	10	20	56	31	
3	83	164	149
164	69	73	14	149	
3	2	161	47
161	9	95	17	47	
2	74	146	143
-1
1	40	11	8
11	6	2	100	8	
2	11	86	37
86	20	13	37	
3	61	95	137
95	9	82	3	137	
3	25	47	140
47	17	54	52	140	
1	49	87	44
87	13	68	17	46	41	44	
1	35	167	199
167	8	76	16	61	199	
3	17	100	14
100	2	93	14	
1	65	172	129
-1
2	11	7	89
7	43	17	89	
4	6	108	35
108	9	82	3	35	
1	13	134	45
134	14	73	10	20	13	45	
2	1	73	82
73	14	93	9	82	
3	89	136	177
-1
3	28	196	175
196	91	20	19	66	8	175	
2	24	72	61
72	32	20	10	73	16	61	
1	74	21	27
21	8	27	
2	87	7	126
-1
4	67	23	50
23	62	15	29	50	
2	7	139	56
139	2	7	31	56	
1	93	101	115
-1
3	90	6	48
-1
2	71	70	73
70	55	10	73	
4	47	122	8
122	15	18	10	100	8	
3	21	110	155
110	11	20	1	12	155	
3	33	190	26
190	19	20	10	26	
1	60	65	198
65	2	100	8	21	198	
1	85	138	156
-1
3	34	176	130
176	10	73	16	81	130	
3	41	94	68
94	22	20	68	
3	56	100	121
100	2	43	17	121	
1	3	93	126
93	6	38	13	126	
4	27	34	148
34	6	2	100	8	148	
2	34	104	69
104	29	50	16	73	69	
1	40	103	131
103	17	68	20	91	99	131	
3	18	75	120
75	18	15	120	
4	15	108	136
108	9	19	66	8	136	
1	23	167	73
167	8	76	16	73	
1	52	103	200
103	17	43	2	6	200	
1	72	89	93
89	12	82	9	93	
4	92	129	192
-1
3	69	37	36
37	13	50	16	36	
1	16	39	69
39	9	93	14	73	69	
1	37	65	173
65	19	173	
2	67	51	27
51	90	8	27	
1	38	142	101
142	15	18	10	20	11	101	
4	73	59	8
-1
2	45	127	126
127	3	87	13	126	
2	44	148	29
148	8	76	16	50	29	
2	36	51	117
51	90	8	117	
3	79	22	197
22	20	11	197	
4	15	113	33
113	19	64	88	33	
2	35	82	23
82	9	94	15	62	23	
2	59	149	39
-1
3	85	85	41
-1
1	86	103	183
-1
2	45	40	193
40	9	94	57	193	
1	71	112	118
-1
2	99	8	17
8	66	19	83	17	
1	67	103	68
103	17	68	
4	15	90	41
90	16	73	69	41	
4	47	69	154
69	73	14	34	6	154	
1	21	35	187
35	98	20	1	187	
4	60	69	87
69	73	10	20	13	87	
4	52	28	124
28	6	2	124	
3	34	164	26
164	69	73	10	26	
1	27	49	66
49	9	19	66	
3	96	94	177
94	22	177	
3	65	64	185
64	19	20	13	185	
1	32	14	39
14	93	9	39	
1	72	80	129
-1
1	77	46	197
46	17	68	20	11	197	
1	15	45	31
45	13	20	56	31	
1	54	65	51
65	19	20	86	51	
2	77	76	30
76	8	100	2	6	30	
2	54	128	194
128	36	16	73	14	34	6	194	
4	19	113	194
113	19	9	6	194	
3	48	91	87
91	20	13	87	
3	84	187	102
187	1	102	
2	22	51	115
51	90	16	115	
1	50	134	146
-1
3	46	57	144
57	18	10	20	91	99	144	
2	28	86	188
86	20	13	37	188	
4	31	53	52
53	2	4	77	52	
4	12	105	80
105	54	80	
3	5	33	159
33	88	64	19	9	94	15	159	
3	51	187	71
187	1	92	17	46	41	71	
1	37	5	162
5	42	20	92	17	54	80	162	
2	91	104	100
-1
3	57	187	102
187	1	102	
4	55	109	187
109	8	66	19	20	1	187	
3	98	110	195
110	11	6	2	195	
4	85	108	80
-1
1	88	87	84
-1
2	19	117	140
117	8	100	2	4	77	52	140	
4	77	129	173
-1
3	48	85	159
85	6	9	94	15	159	
1	61	35	115
35	38	13	50	16	115	
1	12	24	171
24	1	20	19	66	171	
2	65	66	157
66	19	9	82	77	157	
3	3	22	17
22	20	68	17	
4	97	28	127
-1
4	29	177	186
177	22	20	13	87	186	
4	12	113	72
113	19	63	72	
1	3	101	141
101	11	6	34	14	73	16	141	
4	75	71	21
71	21	
3	85	48	105
-1
3	52	47	92
47	17	92	
2	22	7	67
7	2	93	14	67	
3	30	170	132
170	8	100	10	132	
4	47	34	105
34	6	2	43	17	54	105	
3	25	36	133
36	16	81	9	82	3	133	
4	10	184	109
184	12	10	100	8	109	
4	33	12	22
12	1	20	22	
3	73	75	74
75	18	15	94	9	74	
1	93	78	144
-1
3	98	4	143
4	2	49	143	
1	41	89	189
89	12	1	20	91	189	
4	7	192	195
192	20	11	6	2	195	
4	90	113	116
113	19	20	116	
1	94	142	149
-1
2	78	140	136
-1
2	87	16	120
16	50	29	15	120	
1	60	77	83
77	52	54	17	83	
1	85	10	158
10	20	13	40	158	
2	28	82	187
82	12	1	187	
2	23	127	190
127	3	98	20	19	190	
2	11	76	78
76	16	81	9	78	
2	58	116	69
116	20	10	73	69	
2	73	174	133
-1
2	74	163	27
-1
2	9	8	118
8	100	2	4	118	
3	80	186	134
-1
1	15	24	162
24	1	92	17	54	80	162	
1	72	83	171
83	19	66	171	
1	10	167	5
167	8	66	19	20	42	5	
2	99	146	131
-1
3	29	68	6
68	20	11	6	
4	49	179	73
179	18	10	73	
4	82	188	46
-1
3	60	161	160
161	9	86	20	10	160	
1	77	185	167
185	13	66	8	167	
2	10	146	152
146	5	42	20	152	
2	72	25	175
-1
2	94	139	57
-1
1	50	162	175
-1
1	80	171	73
-1
4	37	122	92
122	15	18	10	20	92	
2	9	150	22
150	20	22	
2	6	198	9
198	21	8	66	19	9	
1	65	131	169
-1
4	32	90	153
90	13	20	42	5	153	
1	83	167	98
-1
2	10	128	75
128	36	16	73	10	18	75	
2	18	51	165
51	86	9	6	2	7	165	
4	93	97	79
97	13	37	79	
2	17	146	1
146	5	24	1	
4	8	126	122
126	13	50	29	15	122	
1	30	14	23
14	73	10	18	15	62	23	
3	38	175	21
175	8	21	
1	58	180	103
180	10	20	92	17	103	
4	63	97	193
-1
4	60	28	159
28	6	9	94	15	159	
2	86	62	38
-1
4	3	71	89
71	41	46	17	89	
3	81	41	185
-1
3	81	33	130
-1
3	55	1	7
1	30	6	2	7	
4	77	108	173
108	9	19	173	
3	49	37	147
37	13	38	6	147	
3	52	175	78
175	8	66	19	9	78	
3	96	32	174
-1
2	6	194	1
194	6	30	1	
3	43	6	15
6	9	94	15	
1	83	43	37
43	17	68	13	37	
1	19	45	77
45	13	20	1	12	82	77	
3	1	125	61
125	80	54	17	68	13	50	16	61	
3	7	158	61
158	40	13	50	16	61	
1	31	112	169
112	20	11	6	2	4	169	
2	77	40	157
40	9	82	77	157	
1	55	189	131
189	91	99	131	
4	28	192	115
192	20	10	73	16	115	
2	81	139	60
139	2	6	9	60	
2	47	44	17
44	41	46	17	
3	83	186	60
-1
4	12	121	104
121	17	68	13	50	29	104	
1	72	39	181
39	9	40	13	181	
1	85	39	90
39	9	81	16	90	
2	5	198	1
198	21	8	66	19	20	1	
2	61	128	192
-1
1	92	5	132
5	42	20	10	132	
4	58	111	75
111	16	73	10	18	75	
3	17	190	13
190	19	20	13	
2	86	70	56
70	55	10	20	56	
2	45	116	194
116	20	11	6	194	
3	100	151	114
-1
2	32	62	104
62	15	29	104	
3	21	33	143
33	88	64	19	9	49	143	
3	73	169	92
-1
2	17	73	19
73	14	65	19	
1	48	134	175
-1
1	23	77	37
77	82	12	1	20	13	37	
1	35	134	27
134	14	93	2	100	8	27	
2	43	2	96
-1
1	88	87	164
-1
2	1	183	114
183	21	71	41	44	62	15	114	
2	56	135	175
-1
1	50	18	159
18	15	159	
1	41	39	128
39	9	81	16	36	128	
2	60	163	152
-1
4	86	79	85
-1
4	23	79	161
79	5	24	9	161	
3	49	1	46
1	92	17	46	
1	96	87	48
-1
4	59	181	86
181	13	20	86	
3	24	68	21
68	17	46	41	71	21	
4	98	20	107
20	11	6	107	
2	9	76	124
76	8	100	2	124	
2	88	25	114
-1
2	39	66	77
66	19	9	82	77	
1	24	77	107
77	4	2	6	107	
1	36	14	185
14	73	10	20	13	185	
3	82	36	137
-1
3	81	36	176
36	16	73	10	176	
4	18	132	156
132	10	100	7	156	
1	38	142	24
142	15	94	9	24	
2	96	66	195
66	8	100	2	195	
2	20	163	70
163	5	42	20	10	55	70	
2	33	123	47
123	81	9	95	17	47	
1	61	10	64
10	20	19	64	
1	68	49	140
49	2	4	77	52	140	
1	4	124	153
124	2	6	11	20	42	5	153	
1	41	159	141
159	15	29	50	16	141	
2	68	40	176
40	13	20	10	176	
2	23	120	107
120	15	94	9	6	107	
3	98	38	49
38	6	2	49	
2	45	127	66
127	3	87	13	66	
2	14	123	28
123	81	9	6	28	
2	12	194	103
194	6	2	43	17	103	
2	75	26	112
26	10	20	112	
1	14	39	112
39	9	19	20	112	
3	19	158	35
158	40	13	38	35	
3	11	13	194
13	20	11	6	194	
1	86	5	185
5	42	20	13	185	
1	45	172	57
-1
3	45	47	94
47	17	95	9	94	
3	10	144	172
144	99	91	20	11	6	2	4	172	
2	89	140	46
140	52	54	17	46	
2	91	54	39
54	17	95	9	39	
1	55	165	17
165	7	43	17	
1	66	92	55
92	20	10	55	
1	1	5	164
5	42	20	10	73	69	164	
3	46	175	176
175	8	100	10	176	
3	30	85	181
85	11	20	13	181	
2	86	123	152
-1
2	31	67	198
67	14	73	69	41	71	21	198	
2	55	163	94
-1
1	100	172	33
-1
1	39	112	38
112	20	13	38	
3	7	3	155
3	82	12	155	
4	13	109	46
109	8	21	71	41	46	
2	76	174	2
-1
