3	70	182	178
-1
2	49	116	73
-1
3	39	200	93
200	6	20	7	83	13	93	
2	66	13	141
-1
3	91	15	132
-1
3	16	71	193
71	19	32	10	193	
1	73	134	187
-1
4	58	24	180
24	7	29	17	180	
3	5	96	22
96	9	22	
3	23	183	19
183	66	20	41	19	
3	100	169	153
169	16	54	20	6	153	
3	72	90	20
90	19	41	20	
2	16	190	19
190	4	1	67	19	
3	56	28	184
-1
2	39	145	150
-1
2	84	135	20
135	16	54	20	
2	70	3	105
-1
4	50	75	129
-1
4	23	184	24
184	1	4	60	7	24	
2	94	40	158
-1
2	46	63	126
63	3	68	9	8	126	
1	65	14	167
14	19	167	
1	35	38	157
38	16	46	21	9	157	
3	18	153	184
153	6	20	7	60	4	1	184	
1	68	161	81
-1
2	87	51	167
51	79	19	167	
1	92	134	169
-1
2	72	4	195
-1
4	47	5	179
5	2	179	
2	56	179	18
179	2	20	7	83	18	
3	34	172	80
172	13	83	18	78	14	80	
2	100	69	94
-1
1	56	185	83
185	2	20	7	83	
1	92	120	35
-1
3	72	189	195
189	27	19	14	195	
4	90	8	198
-1
4	59	95	131
95	20	6	131	
1	5	38	86
38	16	7	20	2	86	
1	83	61	90
-1
1	1	59	21
59	14	19	46	21	
1	32	14	192
14	52	20	6	192	
2	77	47	13
-1
2	59	47	197
47	5	60	7	197	
3	46	154	68
-1
1	92	45	57
-1
1	89	168	64
-1
1	20	10	110
10	60	7	20	6	110	
1	57	20	99
20	99	
4	99	24	159
-1
1	19	7	17
7	29	17	
2	62	159	183
-1
2	74	142	29
142	6	20	7	29	
4	71	19	27
19	27	
4	38	129	181
129	13	83	7	60	10	181	
1	46	74	177
-1
3	10	166	97
166	28	75	12	15	97	
3	71	54	106
-1
1	70	25	125
-1
3	28	34	148
34	65	84	3	2	148	
3	97	132	106
-1
2	79	50	64
50	18	64	
1	59	111	158
-1
3	86	137	176
-1
2	66	159	104
159	10	60	7	104	
1	42	48	130
48	1	4	60	10	130	
2	38	194	95
194	20	95	
1	95	155	100
-1
1	19	25	77
25	6	77	
2	19	146	110
146	20	6	110	
2	24	26	193
26	7	60	10	193	
4	40	122	42
122	18	78	14	87	11	42	
3	97	152	104
-1
1	24	10	192
10	60	7	20	6	192	
4	79	95	150
-1
2	60	112	198
-1
3	54	154	191
-1
3	6	43	97
43	20	74	8	97	
2	34	190	73
-1
1	95	108	19
-1
2	87	78	44
78	18	44	
3	80	154	117
-1
4	83	93	68
-1
1	75	141	29
-1
2	76	116	124
-1
2	73	146	35
-1
3	15	106	140
106	5	11	46	19	140	
1	11	111	135
111	7	16	135	
4	36	16	124
16	7	20	43	124	
4	54	101	183
101	7	20	66	183	
4	97	95	61
-1
3	13	33	14
33	9	53	18	78	14	
2	32	12	58
12	75	14	58	
4	60	95	150
-1
3	35	121	17
121	18	64	17	
3	22	96	162
96	9	53	18	78	14	162	
2	13	21	67
21	46	19	67	
3	47	87	178
-1
2	22	50	145
50	18	83	7	60	4	145	
1	57	85	46
85	14	19	46	
1	17	138	92
138	6	20	76	75	12	92	
3	82	186	125
-1
4	91	150	88
-1
1	92	181	182
-1
3	8	192	54
192	6	20	54	
1	69	127	102
-1
1	88	48	74
-1
2	65	12	160
-1
1	61	111	9
-1
3	58	132	45
-1
1	50	88	134
-1
3	26	56	119
56	3	2	5	119	
3	13	189	68
189	9	68	
2	47	179	200
179	2	20	6	200	
1	52	70	192
70	19	41	20	6	192	
4	5	129	70
129	13	83	7	41	19	70	
1	78	198	69
-1
1	90	85	80
85	14	80	
4	50	101	190
101	7	60	4	190	
1	95	61	74
-1
4	28	19	113
19	41	20	6	113	
1	47	20	121
20	7	83	18	121	
1	66	97	109
97	15	12	109	
1	18	61	40
61	15	12	75	14	78	18	40	
1	9	7	61
7	26	11	12	15	61	
1	30	111	190
111	7	60	4	190	
2	98	115	139
-1
4	29	193	175
193	10	60	7	83	13	175	
3	19	182	75
182	12	75	
2	44	131	87
131	6	20	52	14	87	
2	56	77	57
77	5	2	57	
4	28	5	28
5	80	14	75	28	
2	37	3	76
3	2	20	76	
1	28	20	137
20	95	11	12	15	137	
3	88	37	95
37	2	20	95	
1	77	45	5
-1
1	67	74	120
-1
2	41	123	64
123	10	60	7	83	18	64	
1	67	52	197
52	20	7	197	
4	6	122	79
122	18	78	3	79	
4	62	65	156
-1
2	42	72	112
72	16	7	60	5	112	
3	17	200	114
200	6	20	7	60	4	1	114	
4	5	188	133
188	19	76	9	8	133	
3	100	15	122
-1
3	56	102	166
-1
2	27	131	192
131	6	192	
1	90	97	66
-1
1	38	38	117
38	16	67	1	117	
2	17	4	190
4	190	
3	24	9	6
9	77	6	
2	87	23	78
-1
4	52	16	29
16	7	29	
1	84	84	16
84	19	46	16	
1	57	89	30
-1
3	23	140	83
140	19	41	7	83	
1	66	195	13
-1
4	83	122	110
-1
2	52	63	147
63	73	18	147	
1	41	1	102
1	67	16	72	102	
3	47	169	63
169	16	54	20	43	73	63	
3	76	44	37
-1
4	4	30	4
30	9	96	4	
3	19	81	87
81	13	83	18	78	14	87	
4	100	16	127
16	54	20	2	127	
1	82	73	66
73	43	20	66	
2	95	47	61
-1
3	56	164	182
-1
2	54	146	44
146	20	7	83	18	44	
4	55	197	196
197	7	83	13	196	
2	69	190	164
-1
2	57	36	159
-1
1	60	111	188
111	7	41	19	188	
3	47	166	68
-1
1	73	85	84
85	14	84	
2	39	135	108
-1
2	51	116	154
-1
4	84	110	117
-1
3	79	165	62
-1
1	75	70	11
70	12	11	
4	90	125	200
-1
2	49	145	35
-1
3	36	2	97
2	20	74	8	97	
1	56	61	62
-1
2	91	159	97
-1
3	98	32	31
-1
4	51	122	98
122	18	78	3	98	
4	19	24	160
24	7	20	76	9	160	
4	32	107	76
107	2	20	76	
1	42	185	146
185	2	20	146	
4	41	11	70
11	12	70	
1	27	1	166
1	48	17	28	166	
4	75	101	167
-1
2	88	36	28
-1
4	84	143	138
-1
3	66	133	169
-1
4	64	30	42
-1
3	23	32	65
32	19	84	65	
4	50	150	171
-1
2	95	82	108
-1
2	16	23	118
23	21	46	16	72	118	
2	82	116	118
-1
2	48	194	18
-1
3	27	169	6
169	16	7	20	6	
2	65	156	148
-1
3	85	192	33
-1
1	79	57	62
-1
3	43	172	46
172	13	83	7	16	46	
1	66	46	195
46	19	14	195	
2	73	196	28
-1
3	90	90	3
90	19	14	78	3	
1	60	6	118
-1
3	29	87	111
87	11	26	7	111	
4	86	86	31
-1
4	86	65	187
65	34	187	
1	18	181	178
181	10	8	178	
4	31	65	186
65	84	14	78	18	186	
4	76	143	110
-1
1	23	38	155
38	16	7	155	
4	50	103	102
-1
2	52	27	192
27	19	41	20	6	192	
2	21	68	149
68	3	67	19	149	
2	84	27	187
-1
1	14	108	72
108	8	74	20	7	16	72	
4	52	193	88
193	10	60	7	88	
1	81	130	68
-1
3	67	147	133
-1
2	28	178	27
178	8	9	189	27	
4	82	5	64
5	80	14	64	
2	36	27	118
27	19	46	16	72	118	
3	79	29	144
29	7	20	144	
3	27	32	12
32	19	70	12	
4	13	105	190
105	13	83	7	60	4	190	
1	36	88	97
-1
3	76	53	42
-1
4	43	5	171
5	2	20	66	171	
1	75	85	118
-1
4	54	103	47
-1
4	17	30	51
30	9	51	
3	87	64	30
-1
3	30	199	58
199	12	75	14	58	
2	41	77	89
77	6	89	
4	31	55	193
55	1	4	60	10	193	
4	79	19	32
19	32	
1	20	6	85
6	20	52	14	85	
3	43	81	41
81	13	83	7	41	
4	60	24	77
24	7	20	6	77	
2	58	50	132
50	18	78	3	132	
4	60	103	161
-1
3	89	172	176
-1
1	46	158	174
-1
1	87	39	2
-1
3	31	132	56
132	3	56	
1	63	14	74
14	52	20	74	
3	99	192	80
-1
3	91	164	160
-1
3	67	106	183
-1
4	98	117	185
-1
3	11	174	87
174	1	67	19	14	87	
1	86	185	10
185	2	5	60	10	
1	12	74	119
74	20	2	5	119	
3	13	171	158
171	66	20	74	8	158	
4	69	109	89
-1
2	94	40	102
-1
3	25	154	45
154	13	31	17	45	
3	85	152	160
-1
4	19	94	65
94	1	67	19	84	65	
3	3	160	133
160	9	8	133	
4	42	110	58
110	6	20	52	14	58	
1	3	20	43
20	43	
1	22	57	116
57	2	3	67	1	116	
2	31	68	38
68	3	67	16	38	
3	19	33	147
33	9	53	18	147	
3	72	53	186
53	18	186	
2	68	146	91
146	20	52	14	91	
3	28	71	42
71	12	11	42	
4	44	107	87
107	2	5	11	87	
2	77	77	46
-1
1	86	80	107
80	5	2	107	
1	28	73	78
73	18	78	
4	95	75	87
75	14	87	
2	33	148	154
148	2	20	7	83	13	154	
2	31	178	138
178	8	74	20	6	138	
1	16	48	190
48	1	4	190	
3	6	171	88
171	66	20	7	88	
2	99	139	110
-1
3	85	18	16
-1
2	82	113	92
-1
1	41	141	123
141	3	98	10	123	
2	18	27	147
27	19	14	78	18	147	
3	56	106	22
-1
4	10	101	169
101	7	16	169	
1	99	85	99
-1
3	89	15	146
-1
2	28	82	117
82	18	48	1	117	
1	37	39	7
39	52	20	7	
3	4	189	176
189	27	19	41	7	176	
1	47	25	88
25	6	20	7	88	
2	70	58	29
-1
1	68	198	55
-1
1	89	168	112
-1
2	10	23	12
23	21	46	11	12	
4	8	184	48
184	1	48	
1	5	83	14
83	18	78	14	
2	21	123	95
123	10	60	7	20	95	
3	79	2	85
2	20	52	14	85	
1	54	38	73
38	16	54	20	43	73	
4	42	193	97
193	10	8	97	
1	22	39	155
39	52	20	7	155	
3	28	160	152
160	9	76	75	12	152	
3	39	28	71
28	75	12	71	
2	3	68	94
68	3	67	1	94	
4	50	30	29
-1
2	16	136	111
136	20	7	111	
4	10	93	185
93	100	86	2	185	
3	47	165	186
165	9	53	18	186	
3	19	44	175
44	18	83	13	175	
4	16	49	167
49	21	46	19	167	
2	22	142	158
142	6	20	74	8	158	
2	25	63	69
63	69	
2	96	142	96
-1
1	41	181	116
181	10	60	4	1	116	
3	69	183	144
183	66	20	144	
4	32	184	32
184	1	67	19	32	
3	68	199	124
-1
1	54	61	40
-1
1	28	7	83
7	83	
1	47	25	132
-1
2	4	92	25
92	12	75	76	20	6	25	
4	24	65	88
65	84	19	41	7	88	
2	72	190	29
-1
3	87	137	161
-1
4	82	177	143
-1
4	65	197	79
197	7	41	19	79	
1	40	80	77
80	5	77	
2	80	148	137
-1
3	62	153	95
153	6	20	95	
3	45	132	120
-1
2	70	78	163
-1
3	9	133	28
133	8	9	53	18	50	28	
1	89	57	169
-1
3	50	28	105
-1
2	44	66	33
-1
2	74	47	181
-1
2	51	12	61
12	15	61	
2	39	51	160
51	9	160	
1	34	130	112
130	10	60	5	112	
3	5	44	195
44	18	78	14	195	
2	19	40	25
40	18	83	7	20	6	25	
1	98	61	157
-1
3	66	169	165
-1
1	70	10	144
-1
1	2	59	161
59	18	48	1	161	
3	35	154	160
-1
4	47	128	123
-1
1	6	130	125
130	10	60	7	83	13	125	
1	69	20	55
20	7	41	19	67	1	55	
4	63	5	50
5	80	14	78	18	50	
1	87	61	41
-1
1	96	80	102
-1
2	12	77	70
77	6	20	41	19	70	
3	8	43	31
43	20	99	17	31	
3	68	64	41
64	14	19	41	
4	79	118	195
-1
3	1	152	74
152	12	15	97	8	74	
1	26	198	3
198	19	67	3	
2	32	3	174
3	67	1	174	
2	81	23	179
-1
3	21	37	39
37	2	20	52	39	
2	22	124	118
124	43	20	7	16	72	118	
3	44	71	147
71	19	14	78	18	147	
1	26	134	141
134	17	19	67	3	141	
1	67	141	4
-1
1	13	61	121
61	15	12	75	14	78	18	121	
2	86	139	24
-1
3	40	140	21
140	19	46	21	
1	13	17	175
17	31	13	175	
2	91	148	197
148	2	20	7	197	
4	82	128	186
-1
2	51	100	61
-1
3	97	174	131
-1
2	37	69	16
69	63	3	67	16	
2	93	194	157
-1
2	65	112	169
-1
4	89	24	59
-1
3	9	9	150
9	68	3	150	
2	36	100	166
-1
3	84	165	113
-1
4	69	55	192
-1
1	29	88	44
88	7	83	18	44	
1	11	39	17
39	52	19	17	
2	27	135	37
135	16	7	20	2	37	
2	35	124	182
-1
2	3	116	94
116	1	94	
4	61	180	117
-1
2	63	68	78
68	3	78	
4	28	129	177
129	13	83	18	53	9	177	
3	41	164	141
164	7	20	2	3	141	
1	32	99	148
99	20	2	148	
2	75	68	35
-1
3	43	96	25
96	9	77	6	25	
2	31	159	160
159	10	8	9	160	
1	13	85	35
85	14	75	12	35	
2	58	119	150
-1
1	74	73	81
-1
1	3	85	101
85	14	19	41	7	101	
2	32	47	181
47	5	60	10	181	
4	24	175	96
175	13	83	7	60	4	96	
1	23	167	194
167	19	41	20	194	
1	58	198	61
-1
1	82	25	109
-1
4	93	19	67
19	67	
2	27	50	103
50	18	78	14	103	
1	28	14	173
14	75	12	15	173	
3	61	71	45
71	19	17	45	
2	61	196	129
196	13	129	
2	41	151	128
151	16	67	1	128	
2	88	82	54
-1
4	81	105	20
-1
3	94	28	169
-1
3	54	137	145
-1
1	72	70	164
70	19	41	7	164	
2	74	115	165
-1
4	46	193	130
193	10	130	
2	42	21	152
21	46	11	12	152	
3	22	81	99
81	13	83	7	20	99	
4	49	193	49
-1
1	2	85	130
85	14	19	32	10	130	
2	73	72	187
-1
2	42	4	166
-1
4	86	197	54
197	7	20	54	
2	1	50	75
50	28	75	
1	65	73	189
-1
1	94	46	182
-1
4	97	143	154
-1
1	96	84	186
84	14	78	18	186	
2	44	58	178
-1
1	26	6	62
6	20	52	14	62	
3	64	160	85
-1
3	29	132	88
132	3	2	20	7	88	
1	34	25	37
25	6	20	2	37	
1	8	111	38
111	7	16	38	
2	97	112	111
-1
3	30	28	108
28	75	12	15	97	8	108	
1	35	73	3
73	63	3	
1	20	70	38
70	19	46	16	38	
3	49	165	95
165	9	76	20	95	
1	62	108	53
-1
3	46	133	12
133	8	97	15	12	
3	85	96	95
-1
1	21	176	120
176	7	29	17	120	
4	59	109	30
-1
2	21	69	92
69	39	78	14	75	12	92	
4	28	65	119
65	84	3	2	5	119	
2	30	146	192
146	20	6	192	
4	68	180	13
180	17	31	13	
2	62	151	177
-1
1	66	99	84
99	20	52	14	84	
3	77	60	169
-1
4	24	105	16
105	13	83	7	16	
1	43	141	144
141	3	2	20	144	
2	24	62	4
62	16	7	60	4	
1	67	20	72
20	54	16	72	
2	86	40	88
-1
2	29	119	33
119	5	77	9	33	
4	41	49	164
49	21	46	16	7	164	
1	69	168	114
-1
1	4	181	164
181	10	60	7	164	
2	72	47	23
-1
4	40	75	79
75	14	19	79	
1	83	198	20
-1
2	38	40	33
40	18	53	9	33	
3	10	15	52
15	12	70	19	52	
2	97	82	43
-1
4	82	19	113
19	41	20	6	113	
1	45	99	113
99	20	6	113	
2	11	191	80
191	58	14	80	
1	26	59	13
59	18	83	13	
1	49	114	11
114	1	67	16	46	11	
3	79	186	85
186	18	78	14	85	
4	50	177	83
-1
1	82	111	74
111	7	20	74	
1	85	48	41
-1
1	79	57	74
57	2	20	74	
3	92	154	92
-1
1	4	187	142
187	34	65	84	14	52	20	6	142	
3	36	183	132
183	66	20	2	3	132	
1	48	45	142
-1
3	58	71	55
71	19	67	1	55	
3	94	71	192
-1
1	76	149	120
-1
3	2	199	30
199	12	75	76	9	30	
1	94	80	78
80	14	78	
4	67	117	86
-1
1	58	195	191
195	14	58	191	
3	51	186	177
186	18	53	9	177	
3	34	90	160
90	19	76	9	160	
4	27	177	4
177	9	96	4	
2	33	124	74
124	43	20	74	
3	25	33	144
33	9	76	20	144	
2	44	26	45
26	7	29	17	45	
