3	49	116	73
116	1	15	9	73	
2	39	200	93
200	5	15	93	
4	66	13	141
13	53	7	14	8	141	
3	91	15	132
15	5	8	132	
1	16	71	193
71	7	14	18	45	11	193	
2	73	134	187
134	1	15	5	8	187	
1	58	24	180
24	11	70	9	180	
2	5	96	22
96	68	12	22	
3	23	183	19
183	2	74	20	85	19	
3	100	169	153
169	5	15	9	153	
4	72	90	20
90	10	5	28	18	20	
2	16	190	19
190	11	41	15	69	19	
1	56	28	184
28	18	99	6	184	
3	39	145	150
145	3	5	15	1	150	
3	84	135	20
135	18	20	
1	70	3	105
3	99	18	20	105	
2	50	75	129
75	6	99	16	129	
3	23	184	24
184	6	11	24	
1	94	40	158
40	69	15	158	
1	46	63	126
63	6	11	41	15	126	
1	65	14	167
14	7	76	17	167	
4	35	38	157
38	46	92	12	29	157	
2	18	153	184
153	9	72	6	184	
2	68	161	81
161	57	68	91	18	81	
2	87	51	167
51	5	54	17	167	
2	92	134	169
134	1	15	5	169	
2	72	4	195
4	60	10	195	
2	47	5	179
5	15	179	
2	56	179	18
179	15	9	20	18	
3	34	172	80
172	9	20	80	
4	100	69	94
69	10	92	12	94	
1	56	185	83
185	7	14	18	99	6	83	
3	92	120	35
120	3	99	6	35	
1	72	189	195
189	7	76	10	195	
1	90	8	198
8	14	18	198	
2	59	95	131
95	14	28	5	15	1	131	
4	5	38	86
38	20	9	15	86	
2	83	61	90
61	3	5	10	90	
1	1	59	21
59	5	28	14	7	21	
1	32	14	192
14	7	76	17	192	
3	77	47	13
47	41	11	70	13	
3	59	47	197
47	41	11	197	
3	46	154	68
154	22	12	68	
2	92	45	57
45	11	57	
1	89	168	64
168	15	5	64	
2	20	10	110
10	5	8	110	
3	57	20	99
20	18	99	
1	99	24	159
24	8	36	159	
4	19	7	17
7	76	17	
1	62	159	183
-1
2	74	142	29
-1
2	71	19	27
19	85	20	18	27	
2	38	129	181
129	16	99	3	5	181	
3	46	74	177
74	18	45	11	10	177	
3	10	166	97
166	9	20	18	97	
3	71	54	106
-1
1	70	25	125
25	20	85	19	125	
2	28	34	148
34	64	8	14	148	
1	97	132	106
132	8	33	30	106	
4	79	50	64
50	56	6	8	64	
4	59	111	158
111	5	15	158	
3	86	137	176
-1
1	66	159	104
-1
4	42	48	130
48	54	5	130	
2	38	194	95
194	6	99	18	14	95	
3	95	155	100
155	7	76	17	100	
1	19	25	77
25	20	9	77	
1	19	146	110
146	10	5	8	110	
3	24	26	193
26	11	193	
2	40	122	42
122	5	28	18	27	42	
3	97	152	104
-1
2	24	10	192
10	76	17	192	
2	79	95	150
-1
4	60	112	198
112	9	20	18	198	
3	54	154	191
154	22	3	5	15	1	191	
3	6	43	97
43	89	14	18	97	
2	34	190	73
190	11	70	9	73	
4	95	108	19
108	10	69	19	
4	87	78	44
78	14	28	44	
3	80	154	117
154	22	46	38	20	117	
4	83	93	68
93	15	41	47	91	68	
1	75	141	29
141	8	14	95	12	29	
3	76	116	124
116	1	15	41	11	6	124	
1	73	146	35
146	10	11	164	35	
2	15	106	140
106	30	33	14	7	53	13	140	
4	11	111	135
111	5	28	18	135	
3	36	16	124
16	99	6	124	
4	54	101	183
101	14	18	74	2	183	
2	97	95	61
95	12	3	61	
2	13	33	14
33	14	
3	32	12	58
12	67	11	58	
2	60	95	150
95	14	28	5	15	1	150	
1	35	121	17
121	11	41	5	54	17	
2	22	96	162
96	68	12	92	10	34	162	
1	13	21	67
21	12	67	
4	47	87	178
87	17	178	
4	22	50	145
50	56	6	99	3	145	
3	57	85	46
85	20	38	46	
1	17	138	92
138	4	60	10	92	
1	82	186	125
186	13	85	19	125	
1	91	150	88
-1
1	92	181	182
-1
2	8	192	54
192	17	54	
2	69	127	102
-1
4	88	48	74
48	54	17	2	74	
3	65	12	160
12	21	7	160	
4	61	111	9
111	5	15	9	
1	58	132	45
132	8	6	45	
4	50	88	134
88	14	28	5	15	1	134	
1	26	56	119
56	6	65	2	119	
1	13	189	68
189	7	14	18	91	68	
2	47	179	200
179	15	5	200	
3	52	70	192
70	9	74	2	17	192	
2	5	129	70
129	16	99	6	11	70	
2	78	198	69
198	18	40	69	
3	90	85	80
85	20	80	
4	50	101	190
101	14	18	45	11	190	
2	95	61	74
61	9	74	
2	28	19	113
19	113	
3	47	20	121
20	18	45	11	121	
1	66	97	109
97	18	14	109	
2	18	61	40
61	9	20	18	40	
4	9	7	61
7	76	3	61	
4	30	111	190
111	5	41	11	190	
3	98	115	139
115	3	76	7	139	
4	29	193	175
193	11	45	18	40	175	
3	19	182	75
182	39	47	41	11	6	75	
2	44	131	87
131	1	15	9	20	18	87	
4	56	77	57
77	9	72	57	
2	28	5	28
5	28	
1	37	3	76
3	76	
3	28	20	137
20	33	8	137	
3	88	37	95
-1
2	77	45	5
45	11	41	5	
3	67	74	120
74	18	99	3	120	
3	41	123	64
123	20	33	8	64	
2	67	52	197
52	7	76	10	11	197	
2	6	122	79
122	5	28	18	79	
2	62	65	156
65	6	8	14	7	156	
1	42	72	112
72	9	112	
2	17	200	114
200	5	28	18	114	
3	5	188	133
188	3	99	6	56	133	
3	100	15	122
15	5	122	
2	56	102	166
102	37	73	9	166	
2	27	131	192
131	1	15	5	54	17	192	
1	90	97	66
-1
4	38	38	117
38	20	117	
2	17	4	190
4	65	6	11	190	
2	24	9	6
9	72	6	
2	87	23	78
23	9	20	18	14	78	
3	52	16	29
16	91	68	12	29	
4	84	84	16
-1
3	57	89	30
89	14	33	30	
3	23	140	83
140	13	70	11	6	83	
3	66	195	13
195	10	11	70	13	
2	83	122	110
122	5	8	110	
1	52	63	147
63	6	147	
3	41	1	102
1	15	9	73	37	102	
3	47	169	63
169	5	8	6	63	
1	76	44	37
44	13	70	9	73	37	
2	4	30	4
30	33	14	95	4	
4	19	81	87
81	18	87	
3	100	16	127
16	91	47	32	127	
3	82	73	66
73	37	66	
3	95	47	61
47	41	15	9	61	
1	56	164	182
164	11	41	47	39	182	
1	54	146	44
146	10	5	28	44	
4	55	197	196
197	11	6	8	196	
2	69	190	164
190	11	164	
3	57	36	159
36	159	
4	60	111	188
111	5	3	188	
3	47	166	68
166	9	67	12	68	
3	73	85	84
85	19	84	
3	39	135	108
135	18	28	5	10	108	
3	51	116	154
-1
1	84	110	117
110	8	33	20	117	
3	79	165	62
165	6	65	4	62	
3	75	70	11
70	11	
2	90	125	200
-1
3	49	145	35
145	3	99	6	35	
4	36	2	97
2	74	18	97	
2	56	61	62
61	3	12	95	4	62	
1	91	159	97
159	36	40	18	97	
4	98	32	31
32	47	41	15	1	31	
2	51	122	98
122	5	28	14	98	
1	19	24	160
24	8	14	7	160	
2	32	107	76
107	6	99	3	76	
1	42	185	146
185	7	76	10	146	
3	41	11	70
11	70	
3	27	1	166
1	15	9	166	
4	75	101	167
101	14	7	76	17	167	
3	88	36	28
36	40	18	28	
3	84	143	138
143	6	65	4	138	
4	66	133	169
133	56	6	8	5	169	
2	64	30	42
30	27	42	
4	23	32	65
32	47	41	11	6	65	
1	50	150	171
150	1	15	41	11	6	171	
1	95	82	108
82	11	10	108	
2	16	23	118
23	9	70	13	118	
3	82	116	118
-1
2	48	194	18
194	6	99	18	
3	27	169	6
169	5	8	6	
4	65	156	148
156	7	14	148	
2	85	192	33
-1
1	79	57	62
57	68	12	95	4	62	
3	43	172	46
172	9	20	38	46	
2	66	46	195
46	92	10	195	
2	73	196	28
196	8	14	28	
4	90	90	3
90	10	5	3	
2	60	6	118
6	11	70	13	118	
4	29	87	111
87	18	28	5	111	
4	86	86	31
86	15	1	31	
2	86	65	187
65	6	8	187	
1	18	181	178
181	5	54	17	178	
2	31	65	186
65	6	11	70	13	186	
3	76	143	110
143	6	8	110	
4	23	38	155
38	20	18	14	7	155	
1	50	103	102
103	19	73	37	102	
3	52	27	192
27	18	87	17	192	
1	21	68	149
68	12	95	4	149	
3	84	27	187
27	18	14	8	187	
4	14	108	72
108	10	11	6	72	
4	52	193	88
193	11	45	18	14	88	
3	81	130	68
-1
3	67	147	133
147	6	56	133	
1	28	178	27
178	17	54	20	18	27	
2	82	5	64
5	64	
3	36	27	118
27	18	14	7	53	13	118	
1	79	29	144
29	12	94	17	144	
4	27	32	12
32	47	91	68	12	
4	13	105	190
105	20	18	45	11	190	
4	36	88	97
88	14	18	97	
1	76	53	42
53	7	14	18	27	42	
2	43	5	171
5	8	6	171	
3	75	85	118
85	13	118	
1	54	103	47
103	19	69	15	41	47	
2	17	30	51
30	27	18	51	
3	87	64	30
64	8	33	30	
3	30	199	58
199	18	20	9	58	
4	41	77	89
77	9	20	18	14	89	
2	31	55	193
55	15	41	11	193	
2	79	19	32
19	69	15	41	47	32	
2	20	6	85
6	99	18	20	85	
4	43	81	41
81	18	91	47	41	
1	60	24	77
24	11	70	9	77	
4	58	50	132
50	56	6	8	132	
1	60	103	161
103	19	96	68	57	161	
3	89	172	176
172	9	70	11	176	
4	46	158	174
158	15	5	28	14	174	
3	87	39	2
39	17	2	
1	31	132	56
132	8	6	56	
1	63	14	74
14	18	74	
2	99	192	80
192	17	87	18	80	
1	91	164	160
-1
2	67	106	183
-1
1	98	117	185
117	20	18	14	7	185	
2	11	174	87
174	14	18	87	
1	86	185	10
185	7	76	10	
3	12	74	119
74	2	119	
4	13	171	158
171	6	11	41	15	158	
1	69	109	89
109	14	89	
1	94	40	102
-1
3	25	154	45
154	22	3	99	6	45	
3	85	152	160
152	10	76	7	160	
1	19	94	65
94	17	2	65	
4	3	160	133
160	7	14	8	6	56	133	
1	42	110	58
110	8	58	
3	3	20	43
20	18	14	89	43	
1	22	57	116
57	11	41	15	1	116	
1	31	68	38
68	91	18	20	38	
2	19	33	147
33	8	6	147	
1	72	53	186
53	13	186	
1	68	146	91
146	10	92	12	68	91	
1	28	71	42
71	7	14	18	27	42	
2	44	107	87
107	6	99	18	87	
4	77	77	46
77	39	17	46	
1	86	80	107
80	18	99	6	107	
3	28	73	78
73	9	20	18	14	78	
2	95	75	87
75	6	99	18	87	
3	33	148	154
148	14	95	12	22	154	
1	31	178	138
178	17	2	65	4	138	
4	16	48	190
48	83	6	11	190	
4	6	171	88
171	6	8	14	88	
2	99	139	110
139	7	14	8	110	
1	85	18	16
18	91	16	
1	82	113	92
-1
1	41	141	123
141	8	33	20	123	
3	18	27	147
27	18	99	6	147	
2	56	106	22
106	30	16	99	3	22	
4	10	101	169
101	14	28	5	169	
3	99	85	99
85	20	18	99	
3	89	15	146
15	5	10	146	
1	28	82	117
82	8	33	20	117	
3	37	39	7
39	17	76	7	
1	4	189	176
189	7	14	8	82	11	176	
1	47	25	88
25	20	18	14	88	
4	70	58	29
58	11	67	12	29	
2	68	198	55
198	18	97	50	55	
1	89	168	112
168	15	9	112	
2	10	23	12
23	9	67	12	
3	8	184	48
184	6	83	48	
2	5	83	14
83	6	8	14	
3	21	123	95
123	20	18	14	95	
4	79	2	85
2	74	20	85	
4	54	38	73
38	20	9	73	
4	42	193	97
193	11	45	18	97	
3	22	39	155
39	17	76	7	155	
4	28	160	152
160	7	76	10	152	
1	39	28	71
28	14	7	71	
1	3	68	94
68	12	94	
2	50	30	29
30	16	91	68	12	29	
3	16	136	111
136	9	15	5	111	
4	10	93	185
93	15	5	28	14	7	185	
3	47	165	186
165	6	11	70	13	186	
1	19	44	175
44	28	18	40	175	
2	16	49	167
49	7	76	17	167	
2	22	142	158
142	1	15	158	
1	25	63	69
63	6	11	41	15	69	
2	96	142	96
-1
1	41	181	116
181	5	15	1	116	
3	69	183	144
183	2	17	144	
3	32	184	32
184	6	11	41	47	32	
3	68	199	124
199	18	99	6	124	
2	54	61	40
61	9	20	18	40	
4	28	7	83
7	14	18	99	6	83	
1	47	25	132
25	20	33	8	132	
4	4	92	25
92	46	38	20	25	
2	24	65	88
65	6	99	18	14	88	
2	72	190	29
190	11	67	12	29	
3	87	137	161
-1
2	82	177	143
177	10	11	6	143	
4	65	197	79
197	11	45	18	79	
1	40	80	77
80	20	9	77	
3	80	148	137
148	14	8	137	
2	62	153	95
153	9	67	12	95	
1	45	132	120
132	8	3	120	
4	70	78	163
78	14	18	45	11	163	
4	9	133	28
133	56	6	99	18	28	
1	89	57	169
57	11	41	5	169	
1	50	28	105
28	18	20	105	
1	44	66	33
66	37	73	9	20	33	
3	74	47	181
47	41	5	181	
3	51	12	61
12	3	61	
2	39	51	160
51	18	14	7	160	
3	34	130	112
130	5	15	9	112	
1	5	44	195
44	28	5	10	195	
1	19	40	25
40	18	20	25	
2	98	61	157
61	3	12	29	157	
3	66	169	165
169	5	8	6	165	
2	70	10	144
10	76	17	144	
1	2	59	161
59	5	41	11	57	161	
3	35	154	160
154	22	12	21	7	160	
2	47	128	123
128	17	54	20	123	
3	6	130	125
130	5	15	69	19	125	
3	69	20	55
20	9	15	55	
2	63	5	50
5	15	55	50	
2	87	61	41
61	9	15	41	
1	96	80	102
-1
4	12	77	70
77	9	70	
3	8	43	31
43	64	5	15	1	31	
3	68	64	41
64	5	41	
2	79	118	195
-1
3	1	152	74
152	10	11	70	9	74	
2	26	198	3
198	18	99	3	
1	32	3	174
3	99	18	14	174	
2	81	23	179
23	9	15	179	
3	21	37	39
37	73	9	77	39	
1	22	124	118
124	6	11	70	13	118	
1	44	71	147
71	7	14	18	99	6	147	
2	26	134	141
134	1	15	5	8	141	
1	67	141	4
141	8	14	95	4	
2	13	61	121
61	9	70	11	121	
2	86	139	24
139	7	14	8	24	
3	40	140	21
140	13	21	
3	13	17	175
17	54	20	18	40	175	
3	91	148	197
-1
2	82	128	186
-1
4	51	100	61
100	17	76	3	61	
2	97	174	131
-1
4	37	69	16
69	40	18	91	16	
2	93	194	157
-1
4	65	112	169
112	9	15	5	169	
1	89	24	59
24	8	5	59	
2	9	9	150
9	15	1	150	
4	36	100	166
100	17	54	20	9	166	
3	84	165	113
-1
2	69	55	192
55	15	5	54	17	192	
4	29	88	44
88	14	28	44	
3	11	39	17
39	17	
3	27	135	37
135	18	20	9	73	37	
1	35	124	182
124	6	11	41	47	39	182	
3	3	116	94
116	1	15	5	54	17	94	
4	61	180	117
180	9	20	117	
1	63	68	78
68	91	18	14	78	
2	28	129	177
129	16	99	6	11	10	177	
1	41	164	141
164	11	82	8	141	
2	32	99	148
99	18	14	148	
1	75	68	35
68	91	18	198	35	
2	43	96	25
96	68	91	18	20	25	
1	31	159	160
159	36	8	14	7	160	
3	13	85	35
85	20	18	198	35	
2	58	119	150
119	2	74	9	15	1	150	
3	74	73	81
73	9	20	18	81	
3	3	85	101
85	20	18	14	101	
3	32	47	181
47	41	5	181	
3	24	175	96
175	40	18	91	68	96	
4	23	167	194
167	17	2	65	6	194	
2	58	198	61
198	18	20	9	61	
1	82	25	109
25	20	18	14	109	
2	93	19	67
19	73	9	67	
4	27	50	103
50	55	15	69	19	103	
1	28	14	173
14	18	99	6	56	173	
1	61	71	45
71	7	14	18	45	
2	61	196	129
196	8	6	99	16	129	
1	41	151	128
151	20	74	2	17	128	
1	88	82	54
82	8	5	54	
4	81	105	20
105	20	
1	94	28	169
28	5	169	
3	54	137	145
137	8	5	3	145	
3	72	70	164
70	11	164	
3	74	115	165
115	3	99	6	165	
4	46	193	130
193	11	41	5	130	
1	42	21	152
21	7	76	10	152	
4	22	81	99
81	18	99	
4	49	193	49
193	11	45	18	14	7	49	
3	2	85	130
85	20	54	5	130	
1	73	72	187
72	6	8	187	
2	42	4	166
4	50	55	15	9	166	
4	86	197	54
197	11	41	5	54	
4	1	50	75
50	56	6	75	
3	65	73	189
-1
2	94	46	182
46	17	39	182	
3	97	143	154
-1
4	96	84	186
-1
4	44	58	178
58	8	5	54	17	178	
2	26	6	62
6	65	4	62	
4	64	160	85
160	7	14	18	20	85	
1	29	132	88
132	8	14	88	
1	34	25	37
25	20	9	73	37	
4	8	111	38
111	5	3	38	
4	97	112	111
112	9	15	5	111	
1	30	28	108
28	5	10	108	
3	35	73	3
73	9	61	3	
3	20	70	38
70	9	20	38	
3	49	165	95
165	6	99	18	14	95	
4	62	108	53
108	10	76	7	53	
4	46	133	12
133	56	6	11	67	12	
2	85	96	95
96	68	12	95	
4	21	176	120
176	11	6	99	3	120	
1	59	109	30
109	14	33	30	
4	21	69	92
69	10	92	
2	28	65	119
65	2	119	
1	30	146	192
146	10	76	17	192	
4	68	180	13
180	9	70	13	
1	62	151	177
-1
2	66	99	84
99	18	20	85	19	84	
2	77	60	169
60	10	5	169	
4	24	105	16
105	20	18	91	16	
1	43	141	144
141	8	5	54	17	144	
1	24	62	4
62	4	
3	67	20	72
20	9	72	
1	86	40	88
40	18	14	88	
2	29	119	33
119	2	74	20	33	
2	41	49	164
49	7	14	18	45	11	164	
1	69	168	114
168	15	9	20	18	114	
1	4	181	164
181	5	41	11	164	
3	72	47	23
47	41	15	9	23	
2	40	75	79
75	6	99	18	79	
2	83	198	20
198	18	20	
1	38	40	33
40	18	14	33	
3	10	15	52
15	5	28	14	7	52	
1	97	82	43
82	43	
2	82	19	113
19	113	
2	45	99	113
99	18	20	85	19	113	
2	11	191	80
191	1	15	9	20	80	
1	26	59	13
59	5	15	86	13	
2	49	114	11
114	18	45	11	
1	79	186	85
186	13	85	
2	50	177	83
177	10	11	6	83	
4	82	111	74
111	5	28	18	74	
4	85	48	41
48	55	15	41	
1	79	57	74
57	68	91	18	74	
3	92	154	92
154	22	46	92	
2	4	187	142
187	8	5	15	1	142	
3	36	183	132
183	2	65	6	8	132	
2	48	45	142
45	11	41	15	1	142	
1	58	71	55
71	7	14	28	5	15	55	
1	94	71	192
71	7	76	17	192	
3	76	149	120
-1
3	2	199	30
199	18	27	30	
1	94	80	78
80	18	14	78	
1	67	117	86
117	20	9	15	86	
3	58	195	191
195	10	5	15	1	191	
1	51	186	177
186	13	12	92	10	177	
4	34	90	160
90	10	76	7	160	
2	27	177	4
177	10	60	4	
1	33	124	74
124	6	99	18	74	
2	25	33	144
33	20	54	17	144	
3	44	26	45
26	11	45	
3	26	54	195
54	5	10	195	
