2	738	129	181
-1
3	146	74	177
-1
2	410	166	97
-1
4	871	54	106
-1
1	170	25	125
-1
2	128	34	148
-1
2	497	132	106
-1
2	479	50	64
50	15	64	
2	59	111	158
111	7	64	15	158	
4	686	137	176
-1
3	466	159	104
-1
1	42	48	130
48	50	130	
2	538	194	95
-1
1	395	155	100
-1
1	519	25	77
-1
2	219	146	110
-1
1	524	26	193
-1
2	940	122	42
-1
3	897	152	104
-1
2	24	10	192
10	92	15	73	13	192	
1	879	95	150
-1
4	760	112	198
-1
1	854	154	191
-1
3	906	43	97
-1
1	934	190	73
-1
3	395	108	19
-1
3	587	78	44
-1
1	980	154	117
-1
3	883	93	68
-1
3	75	141	29
-1
4	976	116	124
-1
2	973	146	35
-1
2	915	106	140
-1
2	211	111	135
-1
3	436	16	124
-1
1	54	101	183
-1
1	897	95	61
-1
1	813	33	14
-1
1	632	12	58
-1
1	60	95	150
-1
1	135	121	17
-1
4	322	96	162
-1
3	13	21	67
21	75	4	67	
2	747	87	178
-1
2	622	50	145
-1
4	157	85	46
-1
2	217	138	92
-1
3	382	186	125
-1
1	591	150	88
-1
2	92	181	182
-1
3	908	192	54
-1
3	269	127	102
-1
1	288	48	74
-1
1	465	12	160
-1
2	761	111	9
-1
2	758	132	45
-1
4	850	88	134
-1
2	326	56	119
-1
1	813	189	68
-1
3	547	179	200
-1
1	952	70	192
-1
2	5	129	70
129	7	64	15	22	19	70	
2	678	198	69
-1
4	590	85	80
-1
1	950	101	190
-1
1	195	61	74
-1
3	728	19	113
-1
3	447	20	121
-1
4	866	97	109
-1
1	618	61	40
-1
1	409	7	61
-1
2	430	111	190
-1
4	298	115	139
-1
1	729	193	175
-1
1	119	182	75
-1
2	144	131	87
-1
3	256	77	57
-1
3	728	5	28
-1
4	237	3	76
-1
3	428	20	137
-1
2	688	37	95
-1
2	277	45	5
-1
3	167	74	120
-1
2	941	123	64
-1
4	767	52	197
-1
2	406	122	79
-1
2	262	65	156
-1
1	242	72	112
-1
2	317	200	114
-1
3	5	188	133
188	17	9	34	1	133	
3	500	15	122
-1
2	456	102	166
-1
2	527	131	192
-1
4	390	97	66
-1
2	338	38	117
-1
1	617	4	190
-1
2	124	9	6
-1
2	587	23	78
-1
3	452	16	29
-1
1	584	84	16
-1
3	657	89	30
-1
3	23	140	83
140	24	60	18	11	83	
2	166	195	13
-1
2	383	122	110
-1
1	52	63	147
63	7	147	
1	641	1	102
-1
3	647	169	63
-1
1	676	44	37
-1
3	104	30	4
30	20	83	4	
4	519	81	87
-1
3	700	16	127
-1
4	982	73	66
-1
3	995	47	61
-1
4	256	164	182
-1
2	354	146	44
-1
4	55	197	196
197	14	13	196	
1	469	190	164
-1
4	857	36	159
-1
2	460	111	188
-1
2	947	166	68
-1
4	673	85	84
-1
2	139	135	108
-1
4	151	116	154
-1
2	884	110	117
-1
2	79	165	62
165	48	19	70	62	
1	75	70	11
70	19	60	18	11	
1	190	125	200
-1
1	549	145	35
-1
3	736	2	97
-1
1	556	61	62
-1
3	591	159	97
-1
1	498	32	31
-1
2	651	122	98
-1
3	919	24	160
-1
1	332	107	76
-1
1	942	185	146
-1
4	741	11	70
-1
1	727	1	166
-1
1	575	101	167
-1
4	388	36	28
-1
2	684	143	138
-1
2	866	133	169
-1
3	564	30	42
-1
1	123	32	65
-1
1	150	150	171
-1
4	295	82	108
-1
2	316	23	118
-1
4	682	116	118
-1
2	248	194	18
-1
3	827	169	6
-1
3	365	156	148
-1
3	885	192	33
-1
1	879	57	62
-1
1	143	172	46
-1
1	266	46	195
-1
2	973	196	28
-1
4	690	90	3
-1
4	960	6	118
-1
2	329	87	111
-1
1	886	86	31
-1
2	186	65	187
-1
2	818	181	178
-1
2	631	65	186
-1
2	276	143	110
-1
2	23	38	155
38	18	36	6	155	
2	850	103	102
-1
2	52	27	192
27	97	13	192	
3	721	68	149
-1
2	584	27	187
-1
3	214	108	72
-1
1	352	193	88
-1
4	681	130	68
-1
3	67	147	133
147	7	64	1	133	
2	128	178	27
-1
3	282	5	64
5	1	64	
2	736	27	118
-1
1	79	29	144
-1
1	627	32	12
-1
4	413	105	190
-1
4	36	88	97
88	14	13	97	
2	676	53	42
-1
3	343	5	171
-1
4	275	85	118
-1
2	54	103	47
-1
3	117	30	51
-1
2	787	64	30
-1
3	330	199	58
-1
3	141	77	89
-1
2	531	55	193
-1
3	179	19	32
-1
4	620	6	85
-1
4	743	81	41
-1
3	660	24	77
-1
2	58	50	132
-1
2	860	103	161
-1
1	89	172	176
-1
3	946	158	174
-1
1	187	39	2
-1
2	531	132	56
-1
2	563	14	74
-1
3	199	192	80
-1
4	791	164	160
-1
2	667	106	183
-1
1	598	117	185
-1
1	711	174	87
-1
1	286	185	10
-1
3	412	74	119
-1
4	813	171	158
-1
4	469	109	89
-1
3	494	40	102
-1
1	925	154	45
-1
3	85	152	160
-1
4	19	94	65
94	19	65	
4	3	160	133
160	2	7	64	1	133	
2	442	110	58
-1
3	803	20	43
-1
1	522	57	116
-1
3	631	68	38
-1
1	919	33	147
-1
2	972	53	186
-1
2	968	146	91
-1
1	528	71	42
-1
1	744	107	87
-1
3	277	77	46
-1
4	886	80	107
-1
4	728	73	78
-1
1	595	75	87
-1
1	433	148	154
-1
2	131	178	138
-1
1	516	48	190
-1
4	206	171	88
-1
3	399	139	110
-1
1	885	18	16
-1
1	682	113	92
-1
3	741	141	123
-1
2	418	27	147
-1
2	56	106	22
-1
1	10	101	169
101	11	83	4	14	169	
4	499	85	99
-1
3	289	15	146
-1
4	928	82	117
-1
1	637	39	7
-1
1	204	189	176
-1
1	647	25	88
-1
3	970	58	29
-1
2	668	198	55
-1
1	489	168	112
-1
2	10	23	12
23	17	54	5	12	
4	508	184	48
-1
3	605	83	14
-1
2	921	123	95
-1
3	479	2	85
-1
2	454	38	73
-1
1	942	193	97
-1
1	922	39	155
-1
4	928	160	152
-1
1	39	28	71
28	20	71	
3	203	68	94
-1
3	850	30	29
-1
1	816	136	111
-1
3	910	93	185
-1
2	747	165	186
-1
1	19	44	175
44	38	18	60	19	175	
2	316	49	167
-1
1	22	142	158
142	24	60	18	92	15	158	
1	525	63	69
-1
1	596	142	96
-1
2	641	181	116
-1
2	669	183	144
-1
4	532	184	32
-1
3	868	199	124
-1
1	254	61	40
-1
1	28	7	83
7	63	20	83	
1	747	25	132
-1
4	704	92	25
-1
2	924	65	88
-1
1	372	190	29
-1
4	887	137	161
-1
2	182	177	143
-1
4	765	197	79
-1
4	240	80	77
-1
1	880	148	137
-1
3	162	153	95
-1
2	245	132	120
-1
3	70	78	163
-1
2	909	133	28
-1
1	689	57	169
-1
1	450	28	105
-1
1	744	66	33
-1
3	774	47	181
-1
1	651	12	61
-1
3	339	51	160
-1
4	234	130	112
-1
1	705	44	195
-1
3	419	40	25
-1
1	398	61	157
-1
3	166	169	165
-1
2	670	10	144
-1
2	902	59	161
-1
1	235	154	160
-1
1	847	128	123
-1
4	606	130	125
-1
3	469	20	55
-1
3	463	5	50
-1
1	687	61	41
-1
4	196	80	102
-1
3	912	77	70
-1
3	208	43	31
-1
2	968	64	41
-1
2	79	118	195
-1
3	601	152	74
-1
2	126	198	3
-1
4	532	3	174
-1
2	981	23	179
-1
2	421	37	39
-1
3	922	124	118
-1
1	744	71	147
-1
3	926	134	141
-1
3	567	141	4
-1
1	113	61	121
-1
3	986	139	24
-1
3	540	140	21
-1
4	113	17	175
-1
1	291	148	197
-1
1	482	128	186
-1
2	751	100	61
-1
1	497	174	131
-1
2	237	69	16
-1
2	993	194	157
-1
4	665	112	169
-1
3	489	24	59
-1
2	309	9	150
-1
2	436	100	166
-1
2	984	165	113
-1
2	769	55	192
-1
4	829	88	44
-1
1	711	39	17
-1
2	327	135	37
-1
3	235	124	182
-1
4	403	116	94
-1
4	261	180	117
-1
3	763	68	78
-1
2	328	129	177
-1
4	841	164	141
-1
2	632	99	148
-1
3	475	68	35
-1
4	643	96	25
-1
3	231	159	160
-1
4	813	85	35
-1
3	658	119	150
-1
4	174	73	81
-1
4	403	85	101
-1
3	532	47	181
-1
4	24	175	96
175	19	70	96	
4	523	167	194
-1
2	158	198	61
-1
1	382	25	109
-1
3	693	19	67
-1
2	327	50	103
-1
2	628	14	173
-1
1	261	71	45
-1
2	361	196	129
-1
3	941	151	128
-1
4	788	82	54
-1
4	181	105	20
-1
1	594	28	169
-1
4	854	137	145
-1
1	672	70	164
-1
4	374	115	165
-1
1	546	193	130
-1
3	942	21	152
-1
4	822	81	99
-1
1	949	193	49
-1
4	2	85	130
85	11	83	20	50	130	
1	173	72	187
-1
1	742	4	166
-1
4	886	197	54
-1
2	601	50	75
-1
4	765	73	189
-1
1	894	46	182
-1
2	997	143	154
-1
1	896	84	186
-1
3	344	58	178
-1
4	226	6	62
-1
4	564	160	85
-1
2	529	132	88
-1
1	334	25	37
-1
2	8	111	38
111	7	84	38	
4	597	112	111
-1
1	130	28	108
-1
4	235	73	3
-1
1	820	70	38
-1
2	949	165	95
-1
3	562	108	53
-1
2	446	133	12
-1
4	485	96	95
-1
3	921	176	120
-1
4	959	109	30
-1
2	621	69	92
-1
2	928	65	119
-1
2	130	146	192
-1
4	168	180	13
-1
3	862	151	177
-1
2	866	99	84
-1
1	477	60	169
-1
4	924	105	16
-1
3	243	141	144
-1
4	24	62	4
62	70	19	4	
3	867	20	72
-1
3	186	40	88
-1
3	929	119	33
-1
2	741	49	164
-1
1	869	168	114
-1
2	304	181	164
-1
3	272	47	23
-1
1	40	75	79
75	78	15	92	18	79	
2	783	198	20
-1
3	538	40	33
-1
3	610	15	52
-1
4	297	82	43
-1
3	82	19	113
-1
2	845	99	113
-1
2	111	191	80
-1
2	826	59	13
-1
1	849	114	11
-1
3	679	186	85
-1
2	450	177	83
-1
2	82	111	74
-1
1	885	48	41
-1
1	479	57	74
-1
1	792	154	92
-1
3	304	187	142
-1
2	536	183	132
-1
2	348	45	142
-1
1	958	71	55
-1
1	194	71	192
-1
3	276	149	120
-1
3	502	199	30
-1
4	894	80	78
-1
1	967	117	86
-1
2	258	195	191
-1
3	751	186	177
-1
4	834	90	160
-1
2	727	177	4
-1
3	733	124	74
-1
1	125	33	144
-1
1	644	26	45
-1
4	426	54	195
-1
1	655	107	26
-1
2	940	200	142
-1
2	931	166	137
-1
4	59	175	122
-1
1	170	125	163
-1
2	374	110	139
-1
4	199	36	14
-1
1	495	168	46
-1
1	291	44	24
-1
4	685	88	29
-1
2	110	65	135
-1
3	452	119	86
-1
3	188	58	3
-1
3	461	140	177
-1
3	224	199	53
-1
3	362	120	162
-1
3	576	93	149
-1
1	173	44	116
-1
4	348	90	160
-1
4	376	180	199
-1
3	462	16	63
-1
1	147	125	133
-1
1	749	128	190
-1
1	877	67	82
-1
1	281	128	32
-1
3	794	152	151
-1
2	142	64	196
-1
3	410	192	191
-1
4	369	116	80
-1
1	719	63	11
-1
2	181	191	26
-1
4	113	52	102
-1
3	454	199	182
-1
2	487	99	48
-1
1	918	128	175
-1
2	621	8	77
-1
3	616	2	93
-1
1	806	95	83
-1
4	37	104	150
104	9	7	2	150	
3	599	24	13
-1
1	176	142	3
-1
3	229	74	6
-1
2	210	138	4
-1
3	658	192	55
-1
3	384	78	182
-1
1	261	148	141
-1
1	353	168	94
-1
2	587	135	141
-1
4	137	92	44
-1
1	701	128	68
-1
2	655	126	161
-1
2	460	53	35
-1
4	616	81	172
-1
4	222	91	115
-1
2	155	100	145
-1
3	695	83	92
-1
2	341	143	11
-1
3	881	47	145
-1
3	76	186	36
-1
3	943	74	115
-1
1	256	174	192
-1
1	490	28	44
-1
1	461	39	124
-1
4	328	54	166
-1
2	872	27	65
-1
2	363	181	148
-1
1	773	76	42
-1
1	69	168	41
168	2	41	
1	704	48	26
-1
2	770	123	99
-1
1	161	18	24
-1
4	756	73	3
-1
1	79	114	41
-1
2	397	126	47
-1
2	661	53	73
-1
3	608	124	54
-1
2	202	38	81
-1
4	442	162	48
-1
3	267	30	47
-1
4	517	85	121
-1
4	540	54	90
-1
2	342	166	114
-1
1	382	121	27
-1
3	980	152	105
-1
1	653	148	157
-1
2	258	8	33
-1
1	490	168	70
-1
3	337	169	32
-1
2	735	10	61
-1
1	55	28	98
28	45	19	4	98	
3	945	144	151
-1
3	658	83	69
-1
3	37	24	189
24	91	10	64	7	2	189	
2	541	157	92
-1
4	497	137	39
-1
3	129	141	199
-1
2	151	198	166
-1
1	982	39	134
-1
3	394	127	95
-1
1	91	61	122
-1
1	194	67	65
-1
4	862	11	99
-1
3	202	21	122
-1
2	294	9	30
-1
3	532	149	166
-1
4	930	197	58
-1
3	447	78	7
-1
1	932	28	45
-1
3	826	161	171
-1
1	99	154	31
-1
2	915	45	50
-1
1	813	190	12
-1
3	486	51	32
-1
1	316	4	40
-1
4	633	97	140
-1
2	443	181	137
-1
4	649	62	14
-1
4	94	109	193
-1
3	816	192	153
-1
1	199	18	106
-1
3	648	68	102
-1
2	459	135	91
-1
3	643	147	93
-1
1	234	185	97
-1
4	774	52	145
-1
4	110	36	125
-1
3	75	78	187
78	65	19	187	
3	467	127	47
-1
1	619	172	190
-1
3	924	187	159
-1
4	178	137	27
-1
4	868	184	161
-1
2	913	195	59
-1
2	809	37	43
-1
1	553	70	46
-1
3	30	43	82
43	10	60	19	82	
4	168	104	159
-1
2	766	178	37
-1
2	755	196	8
-1
2	314	14	147
-1
4	540	90	83
-1
1	52	67	19
67	4	19	
1	310	86	13
-1
1	505	150	1
-1
3	950	158	70
-1
1	631	63	65
-1
4	342	92	120
-1
4	378	11	50
-1
3	538	176	45
-1
4	636	130	11
-1
3	870	43	100
-1
3	888	134	118
-1
1	852	185	155
-1
3	52	47	105
-1
3	74	151	14
-1
4	338	52	76
-1
1	657	35	119
-1
3	106	176	129
-1
4	503	105	104
-1
4	113	42	186
-1
3	212	77	28
-1
2	681	99	114
-1
3	387	186	98
-1
1	891	190	96
-1
3	57	41	46
41	8	94	19	46	
1	84	114	98
-1
4	3	3	132
3	132	
1	683	60	59
-1
1	539	117	163
-1
3	324	19	5
-1
2	703	131	33
-1
4	216	94	83
-1
2	266	126	69
-1
2	161	65	58
-1
1	407	107	50
-1
1	656	163	116
-1
3	539	47	118
-1
1	397	1	177
-1
3	311	83	46
-1
3	467	21	16
-1
3	852	144	99
-1
3	334	47	144
-1
4	802	62	22
-1
2	811	79	86
-1
3	413	40	192
-1
2	328	198	155
-1
2	245	53	1
-1
2	174	143	1
-1
4	571	91	35
-1
1	586	1	56
-1
3	684	68	151
-1
3	780	119	197
-1
4	201	52	11
52	11	
4	686	6	89
-1
1	477	168	80
-1
4	983	180	77
-1
2	935	59	129
-1
4	687	104	23
-1
1	922	29	113
-1
3	177	199	114
-1
1	479	136	181
-1
1	476	172	99
-1
3	438	151	102
-1
3	278	151	107
-1
3	158	188	27
-1
3	834	16	6
-1
3	315	199	17
-1
2	137	133	120
-1
3	50	20	100
20	65	53	76	100	
3	363	93	50
-1
3	895	21	185
-1
2	145	99	156
-1
2	446	126	58
-1
1	305	163	8
-1
1	531	193	147
-1
1	888	150	163
-1
2	704	135	161
-1
2	575	49	45
-1
2	674	138	16
-1
3	923	139	108
-1
2	260	53	128
-1
3	15	147	27
147	7	63	20	97	27	
3	25	43	152
43	10	152	
4	784	88	67
-1
3	331	144	59
-1
3	493	74	160
-1
1	605	114	94
-1
4	249	17	95
-1
3	817	192	32
-1
4	524	17	170
-1
4	604	92	174
-1
3	182	151	120
-1
1	85	117	114
-1
3	751	141	1
-1
1	161	125	97
-1
2	120	55	122
-1
2	166	99	35
-1
2	260	103	52
-1
2	243	103	195
-1
3	164	119	11
-1
2	737	195	54
-1
2	208	198	4
-1
3	721	179	121
-1
1	73	63	13
-1
2	569	166	137
-1
2	443	126	143
-1
2	877	198	41
-1
1	280	163	95
-1
1	226	174	198
-1
1	389	168	68
-1
2	42	131	62
131	20	54	19	70	62	
3	446	19	11
-1
1	318	26	141
-1
1	330	98	4
-1
3	267	170	121
-1
4	809	91	198
-1
2	802	133	147
-1
3	496	161	61
-1
3	845	41	34
-1
1	313	18	1
-1
4	126	6	83
-1
1	537	48	101
-1
2	77	45	78
-1
4	832	162	175
-1
4	904	91	145
-1
4	102	109	187
-1
1	600	70	119
-1
1	861	71	79
-1
2	846	166	71
-1
4	447	11	89
-1
2	881	123	46
-1
2	182	200	93
-1
4	611	88	89
-1
1	186	117	50
-1
1	682	148	93
-1
1	668	4	153
-1
1	938	57	22
-1
2	16	56	92
56	11	18	92	
4	239	116	58
-1
4	479	162	68
-1
4	124	160	142
-1
3	569	40	93
-1
3	257	173	181
-1
1	859	136	97
-1
1	703	121	196
-1
3	55	2	199
2	58	15	92	18	199	
3	77	21	55
-1
3	568	158	63
-1
3	377	173	178
-1
1	996	163	91
-1
3	89	41	2
41	2	
1	782	117	194
-1
4	962	85	166
-1
3	58	93	101
93	11	101	
2	605	103	173
-1
3	804	5	126
-1
1	810	60	146
-1
4	872	88	103
-1
2	202	55	28
-1
4	644	184	142
-1
3	646	179	183
-1
3	439	68	51
-1
2	556	49	135
-1
4	609	162	179
-1
4	781	171	82
-1
4	107	175	38
-1
4	604	130	97
-1
3	859	140	136
-1
1	886	163	191
-1
4	627	116	126
-1
4	561	160	104
-1
3	811	5	123
-1
3	297	43	171
-1
2	628	198	84
-1
4	309	6	54
-1
3	746	139	29
-1
4	995	197	110
-1
2	130	200	49
-1
3	72	58	164
58	15	164	
1	197	95	79
-1
3	853	74	190
-1
2	775	34	194
-1
4	98	197	188
-1
2	781	45	138
-1
1	235	72	95
-1
4	415	180	33
-1
3	124	78	29
-1
3	525	24	181
-1
4	488	105	190
-1
2	918	177	85
-1
1	108	125	158
-1
2	53	177	143
-1
4	841	104	91
-1
1	378	1	136
-1
2	272	181	7
-1
4	657	167	139
-1
2	637	181	168
-1
1	169	57	191
-1
2	759	181	95
-1
3	995	20	23
-1
3	504	89	148
-1
2	198	196	76
-1
1	889	1	179
-1
1	224	193	131
-1
3	182	170	64
-1
1	720	193	30
-1
1	287	1	11
-1
1	229	190	67
-1
3	324	158	199
-1
4	698	116	18
-1
4	197	62	106
-1
2	673	165	54
-1
1	603	163	6
-1
3	86	51	198
-1
1	549	26	119
-1
1	578	7	63
-1
2	940	79	64
-1
1	758	117	53
-1
2	556	146	162
-1
3	525	21	78
-1
2	583	118	91
-1
4	188	115	56
-1
3	393	139	18
-1
3	742	93	20
-1
2	260	178	197
-1
2	274	126	3
-1
2	737	56	33
-1
2	341	195	150
-1
4	903	105	95
-1
1	532	60	115
-1
4	222	137	184
-1
1	829	71	98
-1
3	198	58	188
-1
3	569	2	81
-1
1	165	95	58
-1
1	520	154	136
-1
2	352	27	191
-1
4	653	116	137
-1
2	947	8	41
-1
4	613	62	53
-1
1	997	145	189
-1
3	646	119	11
-1
3	234	147	20
-1
4	66	97	21
-1
2	523	65	67
-1
3	210	30	20
30	20	
3	352	149	198
-1
4	889	52	65
-1
4	929	105	73
-1
4	733	3	86
-1
3	473	16	31
-1
4	83	164	149
164	15	58	2	149	
3	102	161	47
-1
2	274	146	143
-1
4	340	11	8
-1
1	911	86	37
-1
1	261	95	137
-1
3	125	47	140
-1
2	549	87	44
-1
4	435	167	199
-1
2	17	100	14
100	8	86	4	14	
1	165	172	129
-1
1	411	7	89
-1
3	306	108	35
-1
3	713	134	45
-1
4	501	73	82
-1
1	189	136	177
-1
2	128	196	175
-1
1	324	72	61
-1
3	74	21	27
-1
1	287	7	126
-1
2	367	23	50
-1
3	607	139	56
-1
1	593	101	115
-1
4	390	6	48
-1
1	871	70	73
-1
2	247	122	8
-1
2	221	110	155
-1
1	33	190	26
190	7	64	10	36	6	26	
2	260	65	198
-1
2	985	138	156
-1
3	34	176	130
176	4	83	20	50	130	
4	841	94	68
-1
2	156	100	121
-1
3	603	93	126
-1
2	227	34	148
-1
4	234	104	69
-1
2	940	103	131
-1
1	118	75	120
-1
3	315	108	136
-1
4	23	167	73
167	4	13	73	
2	552	103	200
-1
3	772	89	93
-1
2	92	129	192
-1
2	169	37	36
-1
1	716	39	69
-1
2	937	65	173
-1
3	667	51	27
-1
1	738	142	101
-1
2	473	59	8
-1
3	945	127	126
-1
1	144	148	29
-1
3	436	51	117
-1
1	779	22	197
-1
1	415	113	33
-1
4	435	82	23
-1
3	359	149	39
-1
4	785	85	41
-1
2	286	103	183
-1
3	245	40	193
-1
4	571	112	118
-1
2	599	8	17
-1
2	67	103	68
-1
4	815	90	41
-1
2	647	69	154
-1
1	221	35	187
-1
2	60	69	87
69	18	87	
1	452	28	124
-1
4	634	164	26
-1
2	427	49	66
-1
4	496	94	177
-1
2	865	64	185
-1
2	732	14	39
-1
4	572	80	129
-1
1	477	46	197
-1
2	615	45	31
-1
2	54	65	51
65	78	15	64	1	51	
1	377	76	30
-1
1	954	128	194
-1
1	819	113	194
-1
4	148	91	87
-1
3	884	187	102
-1
3	522	51	115
-1
3	850	134	146
-1
1	646	57	144
-1
1	28	86	188
86	4	72	17	188	
2	431	53	52
-1
4	212	105	80
-1
1	805	33	159
-1
3	551	187	71
-1
3	637	5	162
-1
4	691	104	100
-1
3	957	187	102
-1
4	855	109	187
-1
2	198	110	195
-1
3	985	108	80
-1
2	788	87	84
-1
1	19	117	140
117	4	19	60	24	140	
2	777	129	173
-1
4	48	85	159
-1
1	961	35	115
-1
3	12	24	171
24	60	18	36	6	171	
1	65	66	157
66	5	54	19	4	157	
1	203	22	17
-1
1	997	28	127
-1
2	629	177	186
-1
1	712	113	72
-1
1	3	101	141
101	11	18	72	9	141	
1	175	71	21
-1
1	885	48	105
-1
3	952	47	92
-1
1	522	7	67
-1
3	830	170	132
-1
2	47	34	105
34	1	64	7	2	105	
4	725	36	133
-1
4	510	184	109
-1
1	133	12	22
-1
1	673	75	74
-1
3	693	78	144
-1
1	998	4	143
-1
3	841	89	189
-1
3	507	192	195
-1
1	390	113	116
-1
1	94	142	149
-1
3	178	140	136
-1
3	487	16	120
-1
3	60	77	83
-1
2	685	10	158
-1
4	28	82	187
82	19	187	
3	923	127	190
-1
1	711	76	78
-1
4	58	116	69
-1
1	973	174	133
-1
1	874	163	27
-1
2	609	8	118
-1
3	880	186	134
-1
3	315	24	162
-1
3	272	83	171
-1
4	810	167	5
-1
2	399	146	131
-1
3	629	68	6
-1
3	449	179	73
-1
3	382	188	46
-1
3	960	161	160
-1
1	877	185	167
-1
2	210	146	152
-1
1	172	25	175
-1
3	894	139	57
-1
4	50	162	175
162	4	19	175	
4	980	171	73
-1
2	737	122	92
-1
1	809	150	22
-1
2	406	198	9
-1
2	565	131	169
-1
4	732	90	153
-1
4	83	167	98
167	4	98	
1	810	128	75
-1
3	618	51	165
-1
4	193	97	79
97	27	79	
2	617	146	1
-1
2	108	126	122
-1
2	730	14	23
-1
4	538	175	21
-1
4	858	180	103
-1
4	563	97	193
-1
1	260	28	159
-1
4	886	62	38
-1
1	403	71	89
-1
3	81	41	185
41	8	185	
1	81	33	130
-1
1	155	1	7
1	64	7	
3	577	108	173
-1
2	149	37	147
-1
4	252	175	78
-1
1	196	32	174
-1
2	506	194	1
-1
4	743	6	15
-1
3	783	43	37
-1
2	519	45	77
-1
1	1	125	61
125	4	72	9	61	
3	207	158	61
-1
4	931	112	169
-1
3	277	40	157
-1
1	355	189	131
-1
3	728	192	115
-1
3	481	139	60
-1
1	47	44	17
44	38	49	17	
3	883	186	60
-1
1	312	121	104
-1
1	172	39	181
-1
1	785	39	90
-1
2	905	198	1
-1
1	261	128	192
-1
3	392	5	132
-1
2	858	111	75
-1
1	517	190	13
-1
1	686	70	56
-1
4	545	116	194
-1
3	200	151	114
-1
4	732	62	104
-1
1	221	33	143
-1
3	173	169	92
-1
4	517	73	19
-1
3	48	134	175
134	20	54	19	175	
3	723	77	37
-1
3	735	134	27
-1
3	943	2	96
-1
2	88	87	164
87	18	92	15	164	
2	601	183	114
-1
2	56	135	175
-1
1	750	18	159
-1
1	241	39	128
-1
1	460	163	152
-1
2	386	79	85
-1
2	23	79	161
79	1	64	7	2	161	
1	449	1	46
-1
2	496	87	48
-1
2	859	181	86
-1
3	124	68	21
-1
3	898	20	107
-1
1	409	76	124
-1
1	88	25	114
-1
1	839	66	77
-1
3	924	77	107
-1
2	436	14	185
-1
4	882	36	137
-1
4	481	36	176
-1
2	918	132	156
-1
1	738	142	24
-1
1	196	66	195
-1
1	320	163	70
-1
2	33	123	47
123	10	36	6	39	47	
2	861	10	64
-1
2	968	49	140
-1
3	104	124	153
-1
3	641	159	141
-1
3	368	40	176
-1
3	523	120	107
-1
2	898	38	49
-1
3	445	127	66
-1
2	514	123	28
-1
2	912	194	103
-1
1	175	26	112
-1
1	114	39	112
-1
3	819	158	35
-1
2	311	13	194
-1
3	686	5	185
-1
1	145	172	57
-1
3	545	47	94
-1
3	10	144	172
144	2	7	9	17	172	
3	789	140	46
-1
4	291	54	39
-1
2	955	165	17
-1
4	266	92	55
-1
3	501	5	164
-1
4	446	175	176
-1
4	630	85	181
-1
2	886	123	152
-1
1	131	67	198
-1
1	455	163	94
-1
1	700	172	33
-1
4	539	112	38
-1
4	707	3	155
-1
4	713	109	46
-1
1	876	174	2
-1
1	3	26	129
26	11	83	20	84	7	129	
1	383	71	165
-1
1	87	101	87
-1
2	636	138	105
-1
2	281	69	67
-1
2	466	123	190
-1
1	55	174	102
174	7	64	15	102	
2	609	64	56
-1
3	6	170	164
170	11	18	92	15	164	
4	360	82	89
-1
4	840	109	115
-1
2	404	64	185
-1
1	91	46	37
-1
1	747	84	175
-1
1	214	72	195
-1
3	555	152	69
-1
3	856	169	194
-1
3	463	24	58
-1
4	978	184	179
-1
1	667	142	13
-1
1	381	101	121
-1
3	917	140	184
-1
1	906	95	182
-1
1	880	185	17
-1
2	26	132	88
-1
4	446	97	192
-1
3	839	51	160
-1
2	96	59	183
-1
4	275	73	167
-1
3	87	51	108
-1
2	759	69	160
-1
1	295	1	51
-1
1	428	117	145
-1
1	244	174	82
-1
2	732	53	165
-1
3	523	30	13
-1
1	82	75	63
-1
1	817	114	73
-1
2	335	9	146
-1
1	994	35	148
-1
4	153	73	16
-1
1	355	32	16
-1
3	299	78	84
-1
4	132	105	58
105	2	58	
1	896	148	62
-1
3	860	31	92
-1
4	523	105	118
-1
3	147	139	31
-1
1	844	155	192
-1
3	591	41	178
-1
2	406	34	51
-1
2	373	138	34
-1
4	409	92	111
-1
1	418	142	167
-1
1	631	26	66
-1
4	74	73	97
73	15	50	20	97	
2	192	133	1
133	1	
1	174	7	91
-1
3	765	153	197
-1
4	295	197	37
-1
3	145	187	70
187	19	70	
1	130	145	7
-1
2	840	69	50
-1
1	406	29	144
-1
1	71	46	169
-1
1	919	29	193
-1
2	472	102	125
-1
3	162	93	131
-1
3	159	19	84
-1
2	795	135	32
-1
1	417	29	18
-1
3	175	173	114
-1
4	777	54	135
-1
3	872	93	163
-1
2	592	50	161
-1
4	184	73	189
-1
2	509	143	90
-1
2	439	14	135
-1
1	474	128	105
-1
2	105	38	39
38	49	20	39	
4	275	184	68
-1
3	740	152	192
-1
3	874	127	46
-1
2	437	55	90
-1
2	197	126	92
-1
1	137	117	164
-1
2	978	100	58
-1
2	912	8	24
-1
3	816	199	151
-1
1	807	72	140
-1
2	474	129	123
-1
1	17	155	27
155	6	36	18	79	27	
4	862	94	153
-1
1	904	168	7
-1
1	195	4	132
-1
3	510	152	48
-1
3	767	40	99
-1
4	790	17	107
-1
4	92	81	57
-1
1	183	48	80
-1
4	858	54	8
-1
2	884	79	162
-1
4	788	96	56
-1
4	994	109	175
-1
1	77	12	130
-1
4	276	6	81
-1
1	774	67	72
-1
2	432	34	88
-1
4	688	175	120
-1
3	368	19	168
-1
3	575	153	173
-1
2	289	10	52
-1
3	896	93	99
-1
4	270	80	7
-1
1	199	25	19
-1
2	231	53	176
-1
1	502	128	43
-1
2	341	102	28
-1
4	661	85	154
-1
3	980	173	124
-1
3	752	140	77
-1
1	155	66	86
-1
2	853	106	131
-1
1	60	1	162
1	5	54	19	4	162	
1	30	70	139
70	19	53	73	15	139	
3	957	68	191
-1
2	351	50	119
-1
3	978	151	172
-1
4	684	92	56
-1
4	207	104	180
-1
3	83	83	71
83	20	71	
2	521	34	89
-1
1	403	189	194
-1
1	164	193	147
-1
4	502	52	168
-1
1	845	33	36
-1
1	763	190	37
-1
3	86	140	188
-1
1	893	70	31
-1
3	873	153	134
-1
2	95	111	16
-1
2	783	146	1
-1
1	929	18	141
-1
3	75	20	134
20	134	
2	842	135	137
-1
1	429	189	170
-1
1	66	33	111
-1
3	605	147	2
-1
1	35	32	71
32	1	5	68	20	71	
1	720	76	175
-1
1	935	148	86
-1
2	487	195	183
-1
2	828	177	200
-1
4	513	105	19
-1
2	601	131	105
-1
3	770	173	93
-1
3	32	153	77
-1
1	34	18	23
18	72	17	23	
1	456	22	6
-1
2	631	8	82
-1
3	468	127	181
-1
2	50	13	175
13	4	19	175	
2	601	100	152
-1
2	819	79	8
-1
2	275	143	139
-1
2	768	143	63
-1
2	844	65	15
-1
4	267	96	185
-1
4	824	81	158
-1
4	705	137	166
-1
3	486	119	44
-1
3	612	186	57
-1
3	515	187	108
-1
3	123	187	138
-1
2	213	157	80
-1
3	275	31	22
-1
1	441	150	38
-1
2	425	194	86
-1
1	183	12	166
-1
3	100	187	54
187	19	54	
4	543	92	172
-1
2	799	129	109
-1
3	58	140	47
-1
2	795	55	185
-1
2	874	129	93
-1
3	248	141	124
-1
4	37	167	25
167	4	14	29	25	
1	922	7	18
-1
1	640	32	181
-1
2	293	166	168
-1
2	217	65	11
-1
1	877	7	91
-1
3	676	158	30
-1
4	860	167	36
-1
4	953	162	116
-1
3	228	187	56
-1
3	452	186	174
-1
2	822	23	181
-1
3	954	144	164
-1
2	673	135	129
-1
4	35	180	193
180	11	56	8	41	2	193	
2	525	196	151
-1
3	107	24	60
-1
2	942	99	27
-1
2	858	111	188
-1
3	65	15	126
15	50	20	49	17	126	
4	839	42	112
-1
2	619	45	134
-1
1	534	66	29
-1
1	62	172	164
-1
1	6	44	95
44	38	18	68	5	12	95	
2	908	79	90
-1
4	568	3	65
-1
1	746	61	116
-1
4	885	3	178
-1
1	210	12	192
-1
1	673	76	185
-1
1	606	66	29
-1
4	987	36	47
-1
3	102	169	18
-1
3	596	30	13
-1
3	37	187	43
187	19	60	10	43	
1	653	95	198
-1
2	768	14	58
-1
3	945	159	60
-1
3	136	43	23
-1
1	272	4	99
-1
3	101	77	116
-1
2	147	34	152
-1
3	716	20	120
-1
4	480	73	102
-1
3	123	68	88
-1
2	520	56	134
-1
4	777	109	147
-1
1	189	76	105
-1
3	611	173	99
-1
1	461	60	55
-1
2	577	132	131
-1
1	928	32	164
-1
4	399	130	136
-1
4	700	197	8
-1
1	188	76	28
-1
2	121	198	83
-1
2	68	69	191
-1
2	124	198	19
-1
3	175	186	191
-1
1	429	148	50
-1
3	911	161	133
-1
3	226	89	116
-1
3	361	16	197
-1
2	121	166	193
-1
1	748	66	21
-1
2	982	53	18
-1
1	125	125	39
-1
3	943	144	36
-1
3	85	20	21
-1
2	686	194	120
-1
1	19	174	80
174	7	64	10	91	80	
1	534	84	168
-1
4	731	109	135
-1
1	323	22	101
-1
1	495	142	166
-1
3	665	41	170
-1
1	703	174	94
-1
1	738	98	190
-1
3	310	192	9
-1
1	381	76	2
-1
4	61	162	127
-1
4	980	180	10
-1
2	715	65	70
-1
2	367	195	91
-1
1	284	70	184
-1
4	653	164	176
-1
1	298	28	150
-1
4	287	82	199
-1
3	95	19	191
-1
4	248	80	66
-1
1	174	61	179
-1
1	783	121	158
-1
4	5	52	23
52	11	18	72	17	23	
2	495	166	169
-1
1	431	84	38
84	38	
4	206	167	154
-1
4	507	171	133
-1
2	106	69	15
-1
1	296	107	185
-1
3	513	2	65
-1
1	92	1	125
-1
4	401	175	197
-1
4	975	109	48
-1
1	544	113	166
-1
4	133	160	49
-1
1	238	142	168
-1
2	171	99	138
-1
4	985	6	158
-1
2	769	111	65
-1
3	185	158	18
-1
1	909	70	18
-1
1	57	113	144
-1
1	257	114	53
-1
4	222	88	117
-1
3	22	31	28
31	4	45	28	
4	589	116	121
-1
3	279	153	20
-1
2	36	123	25
123	10	64	7	25	
2	500	59	87
-1
1	117	28	44
-1
1	487	12	65
-1
4	430	73	178
-1
2	434	129	91
-1
4	503	137	178
-1
3	482	158	161
-1
2	803	132	76
-1
1	22	72	28
72	18	68	20	28	
1	998	150	151
-1
3	484	186	161
-1
2	127	37	188
-1
2	791	106	152
-1
3	920	192	176
-1
3	210	21	56
-1
1	340	7	193
-1
4	500	109	102
-1
1	175	190	33
-1
3	954	192	57
-1
2	656	165	6
-1
4	617	162	143
-1
2	956	45	132
-1
2	507	123	37
-1
1	234	66	28
-1
1	490	185	200
-1
3	882	147	158
-1
1	983	86	66
-1
1	168	185	8
185	8	
2	24	111	199
111	7	64	15	92	18	199	
3	181	16	116
-1
1	676	72	77
-1
3	7	40	74
40	12	43	34	74	
2	643	195	196
-1
4	422	54	13
-1
2	773	87	150
-1
1	131	128	96
-1
2	348	9	181
-1
3	555	144	117
-1
2	906	111	179
-1
1	421	86	194
-1
1	449	66	17
-1
3	122	93	8
-1
2	270	99	155
-1
3	682	93	8
-1
1	631	66	46
-1
1	326	39	174
-1
1	458	121	182
-1
3	174	20	77
-1
4	704	175	139
-1
1	650	32	24
-1
1	18	4	42
4	83	20	37	42	
4	426	52	134
-1
1	180	174	33
-1
3	139	43	77
-1
3	184	124	143
-1
1	509	107	133
-1
1	643	32	5
-1
4	919	42	24
-1
3	858	15	150
-1
1	481	71	133
-1
3	674	120	136
-1
3	408	89	188
-1
1	392	66	161
-1
2	268	45	155
-1
2	162	135	78
-1
3	846	119	136
-1
2	450	27	168
-1
3	26	21	9
21	75	78	9	
3	775	140	175
-1
2	660	198	197
-1
1	395	29	68
-1
2	782	55	157
-1
4	294	62	22
-1
3	848	5	19
-1
3	478	24	153
-1
3	813	186	23
-1
3	180	31	2
-1
1	740	33	22
-1
3	667	58	161
-1
4	663	184	109
-1
3	731	43	90
-1
2	887	38	144
-1
4	260	171	157
-1
2	678	65	113
-1
4	631	112	136
-1
1	5	189	73
189	2	58	15	73	
3	606	2	56
-1
2	428	133	88
-1
1	740	25	145
-1
4	49	91	80
91	80	
3	890	153	75
-1
3	585	83	112
-1
1	541	121	34
-1
2	853	181	98
-1
2	140	10	162
-1
3	213	192	150
-1
4	268	197	103
-1
3	755	2	36
-1
2	51	181	12
181	16	66	5	12	
1	282	121	102
-1
1	756	121	54
-1
2	219	10	89
-1
2	453	194	161
-1
1	750	86	93
-1
4	663	90	55
-1
1	613	29	46
-1
3	467	41	42
-1
3	54	108	196
-1
2	465	14	176
-1
3	366	16	48
-1
1	772	98	120
-1
2	412	53	129
-1
1	172	72	74
-1
3	17	124	111
124	15	64	7	111	
1	271	25	200
-1
4	916	88	181
-1
4	310	52	21
-1
2	57	118	81
118	18	81	
3	584	124	46
-1
3	632	188	62
-1
1	951	154	159
-1
3	432	77	11
-1
4	657	88	34
-1
4	520	11	109
-1
2	871	27	134
-1
2	851	49	173
-1
1	24	117	24
117	4	19	60	24	
1	656	26	93
-1
4	501	82	16
-1
2	314	65	156
-1
1	24	48	61
48	9	61	
3	387	151	137
-1
3	620	134	176
-1
1	529	190	186
-1
4	214	109	165
-1
2	986	132	165
-1
1	161	182	81
-1
3	205	5	106
-1
1	821	12	139
-1
1	528	113	156
-1
2	988	178	3
-1
3	324	2	153
-1
3	299	188	86
-1
1	436	7	28
-1
2	752	87	88
-1
2	517	100	19
-1
2	997	37	153
-1
4	855	197	109
-1
3	793	2	121
-1
1	100	174	185
-1
1	703	101	162
-1
3	607	40	163
-1
1	245	163	150
-1
2	624	13	109
-1
1	263	48	195
-1
2	34	200	95
-1
3	786	68	131
-1
2	894	64	80
-1
1	14	70	33
70	19	60	18	11	33	
3	998	15	158
-1
1	512	114	10
-1
1	874	168	49
-1
4	176	175	11
-1
4	684	171	175
-1
2	630	146	22
-1
2	876	8	173
-1
3	407	41	40
-1
2	438	178	56
-1
1	470	72	125
-1
2	379	37	139
-1
3	988	187	5
-1
1	636	98	172
-1
2	998	123	98
-1
1	372	98	68
-1
2	545	133	165
-1
1	270	163	125
-1
1	709	190	165
-1
2	916	196	143
-1
1	393	185	166
-1
4	283	6	2
-1
4	687	184	188
-1
4	659	171	37
-1
3	156	158	160
-1
1	776	155	9
-1
3	140	78	94
-1
2	216	23	56
-1
4	981	92	197
-1
3	275	152	193
-1
3	640	20	129
-1
1	793	12	135
-1
1	381	46	118
-1
2	969	133	41
-1
2	728	191	198
-1
1	537	98	105
-1
4	430	73	134
-1
2	37	165	108
165	48	19	60	10	108	
4	233	180	199
-1
4	777	112	103
-1
2	106	138	74
-1
2	392	177	37
-1
2	309	122	82
-1
4	549	54	14
-1
1	747	22	156
-1
1	603	150	6
-1
2	136	38	30
38	49	20	30	
3	244	19	194
-1
1	194	7	126
-1
2	48	191	189
191	12	5	66	2	189	
1	721	168	127
-1
1	957	25	55
-1
3	391	16	128
-1
1	356	76	181
-1
1	512	25	3
-1
2	717	123	152
-1
3	746	77	141
-1
1	92	12	159
-1
1	969	7	117
-1
1	709	1	107
-1
2	587	200	26
-1
1	594	121	50
-1
1	521	29	17
-1
4	102	171	45
-1
3	304	127	69
-1
1	207	190	143
-1
3	699	58	171
-1
1	209	155	182
-1
1	125	46	141
-1
2	31	166	141
166	7	9	141	
2	57	27	140
-1
2	658	13	12
-1
4	227	6	193
-1
2	71	79	163
79	1	5	66	16	163	
4	91	180	41
-1
1	33	35	30
-1
3	203	41	87
-1
3	736	139	42
-1
2	876	99	39
-1
2	168	23	157
-1
2	660	53	183
-1
1	71	61	147
61	9	7	147	
1	415	71	153
-1
4	730	97	31
-1
4	370	167	162
-1
1	200	57	196
-1
3	638	41	188
-1
2	79	195	78
-1
4	670	130	176
-1
3	26	158	198
158	15	64	7	2	66	16	198	
1	208	125	2
-1
4	506	184	63
-1
1	810	7	133
-1
3	992	173	181
-1
2	153	102	147
-1
1	948	72	155
-1
2	935	23	195
-1
1	812	60	189
-1
3	139	139	70
-1
4	336	160	27
-1
1	138	185	104
-1
3	952	144	87
-1
2	436	49	45
-1
2	816	59	18
-1
2	162	50	119
-1
1	916	155	142
-1
4	462	54	164
-1
1	650	189	24
-1
3	919	152	114
-1
4	498	91	73
-1
2	201	178	9
-1
4	39	115	152
115	15	92	10	152	
1	84	18	152
18	60	10	152	
2	453	53	162
-1
3	171	68	12
68	5	12	
2	665	181	118
-1
1	428	48	171
-1
4	803	109	111
-1
2	868	110	63
-1
2	940	181	105
-1
3	100	78	34
78	15	64	1	34	
3	851	30	101
-1
3	755	68	118
-1
2	916	103	123
-1
1	679	155	142
-1
3	196	78	123
-1
1	767	142	122
-1
1	677	121	183
-1
3	91	124	44
-1
2	147	191	24
-1
3	181	83	53
-1
1	681	182	82
-1
1	598	185	102
-1
3	72	139	4
139	15	78	75	4	
4	214	54	111
-1
2	888	133	188
-1
1	361	128	129
-1
4	743	94	49
-1
2	387	123	124
-1
2	562	13	115
-1
4	415	160	149
-1
3	848	140	130
-1
1	549	172	114
-1
1	305	121	52
-1
1	215	193	58
193	2	58	
4	802	6	190
-1
3	82	93	69
93	11	18	69	
2	482	53	115
-1
1	806	148	37
-1
1	272	86	1
-1
3	820	47	160
-1
1	549	61	51
-1
1	15	61	22
61	9	78	15	22	
2	618	9	143
-1
1	275	113	87
-1
2	16	79	92
79	18	92	
4	37	80	136
80	91	10	136	
1	751	113	140
-1
2	539	195	39
-1
2	139	200	124
-1
2	51	23	171
-1
4	453	42	183
-1
1	27	142	43
142	24	91	10	43	
3	721	108	52
-1
2	607	126	116
-1
2	898	200	195
-1
1	185	168	26
-1
1	476	4	139
-1
1	515	154	133
-1
1	38	44	84
44	38	84	
3	608	134	106
-1
1	991	136	99
-1
1	33	189	192
-1
3	636	15	100
-1
2	104	87	25
-1
3	298	93	176
-1
1	75	142	143
-1
2	813	126	98
-1
1	345	1	3
-1
4	180	115	46
-1
4	237	105	132
-1
4	335	112	67
-1
4	727	54	55
-1
1	778	39	21
-1
1	402	26	107
-1
2	929	129	151
-1
2	24	178	92
178	6	36	18	92	
2	721	53	169
-1
2	124	65	170
-1
4	121	162	36
-1
3	852	141	92
-1
2	719	178	156
-1
2	525	64	9
-1
1	298	142	199
-1
3	756	119	25
-1
1	507	72	153
-1
1	150	1	131
-1
3	519	24	183
-1
4	440	96	199
-1
4	427	171	160
-1
4	519	92	53
-1
1	674	95	182
-1
2	234	165	45
-1
4	233	90	187
-1
3	9	139	57
139	15	64	7	2	57	
4	313	94	129
-1
3	443	152	81
-1
2	177	102	56
-1
3	328	20	151
-1
4	887	11	122
-1
2	739	37	165
-1
1	120	155	11
155	6	36	18	11	
4	717	180	176
-1
2	255	166	17
-1
2	511	198	155
-1
3	591	158	200
-1
1	71	70	152
-1
2	326	65	53
65	53	
1	429	193	24
-1
3	502	120	34
-1
1	18	7	22
7	64	15	22	
4	828	97	129
-1
3	355	169	108
-1
4	771	85	73
-1
4	77	91	22
91	10	60	18	22	
1	29	1	179
1	64	15	73	13	179	
3	780	192	1
-1
2	184	14	65
-1
4	759	92	9
-1
3	944	120	129
-1
3	165	21	87
-1
1	293	190	183
-1
4	1	17	103
17	103	
1	225	172	139
-1
4	199	94	29
-1
2	577	123	30
-1
3	729	151	173
-1
4	745	82	138
-1
2	154	65	29
-1
4	282	175	100
-1
2	368	118	72
-1
4	502	82	61
-1
4	157	175	78
-1
3	695	127	1
-1
2	724	103	46
-1
1	753	101	120
-1
3	77	30	70
-1
3	414	158	103
-1
2	795	103	167
-1
2	294	56	93
-1
3	766	89	10
-1
2	578	8	92
-1
1	855	61	18
-1
4	7	17	144
17	9	7	2	144	
4	805	112	46
-1
1	324	35	99
-1
3	594	139	128
-1
4	448	167	85
-1
2	15	132	139
132	3	55	9	78	15	139	
2	459	126	146
-1
1	669	172	34
-1
3	160	89	193
-1
1	577	66	54
-1
4	272	73	22
-1
3	469	31	133
-1
1	367	35	119
-1
3	894	159	9
-1
4	131	104	175
-1
3	469	151	107
-1
1	415	117	184
-1
3	600	176	155
-1
1	393	44	43
-1
1	998	155	61
-1
3	219	83	133
-1
2	104	106	163
-1
1	22	174	198
174	7	2	66	16	198	
3	431	93	108
-1
2	757	138	11
-1
3	63	68	113
68	18	36	6	113	
4	847	137	30
-1
2	753	103	157
-1
4	548	54	200
-1
1	808	46	106
-1
2	92	195	188
-1
2	54	166	93
-1
2	203	69	18
-1
4	510	42	110
-1
3	272	24	48
-1
2	937	181	67
-1
2	166	195	155
-1
3	474	41	57
-1
2	825	146	111
-1
3	730	93	108
-1
4	469	52	55
-1
2	961	143	20
-1
2	730	196	88
-1
3	792	151	129
-1
1	391	12	105
-1
4	657	36	85
-1
1	412	172	79
-1
3	420	89	72
-1
4	282	162	17
-1
3	390	186	61
-1
1	444	67	112
-1
2	15	135	54
135	9	17	54	
3	502	47	1
-1
3	982	176	151
-1
3	886	119	163
-1
4	970	109	150
-1
2	1	118	121
118	18	72	9	7	121	
2	472	129	161
-1
2	840	100	122
-1
1	300	182	59
-1
2	11	123	125
123	10	46	19	4	125	
2	64	118	59
-1
2	864	132	105
-1
1	967	185	32
-1
2	881	166	151
-1
1	230	4	59
-1
1	950	125	176
-1
1	262	125	56
-1
1	583	148	108
-1
3	793	187	89
-1
1	917	86	163
-1
4	127	96	32
-1
2	31	111	115
111	7	64	15	115	
4	62	175	99
-1
3	12	93	16
93	11	83	71	90	16	
3	623	173	19
-1
3	550	2	96
-1
2	206	103	20
-1
4	65	164	168
164	15	58	2	168	
1	705	98	154
-1
4	867	90	192
-1
4	50	6	39
6	39	
2	564	132	150
-1
1	614	114	76
-1
3	829	127	168
-1
4	800	91	140
-1
1	847	113	93
-1
2	266	14	195
-1
4	585	171	110
-1
1	939	35	7
-1
3	682	139	96
-1
2	120	157	53
-1
4	669	6	136
-1
3	896	169	1
-1
3	415	134	127
-1
4	754	115	169
-1
1	198	66	81
-1
4	992	112	47
-1
2	101	177	17
-1
4	459	162	52
-1
4	506	52	142
-1
4	510	85	99
-1
1	245	4	104
-1
1	797	26	25
-1
3	876	120	158
-1
2	844	135	24
-1
3	677	40	89
-1
2	923	38	200
-1
2	491	181	129
-1
2	742	34	42
-1
4	436	92	93
-1
2	734	198	177
-1
1	389	107	132
-1
4	613	104	156
-1
2	723	100	28
-1
3	546	127	114
-1
4	235	171	153
-1
3	986	47	142
-1
1	714	121	123
-1
4	355	11	156
-1
4	847	105	199
-1
3	575	140	196
-1
4	307	73	55
-1
1	414	61	158
-1
1	441	26	9
-1
2	154	100	136
-1
2	659	45	58
-1
3	800	31	104
-1
4	274	17	24
-1
4	181	130	186
-1
4	980	85	90
-1
3	527	83	29
-1
2	981	10	53
-1
3	290	68	66
-1
4	251	81	91
-1
3	738	74	190
-1
3	595	179	186
-1
2	850	37	17
-1
1	425	189	33
-1
2	810	14	162
-1
3	100	147	198
-1
2	80	126	33
-1
1	133	4	42
-1
1	998	185	109
-1
1	640	26	141
-1
1	781	76	166
-1
2	966	13	145
-1
3	782	159	133
-1
2	566	8	73
-1
1	680	32	87
-1
2	477	194	33
-1
3	509	93	110
-1
1	702	172	65
-1
2	10	56	1
56	8	86	1	
3	903	5	27
-1
1	468	44	54
-1
3	564	24	19
-1
1	497	142	177
-1
2	121	123	185
-1
3	7	41	168
41	2	168	
3	391	120	161
-1
1	252	148	5
-1
2	117	9	129
9	7	129	
2	317	110	184
-1
1	495	72	189
-1
1	549	174	184
-1
1	567	193	160
-1
2	143	157	101
-1
3	479	5	175
-1
1	999	125	15
-1
1	159	84	134
-1
1	764	26	34
-1
3	244	78	42
-1
2	27	146	151
146	10	64	1	151	
2	167	14	22
-1
4	303	109	147
-1
2	862	9	92
-1
4	162	175	48
175	19	48	
2	336	69	4
-1
2	951	100	128
-1
1	36	98	11
98	4	83	11	
2	69	8	189
8	41	2	189	
2	262	123	66
-1
2	613	166	163
-1
1	186	145	176
-1
1	885	63	36
-1
2	176	165	44
-1
1	975	26	170
-1
3	778	187	191
-1
1	705	75	90
-1
2	468	177	139
-1
4	456	164	146
-1
1	273	185	21
-1
1	387	46	186
-1
3	114	58	82
-1
2	950	196	145
-1
4	145	80	109
-1
2	267	55	87
-1
2	457	181	25
-1
3	546	158	99
-1
2	236	14	27
-1
1	981	33	191
-1
3	953	40	175
-1
2	339	64	20
-1
2	572	50	30
-1
4	116	164	177
-1
2	977	65	56
-1
3	663	161	62
-1
2	39	27	42
27	97	20	37	42	
3	90	83	151
-1
4	116	180	164
-1
3	858	15	197
-1
1	32	148	36
-1
1	604	101	100
-1
1	185	190	101
-1
4	313	162	16
-1
1	168	29	32
-1
2	981	157	193
-1
4	374	171	19
-1
2	124	10	54
-1
2	287	99	185
-1
2	35	14	200
-1
3	823	24	99
-1
1	274	7	150
-1
2	774	10	92
-1
2	142	146	5
-1
3	973	58	33
-1
2	765	177	142
-1
4	136	109	112
-1
4	541	82	121
-1
3	525	5	19
-1
1	676	44	185
-1
3	974	30	8
-1
4	76	52	14
-1
3	967	77	176
-1
4	923	3	73
-1
3	707	144	83
-1
4	648	116	11
-1
1	760	33	120
-1
3	80	120	153
-1
1	51	60	110
60	18	11	110	
4	435	184	105
-1
1	794	60	134
-1
1	159	185	138
-1
1	486	12	14
-1
4	959	130	16
-1
4	593	52	159
-1
3	203	159	27
-1
4	474	6	59
-1
2	427	165	178
-1
4	536	197	189
-1
3	792	47	172
-1
1	525	33	183
-1
1	262	26	120
-1
1	628	136	131
-1
1	43	22	13
22	15	73	13	
2	354	132	64
-1
3	180	124	22
-1
3	990	78	180
-1
3	919	152	144
-1
4	507	130	140
-1
4	630	17	138
-1
2	613	8	170
-1
1	484	84	147
-1
1	966	98	83
-1
1	378	125	56
-1
3	642	119	139
-1
1	815	72	62
-1
4	194	3	91
-1
3	890	144	194
-1
4	981	62	123
-1
1	519	168	91
-1
2	640	198	98
-1
4	787	162	134
-1
2	821	45	31
-1
4	228	162	155
-1
3	966	140	73
-1
2	979	133	97
-1
3	821	147	51
-1
3	615	141	195
-1
1	489	182	8
-1
4	980	162	176
-1
1	229	32	125
-1
1	762	72	38
-1
2	544	10	82
-1
1	498	182	43
-1
2	723	9	134
-1
2	219	126	66
-1
4	221	104	13
-1
1	15	76	105
76	100	8	41	2	105	
4	223	90	38
-1
2	350	131	199
-1
2	26	110	31
110	11	31	
4	863	90	102
-1
1	696	4	63
-1
3	490	147	44
-1
4	624	197	52
-1
3	441	119	177
-1
3	405	89	32
-1
1	61	61	107
61	9	7	107	
1	298	28	149
-1
3	97	2	79
-1
3	679	151	140
-1
1	332	128	181
-1
1	194	190	184
-1
2	437	37	83
-1
2	288	126	31
-1
1	416	101	149
-1
1	799	142	189
-1
1	257	98	49
-1
3	757	159	76
-1
2	435	56	29
-1
4	326	104	179
-1
1	307	182	58
-1
1	842	113	199
-1
2	124	106	35
-1
1	354	142	113
-1
2	254	181	165
-1
1	394	148	58
-1
1	995	98	156
-1
1	422	107	114
-1
1	251	63	121
-1
2	181	50	25
50	15	64	7	25	
4	239	175	6
-1
4	637	81	119
-1
2	424	123	176
-1
2	736	198	118
-1
4	900	104	50
-1
4	358	109	150
-1
2	513	103	47
-1
4	778	97	153
-1
1	98	70	16
-1
3	922	120	65
-1
1	280	101	191
-1
3	798	139	72
-1
3	725	127	146
-1
1	794	150	143
-1
4	644	85	198
-1
4	393	137	107
-1
4	191	94	9
-1
3	944	158	57
-1
2	111	135	126
-1
1	127	32	198
-1
2	317	106	98
-1
1	340	185	188
-1
3	685	134	66
-1
3	180	58	168
58	2	168	
2	177	53	52
-1
3	635	47	140
-1
1	595	39	185
-1
1	403	29	142
-1
3	481	124	28
-1
2	78	34	60
-1
4	727	112	117
-1
1	666	29	101
-1
3	531	120	186
-1
3	98	5	43
5	12	43	
1	102	136	46
136	10	46	
2	793	64	92
-1
3	178	51	82
-1
2	119	45	63
-1
1	747	48	186
-1
1	158	128	172
-1
3	626	5	35
-1
3	78	83	15
83	20	50	15	
1	663	148	135
-1
3	457	30	91
-1
4	903	80	26
-1
2	346	181	41
-1
3	180	173	91
-1
2	242	102	136
-1
3	179	21	135
-1
3	750	119	14
-1
1	137	76	170
-1
2	951	53	52
-1
4	885	130	199
-1
3	975	192	180
-1
2	752	200	59
-1
2	745	102	191
-1
2	235	200	164
-1
3	522	179	65
-1
1	8	172	37
172	17	49	20	37	
1	821	150	155
-1
4	390	52	182
-1
3	441	188	34
-1
2	991	138	115
-1
2	571	23	106
-1
3	981	149	106
-1
2	972	53	159
-1
4	687	197	110
-1
2	303	183	40
-1
1	940	57	11
-1
2	46	64	161
64	7	2	161	
4	780	85	164
-1
3	765	74	151
-1
1	80	67	88
67	4	14	88	
2	737	9	62
-1
3	194	179	163
-1
4	705	112	15
-1
3	614	83	163
-1
3	806	169	145
-1
1	816	71	1
-1
4	528	162	17
-1
2	691	8	101
-1
3	793	139	126
-1
2	433	103	144
-1
3	494	134	153
-1
1	8	71	83
71	83	
3	374	16	194
-1
3	336	120	28
-1
1	833	86	196
-1
4	385	91	67
-1
3	1	58	180
58	15	92	18	11	180	
2	853	138	187
-1
1	331	28	77
-1
3	874	21	180
-1
2	178	53	65
53	65	
1	813	98	135
-1
3	758	58	103
-1
3	986	31	22
-1
3	181	119	59
-1
2	999	103	101
-1
2	379	87	159
-1
4	717	88	96
-1
4	794	92	75
-1
1	725	22	47
-1
1	589	48	51
-1
2	476	177	101
-1
1	578	189	158
-1
3	951	147	140
-1
2	210	132	10
-1
2	510	64	112
-1
1	20	63	199
63	20	68	18	199	
3	267	41	38
-1
4	294	109	129
-1
2	540	102	103
-1
2	791	178	150
-1
4	243	167	126
-1
4	552	42	67
-1
3	91	19	13
19	4	13	
3	253	169	96
-1
4	164	130	159
-1
3	914	192	21
-1
4	151	11	13
-1
3	432	78	74
-1
4	734	171	127
-1
4	635	62	105
-1
1	312	4	71
-1
1	578	46	64
-1
4	542	197	34
-1
3	189	40	154
-1
4	348	92	84
-1
2	720	55	75
-1
3	685	169	37
-1
1	958	71	66
-1
2	684	102	188
-1
3	588	187	50
-1
3	610	173	53
-1
2	225	37	51
-1
2	10	166	47
166	7	63	20	39	47	
3	564	108	38
-1
1	799	48	129
-1
2	225	195	136
-1
4	861	115	104
-1
3	327	199	126
-1
3	914	108	180
-1
2	515	191	118
-1
2	568	131	91
-1
4	370	92	127
-1
1	416	117	92
-1
3	854	78	151
-1
3	934	41	199
-1
1	469	39	145
-1
3	724	15	11
-1
1	850	76	9
-1
1	629	154	68
-1
1	498	67	59
-1
3	388	134	141
-1
1	666	101	32
-1
1	910	22	100
-1
2	660	37	178
-1
4	810	42	170
-1
1	355	128	161
-1
2	365	196	175
-1
3	526	120	50
-1
1	793	121	3
-1
1	203	101	22
-1
2	343	198	155
-1
2	527	138	7
138	7	
4	978	3	180
-1
4	355	112	16
-1
3	925	124	10
-1
4	485	85	137
-1
2	611	191	84
-1
3	461	156	155
-1
1	415	33	75
-1
2	388	177	127
-1
2	894	132	125
-1
3	852	74	62
-1
3	631	152	16
-1
4	999	130	128
-1
1	160	84	3
-1
4	48	160	87
-1
2	131	196	78
-1
1	486	7	185
-1
3	312	19	169
-1
1	239	33	145
-1
3	763	173	76
-1
1	976	66	102
-1
1	191	70	53
-1
2	670	100	182
-1
2	424	50	18
-1
2	911	9	129
-1
2	540	56	125
-1
3	324	187	83
-1
3	844	24	101
-1
2	188	87	85
-1
1	616	125	57
-1
1	469	39	75
-1
2	921	14	144
-1
2	655	157	195
-1
2	24	178	45
178	6	36	18	60	19	45	
3	952	2	53
-1
2	628	64	61
-1
4	310	3	199
-1
3	810	78	22
-1
1	895	121	108
-1
1	303	60	185
-1
1	577	75	23
-1
2	272	143	189
-1
3	667	16	97
-1
1	463	22	26
-1
2	115	45	27
-1
2	727	196	90
-1
3	725	176	44
-1
4	298	85	121
-1
3	758	47	193
-1
3	342	93	53
-1
2	516	195	79
-1
3	256	124	174
-1
2	752	195	189
-1
2	378	13	162
-1
1	556	75	6
-1
1	198	142	153
-1
3	841	20	128
-1
1	514	145	165
-1
4	706	42	11
-1
3	310	199	103
-1
4	589	92	97
-1
2	362	8	172
-1
1	902	63	167
-1
4	863	167	131
-1
4	268	96	158
-1
4	772	52	51
-1
2	300	200	70
-1
1	864	193	166
-1
2	274	106	8
-1
1	128	163	158
-1
4	24	73	50
73	15	50	
2	596	13	57
-1
1	114	174	71
-1
1	596	75	37
-1
4	505	137	132
-1
3	955	156	135
-1
3	377	127	134
-1
2	142	178	126
-1
1	549	193	183
-1
1	707	18	98
-1
1	308	145	122
-1
1	164	121	134
-1
3	234	68	107
-1
2	623	181	133
-1
1	706	128	69
-1
1	40	33	176
33	11	83	4	176	
3	526	139	102
-1
4	651	115	32
-1
2	986	9	24
-1
2	883	157	42
-1
3	4	15	186
15	58	2	186	
2	937	122	106
-1
2	395	37	125
-1
2	927	23	57
-1
2	747	45	185
-1
1	122	150	169
-1
1	175	142	107
-1
1	206	67	174
-1
2	430	69	182
-1
4	823	6	90
-1
4	160	88	57
-1
3	818	43	130
-1
2	742	131	167
-1
1	399	125	141
-1
4	383	3	185
-1
3	551	149	86
-1
1	209	22	179
-1
4	382	197	45
-1
1	915	154	66
-1
2	5	183	71
183	2	7	63	20	71	
2	61	157	111
-1
1	390	117	105
-1
3	508	134	36
-1
1	648	75	160
-1
4	432	73	115
-1
1	270	7	63
-1
4	848	109	37
-1
2	45	118	33
118	18	11	33	
3	862	51	138
-1
2	284	166	73
-1
3	546	170	29
-1
1	651	182	145
-1
4	886	171	78
-1
2	997	79	105
-1
3	911	78	177
-1
4	726	62	136
-1
2	562	131	44
-1
4	946	130	113
-1
2	83	126	164
-1
3	107	139	81
-1
2	136	23	50
-1
1	680	168	183
-1
3	910	170	105
-1
2	214	55	183
-1
1	342	4	13
4	13	
1	677	114	74
-1
2	121	191	4
-1
4	233	104	85
-1
1	748	1	163
-1
1	228	84	101
-1
1	29	190	123
190	7	64	10	123	
3	211	77	43
-1
2	516	157	12
-1
1	450	18	19
-1
3	662	31	22
-1
1	935	172	87
-1
2	890	49	78
-1
1	375	121	181
-1
3	137	153	182
-1
1	37	101	17
-1
1	712	128	158
-1
2	706	157	187
-1
3	669	119	143
-1
2	487	34	112
-1
1	508	84	142
-1
4	347	97	65
-1
1	24	32	113
32	1	79	18	36	6	113	
1	156	121	33
-1
3	689	47	138
-1
2	57	135	38
135	9	72	18	38	
3	367	124	117
-1
1	753	35	25
-1
4	895	92	144
-1
4	406	160	177
-1
3	499	47	12
-1
2	163	106	109
-1
4	428	52	92
-1
2	412	27	12
-1
2	349	135	11
-1
2	338	23	145
-1
1	255	32	68
-1
2	831	198	54
-1
1	574	150	145
-1
2	703	196	105
-1
3	666	153	103
-1
3	774	51	8
-1
2	17	165	12
165	48	19	54	5	12	
3	581	192	38
-1
3	191	156	124
-1
4	335	104	99
-1
2	755	194	130
-1
2	160	200	127
200	80	127	
3	905	30	76
-1
3	361	156	23
-1
3	663	58	175
-1
1	670	75	177
-1
1	433	1	141
-1
4	623	17	85
-1
4	746	197	40
-1
3	844	187	95
-1
3	973	74	40
-1
4	851	180	39
-1
3	878	139	69
-1
3	300	43	176
-1
1	874	155	185
-1
4	450	17	59
-1
1	543	39	59
-1
1	579	71	76
-1
2	970	45	24
-1
2	64	191	11
191	12	26	11	
3	256	186	36
-1
2	94	111	15
-1
3	114	161	105
-1
1	889	39	100
-1
2	473	138	54
-1
4	884	164	71
-1
2	542	165	61
-1
1	169	107	83
-1
2	993	37	128
-1
4	555	6	70
-1
1	190	22	55
-1
3	356	77	117
-1
3	860	170	78
-1
4	959	36	68
-1
3	13	124	157
124	15	78	75	4	157	
3	35	149	120
149	2	66	5	54	17	120	
1	47	32	37
32	1	64	15	73	37	
3	129	173	95
-1
4	608	94	132
-1
1	877	86	137
-1
3	484	40	110
-1
1	400	29	186
-1
1	829	136	108
-1
2	296	195	143
-1
1	805	154	18
-1
2	876	118	166
-1
4	312	104	149
-1
1	7	150	74
150	2	7	64	1	34	74	
3	538	78	167
-1
1	226	86	4
86	4	
1	136	114	43
-1
4	873	197	23
-1
3	532	149	158
-1
2	874	129	152
-1
1	844	25	57
-1
2	561	181	126
-1
2	910	56	29
-1
1	135	168	178
-1
1	701	174	56
-1
1	304	63	93
-1
4	498	88	158
-1
4	120	175	155
-1
1	229	48	55
-1
3	332	179	183
-1
3	741	5	159
-1
2	466	200	139
-1
4	895	160	147
-1
3	72	21	114
-1
1	479	155	39
-1
1	371	7	53
-1
4	329	62	140
-1
3	835	159	67
-1
3	641	30	66
-1
2	223	10	44
-1
1	934	142	200
-1
4	224	82	151
-1
3	970	147	111
-1
3	483	41	83
-1
2	473	65	190
-1
2	125	143	196
-1
1	17	66	10
66	2	7	64	10	
2	283	146	168
-1
2	148	132	150
-1
1	143	172	159
-1
2	495	146	52
-1
2	45	79	133
79	1	133	
2	707	103	32
-1
1	742	72	24
-1
1	931	107	88
-1
2	678	131	31
-1
2	287	56	96
-1
3	607	24	193
-1
2	108	106	124
-1
3	666	5	95
-1
3	670	147	192
-1
3	802	41	71
-1
2	585	38	125
-1
3	209	144	196
-1
4	96	85	54
-1
4	78	167	185
-1
2	525	45	192
-1
3	117	83	15
83	20	50	15	
3	40	41	72
41	2	7	9	72	
1	286	148	76
-1
2	78	166	22
166	7	64	15	22	
1	700	35	15
-1
3	24	188	52
-1
3	371	173	147
-1
2	225	133	32
-1
1	761	28	150
-1
2	752	106	194
-1
1	918	182	77
-1
2	189	99	69
-1
4	64	90	17
90	9	17	
3	37	176	182
-1
3	251	5	168
-1
4	454	104	155
-1
3	353	127	79
-1
4	336	97	11
-1
4	685	73	39
-1
1	79	185	96
-1
1	507	136	29
-1
3	575	5	127
-1
1	743	193	17
-1
2	676	8	144
-1
2	43	45	100
45	8	100	
3	998	47	3
-1
1	828	101	81
-1
2	39	53	129
53	65	78	15	64	7	129	
3	429	188	2
-1
3	724	24	186
-1
2	504	102	74
-1
4	831	160	30
-1
2	799	87	23
-1
1	694	29	30
-1
4	593	105	26
-1
2	547	99	73
-1
4	227	96	125
-1
3	355	124	129
-1
1	508	114	68
-1
1	446	142	91
-1
4	271	17	193
-1
3	900	120	104
-1
2	522	102	190
-1
2	904	100	171
-1
1	729	145	27
-1
4	953	137	125
-1
3	677	83	173
-1
1	605	61	48
-1
3	72	16	161
-1
1	763	75	102
-1
3	107	120	70
-1
1	610	190	189
-1
4	552	42	91
-1
1	674	163	142
-1
1	300	18	87
18	87	
2	176	99	23
-1
3	948	51	58
-1
1	147	128	118
-1
2	107	132	85
-1
1	960	4	112
-1
2	429	118	31
-1
3	370	24	173
-1
1	260	185	14
-1
4	601	88	128
-1
3	439	161	98
-1
1	14	12	196
12	29	14	13	196	
3	871	188	46
-1
2	940	87	173
-1
2	577	34	57
-1
4	288	92	12
-1
4	870	52	129
-1
1	242	32	152
-1
1	7	1	88
1	86	4	14	88	
1	687	12	176
-1
2	184	165	88
-1
4	579	3	100
-1
3	824	16	39
-1
2	949	38	77
-1
2	205	178	110
-1
1	16	155	154
155	6	36	10	64	7	154	
3	496	41	157
-1
2	399	110	188
-1
4	686	104	141
-1
4	261	62	104
-1
1	501	148	68
-1
2	1000	131	71
-1
4	638	109	38
-1
4	714	85	76
-1
1	376	33	53
-1
1	81	189	158
-1
3	437	156	150
-1
3	576	51	11
-1
2	868	49	66
-1
1	572	86	128
-1
2	639	99	75
-1
3	861	199	6
-1
1	899	150	66
-1
3	974	139	150
-1
1	378	4	134
-1
3	687	179	122
-1
2	836	59	29
-1
3	398	47	31
-1
2	264	23	31
-1
4	791	90	117
-1
2	665	13	15
-1
4	422	52	165
-1
2	288	64	114
-1
4	789	162	52
-1
2	523	87	55
-1
3	396	16	186
-1
2	777	102	196
-1
3	807	89	43
-1
2	238	87	17
-1
1	754	150	58
-1
3	320	140	71
-1
3	436	156	74
-1
4	749	130	137
-1
3	952	169	51
-1
2	406	157	89
-1
3	543	31	57
-1
3	739	179	110
-1
1	133	155	199
-1
3	301	161	85
-1
2	758	198	186
-1
2	780	103	77
-1
1	653	174	184
-1
2	942	9	113
-1
2	192	157	81
-1
1	432	60	190
-1
1	688	18	20
-1
4	998	160	198
-1
2	196	50	104
-1
3	32	134	65
134	20	65	
2	769	34	14
-1
3	197	144	117
-1
1	980	75	90
-1
4	245	80	51
-1
3	925	21	159
-1
4	866	164	19
-1
2	886	195	36
-1
1	435	35	147
-1
1	939	32	197
-1
3	555	179	82
-1
4	168	162	68
-1
4	236	82	163
-1
3	78	78	37
78	65	20	37	
1	128	57	116
-1
1	838	101	136
-1
2	456	178	99
-1
3	443	43	46
-1
4	990	81	80
-1
1	538	67	63
-1
2	219	157	41
-1
2	686	111	154
-1
3	48	30	35
30	20	50	15	35	
1	437	18	112
-1
1	152	95	120
-1
1	840	174	173
-1
4	338	11	150
-1
3	135	19	144
-1
1	214	61	176
-1
2	276	50	42
-1
3	868	139	198
-1
3	21	158	60
158	15	92	18	60	
2	855	195	89
-1
2	918	195	106
-1
3	838	31	152
-1
3	210	134	77
-1
3	311	173	40
-1
1	6	63	58
63	7	2	58	
4	181	197	70
-1
1	974	163	72
-1
1	323	190	10
-1
2	782	10	167
-1
3	871	30	114
-1
2	528	37	108
-1
2	832	106	90
-1
2	908	143	23
-1
4	947	104	148
-1
2	756	166	10
-1
1	426	172	158
-1
4	649	104	72
-1
3	258	78	62
-1
3	177	152	23
-1
3	90	134	52
-1
3	749	156	40
-1
3	590	83	98
-1
1	764	66	192
-1
1	111	174	96
-1
1	672	72	13
-1
4	230	180	136
-1
2	701	157	40
-1
3	714	5	69
-1
4	136	62	20
-1
2	340	38	105
-1
2	531	79	60
-1
3	628	179	95
-1
1	820	168	160
-1
2	667	132	85
-1
2	479	194	157
-1
1	615	66	88
-1
1	606	95	44
-1
3	74	147	200
-1
2	45	14	13
14	13	
1	950	148	51
-1
1	361	39	81
-1
3	455	170	60
-1
3	415	149	27
-1
1	499	168	110
-1
2	7	34	104
34	9	104	
2	694	65	169
-1
2	689	79	15
-1
1	288	84	161
-1
4	101	109	173
-1
4	303	105	73
-1
4	335	6	111
-1
4	594	167	32
-1
3	373	21	181
-1
3	82	187	148
-1
1	185	86	134
-1
1	353	44	198
-1
2	519	138	28
-1
2	680	178	63
-1
1	604	18	123
-1
1	428	70	27
-1
1	491	172	185
-1
2	322	106	151
-1
4	254	52	171
-1
3	754	24	158
-1
4	839	105	195
-1
4	988	42	38
-1
2	815	146	127
-1
2	629	65	105
-1
4	151	96	122
-1
3	129	51	143
-1
2	513	79	114
-1
1	15	121	171
121	7	64	10	36	6	171	
2	386	194	174
-1
1	95	48	197
-1
1	289	1	54
1	5	54	
1	678	39	47
-1
1	605	26	192
-1
3	461	192	56
-1
3	534	20	103
-1
2	276	122	154
-1
3	341	2	184
-1
1	63	67	104
-1
1	37	33	97
33	11	83	20	97	
3	985	170	144
-1
2	990	64	96
-1
4	236	104	86
-1
3	428	134	63
-1
2	435	138	54
-1
1	938	150	25
-1
3	891	83	98
-1
2	74	110	52
110	11	52	
2	977	50	70
-1
4	625	112	102
-1
2	569	100	72
-1
4	616	85	135
-1
1	902	26	191
-1
4	764	62	124
-1
3	370	89	13
-1
2	346	123	162
-1
1	844	12	196
-1
2	47	102	105
102	15	64	7	2	105	
3	116	127	106
-1
2	417	103	169
-1
4	688	80	21
-1
1	375	48	105
-1
3	117	15	82
-1
4	240	116	143
-1
1	404	32	183
-1
1	717	1	58
-1
2	712	146	69
-1
3	368	141	171
-1
3	25	187	49
187	19	54	20	49	
2	393	102	104
-1
1	213	71	183
-1
2	469	110	30
-1
1	151	84	44
84	38	44	
3	845	152	112
-1
3	628	144	143
-1
2	285	146	95
-1
4	753	62	40
-1
1	275	125	133
-1
4	924	92	119
-1
4	27	116	173
116	17	173	
1	209	61	43
-1
1	390	25	152
-1
1	185	46	188
-1
2	848	196	139
-1
3	790	192	82
-1
3	436	19	179
-1
2	428	55	41
-1
2	960	8	165
-1
2	430	34	9
-1
2	602	157	124
-1
2	244	135	136
-1
1	748	95	161
-1
1	135	84	6
-1
3	873	21	153
-1
3	906	68	144
-1
2	285	10	115
-1
2	77	45	169
-1
1	641	72	128
-1
2	49	183	162
-1
2	325	13	70
-1
2	860	14	157
-1
2	572	10	51
-1
2	577	157	87
-1
4	81	91	107
-1
4	577	115	126
-1
3	691	21	135
-1
1	59	57	132
-1
2	139	133	155
-1
1	500	125	138
-1
1	121	174	150
-1
2	677	50	163
-1
4	728	109	172
-1
4	366	81	80
-1
2	424	9	170
-1
4	749	90	85
-1
1	836	66	57
-1
3	767	108	65
-1
2	321	118	197
-1
2	458	56	121
-1
1	959	155	46
-1
1	74	76	95
-1
3	397	152	156
-1
3	677	31	36
-1
4	46	197	196
197	14	13	196	
3	82	19	37
19	54	20	37	
3	690	120	54
-1
1	154	155	161
-1
4	902	73	79
-1
1	223	193	134
-1
4	220	3	41
-1
1	515	113	68
-1
3	670	186	171
-1
2	257	183	2
-1
4	852	11	149
-1
2	241	56	120
-1
4	294	90	39
-1
3	55	179	145
179	13	97	20	145	
4	933	85	17
-1
3	418	186	161
-1
4	658	160	115
-1
4	477	180	28
-1
1	848	46	165
-1
1	849	67	99
-1
2	549	123	109
-1
2	668	126	117
-1
2	658	166	6
-1
1	354	60	136
-1
1	170	66	172
-1
1	483	150	158
-1
4	749	167	69
-1
2	928	177	200
-1
2	93	53	45
53	19	45	
2	343	100	111
-1
2	652	100	185
-1
1	120	1	63
1	64	7	63	
3	477	20	180
-1
3	412	78	191
-1
3	784	31	56
-1
3	493	153	5
-1
3	761	187	124
-1
2	161	135	100
-1
1	557	63	104
-1
1	620	107	4
-1
2	956	49	55
-1
4	770	52	55
-1
4	950	171	75
-1
3	492	47	104
-1
4	748	11	134
-1
2	704	146	38
-1
2	427	38	176
-1
1	278	150	111
-1
4	382	62	125
-1
4	937	171	31
-1
1	791	190	79
-1
1	846	145	131
-1
4	472	115	53
-1
3	975	16	100
-1
1	60	107	62
-1
4	898	6	7
-1
2	673	110	196
-1
4	135	88	97
-1
2	859	118	159
-1
2	289	99	129
-1
3	120	187	70
187	19	70	
2	2	177	166
177	59	43	34	9	7	166	
1	54	174	32
174	7	64	1	32	
2	105	45	47
-1
4	566	171	106
-1
3	572	31	111
-1
4	319	80	172
-1
4	216	104	60
-1
1	774	39	177
-1
4	254	97	27
97	27	
2	275	138	13
-1
1	440	57	141
-1
2	872	10	67
-1
2	870	64	63
-1
3	575	120	34
-1
4	86	85	64
-1
2	457	9	95
-1
3	468	127	198
-1
1	396	142	36
-1
1	622	67	85
-1
1	786	72	22
-1
2	679	146	30
-1
2	145	138	39
-1
2	359	9	53
-1
3	592	78	172
-1
2	607	53	57
-1
4	301	90	17
-1
2	699	146	143
-1
2	286	14	37
-1
3	570	161	55
-1
2	543	183	79
-1
3	972	120	24
-1
2	210	198	161
-1
4	663	94	121
-1
3	786	5	199
-1
1	442	148	3
-1
1	258	155	92
-1
1	553	7	189
-1
1	541	57	154
-1
1	995	95	115
-1
2	873	64	97
-1
1	449	7	168
-1
4	161	130	118
-1
3	234	140	11
-1
1	832	154	15
-1
3	586	139	163
-1
2	877	133	69
-1
1	865	142	27
-1
1	19	46	36
46	10	36	
3	733	186	130
-1
2	981	133	145
-1
2	900	157	103
-1
3	817	5	33
-1
2	228	118	124
-1
3	194	151	29
-1
3	308	134	119
-1
1	528	71	3
-1
3	507	147	145
-1
1	942	163	190
-1
2	823	133	128
-1
4	719	17	60
-1
3	822	149	16
-1
2	806	49	173
-1
2	881	65	42
-1
1	61	44	144
-1
1	779	190	29
-1
4	182	97	99
-1
2	878	177	197
-1
3	419	83	159
-1
3	346	24	44
-1
2	357	198	12
-1
3	325	68	161
-1
3	49	41	161
41	2	161	
1	690	46	25
-1
3	833	78	21
-1
2	13	138	10
138	7	64	10	
1	111	117	58
-1
2	707	50	34
-1
2	665	79	116
-1
4	60	97	91
-1
2	272	195	40
-1
2	984	103	108
-1
2	744	27	148
-1
1	368	75	146
-1
4	140	116	23
-1
2	901	100	161
-1
4	959	112	29
-1
1	544	22	30
-1
1	460	128	108
-1
1	702	145	156
-1
3	742	156	102
-1
2	1	27	157
27	97	20	83	4	157	
2	948	10	183
-1
3	93	153	10
-1
4	668	73	77
-1
4	380	164	177
-1
2	8	65	40
65	20	68	5	12	40	
2	789	23	14
-1
2	248	166	93
-1
2	155	177	37
-1
3	857	31	145
-1
3	413	124	171
-1
3	147	124	133
-1
1	108	71	37
71	20	37	
4	985	116	61
-1
2	313	183	25
-1
1	104	114	89
114	3	89	
1	117	121	63
-1
1	410	61	180
-1
1	998	60	109
-1
2	942	14	139
-1
1	865	22	62
-1
3	397	186	185
-1
4	985	85	7
-1
3	646	192	74
-1
1	222	128	8
-1
3	910	40	121
-1
4	724	96	193
-1
1	503	12	5
-1
3	411	21	64
-1
4	501	171	78
-1
4	162	112	99
-1
3	98	176	37
-1
3	257	124	121
-1
1	730	61	112
-1
2	890	106	192
-1
3	410	127	183
-1
3	355	188	78
-1
1	159	63	90
-1
2	423	165	62
-1
1	652	128	32
-1
1	350	28	144
-1
1	338	142	71
-1
1	58	39	147
-1
1	322	95	7
-1
2	113	177	64
-1
1	95	66	142
-1
2	373	27	81
-1
2	414	133	143
-1
4	275	92	59
-1
1	307	66	138
-1
1	802	117	166
-1
1	272	18	59
-1
3	170	156	49
-1
2	776	13	144
-1
3	791	134	72
-1
2	84	198	89
-1
3	564	93	115
-1
4	658	17	200
-1
3	517	30	91
-1
4	254	104	156
-1
2	371	10	72
-1
4	381	11	89
-1
1	30	35	196
-1
1	573	4	9
-1
2	796	132	94
-1
3	884	74	44
-1
3	950	158	136
-1
4	349	73	104
-1
2	591	131	133
-1
3	746	199	188
-1
1	169	4	198
-1
3	210	127	160
-1
1	205	107	146
-1
1	565	136	150
-1
1	611	60	33
-1
2	454	55	106
-1
4	541	90	15
-1
3	244	192	88
-1
4	328	92	170
-1
3	715	83	120
-1
4	712	180	123
-1
3	824	149	49
-1
2	969	110	108
-1
1	670	114	43
-1
3	702	31	55
-1
3	560	41	61
-1
1	326	46	151
-1
3	213	186	94
-1
2	934	181	185
-1
3	653	108	67
-1
1	328	22	199
-1
1	328	86	99
-1
1	35	61	8
61	9	7	63	8	
1	830	29	73
-1
3	284	51	103
-1
4	544	104	95
-1
1	846	63	140
-1
1	139	189	125
-1
3	124	153	105
-1
1	742	39	164
-1
3	740	43	186
-1
2	638	122	23
-1
2	645	50	83
-1
4	670	36	63
-1
4	572	17	113
-1
2	667	100	17
-1
2	758	196	31
-1
1	683	193	171
-1
2	739	132	76
-1
1	255	7	66
-1
2	240	100	108
-1
3	462	40	182
-1
1	96	29	183
-1
1	758	26	18
-1
1	823	95	35
-1
1	991	18	86
-1
4	173	36	33
-1
2	344	194	178
-1
1	771	28	109
-1
2	36	118	67
118	18	72	4	67	
1	495	172	166
-1
1	476	163	157
-1
3	658	176	138
-1
1	428	71	163
-1
2	614	181	9
-1
4	851	3	26
-1
1	36	193	14
193	2	58	15	73	13	14	
2	13	165	159
165	48	19	4	159	
1	273	60	186
-1
3	291	30	55
-1
4	808	17	27
-1
2	565	64	189
-1
4	254	91	117
-1
1	168	101	187
-1
1	976	128	167
-1
3	953	93	121
-1
1	118	95	65
-1
4	876	130	30
-1
4	613	94	41
-1
2	68	166	23
-1
2	494	8	39
-1
3	834	16	54
-1
2	550	132	145
-1
1	89	185	45
185	8	45	
3	207	152	124
-1
3	728	127	168
-1
3	992	31	62
-1
3	173	149	144
149	2	144	
3	614	24	37
-1
2	436	37	155
-1
2	26	56	162
56	11	83	4	162	
1	880	101	177
-1
3	176	134	108
-1
4	220	36	44
-1
1	495	76	195
-1
4	262	82	73
-1
3	723	161	56
-1
3	618	153	4
-1
3	255	77	179
-1
4	961	42	167
-1
3	322	77	22
-1
2	851	55	122
-1
1	758	86	8
86	8	
1	2	61	43
61	9	34	43	
1	748	32	70
-1
2	621	126	151
-1
3	628	139	112
-1
2	831	13	16
-1
3	161	31	92
-1
2	528	37	134
-1
4	349	197	162
-1
2	471	118	168
-1
1	78	168	5
168	2	66	5	
3	72	78	65
78	65	
3	541	31	48
-1
2	43	178	173
-1
1	954	150	63
-1
2	321	177	76
-1
3	965	159	106
-1
3	850	120	142
-1
3	763	47	90
-1
2	83	195	7
-1
4	687	17	127
-1
4	752	94	4
-1
1	199	117	34
-1
1	524	57	163
-1
2	338	100	113
-1
3	13	5	41
5	66	2	41	
3	870	78	200
-1
2	163	194	119
-1
3	852	43	165
-1
2	611	157	111
-1
1	937	39	128
-1
2	940	126	173
-1
1	325	29	90
-1
2	487	27	98
-1
2	751	102	149
-1
3	392	192	106
-1
1	591	4	183
-1
1	861	26	176
-1
3	25	188	170
-1
3	487	40	126
-1
2	14	50	117
50	20	83	4	117	
2	739	138	42
138	7	42	
1	28	29	70
29	96	70	
3	477	153	48
-1
2	426	191	102
-1
1	531	142	93
-1
4	465	85	96
-1
2	192	27	121
-1
2	561	87	61
-1
1	38	63	52
-1
3	354	149	53
-1
4	195	115	190
-1
2	16	53	18
53	19	60	18	
1	664	32	122
-1
3	717	108	64
-1
4	809	85	5
-1
3	656	15	41
-1
2	129	79	67
-1
1	389	70	153
-1
1	992	182	15
-1
3	844	20	116
-1
1	233	125	30
-1
1	802	72	34
-1
2	875	87	65
-1
2	938	102	124
-1
1	95	18	9
18	72	9	
2	735	178	175
-1
2	154	34	54
-1
4	506	162	75
-1
2	873	102	9
-1
3	388	93	180
-1
1	417	136	104
-1
3	402	120	175
-1
4	18	73	14
73	13	14	
3	741	147	67
-1
4	701	36	37
-1
4	76	130	14
-1
4	681	17	47
-1
3	707	170	160
-1
1	715	75	61
-1
2	94	99	153
-1
1	550	86	40
-1
4	276	54	159
-1
2	641	55	183
-1
1	308	72	129
-1
2	344	166	165
-1
2	909	65	46
-1
4	308	92	62
-1
3	667	124	183
-1
3	80	31	10
31	11	18	60	10	
4	184	97	108
-1
2	824	143	194
-1
4	934	92	199
-1
4	669	167	54
-1
2	197	8	125
-1
1	513	67	41
-1
4	711	162	106
-1
1	524	70	149
-1
2	107	129	73
-1
2	668	196	55
-1
2	375	27	103
-1
2	320	10	45
-1
1	919	185	136
-1
1	924	71	55
-1
3	648	139	14
-1
2	241	87	80
-1
3	698	152	193
-1
1	446	63	62
-1
4	870	137	191
-1
3	324	43	138
-1
4	227	62	116
-1
2	23	37	125
37	20	83	4	125	
3	911	108	62
-1
1	165	26	84
-1
3	130	149	22
-1
3	409	149	60
-1
1	401	189	11
-1
1	14	86	24
86	4	19	60	24	
3	556	83	161
-1
3	45	153	155
-1
1	560	28	17
-1
4	637	6	5
-1
1	450	29	112
-1
3	933	139	90
-1
2	754	55	190
-1
4	813	184	138
-1
3	976	144	78
-1
4	599	96	115
-1
4	911	109	150
-1
4	666	17	102
-1
2	234	13	129
-1
3	638	173	135
-1
3	901	161	115
-1
2	590	10	53
-1
1	980	142	107
-1
3	69	47	90
-1
4	99	11	33
11	33	
3	413	186	128
-1
4	162	137	188
-1
3	215	47	156
-1
2	896	64	169
-1
2	782	49	93
-1
1	896	86	53
-1
3	148	139	14
-1
1	406	128	155
-1
1	95	107	1
107	7	64	1	
1	679	128	163
-1
1	558	26	149
-1
1	97	190	85
-1
4	853	104	83
-1
2	573	118	99
-1
2	465	13	147
-1
2	869	146	185
-1
3	882	41	123
-1
3	788	188	2
-1
1	340	145	61
-1
1	702	39	188
-1
2	202	69	13
-1
2	86	178	154
-1
1	321	75	57
-1
2	571	79	127
-1
3	717	51	91
-1
1	453	67	37
-1
2	975	87	77
-1
1	577	168	17
-1
1	237	107	161
-1
1	376	46	152
-1
2	740	99	20
-1
1	93	101	198
-1
2	302	138	24
-1
3	228	58	102
58	15	102	
1	118	28	104
-1
4	754	97	170
-1
3	383	149	56
-1
1	799	76	175
-1
4	111	52	81
-1
3	62	40	78
-1
3	34	15	176
15	78	75	4	176	
1	583	154	76
-1
2	158	198	14
-1
2	259	99	23
-1
2	514	126	3
-1
2	35	196	99
196	13	97	27	99	
1	42	101	199
-1
3	768	83	74
-1
1	648	33	125
-1
3	77	144	116
-1
2	404	157	130
-1
1	832	142	35
-1
3	445	124	33
-1
4	619	81	131
-1
4	221	91	9
-1
3	671	5	4
-1
1	70	190	104
190	7	9	104	
3	743	31	139
-1
2	620	198	171
-1
4	935	197	66
-1
1	417	25	23
-1
1	451	29	164
-1
1	835	60	40
-1
2	518	56	72
-1
1	726	26	163
-1
3	281	47	118
-1
2	584	69	60
-1
4	74	91	90
-1
1	845	33	40
-1
1	710	4	36
-1
2	84	138	61
138	7	9	61	
2	1000	106	41
-1
2	391	157	100
-1
2	62	143	107
-1
1	976	60	132
-1
4	646	137	130
-1
3	105	169	199
-1
3	394	153	88
-1
2	633	178	72
-1
1	821	22	75
-1
1	33	84	165
84	7	9	48	165	
3	673	119	70
-1
2	924	118	178
-1
3	230	108	121
-1
2	561	122	132
-1
4	491	97	21
-1
1	41	142	189
-1
1	280	46	93
-1
3	304	192	71
-1
3	730	176	44
-1
2	494	196	127
-1
4	364	180	46
-1
4	493	52	115
-1
3	365	176	175
-1
1	497	4	96
-1
1	669	117	192
-1
3	457	159	86
-1
3	502	151	83
-1
1	172	182	74
-1
4	15	85	2
85	11	56	8	41	2	
3	94	15	149
15	58	2	149	
1	139	60	129
-1
4	205	175	180
-1
3	979	68	107
-1
1	874	32	62
-1
4	218	80	178
-1
1	303	148	88
-1
2	585	157	38
-1
3	811	58	172
-1
2	612	181	56
-1
2	160	195	22
-1
3	488	40	82
-1
4	620	130	8
-1
2	478	135	75
-1
1	939	113	59
-1
3	269	139	138
-1
3	956	156	38
-1
2	746	10	146
-1
2	269	194	3
-1
3	124	156	183
-1
4	98	167	129
-1
2	331	79	169
-1
2	538	118	98
-1
4	565	137	184
-1
2	423	14	97
-1
4	312	105	187
-1
3	901	173	142
-1
4	646	80	151
-1
2	400	177	96
-1
2	982	45	4
-1
1	463	121	122
-1
1	583	18	200
-1
2	832	100	118
-1
2	416	37	6
-1
3	664	153	20
-1
3	450	127	76
-1
1	343	39	48
-1
4	645	91	127
-1
4	292	137	56
-1
1	95	136	100
136	10	100	
1	17	70	172
70	19	54	17	172	
1	216	84	141
-1
1	885	66	40
-1
4	291	97	29
-1
2	262	64	181
-1
3	737	127	108
-1
1	336	128	98
-1
1	14	70	140
70	19	60	24	140	
1	869	114	76
-1
4	521	6	164
-1
4	92	52	185
-1
2	33	69	68
69	18	68	
4	672	36	85
-1
3	900	120	133
-1
4	633	162	197
-1
2	940	23	75
-1
2	189	111	3
-1
1	928	46	24
-1
1	156	60	90
60	19	90	
1	271	128	95
-1
1	255	48	146
-1
4	274	92	166
-1
3	910	124	1
-1
3	642	147	72
-1
3	590	47	34
-1
3	65	31	56
31	11	56	
3	219	170	119
-1
2	42	110	164
110	11	18	92	15	164	
2	883	37	23
-1
3	977	144	103
-1
2	475	14	102
-1
3	392	20	193
-1
3	592	93	68
-1
3	663	2	15
-1
2	248	196	13
-1
1	256	185	43
-1
1	774	1	164
-1
3	137	19	73
-1
2	712	13	61
-1
1	366	95	5
-1
3	619	24	18
-1
2	212	50	38
-1
3	231	41	82
-1
4	645	184	84
-1
2	57	198	79
-1
1	99	46	15
46	10	92	15	
1	62	101	16
-1
1	486	26	186
-1
1	947	114	150
-1
1	951	25	197
-1
1	768	142	20
-1
3	357	161	21
-1
3	639	124	61
-1
1	874	154	44
-1
3	704	199	41
-1
1	718	7	38
-1
3	685	58	138
-1
1	471	71	163
-1
2	172	157	77
-1
2	968	103	53
-1
3	539	5	195
-1
1	359	172	107
-1
4	171	81	30
-1
3	566	119	135
-1
3	207	144	133
-1
3	396	47	92
-1
4	334	116	149
-1
1	848	1	19
-1
2	76	23	175
-1
2	729	194	29
-1
4	875	162	33
-1
2	133	100	157
-1
4	362	11	37
-1
2	496	181	107
-1
2	181	99	50
-1
1	824	57	48
-1
4	172	52	163
-1
1	342	185	163
-1
3	469	186	185
-1
1	497	60	179
-1
3	730	140	92
-1
2	638	166	143
-1
1	874	98	105
-1
4	132	11	38
11	18	38	
2	933	59	136
-1
2	980	191	192
-1
2	342	14	43
-1
1	705	185	180
-1
3	241	78	164
-1
2	771	146	175
-1
3	262	43	67
-1
3	957	124	32
-1
3	861	161	130
-1
3	498	186	92
-1
1	433	117	150
-1
2	224	49	140
-1
1	619	28	153
-1
1	598	121	89
-1
1	713	25	167
-1
1	687	18	112
-1
3	953	188	106
-1
3	737	2	29
-1
3	466	158	141
-1
1	557	18	126
-1
3	859	68	194
-1
2	198	100	194
-1
1	103	76	21
-1
1	391	95	94
-1
4	109	91	70
-1
4	21	3	87
3	55	9	72	18	87	
3	326	41	75
-1
2	107	146	28
-1
4	647	82	185
-1
2	173	99	154
-1
1	518	7	21
-1
2	912	65	121
-1
3	684	15	196
-1
1	177	117	89
-1
2	447	59	131
-1
1	733	168	85
-1
3	159	140	125
-1
4	986	17	22
-1
2	522	123	55
-1
2	276	122	105
-1
4	96	94	112
-1
4	768	11	128
-1
3	515	74	142
-1
3	955	158	10
-1
3	37	134	69
134	20	68	18	69	
4	121	180	188
-1
2	598	65	127
-1
2	771	23	95
-1
2	26	9	170
9	72	18	11	170	
4	530	82	91
-1
2	193	157	184
-1
3	521	5	146
-1
3	62	124	20
124	15	50	20	
2	624	191	129
-1
4	892	97	62
-1
3	31	134	194
134	20	63	7	194	
4	357	54	58
-1
4	603	3	80
-1
1	172	174	40
-1
3	62	151	122
-1
4	797	80	30
-1
4	543	73	34
-1
1	914	145	110
-1
4	242	6	100
-1
2	55	181	196
-1
1	448	72	81
-1
2	505	102	135
-1
2	737	10	89
-1
2	776	13	62
-1
4	849	184	12
-1
2	879	198	44
-1
2	664	194	68
-1
4	973	88	12
-1
3	24	153	169
153	9	72	4	14	169	
2	772	146	150
-1
1	252	1	173
-1
1	938	48	75
-1
3	779	153	36
-1
3	840	89	200
-1
3	204	16	136
-1
2	399	65	133
-1
1	266	95	126
-1
2	677	110	166
-1
1	397	35	118
-1
3	346	58	64
58	15	64	
2	119	181	64
-1
1	745	185	63
-1
2	932	122	167
-1
2	932	100	7
-1
4	267	92	23
-1
3	351	47	39
-1
2	628	45	85
-1
4	993	62	194
-1
4	63	90	28
90	19	45	28	
1	726	86	38
-1
1	741	32	18
-1
2	203	102	2
-1
1	970	46	76
-1
2	776	177	127
-1
1	750	60	170
-1
3	740	78	16
-1
1	624	28	12
-1
2	418	8	73
-1
3	797	152	162
-1
2	434	14	48
-1
4	804	91	31
-1
3	805	31	132
-1
3	432	186	177
-1
1	759	107	105
-1
2	328	34	165
-1
4	696	184	194
-1
1	907	75	22
-1
2	932	99	181
-1
3	93	68	132
-1
2	492	64	98
-1
1	122	98	188
-1
1	453	101	171
-1
1	581	57	108
-1
3	438	41	14
-1
3	602	151	47
-1
3	395	30	182
-1
1	168	125	57
-1
4	900	184	107
-1
4	232	115	174
-1
1	929	7	37
-1
2	68	99	86
-1
1	390	172	138
-1
1	97	25	195
-1
2	510	157	35
-1
2	109	194	137
-1
3	642	147	166
-1
4	850	94	91
-1
2	356	13	74
-1
1	281	113	188
-1
3	70	144	146
-1
3	155	24	196
-1
3	693	43	168
-1
1	839	33	144
-1
2	25	129	100
129	7	64	10	100	
2	361	191	46
-1
3	526	51	192
-1
4	568	92	37
-1
4	41	94	50
94	19	54	20	50	
1	580	1	162
-1
4	278	82	57
-1
3	273	151	32
-1
1	40	57	74
-1
3	383	149	58
-1
3	235	188	187
-1
4	680	11	129
-1
2	23	123	179
123	10	92	15	73	13	179	
2	660	49	70
-1
3	461	16	115
-1
2	622	9	116
-1
3	78	188	197
-1
4	461	17	99
-1
4	134	90	155
-1
4	544	81	56
-1
3	730	16	42
-1
2	258	50	5
-1
4	588	81	127
-1
2	657	55	127
-1
1	372	66	143
-1
2	439	126	151
-1
3	435	147	90
-1
3	485	176	107
-1
3	39	188	148
-1
3	846	74	28
-1
4	40	17	43
17	9	34	43	
1	996	98	44
-1
1	722	155	76
-1
4	801	94	131
-1
2	743	102	196
-1
4	645	73	74
-1
1	86	63	172
-1
4	344	97	100
-1
2	691	133	87
-1
3	871	124	160
-1
3	913	169	176
-1
2	109	8	73
-1
4	784	3	179
-1
3	314	77	72
-1
3	62	77	174
-1
4	135	171	198
-1
4	858	167	61
-1
1	957	4	109
-1
2	244	100	194
-1
1	555	142	117
-1
1	731	12	37
-1
3	555	77	45
-1
1	286	185	199
-1
1	157	168	27
-1
2	882	34	55
-1
3	832	47	177
-1
2	444	133	95
-1
1	152	190	99
-1
3	497	147	198
-1
1	813	142	139
-1
4	650	96	103
-1
2	46	178	179
-1
2	996	133	115
-1
1	575	18	82
-1
2	229	126	67
-1
2	758	8	113
-1
2	452	191	45
-1
2	750	34	35
-1
4	699	137	133
-1
2	638	34	74
-1
2	492	198	169
-1
3	470	47	147
-1
1	384	44	31
-1
3	17	192	48
192	13	4	19	48	
2	36	166	173
166	7	9	17	173	
2	148	194	132
-1
3	193	151	122
-1
1	379	155	107
-1
4	311	104	44
-1
4	584	3	77
-1
3	752	192	74
-1
1	250	35	73
-1
4	280	104	68
-1
1	479	39	59
-1
1	4	7	24
7	64	10	91	24	
4	735	42	170
-1
1	209	142	72
-1
3	515	134	26
-1
4	510	112	130
-1
1	986	22	84
-1
2	812	157	27
-1
1	284	60	61
-1
2	151	110	116
-1
3	762	141	106
-1
3	985	20	112
-1
2	754	23	106
-1
4	826	109	47
-1
1	651	117	132
-1
4	332	184	195
-1
3	567	93	16
-1
3	993	31	124
-1
4	453	42	183
-1
3	120	77	92
-1
3	25	179	33
179	13	4	83	11	33	
3	889	140	52
-1
3	394	77	26
-1
3	392	30	134
-1
1	723	7	51
-1
2	117	10	186
-1
3	884	141	30
-1
1	607	61	60
-1
4	741	52	53
-1
1	833	57	81
-1
3	217	176	12
-1
3	20	153	151
153	9	34	1	151	
3	245	41	27
-1
3	978	186	9
-1
2	780	177	167
-1
3	517	51	176
-1
3	347	119	69
-1
3	958	2	128
-1
4	811	160	179
-1
2	243	100	187
-1
1	54	84	163
84	5	66	16	163	
4	357	52	67
-1
2	783	23	107
-1
1	143	67	92
-1
4	910	197	20
-1
1	85	128	70
-1
2	353	45	188
-1
2	632	143	141
-1
2	211	100	52
-1
4	597	62	103
-1
4	911	105	187
-1
3	177	158	190
-1
1	635	114	13
-1
2	678	49	31
-1
2	697	191	179
-1
4	766	52	59
-1
3	705	89	103
-1
3	397	41	45
-1
4	448	73	96
-1
1	951	35	158
-1
2	89	183	62
-1
1	430	46	171
-1
1	642	174	37
-1
3	25	161	85
-1
2	555	38	27
-1
2	13	135	79
135	9	34	1	79	
4	267	52	167
-1
2	663	157	159
-1
4	159	105	183
-1
3	268	153	169
-1
2	529	55	104
-1
2	51	143	149
-1
1	487	172	74
-1
2	971	166	34
-1
1	350	142	72
-1
4	828	96	158
-1
1	546	61	9
-1
3	856	127	117
-1
1	391	190	22
-1
2	359	100	126
-1
4	62	167	180
-1
3	762	47	122
-1
4	988	97	45
-1
4	21	184	10
184	3	55	9	7	64	10	
2	244	106	103
-1
2	1	55	151
55	9	34	1	151	
2	410	34	11
-1
3	526	179	137
-1
3	99	187	78
-1
2	224	178	177
-1
2	203	135	95
-1
3	476	149	141
-1
2	121	110	38
-1
4	482	97	21
-1
1	585	70	78
-1
1	335	113	133
-1
1	97	114	166
-1
1	433	75	97
-1
3	63	152	83
-1
3	791	51	59
-1
1	886	26	145
-1
1	226	29	93
-1
2	863	56	155
-1
3	635	176	3
-1
2	513	10	24
-1
2	197	146	137
-1
1	514	32	2
-1
1	10	128	28
128	15	50	20	28	
4	244	112	179
-1
1	902	174	181
-1
2	399	165	7
-1
2	91	50	187
-1
2	797	27	42
-1
4	152	90	170
-1
1	175	76	179
-1
3	463	140	124
-1
1	16	136	155
136	10	36	6	155	
3	243	2	34
-1
4	22	11	145
11	83	20	145	
2	802	55	119
-1
3	808	108	35
-1
2	946	106	36
-1
3	988	149	62
-1
4	757	97	103
-1
1	87	48	179
-1
2	210	23	70
-1
2	516	37	158
-1
2	749	53	159
-1
1	45	95	169
95	12	29	14	169	
4	115	116	175
-1
1	749	70	83
-1
1	184	29	140
-1
4	998	175	88
-1
1	700	114	185
-1
1	630	22	184
-1
3	300	108	158
-1
1	609	117	195
-1
4	367	184	47
-1
1	287	84	93
-1
1	262	128	161
-1
3	896	43	30
-1
2	235	191	10
-1
3	75	127	184
-1
3	211	124	49
-1
4	794	175	70
-1
3	352	5	177
-1
4	698	104	45
-1
2	496	64	28
-1
3	988	30	63
-1
4	548	116	191
-1
2	329	129	33
-1
3	139	176	175
-1
1	274	163	53
-1
2	723	37	128
-1
3	592	47	103
-1
3	321	192	107
-1
2	765	143	162
-1
3	145	192	25
-1
2	207	87	6
-1
1	997	75	73
-1
1	981	174	2
-1
2	908	55	129
-1
1	960	145	91
-1
3	488	170	127
-1
4	542	92	125
-1
4	48	36	69
36	18	69	
3	361	108	11
-1
1	737	72	155
-1
1	542	168	41
-1
4	414	175	67
-1
2	967	123	193
-1
4	96	104	47
-1
4	386	11	143
-1
2	265	122	112
-1
3	941	161	156
-1
2	209	102	143
-1
3	772	149	50
-1
1	326	61	73
-1
4	718	197	41
-1
2	585	138	167
-1
4	177	104	89
-1
1	175	70	144
-1
1	717	117	106
-1
2	428	55	28
-1
1	383	71	188
-1
1	525	163	42
-1
1	526	172	190
-1
1	799	95	3
-1
1	191	172	199
-1
4	557	90	89
-1
1	597	25	144
-1
1	941	1	165
-1
3	846	127	82
-1
3	625	43	88
-1
1	765	71	158
-1
3	806	5	120
-1
4	147	82	43
-1
1	149	7	89
-1
3	900	5	60
-1
3	940	147	101
-1
2	683	103	77
-1
2	799	100	78
-1
3	32	192	156
192	13	4	156	
2	119	37	199
-1
2	676	14	21
-1
2	996	178	25
-1
2	990	183	106
-1
4	79	81	65
81	18	68	20	65	
3	938	30	21
-1
4	990	81	168
-1
3	467	20	70
-1
4	896	54	121
-1
1	451	4	112
-1
4	201	36	101
-1
1	221	154	114
-1
3	598	30	91
-1
2	503	177	25
-1
2	519	118	105
-1
2	740	196	86
-1
1	707	86	118
-1
1	976	75	89
-1
3	849	93	94
-1
3	560	188	98
-1
2	660	191	133
-1
2	773	191	38
-1
4	15	164	67
164	15	78	75	4	67	
3	191	161	195
-1
3	448	15	113
-1
3	933	134	60
-1
4	603	73	145
-1
3	691	179	172
-1
2	585	106	64
-1
2	82	106	4
-1
1	566	66	194
-1
3	803	77	136
-1
2	822	50	99
-1
3	968	16	11
-1
1	880	7	178
-1
4	340	6	111
-1
4	636	90	135
-1
4	407	92	65
-1
2	471	183	122
-1
4	74	167	28
-1
2	19	200	93
200	80	91	10	60	18	11	93	
2	506	165	169
-1
4	757	167	170
-1
3	367	140	138
-1
3	544	108	96
-1
3	806	187	101
-1
3	540	78	190
-1
1	804	114	82
-1
1	926	72	64
-1
1	753	142	182
-1
4	197	167	181
-1
1	917	185	145
-1
4	687	91	63
-1
3	224	47	155
-1
2	719	165	62
-1
4	971	109	200
-1
1	560	114	78
-1
4	441	6	143
-1
2	656	9	14
-1
1	437	86	108
-1
1	569	190	74
-1
3	913	186	11
-1
2	328	103	101
-1
3	282	141	99
-1
4	743	116	63
-1
3	294	186	123
-1
3	923	156	189
-1
4	617	115	194
-1
3	431	108	154
-1
1	890	163	40
-1
3	363	152	181
-1
3	573	120	119
-1
1	25	185	173
185	8	63	20	49	17	173	
2	475	64	113
-1
1	290	145	28
-1
1	12	39	165
39	20	50	48	165	
1	800	84	120
-1
1	545	7	186
-1
2	699	23	93
-1
3	890	5	8
-1
4	222	94	159
-1
2	540	9	30
-1
2	112	133	14
-1
2	976	110	77
-1
4	355	184	173
-1
4	319	73	163
-1
2	838	37	47
-1
3	824	188	53
-1
2	68	133	27
133	1	79	27	
2	875	183	32
-1
3	385	24	125
-1
2	815	45	85
-1
1	428	185	18
-1
1	257	48	127
-1
3	229	24	110
-1
2	144	178	135
-1
4	942	97	171
-1
1	546	86	110
-1
4	572	109	194
-1
2	803	129	176
-1
4	480	3	151
-1
3	964	188	196
-1
3	533	2	132
-1
2	859	181	179
-1
1	769	189	2
-1
1	255	18	132
-1
1	977	113	28
-1
4	86	54	113
-1
3	480	199	174
-1
2	207	122	102
-1
3	158	77	56
-1
3	905	156	195
-1
1	636	71	148
-1
1	814	4	129
-1
4	768	62	117
-1
1	499	182	86
-1
3	678	188	150
-1
4	142	164	3
-1
3	67	2	153
-1
1	168	33	27
-1
1	376	39	103
-1
1	370	148	10
-1
4	318	52	32
-1
1	646	39	35
-1
3	314	5	49
-1
1	552	172	182
-1
1	501	22	170
-1
3	456	51	85
-1
3	960	192	86
-1
2	586	59	118
-1
2	840	178	109
-1
3	849	153	8
-1
2	281	123	60
-1
3	667	192	50
-1
2	867	37	54
-1
2	649	102	177
-1
3	970	5	198
-1
2	806	106	48
-1
1	244	113	192
-1
1	761	72	50
-1
2	621	10	179
-1
2	629	49	132
-1
2	40	50	6
50	20	39	6	
4	489	130	197
-1
1	143	148	185
-1
3	119	15	38
15	50	20	49	38	
3	269	15	43
-1
1	268	136	148
-1
3	259	141	60
-1
4	660	184	83
-1
4	639	97	44
-1
1	922	117	93
-1
4	527	97	142
-1
1	475	136	23
-1
1	59	25	170
-1
3	296	119	136
-1
2	738	37	150
-1
1	237	57	85
-1
1	248	125	178
-1
2	83	183	161
-1
2	326	195	9
-1
1	170	33	126
-1
2	463	106	174
-1
1	485	32	110
-1
3	607	58	86
-1
4	694	116	4
-1
1	44	163	40
-1
2	680	53	49
-1
3	57	41	173
-1
3	770	89	107
-1
2	578	123	101
-1
1	455	48	85
-1
1	29	18	190
18	92	15	64	7	190	
4	690	80	173
-1
1	575	117	30
-1
1	178	75	97
-1
1	969	168	60
-1
1	217	163	64
-1
2	189	195	104
-1
4	848	3	144
-1
1	500	172	66
-1
2	785	102	114
-1
3	326	108	83
-1
1	299	136	114
-1
2	880	177	182
-1
3	777	151	56
-1
4	988	80	176
-1
2	251	49	90
-1
4	506	17	84
-1
3	650	158	87
-1
3	115	5	10
5	1	64	10	
4	580	104	63
-1
3	862	40	171
-1
2	776	166	58
-1
3	157	16	35
-1
1	965	95	137
-1
2	892	23	17
-1
2	981	10	65
-1
1	617	12	33
-1
1	855	70	190
-1
3	816	119	194
-1
1	79	33	50
-1
2	449	13	89
-1
1	658	26	6
-1
3	692	153	21
-1
2	829	110	68
-1
1	597	26	90
-1
1	613	117	52
-1
2	445	49	15
-1
2	635	65	84
-1
3	380	119	154
-1
2	829	135	187
-1
2	118	13	151
-1
2	923	13	128
-1
1	896	70	81
-1
1	563	114	142
-1
4	404	94	167
-1
4	407	90	35
-1
4	174	54	83
54	20	83	
1	857	98	148
-1
1	811	84	18
-1
2	149	64	152
-1
4	451	92	116
-1
3	930	161	80
-1
4	10	36	102
36	18	92	15	102	
2	551	131	167
-1
2	869	45	60
-1
2	503	200	101
-1
1	138	7	154
-1
4	685	180	3
-1
3	54	188	87
-1
1	358	150	102
-1
2	25	50	145
50	20	145	
4	505	52	106
-1
1	158	182	93
-1
2	324	191	23
-1
4	183	94	19
-1
1	35	114	18
-1
4	140	17	24
-1
2	942	106	155
-1
1	780	142	95
-1
2	33	195	196
-1
3	178	152	46
-1
2	35	177	49
177	59	99	27	97	20	49	
1	527	33	30
-1
1	901	190	173
-1
1	719	113	18
-1
3	736	47	131
-1
4	360	81	99
-1
3	466	20	4
-1
1	560	113	145
-1
2	508	45	140
-1
3	753	77	43
-1
4	153	6	171
6	171	
3	583	40	3
-1
2	107	118	192
-1
1	924	18	56
-1
1	254	136	102
-1
1	953	72	182
-1
2	508	183	153
-1
1	253	48	18
-1
4	944	160	62
-1
1	938	67	90
-1
4	909	171	48
-1
2	711	123	39
-1
1	855	57	157
-1
1	310	163	174
-1
2	612	38	62
-1
1	145	44	133
-1
1	698	148	67
-1
2	915	55	66
-1
2	928	59	25
-1
3	769	2	43
-1
3	616	140	165
-1
1	207	48	40
-1
2	363	110	48
-1
4	688	164	163
-1
3	549	74	200
-1
4	33	85	43
-1
2	499	181	190
-1
3	765	78	197
-1
3	741	144	55
-1
2	936	23	9
-1
3	452	192	100
-1
3	91	159	99
-1
2	491	165	8
-1
2	53	79	172
79	18	72	17	172	
3	404	119	197
-1
1	799	67	33
-1
4	540	52	13
-1
1	136	150	91
-1
1	543	66	186
-1
1	351	7	161
-1
4	850	94	104
-1
1	948	145	62
-1
3	707	188	179
-1
3	278	78	9
78	9	
4	26	82	127
82	19	60	24	91	80	127	
2	858	37	146
-1
1	271	35	197
-1
4	313	175	98
-1
4	250	62	164
-1
1	10	4	170
4	83	11	170	
1	713	154	15
-1
1	327	155	159
-1
4	705	54	98
-1
3	265	161	175
-1
1	992	190	8
-1
3	489	16	45
-1
4	85	73	79
73	15	64	1	79	
1	982	95	5
-1
1	945	7	67
-1
1	66	57	22
-1
1	280	18	128
-1
2	391	131	82
-1
1	488	57	136
-1
1	415	113	96
-1
2	222	177	85
-1
3	18	120	52
120	17	72	18	11	52	
2	249	8	125
-1
4	453	92	19
-1
1	471	26	178
-1
2	845	122	186
-1
3	572	188	3
-1
3	205	19	85
-1
2	340	9	141
9	141	
2	387	49	53
-1
1	624	63	182
-1
4	75	36	53
-1
4	951	54	61
-1
2	170	102	104
-1
2	99	106	81
-1
2	636	129	3
-1
3	438	173	190
-1
3	923	144	160
-1
1	415	148	121
-1
3	620	40	169
-1
2	153	178	183
-1
1	5	1	170
1	79	18	11	170	
1	665	28	175
-1
2	921	178	28
-1
2	401	99	134
-1
4	403	197	62
-1
4	344	184	186
-1
1	856	22	81
-1
4	976	96	180
-1
4	896	62	19
-1
4	678	81	149
-1
1	599	185	101
-1
1	974	190	128
-1
4	401	6	106
-1
2	686	126	4
-1
2	299	79	153
-1
4	84	81	136
-1
2	964	177	109
-1
1	144	32	156
-1
1	314	7	170
-1
4	214	54	2
-1
3	115	83	187
-1
4	442	81	176
-1
4	499	54	181
-1
1	455	7	107
-1
4	407	92	185
-1
2	694	191	17
-1
3	755	74	193
-1
1	862	190	176
-1
4	431	85	134
-1
1	433	150	187
-1
4	19	164	69
164	15	92	18	69	
3	546	78	150
-1
1	326	71	155
-1
3	984	170	161
-1
3	920	24	53
-1
1	889	182	43
-1
2	233	27	68
-1
2	809	181	57
-1
2	942	195	141
-1
2	881	177	91
-1
2	949	9	6
-1
3	450	179	83
-1
1	5	76	153
76	53	73	15	78	9	153	
3	717	2	74
-1
4	569	137	97
-1
1	563	57	78
-1
4	783	97	57
-1
2	839	129	189
-1
4	932	137	183
-1
3	374	31	160
-1
2	731	111	120
-1
4	413	11	51
-1
2	917	13	126
-1
3	743	169	79
-1
4	639	85	16
-1
4	69	6	24
6	36	18	60	24	
1	725	121	120
-1
2	713	102	48
-1
3	248	93	137
-1
3	759	176	119
-1
1	678	101	181
-1
3	80	31	191
-1
2	806	195	3
-1
1	884	63	123
-1
3	651	5	8
-1
1	674	44	13
-1
2	545	64	84
-1
3	793	140	186
-1
4	281	52	78
-1
3	599	51	5
-1
2	979	9	105
-1
2	721	87	135
-1
2	276	118	129
-1
2	998	123	191
-1
3	605	159	196
-1
3	369	161	191
-1
1	853	35	6
-1
3	190	179	145
-1
2	867	123	148
-1
1	871	155	199
-1
3	575	153	7
-1
2	61	131	45
131	20	28	45	
1	389	4	163
-1
2	531	79	37
-1
1	878	76	147
-1
1	420	33	108
-1
1	225	1	94
-1
3	721	5	24
-1
2	269	194	147
-1
1	819	12	53
-1
4	425	82	6
-1
2	822	8	88
-1
3	736	20	91
-1
4	324	160	169
-1
3	471	43	197
-1
3	530	120	29
-1
4	823	92	181
-1
3	246	68	186
-1
1	944	189	179
-1
2	197	9	191
-1
2	602	27	24
-1
4	841	3	184
-1
3	932	24	155
-1
2	852	111	115
-1
1	248	35	157
-1
1	76	57	28
-1
3	57	186	119
186	2	119	
2	394	8	187
-1
3	572	5	127
-1
3	514	149	87
-1
1	90	145	113
-1
1	225	98	67
-1
4	979	90	43
-1
3	93	21	153
-1
4	449	73	139
-1
1	629	72	195
-1
1	347	148	180
-1
3	885	156	139
-1
3	963	149	144
-1
1	849	72	92
-1
2	713	138	188
-1
2	980	27	37
-1
3	822	51	126
-1
1	974	29	99
-1
3	113	74	123
-1
3	59	74	194
74	34	1	64	7	194	
2	639	102	141
-1
1	377	1	48
-1
4	520	85	148
-1
2	363	200	20
-1
1	750	48	109
-1
1	338	113	135
-1
4	264	92	137
-1
1	514	113	117
-1
2	236	38	190
-1
2	29	102	16
102	15	64	7	2	66	16	
3	322	161	117
-1
3	169	199	117
-1
3	669	127	154
-1
3	688	199	153
-1
3	148	161	152
-1
1	82	63	64
63	7	64	
2	770	200	107
-1
3	838	15	19
-1
1	28	128	9
128	15	78	9	
1	195	163	110
-1
3	263	144	70
-1
2	932	65	20
-1
1	85	185	147
-1
2	389	53	97
-1
4	692	92	57
-1
1	708	39	119
-1
1	414	72	71
-1
3	985	41	85
-1
2	393	79	165
-1
3	102	58	79
58	15	64	1	79	
4	524	52	22
-1
1	943	66	86
-1
4	441	197	71
-1
4	537	81	123
-1
3	946	21	167
-1
1	64	113	5
-1
1	286	172	77
-1
1	171	185	69
-1
3	287	169	99
-1
1	165	113	156
-1
3	187	15	159
-1
4	672	90	25
-1
4	494	184	21
-1
1	969	25	54
-1
1	135	113	26
-1
3	139	58	90
-1
3	767	74	61
-1
3	436	159	198
-1
4	334	81	166
-1
4	842	167	79
-1
1	152	84	45
-1
1	528	70	134
-1
3	549	141	69
-1
3	354	187	93
-1
1	979	155	158
-1
3	821	89	167
-1
3	881	179	192
-1
2	278	146	103
-1
2	996	133	135
-1
1	426	18	54
-1
4	22	11	137
11	56	8	41	2	137	
1	307	163	6
-1
4	575	90	98
-1
1	620	190	84
-1
1	977	95	38
-1
1	295	26	78
-1
1	287	46	57
-1
2	589	126	154
-1
3	723	156	38
-1
3	328	151	7
-1
3	864	176	18
-1
4	869	197	132
-1
2	367	55	173
-1
1	202	29	115
-1
1	992	48	9
-1
3	869	24	34
-1
3	677	119	79
-1
3	182	158	157
-1
4	171	97	112
-1
4	978	171	14
-1
2	147	99	141
-1
4	830	162	89
-1
3	202	31	143
-1
3	516	149	171
-1
1	125	150	19
-1
3	710	93	194
-1
4	741	162	64
-1
1	97	190	20
-1
1	760	172	116
-1
1	725	142	87
-1
1	65	71	185
-1
3	153	169	98
-1
2	295	198	128
-1
3	417	152	28
-1
1	435	67	130
-1
2	381	143	22
-1
2	844	53	135
-1
1	816	145	125
-1
3	531	41	96
-1
3	769	152	189
-1
1	505	76	12
-1
4	603	92	132
-1
1	282	44	130
-1
4	910	90	81
-1
3	39	58	99
58	15	92	18	79	27	99	
2	12	45	42
45	8	41	2	42	
1	347	25	46
-1
3	71	68	190
68	18	72	9	7	190	
3	718	83	182
-1
2	458	166	85
-1
3	269	134	112
-1
1	1	39	3
39	20	63	7	9	55	3	
1	482	193	46
-1
3	914	74	87
-1
2	812	183	144
-1
3	5	173	188
173	17	188	
1	850	185	164
-1
3	791	83	32
-1
3	924	153	66
-1
1	8	22	183
22	15	64	7	2	183	
2	119	79	69
79	18	69	
2	673	100	59
-1
4	118	52	51
-1
2	156	133	124
-1
1	852	46	107
-1
2	639	9	31
-1
2	603	14	15
-1
3	586	15	49
-1
3	403	158	1
-1
4	938	81	22
-1
3	606	41	53
-1
2	264	111	152
-1
4	514	184	3
-1
2	637	53	87
-1
3	895	161	84
-1
1	326	12	92
-1
3	292	2	57
-1
3	141	156	24
-1
3	293	93	181
-1
4	467	96	13
-1
1	119	185	5
-1
1	870	190	116
-1
3	424	5	51
-1
2	910	118	55
-1
2	945	106	15
-1
3	988	153	26
-1
3	397	30	180
-1
4	20	73	135
73	15	78	9	135	
2	352	165	28
-1
3	964	58	75
-1
3	921	124	59
-1
4	988	42	48
-1
1	838	63	4
-1
2	292	38	121
-1
2	859	99	178
-1
3	36	43	82
43	10	46	19	82	
1	815	182	63
-1
2	150	178	136
-1
4	977	197	100
-1
2	403	100	157
-1
3	661	16	32
-1
1	60	136	25
136	10	64	7	25	
2	863	123	39
-1
4	935	112	76
-1
1	264	155	174
-1
2	746	13	168
-1
2	408	49	150
-1
1	543	63	127
-1
4	995	164	76
-1
4	351	92	127
-1
4	135	94	142
-1
1	759	154	77
-1
2	798	13	151
-1
1	25	75	62
75	21	62	
2	999	9	17
-1
1	718	25	29
-1
3	819	170	29
-1
2	346	129	44
-1
1	373	72	7
-1
1	899	18	99
-1
1	241	168	144
-1
4	669	54	98
-1
2	172	13	62
-1
4	233	162	89
-1
3	201	186	49
-1
1	582	136	73
-1
4	410	54	194
-1
1	205	72	123
-1
3	412	169	146
-1
3	62	93	163
-1
3	205	144	82
-1
4	854	137	136
-1
1	68	4	148
-1
4	708	175	61
-1
4	356	160	46
-1
4	981	160	182
-1
3	974	93	187
-1
2	96	55	10
-1
2	241	59	131
-1
1	403	22	23
-1
3	285	83	166
-1
3	20	40	101
40	12	26	11	101	
2	719	45	57
-1
2	179	64	183
-1
4	776	171	94
-1
3	509	127	6
-1
1	95	107	98
-1
4	57	80	152
80	91	10	152	
1	387	128	163
-1
1	161	168	184
-1
2	279	123	19
-1
3	979	159	58
-1
4	987	130	54
-1
2	122	200	118
-1
2	967	178	88
-1
4	372	105	166
-1
2	622	14	24
-1
1	125	60	56
-1
4	87	116	183
-1
4	271	54	102
-1
3	89	15	176
-1
3	98	93	134
-1
2	503	23	63
-1
4	20	162	62
162	4	19	70	62	
1	60	35	191
-1
1	625	1	96
-1
1	49	125	61
-1
2	304	146	120
-1
1	838	22	188
-1
4	539	109	41
-1
2	515	131	7
-1
4	400	171	51
-1
3	215	20	74
-1
2	676	122	187
-1
4	19	94	21
94	19	70	62	21	
3	666	153	21
-1
2	126	129	145
-1
2	845	129	42
-1
4	584	184	64
-1
3	25	173	124
173	17	9	78	15	124	
4	383	112	6
-1
2	234	178	128
-1
2	907	129	147
-1
2	93	143	20
-1
4	265	171	65
-1
1	685	189	169
-1
4	782	54	50
-1
3	175	179	178
-1
4	638	175	114
-1
3	313	159	86
-1
2	470	135	149
-1
1	197	117	78
-1
1	295	150	7
-1
2	915	8	149
-1
4	131	52	119
-1
4	300	116	59
-1
3	749	153	112
-1
3	878	134	42
-1
1	991	60	17
-1
2	277	50	127
-1
4	625	162	61
-1
1	903	32	177
-1
1	509	28	79
-1
1	9	75	86
75	4	86	
3	80	141	138
141	9	7	138	
1	738	71	5
-1
2	2	122	157
122	6	36	18	72	4	157	
1	643	70	42
-1
1	211	148	102
-1
4	937	90	151
-1
2	197	166	64
-1
2	726	143	95
-1
2	404	45	75
-1
4	841	105	149
-1
2	130	65	89
-1
3	535	144	159
-1
4	91	82	81
-1
1	285	35	102
-1
3	586	77	1
-1
4	688	88	91
-1
3	551	176	8
-1
1	646	125	150
-1
2	872	50	146
-1
3	820	5	2
-1
2	460	45	67
-1
4	570	175	10
-1
1	802	61	43
-1
2	904	103	77
-1
3	456	187	106
-1
1	98	172	145
-1
2	106	59	120
-1
4	807	162	44
-1
1	753	7	45
-1
3	154	78	49
-1
2	372	49	46
-1
3	782	108	20
-1
1	176	29	32
-1
3	205	31	134
-1
1	510	86	121
-1
3	654	141	44
-1
1	925	39	55
-1
4	169	96	16
-1
2	165	102	174
-1
4	614	54	3
-1
4	59	160	51
-1
2	630	131	110
-1
2	861	64	90
-1
3	194	40	120
-1
2	266	196	5
-1
4	662	105	98
-1
2	716	110	136
-1
2	683	34	183
-1
1	856	154	84
-1
3	810	119	90
-1
1	12	84	49
84	20	49	
1	921	142	131
-1
2	162	123	147
-1
2	482	183	186
-1
1	838	128	133
-1
2	335	146	37
-1
1	422	7	98
-1
3	556	74	131
-1
3	840	156	37
-1
1	729	163	107
-1
1	729	172	190
-1
2	859	183	83
-1
2	605	55	5
-1
3	142	16	139
-1
2	674	49	66
-1
2	62	87	163
-1
3	959	173	169
-1
3	642	147	194
-1
2	278	102	149
-1
3	384	93	63
-1
3	925	21	34
-1
3	607	149	16
-1
4	411	160	22
-1
4	549	164	38
-1
3	566	58	86
-1
2	729	131	124
-1
1	49	145	49
145	20	49	
2	595	103	147
-1
4	343	96	48
-1
3	558	173	141
-1
3	991	108	113
-1
1	359	32	62
-1
2	580	38	21
-1
2	169	200	136
-1
1	607	148	193
-1
1	82	66	76
66	5	54	19	53	76	
2	930	146	172
-1
2	276	146	74
-1
3	676	140	170
-1
3	968	83	94
-1
3	232	40	154
-1
1	493	182	185
-1
3	665	140	175
-1
1	353	72	174
-1
3	697	192	122
-1
2	372	198	187
-1
4	143	80	84
-1
3	969	161	29
-1
1	490	189	169
-1
3	335	16	3
-1
2	888	135	194
-1
2	73	166	175
-1
4	199	11	67
-1
1	972	75	90
-1
3	293	179	81
-1
1	431	76	31
-1
3	114	199	62
-1
4	743	94	22
-1
2	263	14	162
-1
2	665	103	177
-1
1	858	189	63
-1
3	832	77	29
-1
1	650	101	39
-1
2	539	99	65
-1
1	372	70	44
-1
4	402	115	119
-1
4	63	97	117
97	20	83	4	117	
1	636	163	162
-1
4	750	105	175
-1
3	78	119	77
-1
2	941	183	18
-1
3	569	40	94
-1
2	807	23	194
-1
1	671	25	44
-1
1	866	163	113
-1
1	384	86	179
-1
2	653	87	76
-1
1	814	101	38
-1
3	189	89	94
-1
2	617	38	12
-1
4	434	115	146
-1
1	879	7	185
-1
4	24	175	159
175	19	4	159	
2	67	133	183
-1
3	332	156	98
-1
3	462	21	183
-1
2	537	157	70
-1
2	726	9	122
-1
1	419	174	10
-1
1	582	114	199
-1
2	527	131	114
-1
4	463	116	72
-1
3	222	147	47
-1
3	804	170	131
-1
1	101	189	86
-1
3	484	120	107
-1
2	705	181	15
-1
1	826	70	23
-1
2	836	195	148
-1
2	186	166	62
-1
3	899	147	144
-1
1	971	26	11
-1
4	969	88	157
-1
4	699	109	127
-1
2	537	65	115
-1
1	995	117	186
-1
2	809	200	118
-1
2	983	56	139
-1
4	330	82	134
-1
2	391	69	51
-1
4	486	54	149
-1
4	697	105	174
-1
2	253	27	62
-1
3	531	147	122
-1
4	245	197	186
-1
2	782	133	55
-1
3	252	127	54
-1
2	190	135	62
-1
2	675	69	95
-1
3	125	199	115
-1
3	474	141	120
-1
2	247	27	24
-1
1	260	75	2
-1
3	734	127	148
-1
2	471	10	145
-1
4	925	54	29
-1
3	931	188	156
-1
1	192	39	42
-1
1	886	28	111
-1
2	200	103	61
-1
3	319	179	1
-1
4	495	52	179
-1
3	696	51	53
-1
4	596	62	132
-1
2	892	195	141
-1
1	120	66	146
-1
1	627	142	85
-1
1	869	72	123
-1
1	531	63	103
-1
2	591	100	5
-1
2	791	99	183
-1
3	322	170	187
-1
3	526	16	189
-1
1	657	63	50
-1
3	949	58	45
-1
1	647	101	62
-1
3	531	173	3
-1
3	206	199	27
-1
3	508	19	89
-1
3	464	149	189
-1
3	198	139	39
-1
4	184	82	160
-1
1	372	155	175
-1
4	374	80	38
-1
3	570	89	47
-1
2	783	37	148
-1
1	585	35	120
-1
2	611	166	70
-1
4	52	171	89
-1
3	792	30	37
-1
3	382	93	128
-1
4	142	90	9
90	9	
1	268	26	163
-1
3	457	149	194
-1
3	304	74	82
-1
3	403	43	71
-1
1	874	25	105
-1
4	343	162	22
-1
3	31	124	192
124	15	73	13	192	
4	468	175	173
-1
2	595	118	65
-1
2	555	100	107
-1
1	669	193	84
-1
1	814	12	184
-1
2	296	69	58
-1
1	766	172	100
-1
1	222	174	77
-1
3	844	47	38
-1
3	187	141	161
-1
1	760	172	136
-1
2	24	191	5
191	12	5	
1	882	185	104
-1
4	517	91	48
-1
2	301	111	60
-1
3	958	124	128
-1
4	409	171	51
-1
1	85	136	176
-1
3	922	158	174
-1
1	235	1	114
-1
3	722	187	85
-1
1	526	98	75
-1
2	382	122	11
-1
1	429	155	53
-1
1	640	72	163
-1
3	767	124	39
-1
4	817	81	9
-1
3	192	41	97
-1
3	765	78	6
-1
3	879	199	158
-1
1	915	33	144
-1
2	990	106	194
-1
1	752	32	115
-1
2	405	13	21
-1
1	319	193	44
-1
1	957	33	167
-1
