3	461	190	150
-1
1	219	74	195
-1
4	420	113	128
-1
2	97	121	47
-1
2	261	109	66
-1
4	807	40	18
-1
1	111	61	9
61	15	41	9	
3	115	190	30
-1
3	793	139	98
-1
2	382	175	129
-1
3	331	75	119
-1
3	877	87	144
-1
2	605	57	56
-1
3	403	28	128
-1
3	620	76	37
-1
3	237	137	28
-1
4	645	95	88
-1
1	74	5	77
-1
2	723	120	167
-1
1	452	64	141
-1
3	922	197	167
-1
4	65	79	6
79	15	41	9	92	6	
3	672	156	62
-1
1	400	112	42
-1
4	988	114	117
-1
2	415	133	5
-1
3	102	122	100
122	7	100	
1	731	166	56
-1
2	897	192	127
-1
3	838	66	190
-1
3	604	117	138
-1
3	9	190	17
190	6	89	70	17	
2	623	6	124
-1
4	216	78	187
-1
3	884	29	52
-1
1	889	16	184
-1
1	740	30	57
-1
4	195	83	23
-1
3	722	13	166
-1
4	463	110	183
-1
3	801	147	52
-1
4	769	102	41
-1
2	244	63	47
-1
1	830	37	76
-1
4	281	4	104
-1
3	216	87	119
-1
2	873	127	100
-1
3	247	66	182
-1
1	764	61	195
-1
4	146	182	56
-1
1	197	44	154
-1
2	190	196	55
-1
2	836	164	69
-1
3	511	159	57
-1
1	966	188	60
-1
1	484	68	147
-1
1	535	84	73
-1
2	516	108	139
-1
3	510	154	151
-1
3	765	117	84
-1
2	470	62	79
-1
2	525	11	75
-1
2	345	200	190
-1
2	202	35	149
-1
2	661	97	136
-1
2	959	62	156
-1
2	632	97	191
-1
1	122	31	98
-1
2	624	98	51
-1
4	507	160	119
-1
3	585	76	132
-1
1	11	146	142
146	3	18	65	20	19	142	
1	201	70	141
-1
1	101	166	127
-1
3	836	167	175
-1
3	743	28	188
-1
3	333	138	84
-1
4	830	169	66
-1
1	832	42	164
-1
1	750	65	123
-1
3	82	171	150
-1
2	23	108	95
108	11	68	2	44	6	95	
3	116	118	116
-1
3	194	118	82
-1
3	769	18	48
-1
2	156	6	27
-1
1	192	148	165
-1
1	57	33	85
-1
2	972	62	79
-1
1	446	46	143
-1
4	596	195	66
-1
3	890	28	173
-1
3	206	3	90
-1
3	887	118	160
-1
1	486	111	129
-1
1	665	31	86
-1
1	381	187	186
-1
4	265	178	18
-1
3	143	186	31
-1
4	638	110	76
-1
2	903	155	23
-1
4	227	102	50
-1
2	268	192	52
-1
3	227	149	121
-1
1	908	187	184
-1
3	793	72	14
-1
4	330	88	152
-1
1	147	68	81
-1
2	778	133	67
-1
1	405	27	128
-1
1	427	64	82
-1
3	629	118	136
-1
2	32	144	79
144	8	64	20	79	
2	105	12	27
-1
3	688	190	13
-1
2	253	97	36
-1
1	605	42	76
-1
3	285	171	143
-1
3	703	118	75
-1
2	830	47	54
-1
2	464	51	117
-1
1	199	30	187
-1
1	277	58	130
-1
4	255	89	141
-1
2	19	193	131
193	18	65	20	19	131	
2	406	32	179
-1
2	81	85	20
-1
3	424	41	143
-1
2	50	77	60
77	15	61	60	
3	103	132	58
-1
1	572	161	60
-1
2	358	176	89
-1
3	39	174	146
-1
1	532	2	187
-1
3	414	56	131
-1
1	592	74	163
-1
4	564	80	199
-1
4	306	160	191
-1
1	317	183	67
-1
3	374	185	198
-1
3	585	87	111
-1
1	674	10	86
-1
1	971	119	12
-1
4	509	158	13
-1
4	40	89	69
89	70	17	7	18	69	
4	954	102	94
-1
3	152	45	125
-1
4	294	160	85
-1
1	960	65	19
-1
2	910	133	3
-1
1	620	58	42
-1
2	257	43	3
-1
2	668	116	122
-1
3	833	38	31
-1
3	653	147	119
-1
3	146	186	172
-1
3	71	91	168
-1
1	507	42	128
-1
3	877	87	144
-1
1	880	46	77
-1
4	673	107	86
-1
4	475	78	128
-1
3	348	87	195
-1
3	978	154	33
-1
3	248	138	131
-1
3	571	190	116
-1
4	539	88	6
-1
4	418	110	199
-1
1	513	16	85
-1
4	141	92	82
-1
1	27	123	141
123	3	18	7	141	
3	106	147	18
-1
3	701	22	56
-1
4	485	169	10
-1
2	615	100	99
-1
1	482	146	89
-1
3	39	117	128
-1
2	789	7	37
-1
2	25	176	4
176	3	4	
4	58	88	47
88	8	83	13	47	
3	798	29	170
-1
1	568	55	68
-1
1	623	112	89
-1
2	984	12	10
-1
2	483	48	108
-1
3	123	14	5
-1
4	402	95	121
-1
2	38	85	79
85	16	41	15	79	
1	593	73	54
-1
2	239	97	142
-1
2	560	155	122
-1
1	228	152	128
-1
4	68	71	39
-1
4	429	94	3
-1
3	936	29	50
-1
1	893	111	16
-1
3	165	185	110
-1
3	644	186	147
-1
2	449	175	19
-1
3	742	167	116
-1
4	663	158	22
-1
1	942	69	125
-1
1	981	96	196
-1
2	183	116	41
-1
2	384	144	69
144	8	69	
2	199	32	132
-1
2	461	124	68
-1
4	207	40	54
-1
4	225	83	28
-1
3	892	132	147
-1
2	265	25	104
-1
4	790	88	124
-1
3	737	29	172
-1
1	377	161	87
-1
1	397	143	182
-1
4	280	79	165
-1
2	148	77	40
-1
3	753	137	80
-1
4	132	95	162
-1
2	878	120	45
-1
2	933	163	70
-1
3	857	28	109
-1
4	228	169	89
-1
1	466	105	50
-1
1	647	33	144
-1
2	412	181	174
-1
1	651	61	51
-1
4	530	160	139
-1
1	44	112	34
112	14	21	77	34	
4	640	195	105
-1
2	61	25	19
25	2	52	14	82	19	
3	969	157	198
-1
4	10	165	166
165	14	1	166	
2	459	144	70
-1
1	554	161	102
-1
4	328	160	35
-1
1	330	123	47
-1
3	20	125	6
125	2	44	6	
1	605	55	69
-1
4	661	50	63
-1
3	80	41	87
-1
4	477	102	196
-1
1	643	70	112
-1
1	664	31	8
-1
3	918	41	168
-1
4	152	195	79
-1
1	998	74	1
-1
3	603	3	126
-1
3	423	174	132
-1
2	237	179	181
-1
3	924	39	21
-1
3	471	118	122
-1
3	734	147	144
-1
2	941	141	126
-1
4	261	4	167
-1
2	339	121	113
-1
1	940	24	186
-1
2	417	21	140
-1
2	948	175	113
-1
3	928	197	91
-1
3	700	186	82
-1
1	974	61	151
-1
2	69	131	97
-1
1	994	16	37
-1
3	912	157	193
-1
4	24	169	65
169	7	18	65	
1	9	59	89
59	70	89	
3	900	150	109
-1
1	365	166	36
-1
4	655	113	184
-1
2	488	192	169
-1
1	239	44	29
-1
3	735	17	111
-1
1	324	37	127
-1
4	316	182	35
-1
4	980	94	3
-1
3	468	117	61
-1
4	129	78	163
-1
3	564	177	128
-1
2	899	141	41
-1
1	668	148	32
-1
2	496	35	75
-1
2	559	25	43
-1
4	885	160	31
-1
2	119	35	13
-1
3	873	150	58
-1
3	485	81	174
-1
2	247	101	3
-1
2	575	181	132
-1
1	767	96	24
-1
2	398	194	123
-1
1	225	61	158
-1
2	219	109	182
-1
2	450	67	93
-1
4	614	103	127
-1
4	271	173	28
-1
3	796	45	61
-1
2	551	129	161
-1
4	82	128	141
-1
2	105	54	188
-1
1	628	20	181
-1
4	137	169	194
-1
3	870	145	54
-1
2	915	164	72
-1
4	593	165	174
-1
2	221	130	146
-1
1	481	152	142
-1
1	193	99	22
-1
3	485	49	149
-1
2	272	130	2
-1
1	804	187	173
-1
1	397	166	142
-1
2	250	54	86
-1
3	273	75	1
-1
2	646	189	165
-1
4	543	182	94
-1
3	484	154	197
-1
3	658	186	96
-1
4	606	178	144
-1
2	960	62	26
-1
2	132	85	164
-1
4	225	88	129
-1
1	111	37	134
-1
3	711	38	8
-1
1	828	111	197
-1
2	73	108	130
-1
3	70	3	35
-1
3	965	38	20
-1
4	308	95	149
-1
2	533	53	162
-1
2	96	12	46
12	16	7	46	
4	976	95	85
-1
2	309	120	121
-1
1	669	30	159
-1
4	265	92	21
-1
1	746	119	128
-1
2	980	192	130
-1
3	151	13	168
-1
3	99	177	62
-1
1	660	84	66
-1
4	105	169	77
-1
1	941	16	124
-1
2	862	144	43
-1
4	820	4	24
-1
3	440	72	67
-1
4	719	88	186
-1
1	849	33	129
-1
2	368	164	141
-1
4	581	114	69
-1
2	447	164	104
-1
1	275	23	72
-1
4	198	79	40
-1
1	440	20	183
-1
1	815	33	138
-1
4	682	52	10
-1
2	219	43	97
-1
4	499	113	82
-1
4	591	113	45
-1
4	459	80	111
-1
3	114	13	26
-1
2	386	11	49
-1
2	777	85	79
-1
4	911	83	50
-1
1	448	74	82
-1
3	57	41	85
41	16	85	
1	354	74	79
-1
4	787	92	192
-1
3	983	142	104
-1
3	445	132	136
-1
3	271	142	148
-1
1	471	55	158
-1
2	149	192	194
-1
2	599	120	76
-1
1	680	30	102
-1
4	917	78	94
-1
4	395	86	167
-1
1	186	191	58
-1
3	490	177	151
-1
4	377	160	34
-1
4	724	4	127
-1
1	33	74	133
74	9	53	2	133	
2	226	144	125
-1
3	854	45	44
-1
4	707	195	26
-1
1	600	26	55
-1
3	566	142	140
-1
3	175	137	131
-1
3	925	122	59
-1
2	110	163	170
-1
3	836	139	174
-1
3	568	14	199
-1
1	44	46	95
46	15	41	9	92	6	95	
1	688	24	91
-1
3	465	29	85
-1
4	119	135	110
-1
4	58	86	52
86	9	53	2	52	
3	340	3	188
-1
3	399	177	61
-1
2	920	53	24
-1
2	293	163	162
-1
3	844	149	176
-1
2	690	116	173
-1
4	980	160	148
-1
4	16	199	176
199	12	2	4	3	176	
2	125	63	62
-1
2	928	133	147
-1
3	467	190	149
-1
1	928	82	77
-1
2	151	32	81
-1
3	864	151	194
-1
2	791	196	142
-1
1	316	191	10
-1
4	663	80	169
-1
2	391	11	119
-1
1	852	26	181
-1
4	999	102	113
-1
4	99	182	54
-1
2	328	48	87
-1
2	608	175	118
-1
2	402	77	21
77	21	
1	895	93	16
-1
4	304	83	6
-1
3	24	150	37
150	6	92	9	100	13	37	
3	742	13	199
-1
3	274	3	176
-1
2	738	6	29
-1
4	192	4	10
-1
1	678	55	58
-1
4	948	182	184
-1
2	568	141	61
-1
4	535	94	153
-1
2	692	141	187
-1
1	728	44	137
-1
1	326	68	101
-1
1	853	161	55
-1
2	81	35	60
35	12	72	60	
1	291	172	16
-1
1	300	115	22
-1
3	683	145	155
-1
4	943	92	95
-1
2	647	11	141
-1
3	586	145	81
-1
2	74	36	76
36	38	11	76	
1	774	115	143
-1
2	428	192	56
-1
1	239	44	90
-1
2	854	124	61
-1
1	427	166	128
-1
1	581	65	72
-1
1	276	148	163
-1
1	968	42	173
-1
3	848	41	69
-1
1	923	26	104
-1
1	218	99	170
-1
1	473	24	161
-1
3	314	3	156
-1
3	126	41	79
41	15	79	
2	453	47	197
-1
1	324	73	61
-1
2	38	54	8
54	85	16	83	8	
3	162	81	2
-1
2	230	48	42
-1
2	285	47	67
-1
2	54	121	117
-1
4	566	90	140
-1
4	321	114	142
-1
1	752	27	182
-1
1	148	105	180
-1
3	808	157	53
-1
1	768	33	58
-1
1	969	70	90
-1
2	410	32	137
-1
1	28	61	135
61	15	46	7	17	135	
2	544	98	55
-1
3	83	151	145
-1
1	424	69	58
-1
2	157	189	37
-1
4	137	92	141
-1
3	141	39	97
-1
4	398	199	129
-1
1	239	166	151
-1
1	927	134	182
-1
4	661	95	194
-1
3	67	122	91
122	7	17	91	
1	11	65	194
65	18	69	5	194	
1	21	99	62
99	43	62	
3	409	122	2
-1
1	949	30	94
-1
1	797	166	132
-1
1	278	58	130
-1
2	428	7	47
-1
3	761	45	132
-1
3	154	171	26
-1
1	245	31	99
-1
4	790	50	115
-1
2	651	12	13
-1
2	204	32	86
-1
4	497	40	116
-1
1	381	140	33
-1
3	662	137	43
-1
3	109	14	49
14	59	49	
2	392	193	94
-1
1	218	153	16
-1
3	668	106	199
-1
4	935	102	48
-1
3	747	91	59
-1
1	585	93	43
-1
2	252	97	34
-1
3	236	145	174
-1
3	678	125	110
-1
1	327	187	75
-1
2	772	47	67
-1
3	587	190	19
-1
3	137	159	124
-1
1	784	27	178
-1
1	595	161	68
-1
1	237	59	113
-1
2	470	43	9
-1
1	243	46	153
-1
1	704	82	30
-1
3	778	159	168
-1
1	596	37	166
-1
2	214	8	155
-1
3	490	147	114
-1
4	667	83	140
-1
3	886	19	52
-1
3	150	13	110
-1
4	958	1	105
-1
1	863	70	150
-1
1	892	65	31
-1
2	411	120	142
-1
4	176	50	178
-1
3	930	45	138
-1
2	243	11	36
-1
2	134	100	70
-1
3	185	118	88
-1
2	847	155	52
-1
1	351	105	52
-1
3	652	14	74
-1
3	635	76	138
-1
1	976	119	57
-1
2	705	129	106
-1
2	242	104	103
-1
3	877	186	113
-1
3	99	28	12
-1
4	986	114	81
-1
2	190	98	187
-1
1	241	96	91
-1
1	314	46	57
-1
2	3	98	84
98	3	18	7	84	
3	660	132	3
-1
1	117	59	83
-1
2	619	163	139
-1
1	731	5	124
-1
1	294	33	103
-1
4	326	83	16
-1
1	65	69	66
-1
1	307	58	161
-1
4	363	50	7
-1
2	447	116	56
-1
3	801	118	139
-1
3	483	177	197
-1
1	21	46	111
46	15	41	9	111	
1	344	16	67
-1
1	47	99	52
-1
2	262	144	134
-1
3	879	22	2
-1
4	40	86	11
86	9	53	2	68	11	
2	798	192	13
-1
2	453	155	128
-1
4	343	1	45
-1
4	91	1	174
-1
2	401	35	171
-1
3	868	56	186
-1
3	719	151	84
-1
3	52	197	180
-1
2	206	11	1
-1
4	368	89	86
-1
4	780	80	77
-1
2	459	77	183
-1
2	704	129	135
-1
1	229	23	87
-1
4	799	113	122
-1
4	736	114	177
-1
2	772	181	79
-1
1	551	99	76
-1
4	751	102	38
-1
4	788	107	78
-1
1	616	27	158
-1
2	599	6	34
-1
3	533	17	115
-1
2	220	120	137
-1
2	493	100	50
-1
4	21	50	163
50	19	20	64	8	163	
3	499	185	95
-1
3	326	156	145
-1
1	763	58	46
-1
2	393	8	105
8	105	
3	550	147	131
-1
2	735	163	88
-1
1	49	161	104
161	6	104	
3	538	45	175
-1
1	939	16	74
-1
2	653	108	123
-1
4	547	128	60
-1
1	43	27	15
27	49	61	15	
1	488	152	25
-1
2	144	67	184
-1
1	674	59	131
-1
4	914	160	93
-1
4	617	94	5
-1
4	192	95	49
-1
2	217	32	17
-1
1	492	170	124
-1
3	751	174	4
-1
2	117	120	182
-1
4	141	114	85
-1
4	925	1	151
-1
2	255	97	161
-1
3	99	122	120
122	7	17	120	
2	703	35	166
-1
4	303	52	60
-1
4	119	195	43
-1
2	995	11	164
-1
2	598	54	137
-1
4	779	4	8
-1
3	863	122	121
-1
3	966	13	73
-1
3	126	137	169
-1
1	598	143	43
-1
3	763	41	77
-1
4	374	95	80
-1
2	968	198	26
-1
1	131	68	189
-1
2	219	62	42
-1
2	426	11	46
-1
2	498	141	118
-1
4	570	4	130
-1
2	491	121	67
-1
2	933	198	9
-1
3	161	147	2
-1
1	441	61	96
-1
4	18	34	45
34	23	10	45	
4	406	1	113
-1
4	448	83	126
-1
2	245	101	137
-1
4	562	78	77
-1
2	891	175	32
-1
3	509	145	104
-1
1	670	187	102
-1
1	471	119	200
-1
4	966	79	61
-1
4	811	71	46
-1
4	123	89	47
-1
1	600	46	81
-1
1	488	93	182
-1
4	917	89	11
-1
4	748	50	186
-1
1	4	93	82
93	8	64	20	82	
1	457	153	68
-1
3	56	22	138
-1
4	916	92	16
-1
1	762	58	39
-1
1	560	68	79
-1
3	440	142	124
-1
1	973	93	169
-1
2	936	181	57
-1
2	121	97	59
-1
2	802	196	103
-1
4	821	199	55
-1
1	758	55	77
-1
2	773	63	168
-1
4	363	178	177
-1
3	841	91	196
-1
1	317	2	89
-1
2	885	194	182
-1
1	493	166	162
-1
2	703	101	58
-1
4	405	173	5
-1
1	460	126	4
-1
1	888	146	10
-1
4	455	103	72
-1
3	184	28	2
-1
3	179	142	44
-1
1	268	183	46
-1
2	49	51	39
51	20	82	14	36	4	39	
4	362	135	156
-1
2	771	179	9
-1
1	375	82	181
-1
3	530	38	107
-1
2	340	97	4
-1
2	563	136	59
-1
1	116	191	86
-1
1	760	126	27
-1
2	405	104	161
-1
1	843	123	11
-1
3	398	171	97
-1
1	6	84	28
84	7	17	56	28	
2	139	54	109
-1
3	597	29	146
-1
4	200	110	195
-1
3	58	49	130
49	27	130	
2	295	164	72
-1
4	274	79	197
-1
3	834	190	53
-1
2	997	194	175
-1
1	645	188	98
-1
3	272	138	181
-1
4	580	95	35
-1
1	678	33	15
-1
3	24	29	124
29	14	36	4	3	124	
2	505	181	125
-1
3	577	190	88
-1
2	125	85	118
-1
4	977	158	108
-1
1	104	143	53
-1
3	201	91	41
-1
2	981	136	178
-1
2	567	7	72
-1
3	981	139	57
-1
3	457	168	37
-1
1	981	191	169
-1
4	820	95	159
-1
1	89	23	195
23	7	18	195	
1	196	148	104
-1
3	601	76	198
-1
2	793	179	89
-1
2	170	131	24
-1
1	793	64	182
-1
1	801	30	120
-1
2	790	11	87
-1
2	958	67	29
-1
4	716	199	124
-1
3	62	18	98
-1
3	565	106	197
-1
2	763	54	73
-1
2	651	6	3
-1
2	226	198	86
-1
1	407	119	149
-1
2	479	63	178
-1
1	117	64	140
-1
2	346	53	158
-1
4	21	162	156
162	12	72	156	
4	718	78	125
-1
3	915	91	183
-1
3	939	56	188
-1
3	893	18	193
-1
1	978	20	142
-1
3	526	197	60
-1
3	456	3	74
-1
1	395	33	137
-1
3	505	150	141
-1
4	60	95	103
-1
1	937	115	132
-1
3	871	184	22
-1
2	58	98	29
-1
1	802	188	198
-1
3	895	81	169
-1
1	154	58	165
-1
2	427	136	120
-1
1	516	191	152
-1
3	208	137	53
-1
3	462	41	147
-1
2	345	53	13
-1
2	919	189	197
-1
2	747	11	46
-1
1	297	20	34
-1
2	865	21	66
-1
2	30	67	123
67	61	60	98	3	123	
1	549	20	10
-1
2	252	198	152
-1
1	905	65	89
-1
1	203	73	129
-1
4	816	86	133
-1
1	164	31	73
-1
3	161	149	83
-1
2	746	47	102
-1
1	811	143	74
-1
2	686	8	140
-1
1	895	37	111
-1
3	247	137	61
-1
1	487	140	125
-1
1	767	44	149
-1
4	500	199	35
-1
3	972	14	17
-1
2	407	129	165
-1
4	508	89	11
-1
2	134	35	106
-1
3	473	45	113
-1
1	736	82	101
-1
3	996	177	189
-1
2	472	175	128
-1
1	21	61	124
61	60	98	3	124	
1	807	27	74
-1
1	823	126	87
-1
4	339	50	167
-1
3	101	56	7
-1
1	406	115	193
-1
2	470	48	190
-1
1	322	73	71
-1
2	510	8	47
-1
2	990	155	21
-1
1	665	26	33
-1
2	738	198	60
-1
3	376	156	185
-1
2	94	130	34
-1
1	700	68	41
-1
2	293	121	156
-1
1	34	126	3
126	11	76	18	3	
1	904	148	27
-1
1	503	69	34
-1
2	75	131	140
-1
2	108	120	118
-1
2	367	136	115
-1
1	703	73	23
-1
2	89	200	152
-1
1	929	93	172
-1
2	436	192	92
-1
2	39	36	169
36	4	3	18	7	169	
1	265	69	116
-1
4	851	173	137
-1
1	142	27	67
-1
2	259	101	138
-1
2	926	8	73
-1
1	948	126	145
-1
3	851	29	144
-1
3	622	117	36
-1
3	713	197	179
-1
1	882	33	15
-1
1	949	23	35
-1
3	885	39	159
-1
3	903	41	185
-1
1	640	183	86
-1
2	112	193	45
-1
3	408	118	171
-1
3	903	17	199
-1
1	690	68	67
-1
3	469	41	15
41	15	
3	235	154	47
-1
1	669	187	21
-1
3	28	87	60
-1
2	164	124	52
-1
1	449	26	34
-1
3	694	66	27
-1
3	264	177	96
-1
3	214	185	65
-1
3	280	39	132
-1
2	446	129	172
-1
3	445	197	77
-1
1	665	31	15
-1
2	76	51	54
-1
1	528	30	177
-1
2	513	194	154
-1
2	291	194	19
-1
3	787	87	148
-1
4	651	102	84
-1
1	734	115	122
-1
1	657	146	50
-1
2	486	144	46
-1
1	452	188	28
-1
4	505	52	31
-1
4	233	80	12
-1
3	187	159	5
-1
4	5	71	151
71	59	49	61	60	98	151	
4	504	162	37
-1
2	387	100	91
-1
4	909	102	157
-1
1	110	187	55
-1
4	108	195	198
-1
4	487	80	185
-1
1	917	84	188
-1
1	129	140	19
-1
4	285	173	177
-1
3	835	159	48
-1
1	824	115	161
-1
3	866	171	12
-1
3	822	157	65
-1
3	28	17	3
17	54	3	
2	577	127	197
-1
3	913	186	29
-1
3	701	72	112
-1
2	71	141	3
141	7	18	3	
2	848	21	175
-1
1	247	105	85
-1
4	207	92	152
-1
2	570	67	122
-1
3	634	132	30
-1
1	836	105	47
-1
2	184	133	125
133	2	125	
2	812	109	110
-1
3	875	22	133
-1
1	878	74	73
-1
2	404	144	93
-1
1	289	143	198
-1
2	592	189	41
-1
4	113	195	107
-1
2	942	116	190
-1
3	340	149	94
-1
2	416	136	178
-1
2	277	120	87
-1
4	410	83	60
-1
4	82	158	85
-1
1	127	187	28
-1
3	476	190	123
-1
4	316	78	111
-1
1	174	69	58
-1
2	563	133	173
-1
1	8	27	74
27	49	61	15	41	9	74	
3	186	118	9
-1
1	24	134	80
134	4	2	53	9	80	
4	83	162	115
-1
3	767	171	72
-1
1	146	5	10
-1
2	68	131	199
-1
2	779	6	29
-1
1	188	73	49
-1
1	160	46	182
-1
1	385	161	160
-1
3	346	167	77
-1
1	225	152	10
-1
2	539	175	172
-1
2	162	57	94
-1
2	971	175	50
-1
1	722	73	180
-1
4	350	92	137
-1
3	798	22	9
-1
4	531	9	6
-1
4	490	169	165
-1
1	367	153	132
-1
2	928	98	83
-1
3	451	75	10
-1
4	697	165	18
-1
4	746	79	193
-1
4	726	1	17
-1
3	814	122	108
-1
1	975	23	130
-1
2	380	21	138
-1
4	297	103	58
-1
2	28	193	163
193	18	69	8	163	
3	462	159	60
-1
3	271	38	86
-1
4	241	89	3
-1
3	433	185	81
-1
2	401	130	81
-1
2	508	7	155
-1
4	237	173	177
-1
3	775	147	149
-1
4	632	78	52
-1
3	194	174	196
-1
4	806	1	106
-1
4	43	15	143
15	46	7	18	3	143	
1	445	37	183
-1
2	525	77	119
-1
1	958	61	1
-1
1	112	61	7
61	15	46	7	
4	40	169	131
-1
3	189	157	77
-1
2	792	131	155
-1
1	339	115	128
-1
4	844	60	81
-1
3	586	17	47
-1
4	721	60	83
-1
2	239	104	112
-1
2	239	181	172
-1
4	798	90	185
-1
4	728	1	105
-1
2	5	192	61
192	27	49	61	
3	711	132	192
-1
3	790	75	58
-1
3	270	13	117
-1
3	316	56	86
-1
2	551	194	145
-1
4	862	114	200
-1
2	33	104	132
104	6	44	2	132	
1	169	143	21
-1
4	73	92	173
92	6	173	
3	334	19	117
-1
2	77	175	48
-1
1	934	37	123
-1
1	802	27	135
-1
1	487	96	143
-1
2	383	164	88
-1
4	935	114	1
-1
2	18	175	56
175	31	51	7	17	56	
3	239	159	150
-1
4	763	128	41
-1
1	279	152	60
-1
2	679	85	186
-1
1	401	161	23
-1
1	487	46	49
-1
2	781	48	96
-1
4	868	86	59
-1
2	820	21	124
-1
4	876	107	98
-1
2	625	124	9
-1
4	866	114	88
-1
2	677	77	39
-1
4	414	107	124
-1
3	436	185	36
-1
3	236	137	82
-1
2	732	176	81
-1
3	942	156	118
-1
1	66	24	138
-1
4	963	195	196
-1
1	723	70	120
-1
2	810	47	33
-1
1	649	64	61
-1
1	924	140	168
-1
1	359	153	104
-1
2	240	141	41
-1
2	720	176	168
-1
4	638	107	123
-1
3	727	49	98
-1
3	923	66	45
-1
3	594	28	114
-1
4	626	103	112
-1
1	839	112	175
-1
1	158	112	114
-1
2	613	35	19
-1
2	605	194	111
-1
3	972	185	86
-1
2	847	57	145
-1
4	744	94	145
-1
1	540	172	10
-1
1	54	46	189
-1
3	965	39	91
-1
3	492	17	155
-1
1	605	55	66
-1
2	775	164	101
-1
2	85	176	46
-1
2	123	181	30
-1
1	267	152	86
-1
2	163	198	131
-1
4	172	94	55
-1
1	312	33	100
-1
3	603	38	139
-1
2	909	155	107
-1
1	174	46	113
-1
1	26	2	76
2	68	11	76	
2	471	129	3
-1
4	101	165	183
-1
4	338	88	87
-1
1	469	105	36
-1
2	923	67	81
-1
3	974	190	66
-1
4	864	102	55
-1
3	570	56	9
-1
2	282	164	6
-1
4	509	89	160
-1
1	864	115	40
-1
3	246	185	4
-1
1	684	37	91
-1
2	672	175	147
-1
4	952	195	14
-1
1	769	69	155
-1
2	824	194	56
-1
1	784	58	63
-1
2	142	179	178
-1
3	501	13	67
-1
2	340	121	181
-1
3	95	184	117
184	9	117	
4	185	182	106
-1
3	932	17	80
-1
4	497	88	26
-1
2	51	192	46
192	27	49	55	7	46	
4	259	160	39
-1
1	73	183	96
183	10	96	
3	51	167	75
-1
2	69	108	87
-1
4	801	160	159
-1
2	717	51	95
-1
3	974	145	28
-1
1	853	82	44
-1
4	230	165	132
-1
3	675	13	123
-1
2	514	63	82
-1
1	609	73	17
-1
1	235	146	135
-1
1	673	148	194
-1
1	432	16	153
-1
1	78	16	155
-1
1	505	84	99
-1
1	748	58	132
-1
2	831	62	96
-1
4	705	92	60
-1
3	139	118	123
-1
1	955	31	147
-1
2	641	192	44
-1
4	634	178	191
-1
2	138	51	6
-1
4	492	34	173
-1
1	142	111	9
111	9	
3	626	167	18
-1
3	873	66	31
-1
2	733	97	74
-1
4	607	1	192
-1
3	753	91	174
-1
3	597	197	165
-1
1	187	37	95
-1
1	945	70	145
-1
2	669	7	130
-1
4	429	50	40
-1
2	846	144	6
-1
4	829	169	71
-1
2	902	193	119
-1
3	93	125	72
125	2	12	72	
2	619	131	162
-1
1	735	84	159
-1
2	29	32	195
32	11	76	18	195	
3	173	18	17
18	7	17	
4	654	114	175
-1
4	493	135	177
-1
2	250	163	72
-1
1	673	161	192
-1
2	943	189	184
-1
4	414	90	109
-1
4	928	135	39
-1
1	438	105	74
-1
3	584	39	105
-1
1	352	68	75
-1
2	527	192	140
-1
1	655	46	74
-1
4	526	90	37
-1
4	117	92	197
-1
2	300	164	137
-1
1	808	58	178
-1
1	599	24	112
-1
3	72	151	16
-1
1	529	140	7
-1
1	155	123	74
-1
1	894	27	17
-1
1	768	153	62
-1
2	204	7	104
-1
3	752	132	195
-1
2	240	48	110
-1
1	217	99	167
-1
4	481	107	190
-1
2	648	57	92
-1
4	454	80	183
-1
2	279	8	58
-1
4	296	162	84
-1
3	509	56	188
-1
2	412	175	194
-1
2	606	130	77
-1
3	467	81	76
-1
3	234	72	174
-1
4	375	88	32
-1
2	819	120	88
-1
4	353	169	168
-1
4	210	173	175
-1
4	93	52	89
52	2	70	89	
1	880	99	96
-1
2	225	7	70
-1
3	653	19	199
-1
2	928	176	31
-1
2	702	43	102
-1
3	485	28	141
-1
3	173	154	61
-1
2	540	124	180
-1
2	466	77	152
-1
4	106	86	155
-1
2	1	131	53
131	19	82	14	52	2	53	
4	270	162	60
-1
3	468	139	30
-1
1	50	191	157
-1
1	551	119	151
-1
1	892	172	178
-1
3	904	56	84
-1
1	883	180	7
-1
4	634	71	83
-1
4	789	89	121
-1
2	993	194	3
-1
3	52	147	164
-1
3	433	168	102
-1
2	390	36	45
-1
1	740	37	163
-1
1	70	188	86
-1
1	753	31	93
-1
1	311	134	73
-1
1	746	16	95
-1
4	618	1	183
-1
2	20	141	129
141	7	18	3	129	
1	535	134	75
-1
3	389	137	42
-1
1	233	170	29
-1
1	347	111	66
-1
1	432	2	5
-1
4	676	71	35
-1
2	548	175	120
-1
4	995	86	135
-1
1	777	183	87
-1
2	705	200	28
-1
3	131	19	113
-1
1	973	105	1
-1
1	753	93	170
-1
2	818	77	32
-1
1	422	23	34
-1
2	808	6	56
-1
1	527	82	31
-1
2	813	181	68
-1
2	300	175	50
-1
1	479	152	1
-1
2	343	8	19
-1
3	943	139	75
-1
2	65	63	168
-1
4	96	15	44
-1
3	481	185	67
-1
4	937	158	24
-1
1	919	166	105
-1
1	386	44	86
-1
2	787	57	12
-1
2	387	108	115
-1
3	557	138	123
-1
4	831	80	13
-1
3	950	22	75
-1
3	794	38	41
-1
4	412	86	25
-1
1	587	166	183
-1
2	292	54	100
-1
1	129	172	143
-1
2	740	109	199
-1
2	255	47	58
-1
3	729	185	195
-1
1	941	93	74
-1
2	567	124	48
-1
2	7	25	37
25	2	52	14	82	19	37	
3	432	18	122
-1
2	966	181	40
-1
3	65	168	93
-1
2	607	11	17
-1
3	758	91	77
-1
1	167	30	76
-1
2	962	36	60
-1
2	187	116	153
-1
3	786	56	28
-1
3	823	174	52
-1
2	744	181	22
-1
2	735	164	154
-1
2	380	129	73
-1
2	596	193	35
-1
3	824	151	125
-1
4	499	60	107
-1
1	711	27	142
-1
1	15	188	58
188	7	16	83	8	58	
1	242	126	65
-1
1	45	112	39
112	14	36	4	39	
1	866	134	19
-1
3	172	29	134
-1
2	844	164	62
-1
4	879	95	6
-1
4	403	90	108
-1
1	861	65	168
-1
2	803	116	146
-1
4	12	178	85
178	17	54	85	
2	76	192	10
-1
3	266	185	73
-1
3	236	29	6
-1
2	769	47	187
-1
3	830	18	102
-1
3	187	13	196
-1
2	95	43	37
-1
2	14	198	53
198	13	100	9	53	
1	759	58	168
-1
4	643	60	145
-1
1	204	23	136
-1
1	877	99	72
-1
2	834	116	101
-1
1	820	152	147
-1
2	273	120	116
-1
4	868	102	80
-1
4	256	88	123
-1
1	909	134	120
-1
3	676	147	177
-1
1	973	105	189
-1
1	460	99	11
-1
1	732	55	61
-1
2	832	131	177
-1
2	330	164	128
-1
2	397	136	199
-1
2	876	8	100
-1
3	998	28	188
-1
4	869	83	121
-1
1	998	191	68
-1
3	186	19	124
-1
1	148	191	175
-1
4	961	50	29
-1
2	889	133	111
-1
2	816	116	26
-1
3	566	197	161
-1
2	266	193	121
-1
2	453	21	148
-1
3	925	18	182
-1
3	344	39	125
-1
2	820	36	143
-1
2	994	21	85
-1
2	774	120	86
-1
4	684	80	19
-1
3	909	168	134
-1
4	622	135	131
-1
2	742	101	123
-1
1	841	166	95
-1
1	174	170	65
-1
4	298	94	103
-1
3	592	190	138
-1
4	676	9	110
-1
1	362	2	181
-1
2	380	127	61
-1
1	265	10	180
-1
1	995	70	115
-1
3	670	91	167
-1
3	164	184	84
-1
2	828	176	53
-1
3	882	150	98
-1
4	619	199	87
-1
1	280	191	95
-1
3	661	66	48
-1
2	721	179	174
-1
4	52	158	183
-1
1	766	23	5
-1
4	484	169	95
-1
3	767	38	31
-1
3	771	154	6
-1
2	69	133	107
133	2	70	17	107	
4	707	15	106
-1
3	802	185	96
-1
1	401	65	113
-1
3	575	125	92
-1
3	709	197	1
-1
2	713	48	175
-1
1	560	166	144
-1
3	342	49	133
-1
3	899	168	38
-1
3	406	138	171
-1
4	511	158	185
-1
1	158	65	169
-1
3	670	18	185
-1
3	113	18	109
-1
2	514	144	57
-1
2	488	53	57
-1
3	31	117	22
117	9	53	2	52	14	22	
3	516	28	22
-1
2	753	121	189
-1
1	923	20	79
-1
2	259	25	36
-1
3	28	87	100
87	5	84	7	100	
1	212	44	117
-1
1	473	65	87
-1
4	529	178	30
-1
3	137	91	34
-1
4	358	178	103
-1
1	732	161	82
-1
3	672	76	3
-1
3	950	28	22
-1
3	986	151	198
-1
1	837	161	84
-1
1	306	188	127
-1
1	792	152	191
-1
2	221	176	120
-1
3	7	56	10
56	28	34	23	10	
2	509	193	140
-1
4	990	102	100
-1
1	792	33	175
-1
2	165	57	154
-1
2	162	6	56
-1
1	645	143	17
-1
3	123	132	156
-1
1	266	37	107
-1
3	185	28	34
28	34	
2	747	200	90
-1
4	86	158	82
-1
3	585	66	183
-1
2	111	8	168
-1
4	416	199	24
-1
2	72	116	181
-1
2	40	77	76
77	11	76	
1	995	74	7
-1
2	854	196	43
-1
3	87	13	22
13	47	22	
3	928	150	173
-1
1	809	96	131
-1
2	144	181	148
-1
3	311	117	155
-1
2	686	179	106
-1
2	866	194	21
-1
3	893	17	49
-1
2	899	8	122
-1
2	893	155	70
-1
2	666	8	82
-1
1	439	46	31
-1
3	921	174	126
-1
4	620	182	58
-1
2	175	77	174
77	15	79	174	
3	432	139	104
-1
1	204	24	50
-1
1	652	42	18
-1
1	774	134	26
-1
1	43	33	180
33	19	180	
2	724	77	139
-1
1	707	143	184
-1
2	32	133	109
133	2	52	14	82	19	109	
1	842	5	43
-1
1	15	24	119
24	3	4	36	14	119	
3	71	150	58
-1
2	720	133	81
-1
2	89	136	74
136	75	9	74	
1	866	188	8
-1
1	45	161	192
-1
2	535	155	68
-1
4	719	78	162
-1
2	227	136	46
-1
3	221	168	50
-1
4	140	9	26
-1
2	997	176	175
-1
3	829	197	60
-1
1	855	68	195
-1
3	262	157	182
-1
3	5	22	94
22	82	20	64	8	94	
3	624	19	48
-1
1	786	153	78
-1
1	631	23	13
-1
1	433	2	180
-1
3	458	22	140
-1
1	584	161	67
-1
2	243	109	63
-1
4	638	90	131
-1
2	771	144	87
-1
3	65	157	60
-1
4	912	113	78
-1
2	389	136	31
-1
1	202	73	5
-1
3	733	56	6
-1
4	825	88	28
-1
3	491	145	140
-1
4	153	80	49
-1
3	883	75	90
-1
1	121	112	185
-1
4	381	34	141
-1
2	410	98	53
-1
4	392	162	140
-1
3	397	150	13
-1
4	2	103	68
103	98	3	4	2	68	
2	781	36	155
-1
2	521	12	51
-1
4	921	102	82
-1
2	810	54	156
-1
4	394	89	19
-1
1	286	161	53
-1
1	490	93	150
-1
1	629	55	63
-1
1	841	46	13
-1
1	108	42	67
-1
2	214	196	54
-1
2	616	176	65
-1
2	898	48	166
-1
2	653	120	172
-1
2	872	129	12
-1
1	324	74	172
-1
1	425	111	17
-1
2	88	200	71
-1
2	52	181	116
-1
2	518	21	110
-1
3	924	81	57
-1
1	388	46	184
-1
2	754	62	32
-1
3	877	159	151
-1
2	288	11	32
11	32	
4	811	34	57
-1
2	827	109	120
-1
1	449	134	71
-1
4	717	173	51
-1
2	26	25	24
25	2	4	3	24	
1	82	93	56
-1
1	665	16	101
-1
3	648	156	114
-1
1	951	61	24
-1
3	734	137	187
-1
2	390	176	20
-1
3	909	186	129
-1
4	132	165	14
165	14	
4	982	165	186
-1
3	5	81	161
81	28	56	4	2	44	6	161	
3	12	106	5
106	6	44	8	69	5	
3	513	139	21
-1
3	178	156	128
-1
3	202	3	188
-1
1	588	153	124
-1
4	207	86	99
-1
3	87	28	36
-1
4	300	88	152
-1
3	637	19	117
-1
1	797	153	197
-1
2	2	109	55
109	19	29	27	49	55	
2	174	121	193
-1
3	701	185	100
-1
4	40	162	103
162	12	72	60	98	103	
2	363	163	7
-1
3	13	150	45
150	6	92	9	23	10	45	
2	448	109	24
-1
4	200	195	63
-1
4	68	95	34
-1
2	64	131	186
-1
4	270	80	94
-1
1	415	33	14
-1
4	514	158	198
-1
1	568	10	112
-1
3	175	49	74
-1
2	771	11	176
-1
2	746	175	84
-1
3	8	22	30
22	82	20	30	
4	41	173	76
173	6	89	70	17	76	
4	178	40	7
-1
3	72	56	38
-1
3	437	125	70
-1
3	787	139	179
-1
1	298	5	188
-1
1	523	172	36
-1
2	698	98	198
-1
1	733	68	172
-1
4	363	165	145
-1
3	590	125	70
-1
4	996	165	109
-1
1	785	143	116
-1
1	606	166	193
-1
1	984	2	83
-1
1	971	188	87
-1
1	958	37	59
-1
4	955	160	156
-1
4	678	9	176
-1
4	223	94	140
-1
3	492	56	16
-1
3	552	197	181
-1
2	820	193	75
-1
2	212	129	40
-1
4	846	135	193
-1
3	533	118	181
-1
3	191	41	169
-1
2	698	198	128
-1
1	473	105	137
-1
1	965	134	30
-1
2	180	108	37
-1
4	512	199	33
-1
4	138	103	177
-1
1	777	74	106
-1
1	922	37	192
-1
1	654	82	109
-1
3	622	14	149
-1
3	350	156	147
-1
2	238	6	3
-1
1	19	30	136
30	86	9	75	136	
2	407	194	44
-1
1	991	126	194
-1
2	768	189	48
-1
2	225	127	121
-1
1	616	55	157
-1
4	276	128	191
-1
2	825	181	156
-1
3	923	3	112
-1
1	877	152	117
-1
2	12	141	146
141	7	18	3	146	
3	607	159	92
-1
3	801	117	169
-1
4	200	107	109
-1
1	921	26	187
-1
4	229	50	194
-1
3	971	17	121
-1
3	327	45	102
-1
1	190	69	104
-1
1	258	143	7
-1
3	355	171	99
-1
4	446	182	9
-1
2	766	141	125
-1
2	827	141	31
-1
1	413	140	57
-1
2	6	12	58
12	72	60	58	
2	879	193	27
-1
2	980	163	71
-1
3	635	41	91
-1
1	841	30	33
-1
3	539	87	3
-1
1	99	42	136
-1
3	223	39	76
-1
3	253	157	168
-1
1	661	183	60
-1
3	671	147	71
-1
1	897	153	15
-1
1	967	31	130
-1
4	57	162	170
-1
2	441	196	200
-1
1	995	188	38
-1
4	730	78	79
-1
2	958	176	70
-1
2	125	198	26
-1
1	784	2	8
-1
2	207	63	106
-1
2	973	133	10
-1
2	702	181	192
-1
3	72	147	153
-1
2	623	155	148
-1
4	260	195	135
-1
2	339	189	12
-1
1	360	70	139
-1
1	385	27	136
-1
2	944	104	138
-1
3	449	87	152
-1
3	259	45	36
-1
3	250	18	16
-1
1	755	119	162
-1
3	54	142	116
-1
2	989	164	62
-1
1	152	24	50
-1
4	291	114	119
-1
1	978	73	98
-1
4	115	9	1
-1
1	418	152	39
-1
1	853	152	84
-1
4	668	162	53
-1
2	181	12	171
-1
3	448	118	65
-1
3	909	171	28
-1
1	910	111	3
-1
2	181	63	68
-1
1	678	105	140
-1
4	230	34	100
-1
2	268	101	51
-1
3	703	118	155
-1
1	155	123	116
-1
3	678	142	79
-1
1	342	123	196
-1
3	121	122	167
-1
1	924	183	77
-1
1	791	44	91
-1
1	83	24	147
-1
2	182	53	181
-1
1	385	82	81
-1
4	139	102	198
-1
4	54	4	72
4	2	12	72	
1	733	111	14
-1
1	928	188	88
-1
2	694	129	161
-1
3	723	49	143
-1
2	813	124	187
-1
1	960	115	162
-1
3	140	149	15
-1
2	172	130	48
-1
4	121	114	149
-1
4	193	52	105
-1
1	406	58	15
-1
3	293	190	2
-1
1	653	69	82
-1
1	748	115	82
-1
1	486	37	6
-1
4	47	1	72
1	52	2	12	72	
4	461	160	20
-1
2	661	51	149
-1
3	209	22	15
-1
1	513	143	18
-1
3	79	87	75
-1
4	880	92	16
-1
2	313	136	37
-1
1	795	140	151
-1
3	600	39	139
-1
2	223	124	139
-1
3	42	171	51
171	8	64	20	51	
1	942	183	53
-1
2	308	43	27
-1
4	926	52	121
-1
2	200	116	7
-1
4	568	195	98
-1
1	604	26	185
-1
3	354	139	76
-1
2	244	133	115
-1
1	734	84	38
-1
3	136	106	8
-1
1	589	99	191
-1
2	615	192	33
-1
2	687	100	36
-1
2	293	25	104
-1
2	542	176	98
-1
1	726	143	75
-1
2	201	98	13
-1
3	715	3	145
-1
1	105	46	180
-1
3	712	132	37
-1
2	54	67	135
-1
1	439	55	127
-1
2	426	21	178
-1
4	529	107	2
-1
3	178	151	129
-1
4	253	92	24
-1
4	65	169	121
-1
1	762	170	124
-1
2	941	36	121
-1
4	178	92	52
-1
3	864	156	119
-1
4	942	9	125
-1
4	719	199	98
-1
2	472	25	156
-1
1	401	153	107
-1
2	424	131	150
-1
1	496	183	119
-1
4	971	199	40
-1
4	92	160	27
-1
2	295	53	119
-1
4	365	182	74
-1
3	890	45	34
-1
1	539	187	33
-1
2	294	57	9
-1
2	152	129	113
-1
3	302	81	43
-1
3	820	56	177
-1
3	611	151	128
-1
3	37	122	87
122	7	84	5	87	
4	555	165	139
-1
2	580	11	120
-1
2	166	176	117
-1
3	398	17	55
-1
2	758	155	111
-1
2	70	200	191
-1
1	865	152	71
-1
2	393	53	126
-1
1	720	24	29
-1
4	607	34	102
-1
3	697	22	18
-1
2	169	129	28
-1
2	885	108	155
-1
1	491	73	171
-1
3	1	22	77
22	14	21	77	
2	592	179	29
-1
4	14	1	180
1	14	82	19	180	
1	692	65	184
-1
4	120	9	159
-1
2	621	129	144
-1
3	990	87	165
-1
1	817	183	93
-1
4	172	103	1
-1
3	294	139	25
-1
3	723	29	199
-1
1	751	30	177
-1
4	882	173	129
-1
3	65	138	145
-1
3	175	29	154
-1
2	118	100	82
-1
3	282	72	168
-1
1	575	61	102
-1
4	927	78	157
-1
4	503	1	95
-1
1	701	46	124
-1
2	630	120	153
-1
1	358	70	77
-1
4	103	103	14
-1
3	256	167	195
-1
1	889	93	94
-1
1	608	10	166
-1
4	461	92	178
-1
3	617	18	55
-1
2	312	144	7
-1
1	35	46	5
46	7	84	5	
1	139	99	124
-1
4	567	128	194
-1
2	332	85	48
-1
3	126	139	15
-1
1	772	146	59
-1
4	889	34	69
-1
2	466	193	160
-1
2	673	54	177
-1
3	31	22	72
22	56	4	2	12	72	
2	835	133	69
-1
1	159	119	167
-1
4	104	9	94
9	12	94	
2	551	175	131
-1
4	917	107	69
-1
3	376	184	15
-1
2	44	155	200
-1
2	555	43	193
-1
1	483	61	198
-1
2	106	133	19
-1
2	574	163	104
-1
2	293	198	22
-1
2	538	108	31
-1
2	668	11	157
-1
4	137	113	63
-1
1	903	30	47
-1
3	854	157	153
-1
2	246	200	148
-1
3	595	106	8
-1
1	166	188	92
-1
1	269	93	54
-1
3	642	18	3
-1
1	424	111	110
-1
2	181	48	72
-1
2	595	67	137
-1
2	441	155	166
-1
2	546	57	74
-1
1	93	111	25
-1
2	252	108	130
-1
1	343	55	69
-1
1	396	20	161
-1
4	951	88	130
-1
2	812	129	192
-1
1	436	105	191
-1
2	372	85	57
-1
4	889	79	12
-1
3	362	72	20
-1
3	186	17	82
-1
1	267	61	190
-1
1	735	112	44
-1
2	47	54	15
54	62	15	
4	776	1	102
-1
3	919	151	182
-1
2	309	163	86
-1
3	318	150	170
-1
2	729	121	1
-1
1	500	161	72
-1
3	782	122	40
-1
1	523	59	100
-1
3	318	125	11
-1
1	332	59	64
-1
1	185	105	64
-1
2	166	32	167
-1
3	404	151	81
-1
1	725	59	30
-1
2	725	176	150
-1
3	548	56	62
-1
2	387	108	183
-1
4	686	89	193
-1
2	696	163	117
-1
2	111	32	127
-1
1	975	115	31
-1
1	293	99	62
-1
1	173	16	12
16	12	
3	402	19	23
-1
1	703	96	150
-1
1	964	20	6
-1
3	898	168	65
-1
3	690	154	105
-1
2	606	192	67
-1
3	732	39	50
-1
3	114	150	164
-1
3	527	76	14
-1
3	891	168	29
-1
1	513	140	200
-1
1	414	93	47
-1
4	971	195	66
-1
4	35	110	185
110	17	21	14	1	185	
2	739	7	139
-1
1	957	96	82
-1
2	6	53	120
53	2	70	17	120	
2	569	136	69
-1
4	534	1	96
-1
2	715	127	15
-1
4	866	169	154
-1
3	712	81	198
-1
2	977	47	192
-1
3	562	17	101
-1
4	852	52	59
-1
3	885	142	106
-1
1	4	99	110
99	7	17	110	
2	25	104	45
104	6	92	9	23	10	45	
2	920	25	197
-1
4	335	158	76
-1
1	440	24	44
-1
4	638	89	77
-1
2	981	200	123
-1
2	434	129	91
-1
1	892	42	142
-1
1	398	93	36
-1
3	907	177	134
-1
3	504	132	189
-1
3	300	156	13
-1
3	527	28	123
-1
4	371	114	146
-1
1	47	153	35
153	9	12	35	
3	321	142	186
-1
1	811	123	114
-1
3	905	156	155
-1
4	340	199	47
-1
2	73	196	175
-1
1	461	55	107
-1
4	426	158	14
-1
4	500	9	41
-1
2	45	136	154
-1
1	631	58	59
-1
2	617	104	200
-1
1	330	24	74
-1
3	685	186	181
-1
4	883	90	180
-1
3	810	29	127
-1
2	468	53	181
-1
3	881	66	90
-1
3	674	91	51
-1
3	179	190	138
-1
3	837	186	195
-1
3	989	17	50
-1
1	614	33	25
-1
4	147	162	10
-1
2	126	198	100
198	13	100	
1	4	33	80
33	19	43	62	9	80	
1	985	42	133
-1
2	626	109	198
-1
2	876	141	40
-1
1	613	166	181
-1
3	559	145	166
-1
2	408	133	182
-1
1	832	73	166
-1
3	994	87	80
-1
1	93	33	77
-1
4	172	110	109
-1
1	656	65	102
-1
4	5	1	10
1	14	82	20	57	10	
1	644	27	103
-1
2	424	54	68
-1
3	742	19	164
-1
3	523	177	97
-1
3	441	185	121
-1
3	120	168	7
-1
1	948	161	191
-1
1	809	5	52
-1
2	510	129	117
-1
3	872	184	117
-1
2	774	189	95
-1
3	593	184	149
-1
4	157	160	167
-1
2	5	101	143
101	6	44	2	4	3	143	
2	125	175	79
-1
4	484	15	199
-1
1	226	134	159
-1
4	478	34	164
-1
1	946	42	44
-1
3	614	151	27
-1
3	109	22	167
-1
3	9	147	103
147	64	8	58	60	98	103	
4	575	92	62
-1
2	69	48	162
-1
4	900	4	136
-1
4	898	128	151
-1
2	408	11	36
-1
2	523	189	69
-1
3	766	66	62
-1
2	145	163	13
-1
2	663	176	186
-1
2	965	36	85
-1
1	826	44	176
-1
1	987	170	175
-1
1	675	191	178
-1
4	977	90	105
-1
3	364	139	68
-1
1	785	146	56
-1
2	46	21	73
21	14	73	
3	658	186	187
-1
1	196	82	114
-1
3	80	145	150
-1
2	255	109	145
-1
3	581	87	67
-1
2	358	25	57
-1
1	414	99	146
-1
1	233	27	36
-1
1	40	191	181
-1
2	664	175	153
-1
1	50	20	139
20	57	13	139	
1	164	30	172
-1
3	465	177	116
-1
3	961	56	177
-1
2	227	62	63
-1
1	683	42	39
-1
3	580	151	90
-1
2	815	164	116
-1
3	148	197	58
-1
2	100	36	32
-1
2	790	100	4
-1
2	362	101	185
-1
1	829	16	113
-1
2	157	32	168
-1
2	171	193	181
-1
3	210	19	174
-1
2	299	54	124
-1
3	414	185	87
-1
2	624	200	35
-1
1	7	99	23
99	7	23	
3	610	150	74
-1
4	146	92	174
-1
1	458	5	142
-1
1	977	33	173
-1
3	309	142	165
-1
1	682	112	136
-1
2	805	121	141
-1
3	444	19	125
-1
3	830	185	76
-1
2	652	8	174
-1
3	277	14	76
-1
2	403	176	167
-1
1	544	73	123
-1
4	516	83	107
-1
2	633	11	48
-1
2	120	120	160
-1
1	660	153	80
-1
4	184	110	51
-1
1	860	105	35
-1
1	185	134	194
-1
3	612	138	159
-1
3	930	14	86
-1
1	852	16	159
-1
3	559	159	193
-1
1	206	27	3
-1
1	965	59	74
-1
4	397	178	27
-1
2	447	189	136
-1
1	233	172	192
-1
1	26	183	125
183	10	11	68	2	125	
2	536	120	62
-1
2	22	131	28
131	19	50	28	
3	332	13	43
-1
1	924	64	154
-1
3	478	22	180
-1
1	952	180	190
-1
2	730	144	119
-1
1	617	140	107
-1
3	408	138	30
-1
1	284	170	13
-1
3	898	147	84
-1
4	525	83	166
-1
3	919	56	178
-1
3	272	139	42
-1
2	803	62	15
-1
3	144	91	194
-1
2	62	194	90
-1
1	568	123	181
-1
3	198	91	119
-1
2	162	98	40
-1
1	645	134	187
-1
1	962	31	21
-1
2	340	155	28
-1
1	333	73	166
-1
2	147	97	179
-1
2	341	51	21
-1
4	582	195	15
-1
2	562	8	89
-1
2	432	176	180
-1
3	72	125	29
125	2	52	14	29	
3	210	38	162
-1
1	382	82	144
-1
2	609	43	98
-1
1	926	134	123
-1
3	904	66	19
-1
3	76	13	21
13	47	22	14	21	
1	690	105	15
-1
3	531	38	23
-1
4	510	199	150
-1
1	90	31	26
-1
4	204	102	63
-1
2	747	63	96
-1
1	597	44	90
-1
4	319	52	24
-1
3	889	177	41
-1
2	461	32	5
-1
4	828	107	61
-1
3	402	149	98
-1
4	751	79	97
-1
1	128	140	79
-1
2	990	181	132
-1
3	37	184	194
-1
4	526	83	37
-1
1	501	31	88
-1
3	942	149	16
-1
2	698	189	199
-1
3	759	49	57
-1
3	56	76	157
-1
3	504	29	35
-1
2	182	179	126
-1
1	513	58	107
-1
4	706	199	42
-1
2	142	35	124
-1
4	781	113	154
-1
4	548	165	54
-1
1	698	58	194
-1
3	307	156	195
-1
4	63	114	22
114	17	56	22	
2	850	121	51
-1
2	175	25	181
-1
2	481	6	39
-1
1	323	119	37
-1
2	798	176	24
-1
3	504	118	136
-1
4	109	50	100
-1
3	503	150	158
-1
2	497	47	113
-1
1	270	153	178
-1
1	520	16	98
-1
1	701	65	122
-1
1	939	191	80
-1
3	927	72	198
-1
1	350	146	125
-1
1	85	143	194
-1
2	337	198	44
-1
4	694	107	193
-1
4	558	9	191
-1
2	335	57	144
-1
1	432	126	111
-1
2	706	198	127
-1
2	985	98	117
-1
1	134	188	140
-1
3	858	66	85
-1
3	652	168	180
-1
4	647	52	177
-1
1	39	140	35
140	2	12	35	
3	229	185	195
-1
3	524	142	3
-1
3	634	28	81
-1
4	112	60	78
-1
3	429	117	127
-1
2	120	101	66
-1
3	805	186	131
-1
2	336	43	98
-1
1	864	46	102
-1
4	851	92	193
-1
1	445	82	178
-1
2	848	63	119
-1
3	328	186	147
-1
1	405	172	158
-1
2	483	35	26
-1
4	148	15	78
15	79	78	
4	30	135	63
135	17	7	16	63	
3	480	91	57
-1
1	581	26	103
-1
3	373	41	146
-1
3	902	91	180
-1
2	21	136	42
136	75	9	92	6	42	
4	119	135	179
-1
3	276	14	150
-1
1	253	170	137
-1
4	330	52	151
-1
4	992	199	85
-1
1	800	180	175
-1
1	702	59	152
-1
1	400	191	145
-1
2	579	164	35
-1
1	172	65	122
-1
1	350	37	8
-1
2	452	155	21
-1
4	588	182	190
-1
4	538	34	41
-1
1	423	115	191
-1
3	749	106	171
-1
3	853	106	181
-1
3	597	159	172
-1
4	183	110	87
-1
4	57	40	103
-1
2	64	11	140
-1
1	885	161	46
-1
2	274	164	180
-1
3	67	151	165
-1
4	409	88	80
-1
2	979	62	137
-1
2	312	163	194
-1
4	283	15	105
-1
2	969	163	14
-1
3	271	145	6
-1
4	562	1	16
-1
3	608	17	128
-1
2	739	101	91
-1
1	503	126	193
-1
2	934	144	33
-1
1	671	153	94
-1
4	216	83	8
-1
2	920	194	174
-1
3	886	28	136
-1
2	691	196	33
-1
2	858	67	185
-1
1	738	180	1
-1
1	428	187	53
-1
2	221	77	131
-1
1	653	180	74
-1
1	498	65	178
-1
4	858	135	13
-1
4	231	103	158
-1
3	919	22	186
-1
1	103	59	181
-1
2	487	101	199
-1
3	488	159	179
-1
1	692	96	117
-1
3	22	75	194
75	48	8	69	5	194	
2	248	47	125
-1
2	777	51	189
-1
2	589	101	76
-1
4	347	158	178
-1
1	332	140	151
-1
2	864	11	10
-1
1	863	112	110
-1
4	241	199	20
-1
3	309	38	67
-1
2	102	129	94
-1
4	178	103	140
-1
3	767	150	191
-1
1	242	126	43
-1
2	819	67	152
-1
3	769	13	91
-1
1	330	96	53
-1
3	192	159	164
-1
2	211	21	114
-1
3	478	13	151
-1
1	771	74	32
-1
2	662	127	134
-1
1	804	105	35
-1
4	46	71	112
71	59	14	112	
1	597	64	178
-1
4	40	34	142
34	28	50	19	142	
3	292	154	189
-1
1	455	84	148
-1
3	369	75	120
-1
1	871	37	85
-1
3	302	66	158
-1
1	387	188	84
-1
4	373	50	188
-1
2	37	53	10
53	2	68	11	10	
2	966	51	25
-1
2	508	47	10
-1
3	48	38	164
38	19	37	164	
2	395	129	199
-1
2	115	136	25
-1
2	799	104	61
-1
1	108	126	127
-1
1	791	180	114
-1
3	731	118	115
-1
3	692	91	168
-1
2	917	127	170
-1
4	278	92	16
-1
3	841	151	54
-1
4	639	199	134
-1
3	215	145	69
-1
2	76	11	124
-1
4	754	9	50
-1
1	667	68	29
-1
1	534	59	98
-1
2	101	141	188
141	7	188	
2	822	32	66
-1
2	237	100	110
-1
4	442	178	60
-1
1	728	170	10
-1
1	196	161	155
-1
2	920	175	165
-1
4	121	50	126
-1
3	101	3	193
-1
3	598	22	3
-1
2	338	155	143
-1
2	3	7	127
7	16	83	8	127	
1	912	180	178
-1
1	924	16	155
-1
1	85	10	125
-1
3	791	137	85
-1
1	156	84	11
84	11	
2	33	155	61
155	3	98	60	61	
3	177	75	15
-1
2	732	127	188
-1
3	74	125	94
125	2	12	94	
2	952	62	52
-1
1	930	16	31
-1
4	284	128	199
-1
3	560	3	160
-1
3	396	87	48
-1
4	7	78	131
78	79	20	19	131	
3	819	185	86
-1
4	233	169	112
-1
3	973	145	39
-1
3	866	76	163
-1
4	70	102	176
-1
2	700	53	191
-1
4	50	182	70
-1
3	209	18	24
-1
2	256	129	111
-1
3	387	125	140
125	2	140	
4	224	83	124
-1
2	887	101	44
-1
2	125	85	188
-1
2	239	57	16
-1
3	214	75	69
-1
2	757	144	121
-1
4	778	195	55
-1
3	202	45	24
-1
2	464	53	152
-1
1	3	61	28
61	15	77	34	28	
4	678	199	110
-1
3	521	22	10
-1
2	60	108	95
-1
3	675	185	103
-1
1	143	23	177
-1
2	416	189	72
-1
2	422	97	67
-1
1	445	26	63
-1
1	396	27	115
-1
4	376	90	127
-1
1	685	44	125
-1
2	847	121	98
-1
2	93	193	158
-1
2	395	53	142
-1
4	324	79	116
-1
3	595	174	56
-1
2	613	189	152
-1
4	75	162	178
-1
2	542	6	156
-1
1	620	153	198
-1
4	345	128	41
-1
4	642	165	114
-1
2	399	11	106
-1
4	92	103	110
-1
2	608	97	189
-1
1	863	172	162
-1
3	967	167	102
-1
2	696	131	63
-1
4	251	158	68
-1
2	800	51	172
-1
1	993	70	100
-1
1	506	166	64
-1
2	563	8	74
-1
4	873	158	128
-1
4	813	50	24
-1
2	174	57	196
-1
4	75	71	114
-1
1	937	37	196
-1
3	556	132	105
-1
4	327	135	155
-1
1	978	134	177
-1
1	193	126	142
-1
1	818	183	149
-1
2	945	98	107
-1
3	321	122	108
-1
1	268	134	164
-1
4	381	107	34
-1
2	328	133	23
-1
1	833	69	106
-1
2	139	176	40
-1
4	515	102	126
-1
2	9	32	51
32	11	84	7	51	
1	557	24	186
-1
1	615	42	83
-1
3	922	186	4
-1
3	437	106	137
-1
3	23	125	195
125	2	70	17	7	18	195	
2	645	57	127
-1
3	350	185	147
-1
4	742	169	122
-1
4	267	107	175
-1
3	269	174	6
-1
4	606	182	30
-1
4	488	90	23
-1
2	843	57	160
-1
2	131	130	18
-1
3	525	167	142
-1
2	803	141	199
-1
3	549	185	183
-1
4	22	86	151
86	9	12	72	60	98	151	
2	197	179	9
-1
3	754	45	182
-1
3	183	66	115
-1
4	357	71	5
-1
1	517	111	61
-1
1	334	105	190
-1
2	75	36	108
36	38	11	108	
4	473	160	48
-1
1	207	115	32
-1
2	109	63	70
-1
1	318	37	48
-1
1	51	33	45
-1
3	966	138	62
-1
1	970	73	84
-1
3	382	29	146
-1
3	771	145	51
-1
4	279	78	86
-1
1	278	105	197
-1
3	62	177	111
-1
2	331	136	126
-1
1	530	44	162
-1
4	926	113	146
-1
2	139	164	83
-1
3	423	81	107
-1
4	968	50	136
-1
1	970	183	80
-1
1	855	105	110
-1
1	204	183	14
-1
3	114	13	142
-1
1	191	74	77
-1
4	104	4	121
4	3	121	
2	401	85	33
-1
2	484	163	148
-1
2	590	101	28
-1
1	77	123	29
-1
2	757	43	11
-1
2	18	12	116
12	94	8	116	
3	231	19	50
19	50	
3	572	22	62
-1
3	249	87	135
-1
4	721	78	90
-1
2	953	181	175
-1
4	701	182	137
-1
3	928	17	37
-1
4	957	158	112
-1
1	519	187	106
-1
1	34	143	69
143	3	18	69	
1	484	112	87
-1
3	497	142	108
-1
1	432	65	147
-1
4	321	113	24
-1
1	47	33	156
-1
3	535	138	89
-1
3	924	38	57
-1
3	635	117	167
-1
2	692	25	153
-1
2	360	144	95
-1
3	847	177	6
-1
2	706	12	99
-1
2	52	109	163
-1
4	427	92	28
-1
3	935	13	12
-1
2	623	11	149
-1
3	32	145	138
145	8	44	6	138	
1	398	68	55
-1
2	150	54	31
-1
3	396	145	174
-1
1	153	105	103
-1
4	651	103	66
-1
2	165	8	174
-1
2	592	12	17
-1
3	356	38	181
-1
2	704	124	191
-1
1	394	99	135
-1
2	1000	130	155
-1
2	830	127	160
-1
3	756	76	105
-1
1	458	23	161
-1
2	475	175	63
-1
3	601	177	70
-1
2	617	141	33
-1
2	197	85	23
-1
4	387	40	146
-1
4	74	95	44
95	6	44	
4	180	40	173
-1
3	339	39	51
-1
1	243	69	78
-1
2	955	176	100
-1
3	617	185	74
-1
1	639	59	50
-1
1	71	59	143
-1
3	45	76	179
76	11	68	2	179	
1	791	24	170
-1
2	986	11	64
-1
2	311	36	56
-1
4	161	15	94
15	41	16	94	
1	39	105	114
-1
2	338	100	89
-1
2	564	54	73
-1
4	365	71	84
-1
1	907	61	142
-1
4	837	83	169
-1
4	806	128	193
-1
1	222	70	155
-1
1	477	55	190
-1
3	570	117	156
-1
4	36	78	60
78	79	15	61	60	
1	924	68	159
-1
3	749	157	13
-1
2	632	120	35
-1
1	173	37	47
-1
4	694	95	129
-1
3	686	132	8
-1
3	240	137	77
-1
4	429	110	84
-1
3	136	186	200
-1
2	995	108	29
-1
1	954	143	96
-1
3	318	18	5
18	69	5	
1	704	166	76
-1
3	750	149	112
-1
1	878	74	7
-1
3	486	167	138
-1
4	714	4	26
-1
2	197	43	136
-1
1	949	23	73
-1
4	129	158	132
-1
1	425	152	74
-1
2	581	57	44
-1
1	456	126	161
-1
3	768	29	110
-1
4	774	178	135
-1
3	663	56	101
-1
1	888	93	104
-1
4	375	158	98
-1
2	248	155	120
-1
1	779	55	29
-1
1	5	183	132
183	10	11	68	2	132	
3	200	159	141
-1
3	760	139	66
-1
3	21	147	95
147	64	8	44	6	95	
4	155	114	72
-1
3	207	39	79
-1
2	862	53	171
-1
1	359	140	129
-1
2	830	67	35
-1
3	410	66	41
-1
1	742	44	23
-1
2	482	200	134
-1
3	947	151	24
-1
1	841	111	170
-1
1	265	84	83
-1
3	743	190	73
-1
2	466	196	125
-1
1	146	10	17
-1
3	332	168	83
-1
3	972	150	148
-1
3	546	159	143
-1
4	479	52	95
-1
2	703	133	45
-1
2	672	32	107
-1
1	507	24	142
-1
4	331	88	131
-1
1	456	31	78
-1
1	824	96	87
-1
2	106	193	7
193	18	7	
2	605	124	108
-1
4	747	95	66
-1
2	241	192	70
-1
4	638	71	2
-1
3	344	125	185
-1
2	85	196	9
-1
2	367	54	96
-1
3	45	185	78
-1
2	683	192	125
-1
4	641	15	117
-1
3	748	72	40
-1
3	766	76	86
-1
3	435	22	78
-1
4	588	15	100
-1
4	173	52	24
-1
3	733	147	171
-1
2	828	32	25
-1
3	906	150	161
-1
2	782	194	152
-1
2	899	77	118
-1
1	290	69	189
-1
3	576	17	64
-1
4	5	182	37
182	8	83	13	37	
3	704	168	51
-1
2	727	155	54
-1
4	97	79	153
79	15	41	9	153	
2	673	11	136
-1
3	785	39	85
-1
1	536	96	79
-1
3	805	29	107
-1
2	993	127	175
-1
3	408	17	143
-1
2	445	144	76
-1
2	47	100	43
100	7	99	43	
3	501	3	198
-1
3	853	81	28
-1
2	188	129	39
-1
1	224	2	29
-1
3	302	186	124
-1
1	160	74	104
-1
1	87	30	31
-1
1	829	23	199
-1
1	505	30	94
-1
1	899	26	193
-1
1	896	73	147
-1
3	724	125	27
-1
2	114	129	155
-1
1	542	68	108
-1
3	617	91	46
-1
2	120	193	71
-1
2	302	104	100
-1
3	100	190	122
-1
3	145	171	104
-1
1	737	27	129
-1
3	283	125	153
-1
4	861	173	77
-1
2	216	48	5
-1
1	75	161	72
-1
4	520	102	163
-1
1	790	70	107
-1
2	42	189	10
-1
3	563	91	152
-1
3	818	142	74
-1
3	899	87	100
-1
1	851	23	176
-1
1	528	58	148
-1
3	132	118	147
-1
2	204	85	107
-1
1	318	112	160
-1
1	424	31	29
-1
4	385	173	170
-1
3	288	14	60
-1
4	961	128	1
-1
2	612	98	39
-1
2	788	196	14
-1
1	87	46	71
-1
4	234	173	140
-1
2	692	57	177
-1
2	652	12	88
-1
2	432	129	70
-1
1	801	152	42
-1
4	412	88	7
-1
2	365	176	87
-1
4	803	88	184
-1
2	816	100	179
-1
3	38	39	24
-1
2	978	77	149
-1
4	554	110	5
-1
3	841	154	16
-1
3	710	157	96
-1
1	304	188	199
-1
2	662	141	86
-1
2	348	104	61
-1
1	531	68	101
-1
4	109	71	200
-1
3	285	39	38
-1
3	233	76	114
-1
2	789	53	176
-1
4	156	158	81
-1
3	651	150	37
-1
2	49	11	176
11	76	18	3	176	
3	86	66	68
-1
4	699	128	172
-1
3	199	75	39
-1
2	550	6	61
-1
3	539	66	99
-1
3	604	150	174
-1
1	979	134	178
-1
3	59	122	87
122	7	84	5	87	
3	847	29	36
-1
1	423	31	198
-1
1	290	31	64
-1
3	213	117	191
-1
4	852	15	65
-1
4	64	165	22
165	14	22	
4	962	114	88
-1
4	287	52	189
-1
1	16	55	123
55	7	18	3	123	
3	702	186	196
-1
2	889	196	177
-1
2	287	43	7
-1
3	550	17	38
-1
1	340	58	154
-1
4	356	71	120
-1
1	130	74	36
-1
3	769	137	149
-1
2	557	51	152
-1
4	431	89	6
-1
2	179	57	143
-1
4	955	110	139
-1
4	761	199	133
-1
2	998	85	101
-1
3	103	186	158
-1
2	774	77	180
-1
3	209	184	53
-1
4	957	113	142
-1
3	260	81	192
-1
3	18	190	32
190	6	44	2	68	11	32	
1	560	20	88
-1
4	650	199	198
-1
2	134	104	196
-1
1	434	65	32
-1
3	544	14	169
-1
3	675	117	197
-1
4	680	90	180
-1
2	621	51	45
-1
3	164	159	125
-1
3	595	19	66
-1
2	635	36	86
-1
3	632	147	35
-1
3	179	197	139
-1
1	562	82	155
-1
1	682	68	168
-1
2	878	163	36
-1
1	857	37	78
-1
2	101	116	128
-1
2	378	136	38
-1
1	243	99	56
-1
1	480	46	43
-1
4	267	80	190
-1
2	557	63	138
-1
3	111	41	19
-1
3	630	154	86
-1
2	218	35	48
-1
1	295	112	37
-1
2	774	120	152
-1
4	611	173	40
-1
3	419	150	138
-1
2	861	144	135
-1
2	850	176	14
-1
1	739	42	76
-1
2	958	198	68
-1
4	995	60	21
-1
4	395	89	55
-1
3	831	106	118
-1
1	334	152	38
-1
2	173	77	10
77	15	10	
4	863	40	111
-1
1	997	58	6
-1
1	563	70	181
-1
3	190	72	174
-1
1	410	10	123
-1
3	430	167	182
-1
4	637	114	71
-1
2	906	108	128
-1
4	743	90	32
-1
1	304	23	108
-1
1	966	148	147
-1
1	972	10	156
-1
4	504	158	26
-1
3	478	72	49
-1
2	152	62	58
-1
1	934	23	177
-1
4	156	52	90
-1
4	683	40	149
-1
2	866	98	190
-1
2	774	192	164
-1
1	72	96	111
-1
3	180	13	72
-1
2	957	136	30
-1
4	605	40	101
-1
1	862	69	114
-1
1	38	20	136
20	57	48	75	136	
1	479	105	140
-1
4	579	60	131
-1
4	168	95	28
-1
4	932	160	20
-1
2	394	85	67
-1
3	66	157	79
-1
4	295	88	15
-1
1	347	44	6
44	6	
2	413	200	74
-1
3	548	13	45
-1
2	239	51	150
-1
3	770	81	161
-1
4	749	60	55
-1
1	568	27	15
-1
4	234	110	99
-1
2	65	104	7
-1
4	679	169	94
-1
4	284	15	89
-1
1	709	161	88
-1
4	105	173	101
173	6	101	
1	406	73	103
-1
1	767	111	135
-1
2	221	32	194
-1
2	987	181	173
-1
1	486	148	82
-1
1	844	134	185
-1
2	538	198	153
-1
3	578	28	119
-1
2	218	63	80
-1
1	670	123	4
-1
1	972	27	28
-1
3	306	185	91
-1
3	252	151	122
-1
3	624	171	54
-1
4	705	158	154
-1
4	242	195	39
-1
3	946	38	188
-1
2	465	127	15
-1
1	496	105	29
-1
3	451	122	151
-1
1	879	143	129
-1
4	721	114	113
-1
3	394	171	15
-1
3	648	174	186
-1
3	401	197	95
-1
2	239	54	89
-1
2	226	47	78
-1
2	392	192	5
-1
3	20	56	61
56	17	7	46	15	61	
4	522	103	134
-1
3	2	154	76
154	1	14	21	17	76	
3	867	184	141
-1
2	233	104	63
-1
2	970	97	37
-1
2	64	144	185
-1
1	704	96	190
-1
4	734	86	36
-1
2	338	63	28
-1
2	150	54	35
-1
2	683	25	138
-1
2	310	98	91
-1
4	650	52	74
-1
1	712	70	177
-1
4	100	102	25
-1
3	85	72	169
-1
4	426	135	16
-1
1	662	191	102
-1
2	89	124	164
-1
3	523	13	170
-1
4	812	162	146
-1
2	702	196	44
-1
1	127	105	47
-1
3	103	106	116
-1
4	80	169	17
169	7	17	
2	648	21	88
-1
1	615	105	175
-1
1	516	82	117
-1
1	632	143	40
-1
1	1	183	4
183	10	11	68	2	4	
1	346	58	117
-1
1	541	69	112
-1
3	587	171	168
-1
3	702	49	25
-1
2	471	104	193
-1
1	510	183	13
-1
1	884	30	69
-1
1	352	44	151
-1
1	943	112	45
-1
1	346	143	28
-1
4	62	95	85
-1
4	125	40	153
-1
2	492	133	75
-1
1	516	119	124
-1
4	261	173	27
-1
2	825	43	9
-1
1	646	152	190
-1
1	796	188	185
-1
3	992	139	48
-1
1	619	82	190
-1
2	255	179	36
-1
3	8	41	28
41	15	77	34	28	
4	634	165	160
-1
4	557	9	30
-1
2	935	124	2
-1
2	495	136	44
-1
1	884	161	148
-1
2	421	6	135
-1
1	268	153	73
-1
2	410	144	106
-1
1	845	115	85
-1
4	272	169	77
-1
4	583	128	41
-1
4	13	162	49
162	12	2	70	59	49	
1	614	70	125
-1
3	210	157	60
-1
2	957	51	172
-1
3	91	87	177
-1
4	315	107	81
-1
1	221	126	177
-1
4	857	135	91
-1
3	933	132	59
-1
2	925	155	139
-1
3	974	138	100
-1
3	650	150	121
-1
2	509	163	77
-1
1	81	172	128
-1
4	9	80	166
80	9	53	2	52	1	166	
1	90	170	24
-1
2	666	85	149
-1
2	708	57	36
-1
1	118	65	167
-1
3	256	197	121
-1
2	755	121	58
-1
1	876	46	159
-1
4	552	95	74
-1
3	631	156	197
-1
2	996	36	77
-1
2	419	196	46
-1
1	520	37	82
-1
2	355	54	90
-1
1	473	161	154
-1
4	793	79	102
-1
1	603	134	23
-1
3	913	41	20
-1
1	986	68	115
-1
3	383	171	70
-1
1	411	2	57
-1
3	456	149	52
-1
2	890	120	41
-1
3	579	39	94
-1
3	85	145	55
-1
3	986	17	133
-1
1	560	161	18
-1
1	780	115	58
-1
3	646	28	77
-1
4	667	165	48
-1
1	923	99	49
-1
2	126	109	149
-1
3	366	117	68
-1
2	660	6	58
-1
2	66	136	154
-1
1	350	172	170
-1
4	767	158	83
-1
1	777	69	149
-1
2	253	200	128
-1
3	100	45	93
-1
1	300	111	143
-1
3	201	185	52
-1
2	220	63	120
-1
1	878	180	77
-1
1	231	191	12
-1
3	753	56	184
-1
1	587	5	93
-1
2	335	124	161
-1
2	263	100	161
-1
2	707	104	157
-1
4	49	4	20
4	36	14	82	20	
1	52	55	156
-1
1	171	55	170
-1
3	647	75	150
-1
2	411	104	92
-1
1	546	134	148
-1
3	38	38	104
38	36	4	2	44	6	104	
2	150	176	27
-1
1	662	111	78
-1
3	571	125	182
-1
1	190	31	137
-1
4	145	79	191
-1
2	915	131	46
-1
2	216	53	72
-1
2	707	100	175
-1
2	806	62	60
-1
2	510	7	98
-1
2	288	196	73
-1
2	918	97	135
-1
3	299	159	59
-1
2	587	129	89
-1
1	377	70	120
-1
1	574	166	2
-1
2	45	32	54
32	11	76	17	54	
2	371	47	105
-1
3	431	106	166
-1
1	680	111	172
-1
1	704	172	119
-1
4	839	60	16
-1
3	697	177	174
-1
1	338	27	54
-1
3	457	13	75
-1
2	810	141	40
-1
2	863	67	72
-1
2	320	63	70
-1
4	885	34	175
-1
1	809	64	86
-1
4	127	95	57
-1
2	342	198	68
-1
2	467	36	196
-1
2	72	85	22
85	54	17	56	22	
3	346	22	186
-1
1	138	30	79
-1
3	9	39	145
39	4	88	8	145	
2	878	53	159
-1
1	453	172	192
-1
2	890	57	7
-1
3	346	17	101
-1
1	814	143	99
-1
1	561	37	86
-1
1	183	55	170
-1
4	320	79	143
-1
1	998	24	172
-1
1	494	161	10
-1
2	205	121	63
-1
4	148	199	186
199	12	9	186	
3	755	3	42
-1
4	407	92	58
-1
2	457	189	153
-1
3	95	154	141
-1
1	664	115	195
-1
2	207	97	73
-1
3	530	168	49
-1
3	740	118	161
-1
2	754	11	34
-1
4	539	15	32
-1
2	333	163	186
-1
1	942	69	77
-1
1	846	27	65
-1
2	386	36	19
-1
2	733	130	133
-1
3	957	145	181
-1
4	405	103	100
-1
1	918	33	17
-1
2	151	124	28
-1
3	334	29	194
-1
1	271	119	108
-1
3	147	3	128
-1
3	363	145	107
-1
3	733	190	142
-1
4	817	128	23
-1
4	149	60	119
-1
1	49	16	22
16	7	17	56	22	
4	865	173	6
-1
1	444	42	81
-1
2	990	144	61
-1
3	297	29	179
-1
1	177	99	182
-1
3	683	197	78
-1
3	624	159	19
-1
1	798	44	146
-1
2	868	12	157
-1
1	41	161	125
161	6	44	2	125	
1	846	161	49
-1
2	78	25	90
-1
2	138	21	33
-1
1	917	10	13
-1
1	450	58	111
-1
4	679	34	107
-1
2	97	116	65
-1
3	795	91	60
-1
4	503	40	72
-1
2	827	108	184
-1
1	875	148	144
-1
1	916	146	168
-1
1	100	23	140
-1
1	112	161	101
-1
3	222	29	159
-1
1	928	30	144
-1
2	945	108	60
-1
3	356	156	102
-1
4	627	102	142
-1
3	610	157	1
-1
1	353	183	148
-1
1	73	10	93
10	93	
2	564	77	68
-1
3	465	177	180
-1
4	423	40	8
-1
3	966	14	189
-1
1	777	93	48
-1
1	831	37	155
-1
3	924	145	57
-1
3	924	171	13
-1
2	871	133	147
-1
1	316	37	108
-1
1	983	61	185
-1
2	714	25	113
-1
4	721	89	104
-1
2	861	63	117
-1
1	460	180	10
-1
2	614	109	198
-1
3	822	139	142
-1
2	586	62	65
-1
3	85	185	197
-1
2	192	7	185
-1
1	528	74	46
-1
2	840	8	22
-1
2	296	121	110
-1
2	412	193	124
-1
1	821	5	103
-1
1	171	64	11
-1
4	112	78	101
-1
1	976	99	162
-1
1	724	37	98
-1
2	61	121	57
-1
1	706	112	130
-1
2	927	192	90
-1
1	188	183	10
183	10	
4	263	78	155
-1
4	765	90	159
-1
2	528	62	23
-1
2	28	32	52
32	11	68	2	52	
2	542	144	150
-1
4	639	71	138
-1
3	895	147	58
-1
2	977	7	122
-1
1	866	64	113
-1
3	627	142	95
-1
3	333	81	173
-1
1	492	143	14
-1
1	266	59	75
-1
3	917	138	107
-1
1	618	166	2
-1
1	956	59	72
-1
3	13	49	170
49	55	7	17	170	
2	334	144	176
-1
3	798	72	191
-1
4	893	89	84
-1
1	617	115	164
-1
2	30	200	58
200	17	21	19	58	
3	304	91	117
-1
3	610	156	54
-1
3	411	72	171
-1
4	35	89	181
89	70	2	4	181	
2	204	196	30
-1
4	332	9	173
-1
4	474	94	196
-1
1	558	44	84
-1
2	473	136	150
-1
2	131	104	149
-1
2	999	133	191
-1
1	604	188	146
-1
2	327	198	169
-1
4	707	160	10
-1
1	736	146	5
-1
3	660	150	165
-1
1	455	33	11
-1
3	690	106	54
-1
4	992	15	141
-1
4	692	88	44
-1
1	283	170	128
-1
2	380	120	115
-1
1	549	123	112
-1
3	110	49	24
-1
2	314	108	169
-1
2	231	43	70
-1
1	841	55	102
-1
1	646	61	160
-1
3	186	151	126
-1
4	781	94	13
-1
3	108	185	134
-1
2	822	67	53
-1
4	886	199	128
-1
1	61	99	128
-1
2	29	8	35
8	94	12	35	
1	51	73	30
73	14	82	20	30	
4	104	103	84
-1
4	663	95	144
-1
1	989	140	46
-1
3	553	125	139
-1
1	839	105	124
-1
2	843	164	142
-1
3	522	186	140
-1
1	850	23	38
-1
4	236	83	45
-1
2	417	63	70
-1
4	700	113	172
-1
3	596	17	67
-1
1	793	31	158
-1
3	932	171	83
-1
3	407	76	139
-1
3	500	66	55
-1
2	240	108	40
-1
4	229	182	62
-1
1	226	183	96
-1
3	895	18	158
-1
2	818	35	23
-1
4	836	86	191
-1
1	594	33	173
-1
4	628	178	144
-1
2	718	109	171
-1
2	972	67	36
-1
1	563	166	95
-1
3	376	157	76
-1
3	471	138	58
-1
2	581	163	28
-1
4	403	9	14
-1
1	393	26	51
-1
3	565	14	36
-1
3	260	159	13
-1
3	30	186	73
186	9	53	2	52	14	73	
1	417	55	91
-1
1	264	27	8
-1
2	91	189	165
-1
3	101	117	54
-1
1	528	187	168
-1
3	493	167	176
-1
2	695	121	153
-1
1	730	65	118
-1
1	94	30	76
-1
3	366	41	13
-1
1	8	23	68
23	9	53	2	68	
3	816	39	94
-1
2	732	54	34
-1
3	985	145	150
-1
3	152	45	89
-1
2	127	124	7
-1
3	431	168	128
-1
2	549	62	192
-1
2	424	144	173
-1
1	37	37	14
37	19	82	14	
2	456	155	36
-1
4	301	162	26
-1
3	134	177	80
-1
2	36	108	176
108	11	76	18	3	176	
1	476	44	20
-1
4	682	195	95
-1
1	761	73	62
-1
3	753	56	123
-1
4	277	4	18
-1
2	242	179	55
-1
3	677	167	161
-1
3	55	22	122
22	56	17	7	122	
3	286	122	51
-1
2	461	8	158
-1
2	32	43	2
43	62	9	53	2	
1	526	70	148
-1
3	139	151	21
-1
1	213	112	28
-1
1	831	16	31
-1
4	437	92	161
-1
1	397	134	128
-1
4	718	162	149
-1
3	568	168	71
-1
1	678	5	78
-1
1	31	65	72
65	18	7	16	12	72	
2	778	48	141
-1
4	750	173	43
-1
2	377	63	154
-1
3	559	76	121
-1
3	720	106	165
-1
3	247	142	50
-1
4	595	90	163
-1
2	417	7	83
-1
2	494	127	87
-1
4	917	4	152
-1
4	457	34	199
-1
2	500	163	124
-1
4	805	113	138
-1
3	478	41	13
-1
2	794	200	70
-1
1	643	119	163
-1
4	757	165	52
-1
1	839	111	11
-1
4	526	128	137
-1
4	629	173	140
-1
4	827	90	125
-1
2	702	98	87
-1
3	392	149	151
-1
3	404	106	192
-1
1	626	183	191
-1
2	788	176	61
-1
1	640	170	25
-1
1	250	126	87
-1
3	538	117	14
-1
1	829	42	139
-1
1	153	70	28
-1
2	991	48	77
-1
4	742	102	26
-1
1	485	93	131
-1
1	427	96	65
-1
2	287	121	192
-1
1	663	61	161
-1
4	149	52	38
-1
2	515	53	154
-1
3	253	190	195
-1
3	632	18	16
-1
3	108	122	64
-1
1	885	64	117
-1
1	415	5	9
-1
3	879	41	56
-1
2	70	67	129
-1
1	982	153	189
-1
4	20	15	192
15	61	49	27	192	
2	725	116	44
-1
1	272	30	33
-1
4	287	34	2
-1
1	302	65	75
-1
2	18	124	138
124	3	4	2	44	6	138	
4	178	9	95
-1
2	834	175	135
-1
2	962	54	154
-1
3	702	75	106
-1
4	693	9	73
-1
1	536	180	188
-1
2	120	104	17
-1
2	273	175	2
-1
3	147	14	18
-1
2	436	67	141
-1
1	530	37	101
-1
3	617	14	76
-1
2	770	47	81
-1
4	275	160	107
-1
1	499	61	115
-1
1	886	153	94
-1
4	654	40	150
-1
3	55	159	76
-1
1	72	183	41
183	10	15	41	
2	165	129	108
-1
4	865	165	144
-1
1	292	46	109
-1
2	324	62	108
-1
1	31	183	67
183	10	15	61	67	
1	97	10	80
-1
2	543	108	184
-1
2	92	194	24
-1
4	367	199	134
-1
2	8	54	69
54	3	18	69	
3	667	125	197
-1
3	362	41	113
-1
3	270	106	111
-1
3	929	149	124
-1
1	596	73	107
-1
1	27	55	68
55	7	84	11	68	
4	210	103	175
-1
3	385	45	120
-1
2	671	136	119
-1
1	339	55	124
-1
3	887	14	48
-1
4	752	80	41
-1
2	462	193	98
-1
2	337	62	46
-1
1	443	191	70
-1
3	462	138	124
-1
2	837	116	27
-1
3	508	125	23
-1
2	426	62	111
-1
1	349	84	165
-1
3	349	22	130
-1
4	589	60	9
-1
2	286	11	1
-1
1	83	24	14
-1
1	953	161	156
-1
2	628	155	45
-1
3	206	17	160
-1
1	229	5	37
-1
1	139	112	50
-1
4	655	90	133
-1
3	784	190	154
-1
3	544	138	13
-1
4	296	78	176
-1
1	309	115	199
-1
3	217	150	111
-1
4	613	102	66
-1
2	173	129	34
-1
4	161	135	38
-1
1	610	115	101
-1
2	542	53	190
-1
4	647	107	180
-1
4	811	90	69
-1
1	786	33	99
-1
4	737	128	13
-1
1	647	188	162
-1
3	664	156	15
-1
4	249	169	96
-1
1	886	93	182
-1
2	139	53	96
-1
3	728	14	148
-1
2	707	155	6
-1
4	128	1	95
-1
2	226	163	79
-1
3	990	149	158
-1
2	504	85	97
-1
4	718	83	53
-1
1	613	99	173
-1
3	746	147	65
-1
3	641	185	69
-1
1	788	123	82
-1
1	545	2	188
-1
1	639	61	140
-1
1	669	188	102
-1
3	578	13	2
-1
3	675	154	86
-1
2	879	57	121
-1
2	451	127	171
-1
3	267	91	117
-1
1	487	37	53
-1
2	368	77	175
-1
3	507	17	177
-1
1	846	161	37
-1
1	899	152	176
-1
1	101	20	140
-1
2	538	198	93
-1
1	858	24	102
-1
4	428	102	28
-1
2	497	104	118
-1
1	949	170	154
-1
3	276	56	183
-1
2	852	175	199
-1
3	440	81	111
-1
4	815	78	62
-1
2	554	176	34
-1
3	998	76	183
-1
3	299	14	158
-1
1	526	23	59
-1
3	996	3	114
-1
1	101	99	35
-1
4	483	199	42
-1
1	633	74	168
-1
3	744	125	48
-1
2	157	116	77
-1
2	542	130	4
-1
2	124	35	32
-1
1	281	33	45
-1
2	891	131	19
-1
4	404	9	21
-1
4	790	4	71
-1
2	831	104	70
-1
3	598	139	143
-1
3	597	171	20
-1
3	25	66	135
66	4	56	17	135	
1	429	23	17
-1
2	260	164	51
-1
4	56	40	35
40	35	
3	26	72	118
72	12	2	118	
2	247	163	126
-1
3	269	118	81
-1
4	690	60	184
-1
4	433	90	74
-1
4	404	40	45
-1
2	338	36	110
-1
1	106	61	84
61	15	46	7	84	
3	557	41	200
-1
2	743	100	191
-1
4	260	107	62
-1
3	337	132	176
-1
2	969	130	46
-1
4	553	199	105
-1
4	978	88	194
-1
3	822	72	33
-1
3	884	75	21
-1
4	319	165	33
-1
1	318	70	73
-1
4	708	178	124
-1
2	122	121	30
-1
3	97	132	161
-1
2	742	21	91
-1
2	846	189	41
-1
1	592	93	80
-1
4	576	71	104
-1
1	396	44	130
-1
2	780	127	94
-1
1	452	46	164
-1
1	375	115	93
-1
2	604	175	165
-1
1	517	96	97
-1
2	359	192	69
-1
4	751	86	57
-1
4	382	83	102
-1
1	685	74	172
-1
1	415	2	15
-1
3	260	149	94
-1
2	975	129	139
-1
1	468	180	5
-1
4	832	107	179
-1
2	680	62	74
-1
4	348	178	18
-1
4	157	88	103
-1
3	658	38	185
-1
1	181	172	11
-1
3	195	56	12
-1
3	640	22	160
-1
1	130	82	88
-1
2	335	8	20
-1
3	313	75	78
-1
1	539	59	139
-1
3	756	138	69
-1
3	410	38	156
-1
3	994	147	146
-1
3	156	3	69
-1
1	767	183	124
-1
2	279	129	98
-1
4	118	169	131
-1
2	737	98	138
-1
3	214	184	165
-1
2	505	97	23
-1
1	773	187	112
-1
3	80	142	101
-1
3	177	151	46
-1
1	445	96	200
-1
4	921	4	182
-1
3	18	122	63
122	7	16	63	
2	700	200	183
-1
3	237	118	32
-1
2	153	6	16
-1
1	927	20	64
-1
3	239	76	50
-1
2	491	48	143
-1
2	137	127	45
-1
3	536	56	92
-1
2	870	100	95
-1
1	684	172	17
-1
2	266	141	16
-1
4	97	40	85
-1
3	864	29	91
-1
2	527	181	62
-1
2	328	108	137
-1
2	670	98	136
-1
1	314	140	14
-1
3	606	76	69
-1
2	52	164	121
-1
3	68	185	92
-1
1	636	68	33
-1
2	520	85	72
-1
2	162	133	100
-1
3	423	197	33
-1
3	511	75	140
-1
3	846	3	189
-1
1	860	24	128
-1
4	728	90	156
-1
4	248	95	71
95	6	71	
1	692	146	55
-1
1	724	166	74
-1
4	747	1	110
-1
3	647	72	42
-1
4	631	34	190
-1
3	570	56	65
-1
1	110	119	19
-1
2	37	164	42
-1
1	544	23	83
-1
4	814	103	177
-1
4	420	102	75
-1
2	693	193	192
-1
1	602	68	192
-1
4	596	15	63
-1
3	185	13	48
-1
2	601	43	56
-1
2	819	164	174
-1
1	213	73	137
-1
1	95	61	112
-1
1	424	5	166
-1
3	250	18	19
-1
3	641	38	12
-1
1	584	82	31
-1
1	598	84	45
-1
4	846	79	57
-1
4	101	15	99
15	46	7	99	
1	226	16	62
-1
3	714	186	86
-1
3	425	150	147
-1
3	142	197	151
-1
1	761	20	168
-1
2	324	21	157
-1
1	554	61	39
-1
1	199	44	74
-1
3	607	41	104
-1
3	58	38	118
38	11	68	2	118	
3	471	138	85
-1
2	957	163	71
-1
2	903	77	172
-1
2	205	53	168
-1
4	972	195	139
-1
4	681	107	159
-1
1	319	30	171
-1
4	544	135	166
-1
2	247	133	7
-1
4	316	92	196
-1
3	1	149	134
149	2	4	134	
3	823	19	48
-1
2	994	175	76
-1
3	962	29	129
-1
1	500	33	75
-1
3	211	157	133
-1
1	381	37	162
-1
4	299	107	96
-1
4	857	50	181
-1
2	252	48	24
-1
2	585	163	172
-1
2	785	163	142
-1
3	860	185	69
-1
2	940	179	97
-1
4	166	92	130
-1
1	298	143	38
-1
1	11	105	74
105	8	83	16	41	9	74	
3	859	38	132
-1
2	391	136	133
-1
2	214	192	180
-1
2	385	43	142
-1
1	78	180	105
-1
2	546	164	41
-1
2	43	175	171
-1
2	124	67	62
-1
2	761	32	157
-1
2	986	130	61
-1
4	117	92	98
-1
3	49	150	33
-1
1	28	140	24
140	2	4	3	24	
1	721	153	19
-1
4	425	89	198
-1
3	18	167	113
167	2	12	16	83	13	113	
1	788	112	87
-1
3	402	106	153
-1
3	358	29	137
-1
2	218	141	66
-1
1	68	126	157
-1
2	500	194	59
-1
2	76	194	198
-1
2	694	21	103
-1
4	291	94	191
-1
1	3	70	109
70	17	21	19	109	
3	41	87	21
-1
3	346	75	126
-1
3	82	28	107
-1
3	899	185	47
-1
3	807	154	173
-1
2	665	21	118
-1
2	215	121	112
-1
2	317	196	84
-1
4	59	89	177
89	70	2	177	
2	168	131	47
-1
2	540	85	133
-1
3	217	125	159
-1
3	323	22	186
-1
1	322	55	122
-1
1	494	105	76
-1
1	11	112	96
112	14	82	20	64	8	96	
4	274	128	168
-1
3	958	142	115
-1
1	134	10	155
-1
1	580	69	37
-1
1	665	188	121
-1
2	823	127	198
-1
4	809	95	171
-1
1	682	170	26
-1
3	957	91	130
-1
3	405	184	193
-1
1	524	146	121
-1
1	391	20	62
-1
2	697	129	24
-1
2	734	62	92
-1
2	854	194	31
-1
1	803	58	157
-1
4	574	80	3
-1
4	951	40	172
-1
3	480	122	62
-1
1	673	30	197
-1
4	545	34	143
-1
4	606	110	114
-1
2	581	100	42
-1
2	472	196	55
-1
3	502	81	48
-1
4	210	135	105
-1
4	813	89	137
-1
2	984	62	176
-1
2	398	12	49
-1
1	194	44	79
-1
1	88	68	64
-1
2	353	12	173
-1
4	946	169	24
-1
3	1	150	172
150	6	172	
4	448	173	52
-1
3	953	75	138
-1
2	689	36	179
-1
2	816	200	40
-1
2	665	136	4
-1
2	895	133	199
-1
1	910	126	66
-1
1	235	166	77
-1
3	258	118	197
-1
1	381	64	146
-1
1	985	64	119
-1
2	922	63	145
-1
3	700	167	132
-1
2	892	7	132
-1
1	447	23	67
-1
3	845	39	151
-1
2	462	85	28
-1
2	490	194	193
-1
3	886	28	63
-1
3	232	38	126
-1
3	702	18	141
-1
1	446	2	3
-1
3	377	76	170
-1
2	660	127	176
-1
1	278	170	150
-1
1	628	16	140
-1
2	608	12	24
-1
1	952	73	18
-1
4	14	162	197
162	12	2	68	11	197	
2	91	48	34
-1
1	831	31	4
-1
3	386	132	5
-1
3	707	177	32
-1
1	834	105	159
-1
4	584	165	128
-1
2	675	194	96
-1
3	299	22	107
-1
2	68	181	132
181	4	2	132	
3	864	132	93
-1
2	298	98	92
-1
1	101	188	122
188	7	122	
3	257	171	53
-1
2	41	108	181
108	11	68	2	4	181	
3	151	14	38
14	36	38	
2	830	47	2
-1
4	525	182	195
-1
2	784	57	168
-1
4	715	107	100
-1
3	807	174	32
-1
1	299	37	129
-1
4	772	86	68
-1
3	225	138	190
138	6	190	
4	157	195	97
-1
2	594	35	110
-1
3	547	137	109
-1
1	294	166	42
-1
3	813	91	50
-1
1	713	74	156
-1
1	944	188	81
-1
1	224	146	70
-1
2	643	196	155
-1
3	33	168	93
168	5	69	8	93	
2	129	144	39
-1
2	991	100	25
-1
1	451	46	161
-1
2	92	192	126
-1
1	294	37	168
-1
4	1	50	41
50	19	20	79	15	41	
4	282	162	180
-1
2	351	57	78
-1
2	857	32	73
-1
1	549	74	40
-1
1	387	58	183
-1
1	411	187	35
-1
2	123	129	80
-1
2	649	179	23
-1
1	216	70	60
-1
1	609	115	61
-1
2	188	116	22
-1
3	817	197	78
-1
1	90	99	61
-1
2	481	155	134
-1
3	216	56	144
-1
1	450	42	130
-1
1	481	5	58
-1
2	855	127	188
-1
2	866	127	57
-1
1	326	143	172
-1
3	947	151	39
-1
4	376	90	35
-1
4	188	107	85
-1
1	674	148	39
-1
3	217	28	46
-1
2	298	43	40
-1
1	555	44	196
-1
3	494	76	122
-1
2	502	131	1
-1
2	873	196	143
-1
1	663	74	45
-1
1	97	172	86
-1
2	933	100	144
-1
3	324	87	91
-1
4	169	160	71
-1
2	208	176	113
-1
1	203	73	109
-1
2	277	179	184
-1
3	77	72	114
-1
3	171	174	62
-1
2	167	198	135
-1
1	604	61	58
-1
2	300	109	157
-1
2	342	194	44
-1
3	212	117	155
-1
1	477	37	131
-1
3	585	45	155
-1
4	368	199	86
-1
1	34	27	157
27	49	59	71	6	157	
1	447	55	82
-1
3	933	177	32
-1
4	790	95	44
-1
1	747	99	152
-1
2	342	198	97
-1
3	896	139	13
-1
4	978	103	50
-1
2	533	179	46
-1
1	818	115	196
-1
1	326	82	175
-1
2	208	67	29
-1
4	391	113	158
-1
3	834	45	52
-1
2	337	35	150
-1
2	834	133	99
-1
1	998	74	38
-1
4	647	169	92
-1
3	44	147	70
-1
1	392	31	184
-1
2	966	48	17
-1
4	194	173	36
-1
3	951	132	148
-1
3	755	122	193
-1
4	504	107	179
-1
1	203	44	111
-1
2	192	77	184
-1
1	35	74	152
74	9	53	2	52	1	152	
1	504	73	50
-1
1	239	68	80
-1
1	607	59	79
-1
1	642	24	4
-1
1	142	170	135
170	17	135	
3	334	72	9
-1
1	712	26	115
-1
2	22	130	110
130	27	49	55	7	17	110	
1	957	84	186
-1
1	60	27	12
-1
1	310	61	84
-1
2	941	116	151
-1
3	420	106	162
-1
1	423	112	185
-1
3	509	106	154
-1
2	717	47	26
-1
3	584	132	51
-1
4	93	195	132
-1
1	431	16	167
-1
2	242	124	193
-1
1	877	183	53
-1
4	379	92	120
-1
1	140	33	25
-1
4	477	52	89
-1
1	230	26	194
-1
1	407	134	192
-1
2	410	51	123
-1
3	741	186	117
-1
1	660	30	84
-1
4	652	60	7
-1
2	457	53	141
-1
3	576	81	33
-1
2	953	12	17
-1
3	841	151	20
-1
1	586	27	45
-1
4	977	9	178
-1
3	51	167	180
-1
2	519	176	117
-1
1	402	69	147
-1
4	360	128	158
-1
2	100	179	11
-1
1	284	187	43
-1
2	852	163	54
-1
2	223	67	157
-1
4	467	107	183
-1
4	797	92	143
-1
1	928	20	110
-1
1	445	70	85
-1
1	143	188	153
-1
2	100	141	32
-1
4	262	52	11
-1
4	505	103	197
-1
1	558	187	111
-1
3	914	190	177
-1
3	49	13	35
13	83	16	12	35	
1	191	31	78
-1
2	452	179	97
-1
1	889	59	166
-1
4	241	103	105
-1
3	873	45	197
-1
1	435	96	48
-1
4	383	158	151
-1
2	646	62	89
-1
3	174	171	30
-1
1	161	37	42
-1
2	838	85	25
-1
1	535	27	155
-1
4	652	79	13
-1
3	357	167	67
-1
3	105	159	63
-1
1	553	183	159
-1
4	855	169	68
-1
2	943	104	129
-1
3	372	149	51
-1
1	366	74	87
-1
4	742	34	171
-1
3	296	72	150
-1
4	661	158	28
-1
4	927	9	146
-1
3	590	117	56
-1
3	100	22	191
-1
1	367	126	159
-1
1	247	180	62
-1
3	297	122	162
-1
3	784	45	188
-1
1	106	10	21
-1
4	455	103	44
-1
3	634	151	1
-1
2	179	11	10
11	10	
3	387	137	126
-1
4	777	78	99
-1
3	135	177	24
-1
4	549	95	3
-1
2	310	141	76
-1
3	297	38	121
-1
2	670	21	82
-1
4	913	78	185
-1
2	914	133	135
-1
1	675	166	97
-1
2	552	97	33
-1
4	651	83	63
-1
1	226	59	191
-1
3	429	145	86
-1
1	256	93	26
-1
2	376	155	63
-1
3	210	3	35
-1
1	146	24	113
-1
3	832	137	197
-1
1	928	2	114
-1
3	712	28	10
-1
2	774	179	44
-1
2	565	181	102
-1
2	450	7	199
-1
1	27	187	91
-1
1	890	42	197
-1
1	876	170	152
-1
2	740	179	175
-1
2	936	124	63
-1
2	802	155	16
-1
4	811	34	43
-1
3	55	145	22
-1
1	308	119	2
-1
2	706	35	8
-1
2	149	36	146
-1
2	297	62	188
-1
4	448	103	157
-1
2	623	179	87
-1
1	437	70	10
-1
4	453	158	116
-1
3	695	159	149
-1
4	716	169	45
-1
2	870	175	115
-1
4	29	83	149
83	16	12	2	149	
1	975	140	184
-1
4	314	88	198
-1
3	422	185	100
-1
3	508	184	30
-1
4	717	158	100
-1
4	584	195	9
-1
2	684	47	167
-1
1	728	93	87
-1
1	843	161	62
-1
1	591	30	96
-1
1	127	10	35
-1
3	124	184	75
184	9	75	
3	175	49	11
-1
1	805	70	194
-1
3	104	177	152
-1
3	64	45	98
-1
3	430	28	96
-1
2	716	63	188
-1
1	329	191	148
-1
1	576	33	129
-1
2	163	175	139
-1
2	237	53	74
-1
4	447	128	123
-1
4	592	103	192
-1
4	943	107	121
-1
4	992	162	165
-1
2	487	25	145
-1
2	475	6	7
-1
1	374	73	197
-1
1	55	2	181
2	4	181	
2	545	129	108
-1
3	170	91	160
-1
2	892	127	88
-1
3	836	125	142
-1
1	508	69	48
-1
2	272	11	161
-1
2	768	155	137
-1
3	975	41	142
-1
2	323	67	14
-1
2	304	193	167
-1
2	211	47	96
-1
1	522	143	186
-1
1	361	112	65
-1
3	902	156	141
-1
1	949	143	9
-1
4	661	50	172
-1
1	397	73	126
-1
3	938	41	118
-1
3	704	167	185
-1
4	670	89	177
-1
2	117	144	175
-1
3	855	106	117
-1
3	471	29	28
-1
1	763	188	183
-1
1	972	42	125
-1
3	95	190	126
-1
3	772	3	199
-1
4	489	199	191
-1
4	425	89	157
-1
2	601	144	197
-1
4	127	165	141
-1
1	843	82	46
-1
4	271	88	25
-1
4	5	158	165
158	17	21	14	165	
2	882	120	6
-1
2	407	43	147
-1
4	205	89	149
-1
4	747	60	100
-1
2	303	101	140
-1
2	900	77	83
-1
4	192	78	199
-1
3	37	156	32
156	72	12	2	68	11	32	
4	14	199	119
199	12	2	52	14	119	
2	778	21	76
-1
2	583	25	196
-1
3	81	106	190
106	6	190	
1	230	65	79
-1
2	481	21	138
-1
3	420	168	190
-1
1	454	70	67
-1
2	604	121	96
-1
1	636	112	51
-1
2	754	101	1
-1
4	430	114	21
-1
3	777	91	198
-1
2	118	25	103
-1
1	196	105	119
-1
4	486	86	140
-1
3	475	118	107
-1
4	293	89	176
-1
4	188	94	49
-1
2	991	98	160
-1
2	191	133	60
-1
3	764	38	173
-1
2	361	67	15
-1
4	215	195	191
-1
4	734	113	48
-1
4	473	60	133
-1
3	179	145	3
-1
1	506	172	91
-1
1	706	64	185
-1
4	266	4	82
-1
2	277	194	166
-1
2	50	136	3
136	75	9	62	54	3	
1	416	99	22
-1
2	607	11	168
-1
4	406	178	80
-1
1	690	111	140
-1
4	292	135	36
-1
1	983	65	7
-1
3	567	122	71
-1
3	1000	28	74
-1
1	565	93	19
-1
4	367	169	106
-1
1	540	170	157
-1
3	508	138	167
-1
1	387	96	144
-1
2	78	101	6
101	6	
3	714	190	140
-1
1	472	82	4
-1
1	942	64	126
-1
4	367	182	153
-1
2	385	181	197
-1
3	891	145	117
-1
2	647	63	87
-1
2	365	155	24
-1
2	909	62	119
-1
2	714	200	171
-1
4	606	78	160
-1
1	409	143	41
-1
3	686	14	56
-1
2	790	108	37
-1
1	986	74	169
-1
2	903	11	113
-1
2	941	101	128
-1
1	516	99	82
-1
2	586	63	143
-1
1	556	123	94
-1
2	115	189	123
-1
2	908	194	17
-1
3	563	154	31
-1
4	352	40	90
-1
2	920	181	163
-1
1	185	119	173
-1
4	864	173	25
-1
4	145	113	75
-1
3	239	28	90
-1
4	884	165	12
-1
2	807	120	200
-1
3	423	186	145
-1
1	205	93	99
-1
2	94	8	90
-1
3	809	159	22
-1
1	733	30	140
-1
3	110	14	112
14	112	
2	584	77	176
-1
4	873	173	155
-1
2	237	163	119
-1
2	388	47	38
-1
2	933	53	24
-1
1	983	27	68
-1
2	224	32	75
-1
3	445	125	185
-1
2	985	85	15
-1
3	448	18	28
-1
2	424	127	57
-1
4	778	110	29
-1
4	97	135	144
-1
3	286	171	142
-1
4	109	110	146
-1
2	529	194	172
-1
2	403	176	3
-1
3	788	151	80
-1
2	602	196	164
-1
3	381	132	133
-1
2	989	179	59
-1
1	218	2	169
-1
3	713	132	55
-1
3	654	28	177
-1
4	199	113	86
-1
3	122	174	80
-1
4	277	102	7
-1
3	756	56	158
-1
4	71	195	105
195	18	69	8	105	
1	604	148	36
-1
2	462	129	14
-1
3	582	117	168
-1
4	188	86	99
-1
3	164	150	78
-1
3	602	3	142
-1
1	433	153	67
-1
1	639	27	168
-1
4	148	103	176
-1
1	52	10	170
10	23	7	17	170	
2	39	32	118
32	11	68	2	118	
2	205	35	46
-1
3	972	49	114
-1
4	822	182	152
-1
1	851	170	101
-1
2	992	85	56
-1
4	59	86	160
-1
3	578	118	186
-1
2	953	109	40
-1
2	323	8	49
-1
4	992	60	81
-1
4	637	50	67
-1
2	302	54	67
-1
3	205	177	49
-1
2	706	198	170
-1
2	513	48	6
-1
2	472	192	44
-1
4	410	50	161
-1
2	249	179	21
-1
3	450	132	29
-1
2	730	6	40
-1
3	748	197	89
-1
3	615	185	143
-1
3	615	38	119
-1
2	936	43	69
-1
1	741	148	68
-1
4	984	60	59
-1
4	97	83	60
-1
1	717	44	39
-1
1	697	93	122
-1
3	736	142	127
-1
1	225	23	75
-1
1	719	170	59
-1
2	837	136	96
-1
3	457	150	138
-1
2	725	85	37
-1
4	983	178	48
-1
1	995	161	83
-1
4	633	9	126
-1
1	906	126	170
-1
3	432	174	63
-1
4	258	110	85
-1
4	316	86	7
-1
4	963	4	94
-1
4	53	40	44
40	69	8	44	
3	641	49	80
-1
4	889	173	57
-1
4	323	107	170
-1
2	648	101	178
-1
2	818	85	55
-1
3	280	190	29
-1
4	117	173	90
-1
1	75	30	175
-1
2	768	97	178
-1
4	163	60	169
-1
1	195	64	17
-1
2	603	104	189
-1
2	372	144	48
-1
3	302	66	100
-1
4	108	114	185
-1
4	136	83	126
-1
4	177	114	99
-1
4	751	182	80
-1
3	280	56	177
-1
2	249	176	188
-1
4	817	90	51
-1
1	358	84	106
-1
3	205	87	50
-1
1	704	10	115
-1
2	840	63	180
-1
3	166	171	62
-1
1	816	58	176
-1
2	695	35	157
-1
3	823	137	165
-1
3	810	17	92
-1
1	412	65	181
-1
1	270	33	17
-1
3	919	190	55
-1
2	33	194	16
194	5	84	7	16	
4	613	50	79
-1
4	826	89	49
-1
2	953	6	58
-1
2	110	21	92
-1
1	426	68	29
-1
4	317	90	197
-1
4	649	52	13
-1
4	265	15	45
-1
1	119	84	35
-1
3	935	154	180
-1
1	13	187	29
187	6	71	59	14	29	
3	813	151	118
-1
4	470	128	123
-1
3	514	81	96
-1
3	694	142	163
-1
3	290	167	4
-1
2	254	35	7
-1
4	698	83	174
-1
1	684	148	57
-1
3	64	18	11
18	76	11	
1	892	152	149
-1
2	361	116	51
-1
4	636	80	130
-1
4	531	102	10
-1
3	445	167	151
-1
4	200	60	69
-1
2	607	101	103
-1
3	780	154	138
-1
3	988	3	85
-1
3	150	87	54
-1
4	650	102	158
-1
3	452	145	25
-1
3	382	106	105
-1
1	391	93	158
-1
1	294	23	124
-1
3	514	19	183
-1
3	17	18	35
18	69	40	35	
1	506	24	140
-1
2	542	155	142
-1
4	595	95	180
-1
2	952	196	33
-1
1	977	46	178
-1
3	833	49	35
-1
1	990	30	127
-1
4	313	173	101
-1
3	847	18	119
-1
2	881	131	136
-1
1	20	99	160
99	7	18	3	160	
4	313	4	66
-1
3	445	145	160
-1
1	477	140	108
-1
2	6	43	153
43	62	9	153	
3	40	171	153
-1
3	918	3	183
-1
2	818	192	107
-1
3	536	56	124
-1
4	272	102	54
-1
4	983	182	153
-1
1	448	153	108
-1
3	360	18	53
-1
2	867	62	144
-1
4	971	90	138
-1
2	123	48	109
-1
3	57	39	111
-1
3	163	157	55
-1
3	438	174	110
-1
2	44	62	12
62	9	12	
2	348	133	145
-1
2	855	67	98
-1
3	459	66	115
-1
2	402	25	128
-1
2	340	43	169
-1
4	248	165	16
-1
4	310	40	7
-1
2	164	48	163
-1
2	474	163	88
-1
2	85	200	149
-1
2	581	43	33
-1
3	278	190	99
-1
3	544	197	165
-1
1	823	55	141
-1
4	592	9	136
-1
2	559	100	52
-1
1	765	99	91
-1
2	479	8	91
-1
1	519	172	53
-1
3	67	197	4
-1
1	452	33	199
-1
3	950	13	140
-1
3	66	91	136
-1
3	807	186	143
-1
1	94	161	151
-1
2	545	104	50
-1
2	988	62	148
-1
2	478	179	107
-1
4	882	9	78
-1
2	637	127	26
-1
1	435	146	58
-1
3	975	197	71
-1
2	462	98	113
-1
2	4	164	50
164	37	19	50	
1	354	170	10
-1
4	555	15	113
-1
3	854	159	127
-1
2	561	98	105
-1
2	190	175	65
-1
2	216	8	192
-1
3	73	45	89
-1
4	695	79	85
-1
1	7	5	182
5	69	8	182	
2	257	67	145
-1
3	618	22	66
-1
4	331	128	80
-1
1	657	82	191
-1
2	713	136	88
-1
1	977	96	15
-1
2	320	85	22
-1
4	808	52	18
-1
3	892	125	49
-1
3	226	19	53
-1
4	522	178	71
-1
3	588	186	45
-1
3	219	3	172
-1
2	609	85	5
-1
2	449	141	140
-1
2	863	53	187
-1
4	436	182	24
-1
2	454	53	75
-1
1	702	61	151
-1
2	506	104	170
-1
3	329	81	99
-1
3	173	3	36
3	4	36	
3	744	190	38
-1
4	948	160	123
-1
2	640	121	15
-1
4	378	169	20
-1
1	1	183	153
183	10	23	9	153	
1	428	170	5
-1
2	378	175	65
-1
3	899	28	121
-1
1	997	134	1
-1
2	984	62	3
-1
3	422	186	144
-1
3	696	81	56
-1
1	462	180	176
-1
3	81	19	96
-1
3	585	149	78
-1
2	590	101	199
-1
4	606	128	174
-1
3	526	106	1
-1
4	279	4	86
-1
1	681	153	99
-1
2	377	136	84
-1
2	232	109	164
-1
3	207	156	144
-1
1	454	170	114
-1
1	483	2	14
-1
1	81	187	115
-1
2	54	176	42
-1
2	807	181	99
-1
4	492	107	55
-1
3	791	185	7
-1
3	874	17	94
-1
2	190	193	155
-1
2	685	176	62
-1
1	350	134	31
-1
1	564	187	33
-1
1	678	69	19
-1
3	471	150	146
-1
2	970	155	126
-1
1	424	161	184
-1
2	182	53	120
-1
2	227	43	89
-1
1	981	68	33
-1
2	195	57	9
-1
2	977	141	142
-1
3	409	91	81
-1
2	779	6	149
-1
4	676	83	50
-1
1	2	153	5
153	9	100	7	84	5	
1	337	74	117
-1
2	257	97	169
-1
4	497	78	163
-1
2	729	57	183
-1
2	537	189	39
-1
1	831	183	132
-1
4	711	160	174
-1
2	11	120	131
120	17	21	19	131	
2	813	51	13
-1
1	169	126	117
-1
4	885	79	143
-1
1	806	16	39
-1
1	720	24	69
-1
2	502	120	125
-1
2	693	48	113
-1
3	976	137	48
-1
1	701	119	159
-1
2	431	181	78
-1
1	195	191	80
-1
3	463	3	6
-1
1	205	123	84
-1
2	844	8	51
-1
3	264	13	74
-1
1	340	84	145
-1
3	52	186	193
-1
4	651	78	81
-1
1	409	5	199
-1
1	87	105	179
-1
4	518	135	121
-1
2	323	129	76
-1
1	559	191	198
-1
2	561	196	5
-1
1	235	191	169
-1
2	779	6	53
-1
3	923	145	190
-1
1	555	148	67
-1
4	153	199	71
-1
2	131	7	175
-1
3	204	45	61
-1
2	479	163	189
-1
1	476	37	131
-1
3	433	147	78
-1
2	801	108	20
-1
4	5	94	25
94	12	2	25	
1	194	24	121
-1
3	412	147	69
-1
2	282	53	19
-1
2	208	6	25
-1
4	620	88	22
-1
3	360	91	136
-1
4	243	169	124
-1
3	120	197	71
-1
3	892	29	130
-1
2	468	181	23
-1
3	189	186	46
-1
2	809	179	144
-1
1	627	191	197
-1
1	403	24	2
-1
3	224	184	41
-1
2	311	155	132
-1
1	635	115	52
-1
3	457	157	48
-1
3	986	28	76
-1
1	808	119	57
-1
1	405	187	194
-1
2	349	127	172
-1
3	545	87	114
-1
4	498	113	90
-1
2	690	67	25
-1
2	621	43	179
-1
1	473	153	93
-1
3	72	139	49
139	13	55	49	
4	148	195	29
-1
1	556	180	147
-1
3	949	139	85
-1
2	872	144	163
-1
4	738	92	49
-1
1	827	188	113
-1
1	51	37	180
37	19	180	
1	29	126	22
126	11	38	36	14	22	
1	474	99	174
-1
1	274	123	113
-1
2	902	194	59
-1
2	601	141	39
-1
2	485	48	177
-1
1	800	148	120
-1
1	648	20	163
-1
2	713	109	150
-1
4	692	135	138
-1
3	513	137	64
-1
3	838	117	114
-1
3	302	190	36
-1
1	361	16	29
-1
3	999	117	122
-1
3	727	117	169
-1
3	599	154	69
-1
1	961	153	88
-1
1	63	152	148
-1
1	400	64	82
-1
4	15	107	170
107	17	170	
3	528	19	38
-1
4	763	9	28
-1
4	144	110	195
-1
1	465	70	63
-1
1	985	20	132
-1
3	653	147	85
-1
2	692	97	189
-1
2	839	57	92
-1
1	272	119	108
-1
4	41	71	14
71	59	14	
2	879	85	185
-1
4	258	165	193
-1
4	452	79	102
-1
3	66	22	124
-1
4	997	86	143
-1
4	81	71	41
-1
1	821	123	137
-1
3	513	167	146
-1
1	572	5	64
-1
2	985	77	86
-1
1	969	69	171
-1
1	713	99	87
-1
3	815	156	165
-1
3	690	159	187
-1
2	984	25	72
-1
2	425	21	94
-1
2	313	54	169
-1
1	258	26	135
-1
4	674	90	139
-1
1	959	61	167
-1
2	481	198	36
-1
1	767	166	134
-1
4	284	79	42
-1
3	470	45	152
-1
1	141	134	128
-1
1	987	69	149
-1
1	955	93	154
-1
4	89	158	179
-1
3	579	167	21
-1
2	346	192	81
-1
4	133	103	78
-1
4	818	135	196
-1
2	11	54	26
54	17	56	28	81	26	
3	163	137	22
-1
2	690	6	107
-1
2	590	98	175
-1
1	295	84	20
-1
3	626	38	177
-1
4	446	78	95
-1
2	326	57	87
-1
3	956	154	189
-1
3	951	38	123
-1
2	376	7	128
-1
3	397	18	64
-1
3	55	132	69
-1
4	629	173	167
-1
1	248	115	2
-1
4	224	9	192
-1
4	519	34	69
-1
4	157	79	77
79	15	77	
3	97	157	182
-1
1	171	112	171
-1
3	499	14	178
-1
2	362	141	147
-1
4	231	89	30
-1
1	949	143	2
-1
3	150	171	116
-1
3	493	19	125
-1
2	362	194	110
-1
1	390	64	141
-1
1	572	20	97
-1
2	742	116	160
-1
3	71	87	125
-1
3	569	185	65
-1
2	398	98	153
-1
4	952	128	95
-1
3	467	28	17
-1
2	943	130	35
-1
3	653	22	181
-1
4	745	135	44
-1
3	841	125	16
-1
1	952	96	131
-1
2	676	189	169
-1
2	92	12	105
-1
3	244	132	3
-1
2	890	130	82
-1
3	658	81	110
-1
1	445	99	39
-1
1	825	42	12
-1
1	668	46	147
-1
3	483	190	71
-1
4	366	182	118
-1
2	134	85	58
-1
1	639	112	69
-1
3	593	3	1
-1
1	874	46	82
-1
3	783	87	114
-1
2	173	144	12
-1
1	185	188	5
-1
2	883	164	50
-1
2	953	32	191
-1
3	22	66	124
66	4	3	124	
1	479	183	8
-1
1	100	69	119
-1
1	452	59	73
-1
2	933	51	118
-1
2	846	124	156
-1
4	9	107	52
107	17	70	2	52	
1	14	31	39
31	51	20	82	14	36	4	39	
4	215	15	3
-1
3	358	49	186
-1
4	281	1	3
-1
3	641	22	138
-1
2	111	53	6
-1
1	784	152	64
-1
3	253	3	114
-1
3	761	87	37
-1
1	612	84	95
-1
4	602	92	126
-1
2	556	57	92
-1
1	493	24	141
-1
2	896	181	93
-1
3	185	13	67
-1
1	790	5	119
-1
2	405	116	70
-1
2	918	51	24
-1
1	906	55	110
-1
4	153	15	145
-1
1	830	26	188
-1
1	473	180	197
-1
4	965	135	20
-1
3	258	28	152
-1
3	724	75	164
-1
1	842	59	121
-1
2	63	48	188
-1
4	838	4	38
-1
2	99	121	92
-1
4	43	178	59
178	17	70	59	
1	382	82	36
-1
2	778	63	15
-1
2	797	136	150
-1
2	500	100	177
-1
3	816	157	3
-1
2	736	32	61
-1
2	723	25	60
-1
3	912	39	63
-1
3	555	76	135
-1
3	413	174	64
-1
3	449	168	146
-1
3	263	150	8
-1
2	764	127	143
-1
3	92	76	195
76	18	195	
2	494	127	151
-1
3	154	142	135
-1
2	213	77	159
-1
3	75	151	198
-1
2	9	62	25
62	9	53	2	25	
3	625	17	199
-1
3	370	29	118
-1
3	129	29	19
29	19	
1	672	44	146
-1
2	18	7	173
7	100	9	92	6	173	
2	368	100	99
-1
2	854	144	41
-1
2	613	98	69
-1
2	762	62	172
-1
4	786	89	33
-1
3	136	49	1
49	59	14	1	
1	854	73	182
-1
2	672	194	10
-1
1	369	123	5
-1
1	93	146	12
-1
2	344	163	62
-1
1	936	82	5
-1
2	604	136	54
-1
1	775	148	68
-1
1	360	61	108
-1
1	560	46	156
-1
4	493	182	181
-1
1	255	187	174
-1
1	459	10	96
-1
2	222	131	41
-1
1	283	23	3
-1
1	840	166	85
-1
2	45	101	20
-1
2	464	57	119
-1
1	171	183	179
-1
4	527	94	176
-1
2	507	6	109
-1
2	480	98	95
-1
1	928	152	57
-1
2	168	163	187
-1
3	923	184	161
-1
3	559	19	79
-1
1	930	58	179
-1
2	1000	54	187
-1
3	178	118	122
-1
4	305	88	167
-1
1	814	166	172
-1
1	260	24	22
-1
3	316	56	125
-1
1	54	183	87
-1
4	215	102	71
102	6	71	
2	493	176	89
-1
1	823	134	98
-1
2	162	63	103
-1
2	635	62	20
-1
1	601	191	60
-1
1	325	96	25
-1
1	946	61	49
-1
2	422	120	104
-1
1	509	188	38
-1
3	131	41	139
-1
2	571	7	115
-1
2	20	51	200
51	7	17	200	
1	522	74	15
-1
1	894	187	76
-1
2	953	21	19
-1
2	929	21	66
-1
3	329	145	126
-1
1	984	42	45
-1
1	173	64	184
-1
2	712	124	25
-1
2	578	6	183
-1
4	329	128	34
-1
3	543	147	107
-1
1	571	20	93
-1
3	589	66	65
-1
4	254	169	85
-1
4	379	50	182
-1
4	575	178	175
-1
4	159	114	38
-1
4	535	86	113
-1
3	917	149	70
-1
4	150	78	197
-1
2	408	7	95
-1
3	852	149	115
-1
1	116	119	131
-1
1	153	59	100
-1
1	934	112	149
-1
1	460	42	78
-1
3	450	17	191
-1
2	762	127	77
-1
1	232	61	25
-1
3	428	177	103
-1
4	75	79	109
-1
4	341	86	9
-1
3	471	138	80
-1
1	122	5	138
-1
3	870	157	2
-1
1	748	42	43
-1
4	90	102	11
-1
3	366	151	137
-1
1	343	64	197
-1
4	245	95	126
-1
3	105	75	4
-1
3	465	149	41
-1
4	544	89	130
-1
3	282	159	135
-1
3	635	81	91
-1
4	277	102	85
-1
4	488	1	186
-1
3	776	91	88
-1
2	325	8	151
-1
3	50	150	46
-1
1	805	146	72
-1
1	645	2	20
-1
2	775	67	60
-1
1	661	10	170
-1
2	103	43	2
-1
2	387	77	104
-1
3	972	106	56
-1
3	659	145	98
-1
2	562	120	106
-1
1	207	44	7
-1
3	78	45	153
-1
3	249	49	154
-1
1	708	46	172
-1
1	629	20	182
-1
2	431	32	176
-1
1	686	134	5
-1
2	141	121	110
-1
1	239	44	54
-1
1	696	55	125
-1
1	502	16	169
-1
3	254	174	165
-1
3	760	3	14
-1
2	131	51	59
-1
4	264	110	30
-1
4	440	90	61
-1
2	996	120	194
-1
1	505	5	66
-1
2	510	98	62
-1
2	434	136	116
-1
1	954	183	83
-1
1	119	84	56
84	7	17	56	
4	84	90	10
90	11	10	
3	142	49	12
-1
2	123	131	121
-1
3	983	147	162
-1
3	528	186	82
-1
2	146	133	38
-1
1	807	37	135
-1
2	874	98	22
-1
2	556	131	156
-1
1	763	37	40
-1
4	572	107	129
-1
3	583	190	129
-1
4	855	83	59
-1
2	16	6	5
6	44	8	69	5	
3	849	139	142
-1
3	687	66	74
-1
2	373	163	62
-1
4	147	169	159
-1
2	702	194	42
-1
3	893	149	78
-1
2	621	63	184
-1
4	349	34	125
-1
1	560	16	7
16	7	
3	164	22	11
-1
3	658	38	149
-1
4	331	86	166
-1
2	745	124	129
-1
4	703	50	49
-1
3	696	147	195
-1
2	973	48	143
-1
2	708	141	158
-1
4	632	113	191
-1
2	238	62	159
-1
2	1000	21	180
-1
2	548	136	169
-1
2	466	193	7
-1
3	546	76	82
-1
1	946	172	130
-1
1	540	74	76
-1
1	883	170	76
-1
4	440	94	168
-1
3	782	154	32
-1
3	140	185	93
-1
2	72	175	65
-1
3	592	174	153
-1
3	198	122	97
-1
1	280	187	172
-1
1	561	84	143
-1
3	189	29	169
-1
4	216	169	90
-1
3	535	3	135
-1
2	766	194	88
-1
2	611	175	73
-1
2	275	67	199
-1
4	979	90	172
-1
3	676	81	93
-1
2	399	32	31
-1
2	894	62	114
-1
3	214	22	143
-1
4	703	162	63
-1
3	389	177	65
-1
2	277	63	58
-1
3	701	29	32
-1
3	899	39	50
-1
1	870	65	139
-1
1	515	44	172
-1
1	297	119	2
-1
3	763	117	63
-1
4	505	162	36
-1
2	119	175	150
-1
2	783	77	78
-1
3	640	18	141
-1
4	823	94	169
-1
2	825	194	7
-1
1	363	44	71
-1
4	86	113	66
-1
2	487	179	184
-1
3	901	76	53
-1
3	889	38	14
-1
4	638	94	189
-1
2	715	12	17
-1
1	7	146	34
146	3	18	7	23	34	
3	575	185	79
-1
3	733	159	24
-1
1	756	183	67
-1
2	621	98	132
-1
1	357	183	62
-1
1	9	70	137
70	2	4	3	137	
3	174	122	126
-1
1	714	10	19
-1
4	331	199	182
-1
4	116	114	127
-1
3	347	72	63
-1
2	370	47	22
-1
2	789	131	4
-1
4	120	86	101
-1
4	581	107	84
-1
4	470	15	105
-1
1	195	23	26
-1
1	966	148	36
-1
2	547	62	186
-1
2	426	144	99
-1
2	888	11	171
-1
3	109	157	169
-1
2	265	127	99
-1
1	717	115	137
-1
3	200	186	195
-1
3	256	118	9
-1
3	82	139	183
-1
1	269	134	130
-1
2	454	51	191
-1
3	705	149	86
-1
3	27	174	97
174	79	15	10	97	
2	347	62	53
-1
3	397	122	131
-1
3	933	186	45
-1
1	927	55	182
-1
2	735	54	52
-1
2	69	62	190
-1
4	399	95	75
-1
1	141	115	125
-1
2	627	120	74
-1
1	675	24	47
-1
1	927	2	60
-1
1	810	148	134
-1
3	54	145	71
145	8	44	6	71	
3	188	29	125
-1
3	439	156	131
-1
1	628	42	192
-1
1	303	111	86
-1
1	779	61	200
-1
4	252	1	119
-1
2	851	179	95
-1
2	462	53	96
-1
3	195	132	196
-1
2	666	141	92
-1
1	942	146	120
-1
2	872	85	27
-1
1	63	123	69
123	3	18	69	
4	300	103	131
-1
1	499	5	191
-1
1	170	183	191
-1
1	16	187	122
187	6	92	9	100	7	122	
2	63	189	126
-1
4	658	50	57
-1
3	901	45	149
-1
2	373	62	47
-1
3	999	3	131
-1
1	219	27	6
-1
4	749	89	108
-1
2	339	189	64
-1
3	482	39	198
-1
4	155	160	184
-1
2	680	175	172
-1
3	689	38	174
-1
2	637	47	170
-1
1	635	148	183
-1
2	166	120	185
-1
1	371	70	11
-1
4	230	89	52
-1
1	693	37	192
-1
4	890	128	182
-1
4	426	9	142
-1
2	149	163	68
-1
2	874	194	57
-1
1	443	82	104
-1
4	225	71	3
-1
1	162	105	74
-1
3	124	22	143
-1
2	175	192	31
-1
4	318	173	68
-1
1	700	65	195
-1
4	193	107	155
-1
1	812	84	69
-1
3	269	184	14
-1
1	572	58	96
-1
2	974	100	166
-1
2	847	77	22
-1
3	541	38	44
-1
1	572	161	187
-1
2	391	136	160
-1
1	985	5	24
-1
2	891	104	82
-1
2	911	48	117
-1
4	724	60	101
-1
4	371	128	158
-1
2	136	51	9
-1
2	358	176	85
-1
3	201	174	122
-1
4	387	114	35
-1
2	498	85	122
-1
3	522	75	126
-1
2	755	11	182
-1
2	272	53	29
-1
2	924	163	40
-1
3	881	39	167
-1
4	641	9	17
-1
2	78	97	192
-1
2	999	6	165
-1
4	233	158	79
-1
2	306	144	115
-1
2	832	194	190
-1
1	213	115	152
-1
2	993	21	5
-1
1	633	44	119
-1
3	751	167	157
-1
4	568	199	118
-1
4	111	40	14
-1
3	228	117	19
-1
2	458	67	176
-1
4	724	52	71
-1
3	713	157	64
-1
1	817	140	130
-1
1	221	152	103
-1
3	539	145	146
-1
2	848	129	113
-1
4	165	79	111
-1
2	330	198	102
-1
2	348	109	18
-1
4	475	88	37
-1
2	745	97	40
-1
1	361	20	196
-1
2	842	85	136
-1
2	944	101	39
-1
2	290	121	135
-1
2	802	11	63
-1
1	64	10	142
-1
3	366	174	139
-1
4	135	103	199
-1
1	371	2	38
-1
3	10	76	134
76	17	56	4	134	
4	358	173	106
-1
2	245	133	190
-1
3	883	174	42
-1
1	618	70	162
-1
3	432	159	124
-1
1	725	112	134
-1
2	416	175	59
-1
1	966	140	114
-1
3	604	75	115
-1
3	489	197	143
-1
3	994	159	67
-1
2	535	116	151
-1
4	576	160	76
-1
2	689	194	145
-1
2	765	163	103
-1
4	650	195	14
-1
1	508	119	189
-1
1	373	134	80
-1
2	240	100	154
-1
1	582	55	103
-1
4	200	95	61
-1
3	750	41	176
-1
2	425	175	87
-1
4	170	103	80
-1
1	624	143	43
-1
4	238	107	189
-1
3	778	156	59
-1
1	257	64	193
-1
1	163	188	44
-1
1	865	27	50
-1
4	725	160	144
-1
3	452	159	184
-1
2	290	108	159
-1
2	769	133	13
-1
2	563	54	155
-1
2	103	77	62
77	15	41	9	62	
3	762	66	17
-1
2	306	43	32
-1
4	349	52	172
-1
