3	146	132	185
-1
4	670	142	11
-1
2	366	141	1
-1
4	567	127	101
-1
1	228	175	36
-1
3	538	188	143
-1
1	169	84	133
-1
4	642	66	30
-1
3	265	164	32
-1
2	771	123	150
-1
2	708	150	82
-1
3	718	95	23
-1
4	918	117	116
-1
1	18	82	194
82	10	26	12	94	44	68	194	
4	206	48	169
-1
3	948	27	156
-1
3	633	165	192
-1
4	462	85	57
-1
1	646	79	172
-1
2	395	143	46
-1
4	828	66	196
-1
3	203	173	90
-1
3	318	90	6
-1
1	511	160	87
-1
1	631	129	86
-1
3	787	86	65
-1
1	978	186	181
-1
4	386	18	65
-1
3	710	31	143
-1
2	155	76	38
-1
4	102	23	103
23	5	103	
2	992	50	27
-1
3	549	52	68
-1
4	787	121	27
-1
1	272	184	108
-1
3	288	14	193
-1
3	668	152	130
-1
2	933	81	147
-1
2	427	67	178
-1
4	64	128	5
-1
1	318	82	27
-1
3	544	136	29
-1
1	812	79	32
-1
3	390	27	105
-1
1	297	13	88
-1
3	442	36	53
-1
2	771	76	5
-1
2	918	143	85
-1
1	47	75	103
75	6	41	5	103	
4	451	54	30
-1
4	230	117	64
-1
4	858	187	199
-1
2	889	130	77
-1
2	993	141	55
-1
3	32	131	19
131	1	61	14	27	13	19	
4	285	179	6
-1
2	241	20	81
-1
2	877	143	24
-1
1	932	60	50
-1
1	761	58	103
-1
1	576	60	172
-1
3	774	89	158
-1
3	402	146	39
-1
4	656	187	132
-1
3	674	131	14
-1
3	80	163	192
-1
3	160	199	164
-1
3	583	191	106
-1
2	985	67	117
-1
3	87	198	174
-1
2	10	111	185
111	18	94	16	185	
3	719	86	74
-1
2	758	12	171
-1
1	289	13	109
13	109	
1	702	69	40
-1
4	645	94	154
-1
1	560	125	152
-1
4	865	85	94
-1
1	533	19	160
-1
2	258	3	110
-1
3	843	42	20
-1
2	516	3	57
-1
2	838	122	68
-1
3	347	31	33
-1
1	386	119	53
-1
4	691	172	146
-1
3	842	168	71
-1
4	487	128	107
-1
2	446	144	77
-1
2	707	77	80
-1
3	678	86	73
-1
4	287	128	75
-1
2	954	195	148
-1
3	138	33	178
-1
3	790	131	48
-1
4	288	116	171
-1
1	710	6	139
-1
3	216	199	18
-1
4	92	85	113
-1
1	323	82	141
-1
2	347	141	27
-1
4	822	18	106
-1
1	169	56	101
-1
4	499	10	85
-1
2	746	99	15
-1
3	317	89	82
-1
4	207	128	39
-1
1	976	37	189
-1
4	488	4	25
-1
1	629	47	58
-1
3	655	170	198
-1
2	112	68	168
-1
3	812	89	23
-1
4	648	10	184
-1
4	614	108	83
-1
1	95	5	123
-1
4	485	121	2
-1
1	273	79	38
-1
4	297	54	193
-1
4	355	142	39
-1
2	152	122	160
-1
4	71	128	28
-1
2	694	39	68
-1
2	29	3	29
3	79	14	29	
2	511	50	136
-1
1	985	16	93
-1
1	386	110	165
-1
2	775	147	44
-1
1	367	19	49
-1
4	958	116	142
-1
2	869	22	63
-1
1	96	125	142
125	4	12	142	
4	516	196	181
-1
1	944	41	183
-1
1	232	69	184
-1
3	124	132	199
-1
2	640	68	61
-1
4	283	54	7
-1
3	732	28	25
-1
2	825	147	92
-1
4	488	104	65
-1
4	429	124	190
-1
4	761	172	137
-1
1	943	87	177
-1
3	679	182	197
-1
3	877	165	80
-1
1	337	40	148
-1
3	895	80	153
-1
1	120	162	132
-1
1	363	45	78
-1
3	628	70	133
-1
4	769	109	57
-1
3	505	89	28
-1
2	233	50	66
-1
2	981	144	47
-1
4	261	174	12
-1
3	760	52	51
-1
3	512	139	130
-1
1	995	34	44
-1
3	225	105	40
-1
1	157	19	61
-1
3	365	198	169
-1
1	944	166	10
-1
3	761	70	59
-1
4	760	102	154
-1
2	523	35	128
-1
1	525	47	130
-1
1	55	6	20
6	30	73	20	
1	450	69	5
-1
3	441	63	61
-1
1	502	87	80
-1
4	470	196	77
-1
2	831	112	43
-1
3	641	8	64
-1
3	195	168	118
-1
1	874	79	152
-1
3	203	1	198
-1
1	574	126	3
-1
3	179	132	23
-1
3	839	181	37
-1
2	918	21	124
-1
2	747	122	71
-1
2	741	144	134
-1
1	404	126	141
-1
1	321	167	61
-1
1	824	113	139
-1
1	821	186	140
-1
1	775	140	17
-1
1	197	113	148
-1
2	786	91	128
-1
1	61	82	100
82	8	1	100	
3	531	151	174
-1
4	616	97	69
-1
1	557	37	194
-1
2	169	193	112
-1
2	859	65	24
-1
3	150	89	9
-1
4	566	109	100
-1
3	513	36	165
-1
1	792	184	55
-1
2	844	169	88
-1
4	817	29	39
-1
2	237	111	135
-1
4	582	127	124
-1
2	494	35	116
-1
2	517	3	180
-1
2	878	61	68
-1
3	777	163	129
-1
4	141	128	164
-1
1	148	41	99
-1
3	635	32	68
-1
1	225	75	96
-1
3	960	43	159
-1
3	635	31	85
-1
1	950	13	119
-1
1	281	58	73
-1
4	101	174	85
-1
2	581	3	47
-1
3	496	132	175
-1
1	394	24	167
-1
2	61	123	198
-1
2	909	158	25
-1
3	467	182	19
-1
4	703	93	50
-1
4	173	127	14
-1
3	45	28	71
28	12	18	86	71	
2	529	61	196
-1
3	128	161	151
-1
2	54	141	82
-1
3	820	188	105
-1
3	569	181	28
-1
1	145	194	137
-1
4	364	54	70
-1
1	165	72	115
-1
4	130	174	193
-1
3	752	146	21
-1
4	899	142	81
-1
2	449	22	193
-1
4	530	149	85
-1
2	987	2	72
-1
3	966	173	4
-1
4	454	142	197
-1
3	675	86	50
-1
3	589	1	73
-1
3	182	165	46
-1
4	754	94	143
-1
1	586	197	84
-1
1	778	96	58
-1
2	262	144	6
-1
2	885	26	160
-1
3	688	164	132
-1
1	437	129	25
-1
2	38	134	111
134	6	67	12	18	111	
3	311	8	111
-1
1	308	197	28
-1
2	203	130	73
-1
2	38	35	70
35	4	53	70	
2	695	20	165
-1
4	653	149	108
-1
1	612	162	133
-1
2	95	46	96
-1
4	320	85	176
-1
4	430	121	109
-1
3	492	159	69
-1
2	319	21	65
-1
4	392	128	146
-1
2	813	130	180
-1
3	777	168	151
-1
2	84	62	99
-1
4	969	66	60
-1
2	416	77	105
-1
4	744	124	141
-1
3	404	43	62
-1
1	72	24	20
-1
2	688	67	40
-1
1	433	186	119
-1
1	764	129	49
-1
2	914	141	168
-1
1	364	69	181
-1
4	23	104	47
104	19	13	35	20	9	47	
1	479	72	75
-1
1	420	40	198
-1
4	633	183	40
-1
2	452	138	15
-1
4	243	10	82
-1
4	313	97	19
-1
1	513	82	99
-1
1	880	45	191
-1
2	813	111	59
-1
2	611	26	114
-1
2	885	49	186
-1
1	83	79	177
-1
2	874	50	111
-1
1	41	82	48
-1
4	74	85	57
-1
1	292	79	154
-1
4	142	192	187
-1
4	732	104	183
-1
3	542	136	45
-1
1	655	148	71
-1
2	392	158	71
-1
1	520	194	149
-1
2	430	76	199
-1
4	878	102	80
-1
4	286	94	117
-1
1	991	167	195
-1
1	777	58	186
-1
3	760	151	90
-1
1	204	34	177
-1
4	474	127	124
-1
1	944	133	33
-1
1	445	125	26
-1
1	395	44	54
-1
2	426	26	107
-1
3	342	55	200
-1
1	737	140	166
-1
3	922	131	175
-1
3	763	59	125
-1
3	139	170	110
-1
4	214	174	36
-1
3	246	199	168
-1
3	824	95	44
-1
2	29	91	88
91	7	10	88	
4	735	85	65
-1
1	686	110	119
-1
3	603	52	58
-1
3	777	188	140
-1
2	53	61	199
61	14	27	6	199	
1	162	24	120
-1
1	349	162	93
-1
4	916	176	44
-1
3	960	173	90
-1
1	999	148	180
-1
4	463	176	16
-1
2	933	62	125
-1
2	990	147	128
-1
4	682	149	67
-1
2	432	77	128
-1
2	351	81	151
-1
1	996	194	64
-1
4	191	142	191
-1
4	880	10	116
-1
2	211	169	63
-1
1	226	119	191
-1
3	702	181	52
-1
1	982	113	199
-1
4	448	54	99
-1
1	375	87	128
-1
2	877	118	8
-1
2	93	21	2
-1
1	883	16	95
-1
1	550	6	104
-1
1	213	37	24
-1
3	603	199	142
-1
4	806	176	74
-1
4	804	29	138
-1
4	255	10	192
-1
1	582	58	78
-1
1	541	184	148
-1
2	294	61	168
-1
3	541	153	135
-1
4	844	187	92
-1
1	868	137	128
-1
3	961	101	126
-1
3	235	55	53
-1
1	972	60	81
-1
1	515	16	91
-1
2	545	22	100
-1
2	492	155	83
-1
3	411	95	143
-1
2	945	141	47
-1
2	636	81	186
-1
2	715	76	74
-1
2	392	143	174
-1
1	244	56	28
-1
3	324	90	39
-1
2	966	61	54
-1
4	265	128	27
-1
1	948	72	181
-1
3	242	163	76
-1
3	241	173	168
-1
1	826	69	48
-1
4	899	104	123
-1
3	24	170	18
170	1	76	4	54	18	
3	803	161	73
-1
3	41	156	114
-1
1	247	79	126
-1
1	673	197	53
-1
2	254	61	124
-1
3	881	8	38
-1
2	848	2	162
-1
3	47	42	30
42	14	27	6	30	
2	321	67	85
-1
4	890	117	54
-1
1	714	140	166
-1
4	27	142	121
-1
3	505	182	152
-1
1	957	180	148
-1
3	633	53	8
-1
1	670	58	168
-1
3	832	90	169
-1
1	61	137	10
137	14	27	6	29	10	
2	698	135	28
-1
3	751	55	144
-1
2	669	145	83
-1
1	989	58	24
-1
1	92	37	157
-1
2	239	141	137
-1
4	399	97	141
-1
1	166	129	198
-1
3	134	151	39
-1
3	895	182	127
-1
1	922	194	61
-1
2	465	91	67
-1
1	899	194	11
-1
2	322	62	21
-1
2	830	2	9
-1
4	966	94	149
-1
3	458	132	197
-1
2	207	130	78
-1
1	445	47	28
-1
3	371	132	161
-1
2	31	26	154
-1
2	450	99	45
-1
2	812	115	190
-1
1	832	13	51
-1
3	240	86	4
-1
4	540	116	97
-1
3	337	33	181
-1
3	614	43	62
-1
2	393	49	109
-1
4	153	94	192
-1
1	306	16	18
-1
3	902	199	68
-1
4	691	48	135
-1
3	693	59	147
-1
3	897	43	185
-1
1	745	34	52
-1
4	125	174	36
-1
1	787	110	78
-1
1	247	75	127
-1
2	990	67	172
-1
1	559	19	187
-1
4	227	124	137
-1
2	161	178	184
-1
2	259	68	195
-1
1	843	113	37
-1
1	446	9	70
-1
3	682	153	43
-1
1	359	30	104
-1
3	37	168	178
168	15	90	64	11	178	
1	808	166	196
-1
2	747	155	14
-1
2	883	114	90
-1
1	19	140	67
140	3	12	67	
3	613	52	86
-1
1	201	110	150
-1
3	670	105	158
-1
2	265	150	63
-1
3	320	31	92
-1
4	450	142	11
-1
2	45	178	176
-1
2	611	138	130
-1
3	100	36	43
-1
3	118	70	134
-1
1	355	88	185
-1
3	505	52	47
-1
3	814	52	151
-1
4	676	74	52
-1
2	919	138	35
-1
2	329	57	176
-1
4	504	106	105
-1
4	786	103	42
-1
1	28	113	77
113	8	82	10	7	77	
2	514	12	99
-1
2	698	81	186
-1
4	896	187	190
-1
2	246	91	41
-1
2	898	57	114
-1
1	532	84	3
-1
2	859	3	60
-1
1	563	83	117
-1
3	805	139	19
-1
4	33	124	131
124	12	4	76	1	131	
4	483	103	94
-1
1	469	16	126
-1
4	658	66	65
-1
3	250	161	107
-1
4	916	7	163
-1
1	918	56	47
-1
3	577	139	1
-1
1	46	197	83
-1
2	16	111	21
111	18	54	4	76	21	
2	99	67	144
-1
3	744	52	47
-1
2	422	134	62
-1
2	486	2	79
-1
2	792	11	40
-1
1	155	13	198
13	198	
4	601	128	53
-1
