4	854	154	191
-1
1	906	43	97
-1
3	934	190	73
-1
4	395	108	19
-1
1	587	78	44
-1
4	980	154	117
-1
1	883	93	68
-1
3	75	141	29
-1
2	976	116	124
-1
2	973	146	35
-1
3	915	106	140
-1
4	211	111	135
-1
2	436	16	124
-1
1	54	101	183
-1
3	897	95	61
-1
3	813	33	14
-1
4	632	12	58
-1
3	60	95	150
95	14	6	11	150	
4	135	121	17
-1
2	322	96	162
-1
1	13	21	67
21	4	27	19	20	1	92	67	
1	747	87	178
-1
1	622	50	145
-1
3	157	85	46
-1
1	217	138	92
-1
3	382	186	125
-1
2	591	150	88
-1
4	92	181	182
-1
4	908	192	54
-1
2	269	127	102
-1
3	288	48	74
-1
4	465	12	160
-1
4	761	111	9
-1
4	758	132	45
-1
1	850	88	134
-1
1	326	56	119
-1
1	813	189	68
-1
4	547	179	200
-1
2	952	70	192
-1
4	5	129	70
129	3	82	10	18	70	
2	678	198	69
-1
3	590	85	80
-1
1	950	101	190
-1
1	195	61	74
-1
3	728	19	113
-1
4	447	20	121
-1
4	866	97	109
-1
1	618	61	40
-1
2	409	7	61
-1
4	430	111	190
-1
1	298	115	139
-1
3	729	193	175
-1
2	119	182	75
-1
1	144	131	87
-1
1	256	77	57
-1
1	728	5	28
-1
3	237	3	76
-1
4	428	20	137
-1
3	688	37	95
-1
1	277	45	5
-1
1	167	74	120
-1
2	941	123	64
-1
1	767	52	197
-1
4	406	122	79
-1
1	262	65	156
-1
2	242	72	112
-1
2	317	200	114
-1
4	5	188	133
188	12	10	18	133	
4	500	15	122
-1
4	456	102	166
-1
1	527	131	192
-1
4	390	97	66
-1
3	338	38	117
-1
3	617	4	190
-1
4	124	9	6
9	6	
4	587	23	78
-1
2	452	16	29
-1
1	584	84	16
-1
1	657	89	30
-1
2	23	140	83
140	2	4	83	
2	166	195	13
-1
4	383	122	110
-1
1	52	63	147
-1
3	641	1	102
-1
3	647	169	63
-1
2	676	44	37
-1
2	104	30	4
30	6	2	4	
2	519	81	87
-1
2	700	16	127
-1
2	982	73	66
-1
3	995	47	61
-1
3	256	164	182
-1
2	354	146	44
-1
4	55	197	196
-1
3	469	190	164
-1
3	857	36	159
-1
4	460	111	188
-1
3	947	166	68
-1
3	673	85	84
-1
2	139	135	108
-1
2	151	116	154
-1
3	884	110	117
-1
1	79	165	62
-1
2	75	70	11
70	18	10	11	
3	190	125	200
125	2	200	
1	549	145	35
-1
2	736	2	97
-1
1	556	61	62
-1
1	591	159	97
-1
3	498	32	31
-1
4	651	122	98
-1
1	919	24	160
-1
4	332	107	76
-1
1	942	185	146
-1
1	741	11	70
-1
3	727	1	166
-1
1	575	101	167
-1
3	388	36	28
-1
2	684	143	138
-1
4	866	133	169
-1
2	564	30	42
-1
3	123	32	65
-1
2	150	150	171
-1
2	295	82	108
-1
4	316	23	118
-1
2	682	116	118
-1
2	248	194	18
-1
3	827	169	6
-1
3	365	156	148
-1
4	885	192	33
-1
3	879	57	62
-1
1	143	172	46
-1
1	266	46	195
-1
3	973	196	28
-1
4	690	90	3
-1
3	960	6	118
-1
1	329	87	111
-1
2	886	86	31
-1
1	186	65	187
-1
4	818	181	178
-1
1	631	65	186
-1
2	276	143	110
-1
3	23	38	155
38	18	8	155	
1	850	103	102
-1
2	52	27	192
27	19	73	9	192	
3	721	68	149
-1
2	584	27	187
-1
4	214	108	72
-1
3	352	193	88
-1
1	681	130	68
-1
4	67	147	133
147	20	87	18	133	
3	128	178	27
-1
1	282	5	64
-1
2	736	27	118
-1
1	79	29	144
-1
3	627	32	12
-1
4	413	105	190
-1
1	36	88	97
-1
4	676	53	42
-1
1	343	5	171
-1
3	275	85	118
-1
1	54	103	47
-1
2	117	30	51
30	6	9	51	
3	787	64	30
-1
1	330	199	58
-1
1	141	77	89
-1
2	531	55	193
-1
3	179	19	32
-1
3	620	6	85
-1
2	743	81	41
-1
1	660	24	77
-1
1	58	50	132
-1
1	860	103	161
-1
1	89	172	176
-1
3	946	158	174
-1
1	187	39	2
-1
4	531	132	56
-1
1	563	14	74
-1
4	199	192	80
-1
3	791	164	160
-1
3	667	106	183
-1
2	598	117	185
-1
2	711	174	87
-1
1	286	185	10
-1
1	412	74	119
-1
1	813	171	158
-1
4	469	109	89
-1
2	494	40	102
-1
4	925	154	45
-1
2	85	152	160
-1
3	19	94	65
94	2	7	76	5	65	
2	3	160	133
160	9	6	11	10	18	133	
3	442	110	58
-1
4	803	20	43
-1
3	522	57	116
-1
3	631	68	38
-1
3	919	33	147
-1
4	972	53	186
-1
2	968	146	91
-1
4	528	71	42
-1
4	744	107	87
-1
1	277	77	46
-1
1	886	80	107
-1
2	728	73	78
-1
3	595	75	87
-1
2	433	148	154
-1
3	131	178	138
-1
3	516	48	190
-1
1	206	171	88
-1
2	399	139	110
-1
1	885	18	16
-1
4	682	113	92
-1
3	741	141	123
-1
2	418	27	147
-1
3	56	106	22
106	8	22	
1	10	101	169
101	2	7	76	5	169	
3	499	85	99
-1
4	289	15	146
-1
2	928	82	117
-1
1	637	39	7
-1
1	204	189	176
-1
2	647	25	88
-1
3	970	58	29
-1
2	668	198	55
-1
3	489	168	112
-1
4	10	23	12
23	49	15	12	
4	508	184	48
-1
1	605	83	14
-1
2	921	123	95
-1
2	479	2	85
-1
3	454	38	73
-1
3	942	193	97
-1
1	922	39	155
-1
2	928	160	152
-1
4	39	28	71
28	11	85	8	71	
3	203	68	94
-1
2	850	30	29
-1
3	816	136	111
-1
1	910	93	185
-1
1	747	165	186
-1
2	19	44	175
44	2	81	3	175	
1	316	49	167
-1
1	22	142	158
142	3	81	2	6	14	158	
1	525	63	69
-1
1	596	142	96
-1
4	641	181	116
-1
2	669	183	144
-1
4	532	184	32
-1
1	868	199	124
-1
1	254	61	40
-1
2	28	7	83
7	2	4	83	
2	747	25	132
-1
1	704	92	25
-1
1	924	65	88
-1
3	372	190	29
-1
3	887	137	161
-1
4	182	177	143
-1
4	765	197	79
-1
1	240	80	77
-1
2	880	148	137
-1
1	162	153	95
-1
4	245	132	120
-1
1	70	78	163
-1
4	909	133	28
-1
3	689	57	169
-1
4	450	28	105
-1
2	744	66	33
-1
3	774	47	181
-1
4	651	12	61
-1
2	339	51	160
-1
1	234	130	112
-1
2	705	44	195
-1
2	419	40	25
-1
1	398	61	157
-1
3	166	169	165
-1
1	670	10	144
-1
4	902	59	161
-1
4	235	154	160
-1
2	847	128	123
-1
1	606	130	125
-1
4	469	20	55
-1
1	463	5	50
-1
1	687	61	41
-1
1	196	80	102
-1
1	912	77	70
-1
1	208	43	31
-1
3	968	64	41
-1
1	79	118	195
-1
2	601	152	74
-1
2	126	198	3
-1
3	532	3	174
-1
4	981	23	179
-1
3	421	37	39
-1
1	922	124	118
-1
4	744	71	147
-1
1	926	134	141
-1
3	567	141	4
-1
1	113	61	121
-1
2	986	139	24
-1
2	540	140	21
-1
2	113	17	175
-1
2	291	148	197
-1
2	482	128	186
-1
3	751	100	61
-1
2	497	174	131
-1
4	237	69	16
-1
2	993	194	157
-1
1	665	112	169
-1
1	489	24	59
-1
4	309	9	150
-1
3	436	100	166
-1
1	984	165	113
-1
2	769	55	192
-1
1	829	88	44
-1
1	711	39	17
-1
2	327	135	37
-1
1	235	124	182
-1
2	403	116	94
-1
1	261	180	117
-1
3	763	68	78
-1
4	328	129	177
-1
3	841	164	141
-1
4	632	99	148
-1
3	475	68	35
-1
2	643	96	25
-1
1	231	159	160
-1
3	813	85	35
-1
2	658	119	150
-1
2	174	73	81
-1
3	403	85	101
-1
3	532	47	181
-1
3	24	175	96
175	3	12	15	16	96	
1	523	167	194
-1
2	158	198	61
-1
2	382	25	109
-1
3	693	19	67
-1
1	327	50	103
-1
1	628	14	173
-1
4	261	71	45
-1
3	361	196	129
-1
3	941	151	128
-1
2	788	82	54
-1
4	181	105	20
-1
4	594	28	169
-1
3	854	137	145
-1
2	672	70	164
-1
1	374	115	165
-1
3	546	193	130
-1
1	942	21	152
-1
2	822	81	99
-1
3	949	193	49
-1
3	2	85	130
85	11	6	14	130	
2	173	72	187
-1
3	742	4	166
-1
4	886	197	54
-1
1	601	50	75
-1
2	765	73	189
-1
1	894	46	182
-1
2	997	143	154
-1
1	896	84	186
-1
3	344	58	178
-1
3	226	6	62
-1
2	564	160	85
-1
4	529	132	88
-1
2	334	25	37
-1
4	8	111	38
111	6	2	44	60	18	38	
1	597	112	111
-1
4	130	28	108
-1
2	235	73	3
-1
2	820	70	38
-1
1	949	165	95
-1
4	562	108	53
-1
4	446	133	12
-1
2	485	96	95
-1
3	921	176	120
-1
4	959	109	30
-1
4	621	69	92
-1
1	928	65	119
-1
2	130	146	192
-1
1	168	180	13
180	6	13	
3	862	151	177
-1
4	866	99	84
-1
3	477	60	169
-1
4	924	105	16
-1
3	243	141	144
-1
2	24	62	4
62	7	2	4	
4	867	20	72
-1
2	186	40	88
-1
2	929	119	33
-1
1	741	49	164
-1
3	869	168	114
-1
4	304	181	164
-1
3	272	47	23
-1
3	40	75	79
75	16	79	
2	783	198	20
-1
2	538	40	33
-1
4	610	15	52
-1
2	297	82	43
-1
3	82	19	113
-1
4	845	99	113
-1
1	111	191	80
-1
4	826	59	13
-1
4	849	114	11
-1
3	679	186	85
-1
4	450	177	83
-1
4	82	111	74
-1
3	885	48	41
-1
3	479	57	74
-1
4	792	154	92
-1
3	304	187	142
-1
2	536	183	132
-1
1	348	45	142
-1
4	958	71	55
-1
4	194	71	192
-1
2	276	149	120
-1
1	502	199	30
-1
1	894	80	78
-1
2	967	117	86
-1
2	258	195	191
-1
3	751	186	177
-1
4	834	90	160
-1
4	727	177	4
-1
1	733	124	74
-1
3	125	33	144
-1
2	644	26	45
-1
2	426	54	195
-1
4	655	107	26
-1
2	940	200	142
-1
3	931	166	137
-1
3	59	175	122
-1
3	170	125	163
-1
3	374	110	139
-1
3	199	36	14
-1
3	495	168	46
-1
2	291	44	24
-1
1	685	88	29
-1
1	110	65	135
-1
2	452	119	86
-1
3	188	58	3
-1
2	461	140	177
-1
1	224	199	53
-1
2	362	120	162
-1
1	576	93	149
-1
2	173	44	116
-1
4	348	90	160
-1
1	376	180	199
-1
2	462	16	63
-1
3	147	125	133
-1
2	749	128	190
-1
2	877	67	82
-1
2	281	128	32
-1
2	794	152	151
-1
3	142	64	196
-1
4	410	192	191
-1
2	369	116	80
-1
1	719	63	11
-1
1	181	191	26
-1
1	113	52	102
-1
1	454	199	182
-1
4	487	99	48
-1
2	918	128	175
-1
2	621	8	77
-1
2	616	2	93
-1
3	806	95	83
-1
2	37	104	150
104	14	6	11	150	
1	599	24	13
-1
1	176	142	3
142	3	
1	229	74	6
-1
1	210	138	4
-1
4	658	192	55
-1
1	384	78	182
-1
2	261	148	141
-1
3	353	168	94
-1
2	587	135	141
-1
1	137	92	44
-1
2	701	128	68
-1
4	655	126	161
-1
4	460	53	35
-1
2	616	81	172
-1
3	222	91	115
-1
3	155	100	145
-1
1	695	83	92
-1
2	341	143	11
-1
3	881	47	145
-1
3	76	186	36
-1
1	943	74	115
-1
2	256	174	192
-1
4	490	28	44
-1
1	461	39	124
-1
2	328	54	166
-1
2	872	27	65
-1
4	363	181	148
-1
2	773	76	42
-1
3	69	168	41
-1
3	704	48	26
-1
2	770	123	99
-1
1	161	18	24
-1
2	756	73	3
-1
4	79	114	41
-1
4	397	126	47
-1
4	661	53	73
-1
1	608	124	54
-1
3	202	38	81
-1
1	442	162	48
-1
2	267	30	47
-1
3	517	85	121
-1
2	540	54	90
-1
3	342	166	114
-1
4	382	121	27
-1
2	980	152	105
-1
2	653	148	157
-1
2	258	8	33
-1
3	490	168	70
-1
3	337	169	32
-1
1	735	10	61
-1
4	55	28	98
28	16	15	17	98	
3	945	144	151
-1
1	658	83	69
-1
1	37	24	189
24	1	12	11	6	14	189	
3	541	157	92
-1
3	497	137	39
-1
3	129	141	199
-1
2	151	198	166
-1
1	982	39	134
-1
2	394	127	95
-1
1	91	61	122
-1
2	194	67	65
-1
1	862	11	99
-1
1	202	21	122
-1
4	294	9	30
9	6	30	
2	532	149	166
-1
4	930	197	58
-1
1	447	78	7
-1
4	932	28	45
-1
3	826	161	171
-1
4	99	154	31
-1
1	915	45	50
-1
3	813	190	12
-1
2	486	51	32
-1
3	316	4	40
-1
4	633	97	140
-1
4	443	181	137
-1
2	649	62	14
-1
4	94	109	193
-1
4	816	192	153
-1
1	199	18	106
18	8	106	
3	648	68	102
-1
2	459	135	91
-1
4	643	147	93
-1
1	234	185	97
-1
1	774	52	145
-1
3	110	36	125
-1
1	75	78	187
-1
2	467	127	47
-1
1	619	172	190
-1
3	924	187	159
-1
3	178	137	27
-1
4	868	184	161
-1
2	913	195	59
-1
3	809	37	43
-1
2	553	70	46
-1
1	30	43	82
43	15	12	3	82	
2	168	104	159
-1
3	766	178	37
-1
3	755	196	8
-1
1	314	14	147
-1
4	540	90	83
-1
2	52	67	19
67	92	1	20	19	
2	310	86	13
-1
2	505	150	1
-1
3	950	158	70
-1
1	631	63	65
-1
1	342	92	120
-1
1	378	11	50
-1
3	538	176	45
-1
1	636	130	11
-1
1	870	43	100
-1
1	888	134	118
-1
1	852	185	155
-1
3	52	47	105
47	32	105	
3	74	151	14
-1
1	338	52	76
-1
1	657	35	119
-1
3	106	176	129
-1
4	503	105	104
-1
1	113	42	186
42	11	186	
1	212	77	28
-1
4	681	99	114
-1
3	387	186	98
-1
3	891	190	96
-1
3	57	41	46
-1
4	84	114	98
-1
3	3	3	132
3	12	11	5	132	
3	683	60	59
-1
2	539	117	163
-1
3	324	19	5
-1
1	703	131	33
-1
3	216	94	83
-1
4	266	126	69
-1
1	161	65	58
-1
4	407	107	50
-1
2	656	163	116
-1
3	539	47	118
-1
3	397	1	177
-1
1	311	83	46
-1
1	467	21	16
-1
3	852	144	99
-1
3	334	47	144
-1
2	802	62	22
-1
4	811	79	86
-1
2	413	40	192
-1
2	328	198	155
-1
4	245	53	1
-1
2	174	143	1
-1
3	571	91	35
-1
3	586	1	56
-1
3	684	68	151
-1
2	780	119	197
-1
1	201	52	11
-1
3	686	6	89
-1
3	477	168	80
-1
1	983	180	77
-1
4	935	59	129
-1
2	687	104	23
-1
1	922	29	113
-1
1	177	199	114
-1
3	479	136	181
-1
1	476	172	99
-1
3	438	151	102
-1
3	278	151	107
-1
4	158	188	27
-1
2	834	16	6
-1
1	315	199	17
-1
4	137	133	120
-1
4	50	20	100
20	19	73	9	100	
1	363	93	50
-1
1	895	21	185
-1
4	145	99	156
-1
4	446	126	58
-1
2	305	163	8
-1
3	531	193	147
-1
2	888	150	163
-1
2	704	135	161
-1
1	575	49	45
49	15	45	
1	674	138	16
-1
2	923	139	108
-1
4	260	53	128
-1
4	15	147	27
147	20	19	27	
1	25	43	152
43	15	12	1	20	19	152	
1	784	88	67
-1
3	331	144	59
-1
1	493	74	160
-1
4	605	114	94
-1
2	249	17	95
-1
4	817	192	32
-1
2	524	17	170
-1
1	604	92	174
-1
3	182	151	120
-1
2	85	117	114
-1
3	751	141	1
-1
3	161	125	97
-1
2	120	55	122
-1
4	166	99	35
-1
1	260	103	52
-1
1	243	103	195
-1
2	164	119	11
-1
2	737	195	54
-1
2	208	198	4
-1
4	721	179	121
-1
1	73	63	13
-1
3	569	166	137
-1
4	443	126	143
-1
2	877	198	41
-1
2	280	163	95
-1
2	226	174	198
-1
3	389	168	68
-1
1	42	131	62
131	19	62	
3	446	19	11
-1
2	318	26	141
-1
4	330	98	4
-1
3	267	170	121
-1
3	809	91	198
-1
4	802	133	147
-1
3	496	161	61
-1
3	845	41	34
-1
1	313	18	1
-1
3	126	6	83
6	2	4	83	
3	537	48	101
-1
1	77	45	78
45	15	16	78	
1	832	162	175
-1
3	904	91	145
-1
4	102	109	187
-1
2	600	70	119
-1
4	861	71	79
-1
3	846	166	71
-1
1	447	11	89
-1
2	881	123	46
-1
2	182	200	93
-1
1	611	88	89
-1
2	186	117	50
-1
2	682	148	93
-1
3	668	4	153
-1
3	938	57	22
-1
1	16	56	92
56	55	60	18	10	57	92	
2	239	116	58
-1
1	479	162	68
-1
2	124	160	142
-1
2	569	40	93
-1
3	257	173	181
-1
3	859	136	97
-1
4	703	121	196
-1
2	55	2	199
2	6	14	199	
1	77	21	55
-1
3	568	158	63
-1
3	377	173	178
-1
2	996	163	91
-1
3	89	41	2
-1
2	782	117	194
-1
3	962	85	166
-1
1	58	93	101
-1
1	605	103	173
-1
1	804	5	126
-1
3	810	60	146
-1
1	872	88	103
-1
2	202	55	28
-1
4	644	184	142
-1
4	646	179	183
-1
3	439	68	51
-1
1	556	49	135
-1
1	609	162	179
-1
1	781	171	82
-1
3	107	175	38
-1
1	604	130	97
-1
2	859	140	136
-1
2	886	163	191
-1
2	627	116	126
-1
2	561	160	104
-1
1	811	5	123
-1
1	297	43	171
-1
2	628	198	84
-1
3	309	6	54
6	2	54	
2	746	139	29
-1
4	995	197	110
-1
2	130	200	49
-1
3	72	58	164
58	10	57	164	
3	197	95	79
-1
1	853	74	190
-1
4	775	34	194
-1
4	98	197	188
-1
1	781	45	138
-1
2	235	72	95
-1
1	415	180	33
-1
1	124	78	29
-1
1	525	24	181
-1
4	488	105	190
-1
4	918	177	85
-1
3	108	125	158
-1
4	53	177	143
-1
2	841	104	91
-1
3	378	1	136
-1
4	272	181	7
-1
1	657	167	139
-1
4	637	181	168
-1
3	169	57	191
-1
4	759	181	95
-1
4	995	20	23
-1
1	504	89	148
-1
3	198	196	76
196	2	7	76	
3	889	1	179
-1
3	224	193	131
-1
3	182	170	64
-1
3	720	193	30
-1
3	287	1	11
-1
3	229	190	67
-1
3	324	158	199
-1
2	698	116	18
-1
2	197	62	106
-1
1	673	165	54
-1
2	603	163	6
-1
2	86	51	198
-1
2	549	26	119
-1
2	578	7	63
-1
4	940	79	64
-1
2	758	117	53
-1
2	556	146	162
-1
1	525	21	78
-1
1	583	118	91
-1
1	188	115	56
-1
2	393	139	18
-1
1	742	93	20
-1
3	260	178	197
-1
4	274	126	3
-1
1	737	56	33
-1
2	341	195	150
-1
4	903	105	95
-1
3	532	60	115
-1
3	222	137	184
-1
4	829	71	98
-1
3	198	58	188
-1
2	569	2	81
-1
3	165	95	58
-1
4	520	154	136
-1
2	352	27	191
-1
2	653	116	137
-1
2	947	8	41
-1
2	613	62	53
-1
1	997	145	189
-1
2	646	119	11
-1
4	234	147	20
147	20	
4	66	97	21
-1
1	523	65	67
-1
2	210	30	20
-1
2	352	149	198
-1
1	889	52	65
-1
4	929	105	73
-1
3	733	3	86
-1
2	473	16	31
-1
3	83	164	149
-1
3	102	161	47
-1
2	274	146	143
-1
1	340	11	8
-1
2	911	86	37
-1
3	261	95	137
-1
3	125	47	140
-1
1	549	87	44
-1
1	435	167	199
-1
3	17	100	14
100	9	6	14	
1	165	172	129
-1
2	411	7	89
-1
4	306	108	35
-1
1	713	134	45
-1
2	501	73	82
-1
3	189	136	177
-1
3	128	196	175
-1
2	324	72	61
-1
1	74	21	27
21	4	27	
2	287	7	126
-1
4	367	23	50
-1
2	607	139	56
-1
1	593	101	115
-1
3	390	6	48
-1
2	871	70	73
-1
4	247	122	8
-1
3	221	110	155
-1
3	33	190	26
190	6	2	4	26	
1	260	65	198
-1
1	985	138	156
-1
3	34	176	130
176	13	6	14	130	
3	841	94	68
-1
3	156	100	121
-1
1	603	93	126
-1
4	227	34	148
-1
2	234	104	69
-1
1	940	103	131
-1
3	118	75	120
-1
4	315	108	136
-1
1	23	167	73
167	15	12	34	73	
1	552	103	200
-1
1	772	89	93
-1
4	92	129	192
-1
3	169	37	36
-1
1	716	39	69
-1
1	937	65	173
-1
2	667	51	27
-1
1	738	142	101
-1
4	473	59	8
-1
2	945	127	126
-1
2	144	148	29
-1
2	436	51	117
-1
3	779	22	197
-1
4	415	113	33
-1
2	435	82	23
-1
2	359	149	39
-1
3	785	85	41
-1
1	286	103	183
-1
2	245	40	193
-1
1	571	112	118
-1
2	599	8	17
-1
1	67	103	68
-1
4	815	90	41
-1
4	647	69	154
-1
1	221	35	187
-1
4	60	69	87
69	19	20	87	
4	452	28	124
-1
3	634	164	26
-1
1	427	49	66
-1
3	496	94	177
-1
3	865	64	185
-1
1	732	14	39
-1
1	572	80	129
-1
1	477	46	197
-1
1	615	45	31
-1
1	54	65	51
65	5	48	51	
2	377	76	30
-1
2	954	128	194
-1
4	819	113	194
-1
3	148	91	87
-1
3	884	187	102
-1
2	522	51	115
-1
1	850	134	146
-1
3	646	57	144
-1
2	28	86	188
86	18	10	12	188	
4	431	53	52
-1
4	212	105	80
-1
3	805	33	159
-1
3	551	187	71
-1
1	637	5	162
-1
2	691	104	100
-1
3	957	187	102
-1
4	855	109	187
-1
3	198	110	195
-1
4	985	108	80
-1
1	788	87	84
-1
2	19	117	140
117	14	6	2	140	
4	777	129	173
-1
3	48	85	159
-1
1	961	35	115
-1
1	12	24	171
24	1	20	79	5	171	
2	65	66	157
66	2	6	11	157	
3	203	22	17
-1
4	997	28	127
-1
4	629	177	186
-1
4	712	113	72
-1
1	3	101	141
101	2	4	141	
4	175	71	21
-1
3	885	48	105
-1
3	952	47	92
-1
2	522	7	67
-1
3	830	170	132
-1
4	47	34	105
-1
3	725	36	133
-1
4	510	184	109
-1
4	133	12	22
-1
3	673	75	74
-1
1	693	78	144
-1
3	998	4	143
-1
1	841	89	189
-1
4	507	192	195
-1
4	390	113	116
-1
1	94	142	149
-1
2	178	140	136
-1
2	487	16	120
-1
1	60	77	83
77	7	2	4	83	
1	685	10	158
-1
2	28	82	187
82	10	20	1	187	
2	923	127	190
-1
2	711	76	78
-1
2	58	116	69
-1
2	973	174	133
-1
2	874	163	27
-1
2	609	8	118
-1
3	880	186	134
-1
1	315	24	162
-1
1	272	83	171
-1
1	810	167	5
-1
2	399	146	131
-1
3	629	68	6
-1
4	449	179	73
-1
4	382	188	46
-1
3	960	161	160
-1
1	877	185	167
-1
2	210	146	152
-1
2	172	25	175
-1
2	894	139	57
-1
1	50	162	175
-1
1	980	171	73
-1
4	737	122	92
-1
2	809	150	22
-1
2	406	198	9
-1
1	565	131	169
-1
4	732	90	153
-1
1	83	167	98
-1
2	810	128	75
-1
2	618	51	165
-1
4	193	97	79
-1
2	617	146	1
-1
4	108	126	122
-1
1	730	14	23
-1
3	538	175	21
-1
1	858	180	103
-1
4	563	97	193
-1
4	260	28	159
-1
2	886	62	38
-1
4	403	71	89
-1
3	81	41	185
41	5	11	185	
3	81	33	130
33	14	130	
3	155	1	7
-1
4	577	108	173
-1
3	149	37	147
-1
3	252	175	78
-1
3	196	32	174
-1
2	506	194	1
-1
3	743	6	15
-1
1	783	43	37
-1
1	519	45	77
-1
3	1	125	61
125	2	6	14	61	
3	207	158	61
-1
1	931	112	169
-1
2	277	40	157
-1
1	355	189	131
-1
4	728	192	115
-1
2	481	139	60
-1
2	47	44	17
44	2	66	15	17	
3	883	186	60
-1
4	312	121	104
-1
1	172	39	181
-1
1	785	39	90
-1
2	905	198	1
-1
2	261	128	192
-1
1	392	5	132
-1
4	858	111	75
-1
3	517	190	13
-1
2	686	70	56
-1
2	545	116	194
-1
3	200	151	114
-1
2	732	62	104
-1
3	221	33	143
-1
3	173	169	92
-1
2	517	73	19
-1
1	48	134	175
-1
1	723	77	37
-1
1	735	134	27
-1
2	943	2	96
-1
1	88	87	164
-1
2	601	183	114
-1
2	56	135	175
-1
1	750	18	159
-1
1	241	39	128
-1
2	460	163	152
-1
4	386	79	85
-1
4	23	79	161
79	5	11	6	161	
3	449	1	46
-1
1	496	87	48
-1
4	859	181	86
-1
3	124	68	21
-1
4	898	20	107
-1
2	409	76	124
-1
2	88	25	114
-1
2	839	66	77
-1
1	924	77	107
-1
1	436	14	185
-1
3	882	36	137
-1
3	481	36	176
-1
4	918	132	156
-1
1	738	142	24
-1
2	196	66	195
-1
2	320	163	70
-1
2	33	123	47
123	17	15	47	
1	861	10	64
-1
1	968	49	140
-1
1	104	124	153
-1
1	641	159	141
-1
2	368	40	176
-1
2	523	120	107
-1
3	898	38	49
-1
2	445	127	66
-1
2	514	123	28
-1
2	912	194	103
-1
2	175	26	112
-1
1	114	39	112
-1
3	819	158	35
-1
3	311	13	194
-1
1	686	5	185
-1
1	145	172	57
-1
3	545	47	94
-1
3	10	144	172
144	25	97	11	6	14	172	
2	789	140	46
-1
2	291	54	39
-1
1	955	165	17
-1
1	266	92	55
-1
1	501	5	164
-1
3	446	175	176
-1
3	630	85	181
-1
2	886	123	152
-1
2	131	67	198
-1
2	455	163	94
-1
1	700	172	33
-1
1	539	112	38
-1
3	707	3	155
-1
4	713	109	46
-1
2	876	174	2
-1
2	3	26	129
26	4	2	81	3	129	
4	383	71	165
-1
1	87	101	87
-1
1	636	138	105
-1
4	281	69	67
-1
2	466	123	190
-1
2	55	174	102
-1
3	609	64	56
-1
3	6	170	164
170	8	18	10	57	164	
2	360	82	89
-1
4	840	109	115
-1
3	404	64	185
-1
1	91	46	37
-1
1	747	84	175
-1
2	214	72	195
-1
2	555	152	69
-1
3	856	169	194
-1
1	463	24	58
-1
4	978	184	179
-1
1	667	142	13
-1
1	381	101	121
-1
2	917	140	184
-1
3	906	95	182
-1
1	880	185	17
-1
4	26	132	88
132	5	11	6	88	
4	446	97	192
-1
2	839	51	160
-1
4	96	59	183
-1
2	275	73	167
-1
2	87	51	108
-1
4	759	69	160
-1
3	295	1	51
-1
2	428	117	145
-1
2	244	174	82
-1
4	732	53	165
-1
2	523	30	13
-1
3	82	75	63
-1
4	817	114	73
-1
4	335	9	146
9	6	2	146	
1	994	35	148
-1
2	153	73	16
-1
3	355	32	16
-1
1	299	78	84
-1
4	132	105	58
-1
2	896	148	62
-1
2	860	31	92
-1
4	523	105	118
-1
2	147	139	31
-1
2	844	155	192
-1
3	591	41	178
-1
4	406	34	51
-1
1	373	138	34
-1
1	409	92	111
-1
1	418	142	167
-1
2	631	26	66
-1
2	74	73	97
-1
4	192	133	1
-1
2	174	7	91
-1
1	765	153	197
-1
4	295	197	37
-1
3	145	187	70
-1
1	130	145	7
-1
4	840	69	50
-1
1	406	29	144
-1
1	71	46	169
-1
1	919	29	193
-1
4	472	102	125
-1
1	162	93	131
-1
3	159	19	84
-1
2	795	135	32
-1
1	417	29	18
-1
3	175	173	114
-1
2	777	54	135
-1
1	872	93	163
-1
1	592	50	161
-1
2	184	73	189
-1
2	509	143	90
-1
1	439	14	135
-1
2	474	128	105
-1
3	105	38	39
-1
4	275	184	68
-1
2	740	152	192
-1
2	874	127	46
-1
2	437	55	90
-1
4	197	126	92
-1
2	137	117	164
-1
3	978	100	58
-1
2	912	8	24
-1
1	816	199	151
-1
2	807	72	140
-1
4	474	129	123
-1
2	17	155	27
155	8	94	2	4	27	
3	862	94	153
-1
3	904	168	7
-1
3	195	4	132
-1
2	510	152	48
-1
2	767	40	99
-1
2	790	17	107
-1
2	92	81	57
-1
3	183	48	80
-1
2	858	54	8
-1
4	884	79	162
-1
2	788	96	56
-1
4	994	109	175
-1
4	77	12	130
-1
3	276	6	81
-1
2	774	67	72
-1
4	432	34	88
-1
3	688	175	120
-1
3	368	19	168
-1
1	575	153	173
-1
1	289	10	52
-1
1	896	93	99
-1
1	270	80	7
-1
2	199	25	19
-1
4	231	53	176
-1
2	502	128	43
-1
4	341	102	28
-1
3	661	85	154
-1
3	980	173	124
-1
2	752	140	77
-1
2	155	66	86
-1
3	853	106	131
-1
3	60	1	162
1	12	162	
2	30	70	139
70	18	87	16	139	
3	957	68	191
-1
1	351	50	119
-1
3	978	151	172
-1
1	684	92	56
-1
2	207	104	180
-1
1	83	83	71
-1
4	521	34	89
-1
1	403	189	194
-1
3	164	193	147
-1
1	502	52	168
-1
3	845	33	36
-1
3	763	190	37
-1
2	86	140	188
-1
2	893	70	31
-1
1	873	153	134
-1
4	95	111	16
-1
2	783	146	1
-1
1	929	18	141
-1
4	75	20	134
-1
2	842	135	137
-1
1	429	189	170
-1
3	66	33	111
33	14	6	111	
4	605	147	2
-1
3	35	32	71
32	86	18	8	71	
2	720	76	175
-1
2	935	148	86
-1
2	487	195	183
-1
4	828	177	200
-1
4	513	105	19
-1
1	601	131	105
-1
3	770	173	93
-1
1	32	153	77
-1
1	34	18	23
18	8	76	7	23	
3	456	22	6
-1
2	631	8	82
-1
2	468	127	181
-1
3	50	13	175
-1
3	601	100	152
-1
4	819	79	8
-1
2	275	143	139
-1
2	768	143	63
-1
1	844	65	15
-1
2	267	96	185
-1
2	824	81	158
-1
3	705	137	166
-1
2	486	119	44
-1
3	612	186	57
-1
3	515	187	108
-1
3	123	187	138
-1
3	213	157	80
-1
2	275	31	22
-1
2	441	150	38
-1
2	425	194	86
-1
4	183	12	166
-1
3	100	187	54
-1
1	543	92	172
-1
4	799	129	109
-1
2	58	140	47
-1
2	795	55	185
-1
4	874	129	93
-1
3	248	141	124
-1
1	37	167	25
-1
2	922	7	18
-1
3	640	32	181
-1
3	293	166	168
-1
1	217	65	11
-1
2	877	7	91
-1
3	676	158	30
-1
1	860	167	36
-1
1	953	162	116
-1
3	228	187	56
-1
3	452	186	174
-1
4	822	23	181
-1
3	954	144	164
-1
2	673	135	129
-1
1	35	180	193
180	6	2	94	8	84	193	
3	525	196	151
-1
1	107	24	60
-1
4	942	99	27
-1
4	858	111	188
-1
4	65	15	126
15	80	55	5	126	
1	839	42	112
-1
1	619	45	134
-1
2	534	66	29
-1
1	62	172	164
-1
2	6	44	95
44	2	6	14	95	
4	908	79	90
-1
3	568	3	65
-1
1	746	61	116
-1
3	885	3	178
-1
4	210	12	192
-1
2	673	76	185
-1
2	606	66	29
-1
3	987	36	47
-1
3	102	169	18
169	5	86	18	
2	596	30	13
-1
3	37	187	43
187	1	12	15	43	
3	653	95	198
-1
1	768	14	58
-1
1	945	159	60
-1
1	136	43	23
43	15	49	23	
3	272	4	99
-1
1	101	77	116
-1
4	147	34	152
-1
4	716	20	120
-1
2	480	73	102
-1
3	123	68	88
-1
1	520	56	134
-1
4	777	109	147
-1
2	189	76	105
-1
3	611	173	99
-1
3	461	60	55
-1
4	577	132	131
-1
3	928	32	164
-1
1	399	130	136
-1
4	700	197	8
-1
2	188	76	28
-1
2	121	198	83
-1
4	68	69	191
-1
2	124	198	19
-1
3	175	186	191
-1
2	429	148	50
-1
3	911	161	133
-1
1	226	89	116
-1
2	361	16	197
-1
3	121	166	193
-1
2	748	66	21
-1
4	982	53	18
-1
3	125	125	39
-1
3	943	144	36
-1
4	85	20	21
-1
2	686	194	120
-1
2	19	174	80
174	13	6	2	66	15	80	
1	534	84	168
-1
4	731	109	135
-1
3	323	22	101
-1
1	495	142	166
-1
3	665	41	170
-1
2	703	174	94
-1
4	738	98	190
-1
4	310	192	9
-1
2	381	76	2
76	7	2	
1	61	162	127
-1
1	980	180	10
-1
1	715	65	70
-1
2	367	195	91
-1
2	284	70	184
-1
3	653	164	176
-1
4	298	28	150
-1
2	287	82	199
-1
3	95	19	191
-1
1	248	80	66
-1
1	174	61	179
-1
4	783	121	158
-1
1	5	52	23
52	14	6	2	7	23	
3	495	166	169
-1
1	431	84	38
-1
1	206	167	154
-1
1	507	171	133
-1
4	106	69	15
69	80	15	
4	296	107	185
-1
2	513	2	65
-1
3	92	1	125
-1
3	401	175	197
-1
4	975	109	48
-1
4	544	113	166
-1
2	133	160	49
-1
1	238	142	168
-1
4	171	99	138
-1
3	985	6	158
-1
4	769	111	65
-1
3	185	158	18
-1
2	909	70	18
-1
4	57	113	144
-1
4	257	114	53
-1
1	222	88	117
-1
2	22	31	28
31	36	87	16	28	
2	589	116	121
-1
1	279	153	20
-1
2	36	123	25
123	17	10	97	25	
4	500	59	87
-1
4	117	28	44
-1
4	487	12	65
-1
2	430	73	178
-1
4	434	129	91
-1
3	503	137	178
-1
3	482	158	161
-1
4	803	132	76
-1
2	22	72	28
72	7	2	6	11	28	
2	998	150	151
-1
3	484	186	161
-1
3	127	37	188
-1
3	791	106	152
-1
4	920	192	176
-1
1	210	21	56
-1
2	340	7	193
-1
4	500	109	102
-1
3	175	190	33
-1
4	954	192	57
-1
1	656	165	6
-1
1	617	162	143
-1
1	956	45	132
-1
2	507	123	37
-1
2	234	66	28
-1
1	490	185	200
-1
4	882	147	158
-1
2	983	86	66
-1
1	168	185	8
-1
4	24	111	199
111	6	14	199	
2	181	16	116
16	116	
2	676	72	77
-1
2	7	40	74
40	15	16	78	5	74	
2	643	195	196
-1
2	422	54	13
-1
1	773	87	150
-1
2	131	128	96
-1
4	348	9	181
-1
3	555	144	117
-1
4	906	111	179
-1
2	421	86	194
-1
2	449	66	17
-1
1	122	93	8
93	8	
4	270	99	155
-1
1	682	93	8
-1
2	631	66	46
-1
1	326	39	174
-1
4	458	121	182
-1
4	174	20	77
-1
3	704	175	139
-1
3	650	32	24
-1
3	18	4	42
4	2	6	11	42	
1	426	52	134
-1
2	180	174	33
-1
1	139	43	77
-1
1	184	124	143
-1
4	509	107	133
-1
3	643	32	5
-1
1	919	42	24
-1
4	858	15	150
-1
4	481	71	133
-1
2	674	120	136
-1
1	408	89	188
-1
2	392	66	161
-1
1	268	45	155
-1
2	162	135	78
-1
2	846	119	136
-1
2	450	27	168
-1
1	26	21	9
21	4	2	6	9	
2	775	140	175
-1
2	660	198	197
-1
1	395	29	68
-1
2	782	55	157
-1
2	294	62	22
-1
1	848	5	19
-1
1	478	24	153
-1
3	813	186	23
-1
2	180	31	2
-1
3	740	33	22
-1
3	667	58	161
-1
4	663	184	109
-1
1	731	43	90
-1
3	887	38	144
-1
1	260	171	157
-1
1	678	65	113
-1
1	631	112	136
-1
1	5	189	73
189	14	6	9	73	
2	606	2	56
-1
4	428	133	88
-1
2	740	25	145
-1
3	49	91	80
91	10	17	15	80	
1	890	153	75
-1
1	585	83	112
-1
4	541	121	34
-1
4	853	181	98
-1
1	140	10	162
-1
4	213	192	150
-1
4	268	197	103
-1
2	755	2	36
-1
4	51	181	12
181	14	66	15	12	
4	282	121	102
-1
4	756	121	54
-1
1	219	10	89
-1
2	453	194	161
-1
2	750	86	93
-1
4	663	90	55
-1
1	613	29	46
-1
3	467	41	42
-1
4	54	108	196
-1
1	465	14	176
-1
2	366	16	48
-1
4	772	98	120
-1
4	412	53	129
-1
2	172	72	74
-1
1	17	124	111
124	15	66	14	6	111	
2	271	25	200
-1
1	916	88	181
-1
1	310	52	21
-1
1	57	118	81
-1
1	584	124	46
-1
4	632	188	62
-1
4	951	154	159
-1
1	432	77	11
-1
1	657	88	34
-1
1	520	11	109
-1
2	871	27	134
-1
1	851	49	173
-1
2	24	117	24
117	14	52	19	20	1	24	
2	656	26	93
-1
2	501	82	16
-1
1	314	65	156
-1
3	24	48	61
48	51	61	
3	387	151	137
-1
1	620	134	176
-1
3	529	190	186
-1
4	214	109	165
-1
4	986	132	165
-1
2	161	182	81
-1
1	205	5	106
-1
4	821	12	139
-1
4	528	113	156
-1
3	988	178	3
-1
2	324	2	153
-1
4	299	188	86
-1
2	436	7	28
-1
1	752	87	88
-1
3	517	100	19
-1
3	997	37	153
-1
4	855	197	109
-1
2	793	2	121
-1
2	100	174	185
-1
1	703	101	162
-1
2	607	40	163
-1
2	245	163	150
-1
3	624	13	109
-1
3	263	48	195
-1
2	34	200	95
200	2	6	14	95	
3	786	68	131
-1
3	894	64	80
-1
2	14	70	33
70	18	87	16	33	
4	998	15	158
-1
4	512	114	10
-1
3	874	168	49
-1
3	176	175	11
-1
1	684	171	175
-1
2	630	146	22
-1
2	876	8	173
-1
3	407	41	40
-1
3	438	178	56
-1
2	470	72	125
-1
3	379	37	139
-1
3	988	187	5
-1
4	636	98	172
-1
2	998	123	98
-1
4	372	98	68
-1
4	545	133	165
-1
2	270	163	125
-1
3	709	190	165
-1
3	916	196	143
-1
1	393	185	166
-1
3	283	6	2
6	2	
4	687	184	188
-1
1	659	171	37
-1
3	156	158	160
-1
2	776	155	9
-1
1	140	78	94
-1
4	216	23	56
-1
1	981	92	197
-1
2	275	152	193
-1
4	640	20	129
-1
4	793	12	135
-1
1	381	46	118
-1
4	969	133	41
-1
1	728	191	198
-1
4	537	98	105
-1
2	430	73	134
-1
1	37	165	108
-1
1	233	180	199
-1
1	777	112	103
-1
1	106	138	74
-1
4	392	177	37
-1
4	309	122	82
-1
2	549	54	14
-1
3	747	22	156
-1
2	603	150	6
-1
3	136	38	30
-1
3	244	19	194
-1
2	194	7	126
-1
1	48	191	189
191	23	7	2	6	14	189	
3	721	168	127
-1
2	957	25	55
-1
2	391	16	128
-1
2	356	76	181
-1
2	512	25	3
-1
2	717	123	152
-1
1	746	77	141
-1
4	92	12	159
-1
2	969	7	117
-1
3	709	1	107
-1
2	587	200	26
-1
4	594	121	50
-1
1	521	29	17
-1
1	102	171	45
-1
2	304	127	69
-1
3	207	190	143
-1
3	699	58	171
-1
2	209	155	182
-1
1	125	46	141
-1
3	31	166	141
166	7	2	4	141	
2	57	27	140
27	4	2	140	
3	658	13	12
-1
3	227	6	193
-1
4	71	79	163
-1
1	91	180	41
180	6	11	5	41	
1	33	35	30
35	20	19	30	
3	203	41	87
-1
2	736	139	42
-1
4	876	99	39
-1
4	168	23	157
-1
4	660	53	183
-1
1	71	61	147
-1
4	415	71	153
-1
4	730	97	31
-1
1	370	167	162
-1
3	200	57	196
-1
3	638	41	188
-1
2	79	195	78
-1
1	670	130	176
-1
3	26	158	198
-1
3	208	125	2
125	2	
4	506	184	63
-1
2	810	7	133
-1
3	992	173	181
-1
4	153	102	147
-1
2	948	72	155
-1
4	935	23	195
-1
3	812	60	189
-1
2	139	139	70
-1
2	336	160	27
-1
1	138	185	104
-1
3	952	144	87
-1
1	436	49	45
49	15	45	
4	816	59	18
-1
1	162	50	119
-1
2	916	155	142
-1
2	462	54	164
-1
1	650	189	24
-1
2	919	152	114
-1
3	498	91	73
-1
3	201	178	9
-1
1	39	115	152
-1
1	84	18	152
-1
4	453	53	162
-1
3	171	68	12
-1
4	665	181	118
-1
3	428	48	171
-1
4	803	109	111
-1
3	868	110	63
-1
4	940	181	105
-1
1	100	78	34
-1
2	851	30	101
-1
3	755	68	118
-1
1	916	103	123
-1
2	679	155	142
-1
1	196	78	123
-1
1	767	142	122
-1
4	677	121	183
-1
1	91	124	44
-1
1	147	191	24
-1
1	181	83	53
-1
2	681	182	82
-1
1	598	185	102
-1
2	72	139	4
-1
2	214	54	111
-1
4	888	133	188
-1
2	361	128	129
-1
3	743	94	49
-1
2	387	123	124
-1
3	562	13	115
-1
2	415	160	149
-1
2	848	140	130
-1
1	549	172	114
-1
4	305	121	52
-1
3	215	193	58
-1
3	802	6	190
-1
1	82	93	69
-1
4	482	53	115
-1
2	806	148	37
-1
2	272	86	1
-1
3	820	47	160
-1
1	549	61	51
-1
1	15	61	22
61	56	55	60	8	22	
4	618	9	143
-1
4	275	113	87
-1
4	16	79	92
79	20	1	92	
1	37	80	136
80	15	17	10	136	
4	751	113	140
-1
2	539	195	39
-1
2	139	200	124
-1
4	51	23	171
23	7	76	5	171	
1	453	42	183
-1
1	27	142	43
142	3	12	15	43	
4	721	108	52
-1
4	607	126	116
-1
2	898	200	195
-1
3	185	168	26
-1
3	476	4	139
-1
4	515	154	133
-1
2	38	44	84
44	60	8	84	
1	608	134	106
-1
3	991	136	99
-1
1	33	189	192
189	14	6	9	192	
4	636	15	100
-1
1	104	87	25
-1
1	298	93	176
-1
1	75	142	143
-1
4	813	126	98
-1
3	345	1	3
-1
1	180	115	46
-1
4	237	105	132
-1
1	335	112	67
-1
2	727	54	55
-1
1	778	39	21
-1
2	402	26	107
-1
4	929	129	151
-1
3	24	178	92
178	3	12	1	92	
4	721	53	169
-1
1	124	65	170
-1
1	121	162	36
-1
3	852	141	92
-1
3	719	178	156
-1
3	525	64	9
-1
1	298	142	199
-1
2	756	119	25
-1
2	507	72	153
-1
3	150	1	131
-1
1	519	24	183
-1
2	440	96	199
-1
1	427	171	160
-1
1	519	92	53
-1
3	674	95	182
-1
1	234	165	45
-1
4	233	90	187
-1
2	9	139	57
139	16	97	10	57	
3	313	94	129
-1
2	443	152	81
-1
4	177	102	56
-1
4	328	20	151
-1
1	887	11	122
-1
3	739	37	165
-1
2	120	155	11
-1
1	717	180	176
-1
3	255	166	17
-1
2	511	198	155
-1
3	591	158	200
-1
2	71	70	152
-1
1	326	65	53
-1
3	429	193	24
-1
2	502	120	34
-1
2	18	7	22
7	76	8	22	
4	828	97	129
-1
3	355	169	108
-1
3	771	85	73
-1
3	77	91	22
-1
3	29	1	179
1	20	10	179	
4	780	192	1
-1
1	184	14	65
-1
1	759	92	9
-1
2	944	120	129
-1
1	165	21	87
-1
3	293	190	183
-1
2	1	17	103
17	10	76	5	103	
1	225	172	139
-1
3	199	94	29
-1
2	577	123	30
-1
3	729	151	173
-1
2	745	82	138
-1
1	154	65	29
-1
3	282	175	100
-1
1	368	118	72
-1
2	502	82	61
-1
3	157	175	78
-1
2	695	127	1
-1
1	724	103	46
-1
1	753	101	120
-1
2	77	30	70
-1
3	414	158	103
-1
1	795	103	167
-1
1	294	56	93
-1
1	766	89	10
-1
2	578	8	92
-1
1	855	61	18
-1
2	7	17	144
17	10	97	25	144	
1	805	112	46
-1
1	324	35	99
-1
2	594	139	128
-1
1	448	167	85
-1
4	15	132	139
132	5	78	16	139	
4	459	126	146
-1
1	669	172	34
-1
1	160	89	193
-1
2	577	66	54
-1
2	272	73	22
-1
2	469	31	133
-1
1	367	35	119
-1
1	894	159	9
-1
2	131	104	175
-1
3	469	151	107
-1
2	415	117	184
-1
3	600	176	155
-1
2	393	44	43
-1
2	998	155	61
-1
1	219	83	133
-1
3	104	106	163
-1
2	22	174	198
174	13	6	11	10	18	198	
1	431	93	108
-1
1	757	138	11
-1
3	63	68	113
-1
3	847	137	30
-1
1	753	103	157
-1
2	548	54	200
-1
1	808	46	106
-1
2	92	195	188
-1
3	54	166	93
166	7	76	8	93	
4	203	69	18
-1
1	510	42	110
-1
1	272	24	48
-1
4	937	181	67
-1
2	166	195	155
-1
3	474	41	57
-1
2	825	146	111
-1
1	730	93	108
-1
1	469	52	55
-1
2	961	143	20
-1
3	730	196	88
-1
3	792	151	129
-1
4	391	12	105
-1
3	657	36	85
-1
1	412	172	79
-1
1	420	89	72
-1
1	282	162	17
-1
3	390	186	61
-1
2	444	67	112
-1
2	15	135	54
135	69	19	27	4	2	54	
3	502	47	1
-1
3	982	176	151
-1
2	886	119	163
-1
4	970	109	150
-1
1	1	118	121
118	12	11	121	
4	472	129	161
-1
3	840	100	122
-1
2	300	182	59
-1
2	11	123	125
123	17	15	66	2	125	
1	64	118	59
-1
4	864	132	105
-1
1	967	185	32
-1
3	881	166	151
-1
3	230	4	59
-1
3	950	125	176
-1
3	262	125	56
-1
2	583	148	108
-1
3	793	187	89
-1
2	917	86	163
-1
2	127	96	32
-1
4	31	111	115
111	6	14	33	16	115	
3	62	175	99
-1
1	12	93	16
93	8	18	87	16	
3	623	173	19
-1
2	550	2	96
-1
1	206	103	20
-1
3	65	164	168
-1
4	705	98	154
-1
4	867	90	192
-1
3	50	6	39
6	9	39	
4	564	132	150
-1
4	614	114	76
-1
2	829	127	168
-1
3	800	91	140
-1
4	847	113	93
-1
1	266	14	195
-1
1	585	171	110
-1
1	939	35	7
-1
2	682	139	96
-1
3	120	157	53
157	11	6	53	
3	669	6	136
-1
3	896	169	1
-1
1	415	134	127
-1
1	754	115	169
-1
2	198	66	81
-1
1	992	112	47
-1
4	101	177	17
-1
1	459	162	52
-1
1	506	52	142
-1
3	510	85	99
-1
3	245	4	104
-1
2	797	26	25
-1
2	876	120	158
-1
2	844	135	24
-1
2	677	40	89
-1
3	923	38	200
-1
4	491	181	129
-1
4	742	34	42
-1
1	436	92	93
-1
2	734	198	177
-1
4	389	107	132
-1
2	613	104	156
-1
3	723	100	28
-1
2	546	127	114
-1
1	235	171	153
-1
3	986	47	142
-1
4	714	121	123
-1
1	355	11	156
-1
4	847	105	199
-1
2	575	140	196
-1
2	307	73	55
-1
1	414	61	158
-1
2	441	26	9
-1
3	154	100	136
-1
1	659	45	58
-1
2	800	31	104
-1
2	274	17	24
-1
1	181	130	186
-1
3	980	85	90
-1
1	527	83	29
-1
1	981	10	53
-1
3	290	68	66
-1
2	251	81	91
-1
1	738	74	190
-1
4	595	179	186
-1
3	850	37	17
-1
1	425	189	33
-1
1	810	14	162
-1
4	100	147	198
-1
4	80	126	33
-1
3	133	4	42
-1
1	998	185	109
-1
2	640	26	141
-1
2	781	76	166
-1
3	966	13	145
-1
1	782	159	133
-1
2	566	8	73
-1
3	680	32	87
-1
2	477	194	33
-1
1	509	93	110
-1
1	702	172	65
-1
1	10	56	1
56	55	60	18	87	20	1	
1	903	5	27
-1
2	468	44	54
-1
1	564	24	19
-1
1	497	142	177
-1
2	121	123	185
-1
3	7	41	168
41	5	11	6	168	
2	391	120	161
-1
2	252	148	5
-1
4	117	9	129
-1
3	317	110	184
-1
2	495	72	189
-1
2	549	174	184
-1
3	567	193	160
-1
3	143	157	101
-1
1	479	5	175
-1
3	999	125	15
-1
1	159	84	134
-1
2	764	26	34
-1
1	244	78	42
-1
2	27	146	151
146	2	6	11	10	151	
1	167	14	22
-1
4	303	109	147
-1
4	862	9	92
-1
3	162	175	48
-1
4	336	69	4
-1
3	951	100	128
-1
4	36	98	11
98	17	10	11	
2	69	8	189
-1
2	262	123	66
-1
3	613	166	163
-1
1	186	145	176
-1
1	885	63	36
-1
1	176	165	44
-1
2	975	26	170
-1
3	778	187	191
-1
3	705	75	90
-1
4	468	177	139
-1
3	456	164	146
-1
1	273	185	21
-1
1	387	46	186
-1
3	114	58	82
58	10	82	
3	950	196	145
-1
1	145	80	109
-1
2	267	55	87
-1
4	457	181	25
-1
3	546	158	99
-1
1	236	14	27
-1
3	981	33	191
-1
2	953	40	175
-1
3	339	64	20
-1
1	572	50	30
-1
3	116	164	177
-1
1	977	65	56
-1
3	663	161	62
-1
2	39	27	42
27	19	73	9	42	
1	90	83	151
-1
1	116	180	164
-1
4	858	15	197
-1
2	32	148	36
148	12	1	20	87	36	
1	604	101	100
-1
3	185	190	101
-1
1	313	162	16
-1
1	168	29	32
-1
3	981	157	193
-1
1	374	171	19
-1
1	124	10	54
-1
4	287	99	185
-1
1	35	14	200
14	6	2	200	
1	823	24	99
-1
2	274	7	150
-1
1	774	10	92
-1
2	142	146	5
-1
3	973	58	33
-1
4	765	177	142
-1
4	136	109	112
-1
2	541	82	121
-1
1	525	5	19
-1
2	676	44	185
-1
2	974	30	8
-1
1	76	52	14
52	14	
1	967	77	176
-1
3	923	3	73
-1
3	707	144	83
-1
2	648	116	11
-1
3	760	33	120
-1
2	80	120	153
-1
3	51	60	110
-1
4	435	184	105
-1
3	794	60	134
-1
1	159	185	138
-1
4	486	12	14
-1
1	959	130	16
-1
1	593	52	159
-1
1	203	159	27
-1
3	474	6	59
-1
1	427	165	178
-1
4	536	197	189
-1
3	792	47	172
-1
3	525	33	183
-1
2	262	26	120
-1
3	628	136	131
-1
3	43	22	13
-1
4	354	132	64
-1
1	180	124	22
-1
1	990	78	180
-1
2	919	152	144
-1
1	507	130	140
-1
2	630	17	138
-1
2	613	8	170
8	170	
1	484	84	147
-1
4	966	98	83
-1
3	378	125	56
-1
2	642	119	139
-1
2	815	72	62
-1
3	194	3	91
-1
3	890	144	194
-1
2	981	62	123
-1
3	519	168	91
-1
2	640	198	98
-1
1	787	162	134
-1
1	821	45	31
-1
1	228	162	155
-1
2	966	140	73
-1
4	979	133	97
-1
4	821	147	51
-1
3	615	141	195
-1
2	489	182	8
-1
1	980	162	176
-1
3	229	32	125
-1
2	762	72	38
-1
1	544	10	82
-1
2	498	182	43
-1
4	723	9	134
-1
4	219	126	66
-1
2	221	104	13
-1
2	15	76	105
76	5	86	32	105	
4	223	90	38
-1
1	350	131	199
-1
3	26	110	31
110	30	19	20	87	36	31	
4	863	90	102
-1
3	696	4	63
-1
4	490	147	44
-1
4	624	197	52
-1
2	441	119	177
-1
1	405	89	32
-1
1	61	61	107
61	14	6	11	107	
4	298	28	149
-1
2	97	2	79
2	6	11	5	79	
3	679	151	140
-1
2	332	128	181
-1
3	194	190	184
-1
3	437	37	83
-1
4	288	126	31
-1
1	416	101	149
-1
1	799	142	189
-1
4	257	98	49
-1
1	757	159	76
-1
1	435	56	29
-1
2	326	104	179
-1
2	307	182	58
-1
4	842	113	199
-1
3	124	106	35
-1
1	354	142	113
-1
4	254	181	165
-1
2	394	148	58
-1
4	995	98	156
-1
4	422	107	114
-1
1	251	63	121
-1
1	181	50	25
-1
3	239	175	6
-1
2	637	81	119
-1
2	424	123	176
-1
2	736	198	118
-1
2	900	104	50
-1
4	358	109	150
-1
1	513	103	47
-1
4	778	97	153
-1
2	98	70	16
-1
2	922	120	65
-1
1	280	101	191
-1
2	798	139	72
-1
2	725	127	146
-1
2	794	150	143
-1
3	644	85	198
-1
3	393	137	107
-1
3	191	94	9
-1
3	944	158	57
-1
2	111	135	126
-1
3	127	32	198
-1
3	317	106	98
-1
1	340	185	188
-1
1	685	134	66
-1
3	180	58	168
-1
4	177	53	52
-1
3	635	47	140
-1
1	595	39	185
-1
1	403	29	142
-1
1	481	124	28
-1
4	78	34	60
-1
1	727	112	117
-1
1	666	29	101
-1
2	531	120	186
-1
1	98	5	43
-1
3	102	136	46
-1
3	793	64	92
-1
2	178	51	82
-1
1	119	45	63
-1
3	747	48	186
-1
2	158	128	172
-1
1	626	5	35
-1
1	78	83	15
-1
2	663	148	135
-1
2	457	30	91
-1
1	903	80	26
-1
4	346	181	41
-1
3	180	173	91
-1
4	242	102	136
-1
1	179	21	135
-1
2	750	119	14
-1
2	137	76	170
-1
4	951	53	52
-1
1	885	130	199
-1
4	975	192	180
-1
2	752	200	59
-1
4	745	102	191
-1
2	235	200	164
-1
4	522	179	65
-1
1	8	172	37
172	14	6	2	44	37	
2	821	150	155
-1
1	390	52	182
-1
4	441	188	34
-1
1	991	138	115
-1
4	571	23	106
-1
2	981	149	106
-1
4	972	53	159
-1
4	687	197	110
-1
2	303	183	40
-1
3	940	57	11
-1
3	46	64	161
64	4	2	6	161	
3	780	85	164
-1
1	765	74	151
-1
2	80	67	88
-1
4	737	9	62
-1
4	194	179	163
-1
1	705	112	15
-1
1	614	83	163
-1
3	806	169	145
-1
4	816	71	1
-1
1	528	162	17
-1
2	691	8	101
-1
2	793	139	126
-1
1	433	103	144
-1
1	494	134	153
-1
4	8	71	83
71	8	94	2	4	83	
2	374	16	194
-1
2	336	120	28
-1
2	833	86	196
-1
3	385	91	67
-1
3	1	58	180
58	27	4	2	6	180	
1	853	138	187
-1
4	331	28	77
-1
1	874	21	180
-1
4	178	53	65
-1
4	813	98	135
-1
3	758	58	103
-1
2	986	31	22
-1
2	181	119	59
-1
1	999	103	101
-1
1	379	87	159
-1
1	717	88	96
-1
1	794	92	75
-1
3	725	22	47
-1
3	589	48	51
-1
4	476	177	101
-1
1	578	189	158
-1
4	951	147	140
-1
4	210	132	10
-1
3	510	64	112
-1
1	20	63	199
63	8	94	2	6	14	199	
3	267	41	38
-1
4	294	109	129
-1
4	540	102	103
-1
3	791	178	150
-1
1	243	167	126
-1
1	552	42	67
-1
3	91	19	13
19	30	6	13	
3	253	169	96
-1
1	164	130	159
-1
4	914	192	21
-1
1	151	11	13
11	6	13	
1	432	78	74
-1
1	734	171	127
-1
2	635	62	105
-1
3	312	4	71
-1
1	578	46	64
-1
4	542	197	34
-1
2	189	40	154
-1
1	348	92	84
-1
2	720	55	75
-1
3	685	169	37
-1
4	958	71	66
-1
4	684	102	188
-1
3	588	187	50
-1
3	610	173	53
-1
3	225	37	51
-1
3	10	166	47
166	7	2	6	11	47	
4	564	108	38
-1
3	799	48	129
-1
2	225	195	136
-1
1	861	115	104
-1
1	327	199	126
-1
4	914	108	180
-1
1	515	191	118
-1
1	568	131	91
-1
1	370	92	127
-1
2	416	117	92
-1
1	854	78	151
-1
3	934	41	199
-1
1	469	39	145
-1
4	724	15	11
-1
2	850	76	9
-1
4	629	154	68
-1
2	498	67	59
-1
1	388	134	141
-1
1	666	101	32
-1
3	910	22	100
-1
3	660	37	178
-1
1	810	42	170
-1
2	355	128	161
-1
3	365	196	175
-1
2	526	120	50
-1
4	793	121	3
-1
1	203	101	22
-1
2	343	198	155
-1
1	527	138	7
-1
3	978	3	180
-1
1	355	112	16
-1
1	925	124	10
-1
3	485	85	137
-1
1	611	191	84
-1
3	461	156	155
-1
3	415	33	75
-1
4	388	177	127
-1
4	894	132	125
-1
1	852	74	62
-1
2	631	152	16
-1
1	999	130	128
-1
1	160	84	3
-1
2	48	160	87
-1
3	131	196	78
-1
2	486	7	185
-1
3	312	19	169
-1
3	239	33	145
-1
3	763	173	76
-1
2	976	66	102
-1
2	191	70	53
-1
3	670	100	182
-1
1	424	50	18
-1
4	911	9	129
-1
1	540	56	125
-1
3	324	187	83
-1
1	844	24	101
-1
1	188	87	85
-1
3	616	125	57
-1
1	469	39	75
-1
1	921	14	144
-1
3	655	157	195
-1
3	24	178	45
178	3	12	15	45	
2	952	2	53
-1
3	628	64	61
-1
3	310	3	199
-1
1	810	78	22
-1
4	895	121	108
-1
3	303	60	185
-1
3	577	75	23
-1
2	272	143	189
-1
2	667	16	97
-1
3	463	22	26
-1
1	115	45	27
-1
3	727	196	90
-1
3	725	176	44
-1
3	298	85	121
-1
3	758	47	193
-1
1	342	93	53
-1
2	516	195	79
-1
1	256	124	174
-1
2	752	195	189
-1
3	378	13	162
-1
3	556	75	6
-1
1	198	142	153
-1
4	841	20	128
-1
1	514	145	165
-1
1	706	42	11
-1
1	310	199	103
-1
1	589	92	97
-1
2	362	8	172
-1
1	902	63	167
-1
1	863	167	131
-1
2	268	96	158
-1
1	772	52	51
-1
2	300	200	70
-1
3	864	193	166
-1
3	274	106	8
106	8	
2	128	163	158
-1
2	24	73	50
73	9	6	2	50	
3	596	13	57
-1
2	114	174	71
-1
3	596	75	37
-1
3	505	137	132
-1
3	955	156	135
-1
2	377	127	134
-1
3	142	178	126
-1
3	549	193	183
-1
1	707	18	98
-1
1	308	145	122
-1
4	164	121	134
-1
3	234	68	107
-1
4	623	181	133
-1
2	706	128	69
-1
3	40	33	176
33	14	6	13	176	
2	526	139	102
-1
1	651	115	32
-1
4	986	9	24
-1
3	883	157	42
-1
4	4	15	186
15	12	11	186	
4	937	122	106
-1
3	395	37	125
-1
4	927	23	57
-1
1	747	45	185
-1
2	122	150	169
-1
1	175	142	107
-1
2	206	67	174
-1
4	430	69	182
-1
3	823	6	90
-1
1	160	88	57
-1
1	818	43	130
-1
1	742	131	167
-1
3	399	125	141
-1
3	383	3	185
-1
2	551	149	86
-1
3	209	22	179
-1
4	382	197	45
-1
4	915	154	66
-1
2	5	183	71
183	10	18	8	71	
3	61	157	111
157	11	6	111	
2	390	117	105
-1
1	508	134	36
-1
3	648	75	160
-1
2	432	73	115
-1
2	270	7	63
-1
4	848	109	37
-1
1	45	118	33
118	12	15	16	33	
2	862	51	138
-1
3	284	166	73
-1
3	546	170	29
-1
2	651	182	145
-1
1	886	171	78
-1
4	997	79	105
-1
1	911	78	177
-1
2	726	62	136
-1
1	562	131	44
-1
1	946	130	113
-1
4	83	126	164
-1
2	107	139	81
-1
4	136	23	50
-1
3	680	168	183
-1
3	910	170	105
-1
2	214	55	183
-1
3	342	4	13
-1
4	677	114	74
-1
1	121	191	4
-1
2	233	104	85
-1
3	748	1	163
-1
1	228	84	101
-1
3	29	190	123
190	6	2	66	15	17	123	
1	211	77	43
-1
3	516	157	12
-1
1	450	18	19
-1
2	662	31	22
-1
1	935	172	87
-1
1	890	49	78
-1
4	375	121	181
-1
1	137	153	182
-1
1	37	101	17
101	2	66	15	17	
2	712	128	158
-1
3	706	157	187
-1
2	669	119	143
-1
4	487	34	112
-1
1	508	84	142
-1
4	347	97	65
-1
3	24	32	113
32	86	5	113	
4	156	121	33
-1
3	689	47	138
-1
2	57	135	38
-1
1	367	124	117
-1
1	753	35	25
-1
1	895	92	144
-1
2	406	160	177
-1
3	499	47	12
-1
3	163	106	109
-1
1	428	52	92
-1
2	412	27	12
-1
2	349	135	11
-1
4	338	23	145
-1
3	255	32	68
-1
2	831	198	54
-1
2	574	150	145
-1
3	703	196	105
-1
1	666	153	103
-1
2	774	51	8
-1
1	17	165	12
165	4	2	6	11	12	
4	581	192	38
-1
3	191	156	124
-1
2	335	104	99
-1
2	755	194	130
-1
2	160	200	127
-1
2	905	30	76
-1
3	361	156	23
-1
3	663	58	175
-1
3	670	75	177
-1
3	433	1	141
-1
2	623	17	85
-1
4	746	197	40
-1
3	844	187	95
-1
1	973	74	40
-1
1	851	180	39
-1
2	878	139	69
-1
1	300	43	176
-1
2	874	155	185
-1
2	450	17	59
-1
1	543	39	59
-1
4	579	71	76
-1
1	970	45	24
-1
1	64	191	11
191	23	7	2	6	11	
3	256	186	36
-1
4	94	111	15
-1
3	114	161	105
-1
1	889	39	100
-1
1	473	138	54
-1
3	884	164	71
-1
1	542	165	61
-1
4	169	107	83
-1
3	993	37	128
-1
3	555	6	70
-1
3	190	22	55
-1
1	356	77	117
-1
3	860	170	78
-1
3	959	36	68
-1
1	13	124	157
124	15	12	11	157	
2	35	149	120
149	5	11	6	13	120	
3	47	32	37
32	86	18	60	44	37	
3	129	173	95
-1
3	608	94	132
-1
2	877	86	137
-1
2	484	40	110
-1
1	400	29	186
-1
3	829	136	108
-1
2	296	195	143
-1
4	805	154	18
-1
1	876	118	166
-1
2	312	104	149
-1
2	7	150	74
150	11	5	74	
1	538	78	167
-1
2	226	86	4
-1
4	136	114	43
-1
4	873	197	23
-1
2	532	149	158
-1
4	874	129	152
-1
2	844	25	57
-1
4	561	181	126
-1
1	910	56	29
-1
3	135	168	178
-1
2	701	174	56
-1
1	304	63	93
-1
1	498	88	158
-1
3	120	175	155
-1
3	229	48	55
-1
4	332	179	183
-1
1	741	5	159
-1
2	466	200	139
-1
2	895	160	147
-1
1	72	21	114
-1
2	479	155	39
-1
2	371	7	53
-1
2	329	62	140
-1
1	835	159	67
-1
2	641	30	66
-1
1	223	10	44
-1
1	934	142	200
-1
2	224	82	151
-1
4	970	147	111
-1
3	483	41	83
-1
1	473	65	190
-1
2	125	143	196
-1
2	17	66	10
66	15	12	10	
2	283	146	168
-1
4	148	132	150
-1
1	143	172	159
-1
2	495	146	52
-1
4	45	79	133
79	20	87	18	133	
1	707	103	32
-1
2	742	72	24
-1
4	931	107	88
-1
1	678	131	31
-1
1	287	56	96
-1
1	607	24	193
-1
3	108	106	124
-1
1	666	5	95
-1
4	670	147	192
-1
3	802	41	71
-1
3	585	38	125
-1
3	209	144	196
-1
3	96	85	54
-1
1	78	167	185
-1
1	525	45	192
-1
1	117	83	15
-1
3	40	41	72
41	5	76	7	72	
2	286	148	76
-1
3	78	166	22
-1
1	700	35	15
-1
4	24	188	52
188	12	1	20	19	52	
3	371	173	147
-1
4	225	133	32
-1
4	761	28	150
-1
3	752	106	194
-1
2	918	182	77
-1
4	189	99	69
-1
4	64	90	17
-1
3	37	176	182
-1
1	251	5	168
-1
2	454	104	155
-1
2	353	127	79
-1
4	336	97	11
-1
2	685	73	39
-1
1	79	185	96
-1
3	507	136	29
-1
1	575	5	127
-1
3	743	193	17
-1
2	676	8	144
-1
1	43	45	100
45	15	12	34	73	9	100	
3	998	47	3
-1
1	828	101	81
-1
4	39	53	129
-1
4	429	188	2
-1
1	724	24	186
-1
4	504	102	74
-1
2	831	160	30
-1
1	799	87	23
-1
1	694	29	30
-1
4	593	105	26
-1
4	547	99	73
-1
2	227	96	125
-1
1	355	124	129
-1
4	508	114	68
-1
1	446	142	91
-1
2	271	17	193
-1
2	900	120	104
-1
4	522	102	190
-1
3	904	100	171
-1
1	729	145	27
-1
3	953	137	125
-1
1	677	83	173
-1
1	605	61	48
-1
2	72	16	161
16	33	14	6	161	
3	763	75	102
-1
2	107	120	70
-1
3	610	190	189
-1
1	552	42	91
-1
2	674	163	142
-1
1	300	18	87
-1
4	176	99	23
-1
2	948	51	58
-1
2	147	128	118
-1
4	107	132	85
-1
3	960	4	112
-1
1	429	118	31
-1
1	370	24	173
-1
1	260	185	14
-1
1	601	88	128
-1
3	439	161	98
-1
4	14	12	196
12	11	6	2	196	
4	871	188	46
-1
1	940	87	173
-1
4	577	34	57
-1
1	288	92	12
92	1	12	
1	870	52	129
-1
3	242	32	152
-1
3	7	1	88
1	12	11	6	88	
4	687	12	176
-1
1	184	165	88
-1
3	579	3	100
-1
2	824	16	39
-1
3	949	38	77
-1
3	205	178	110
-1
2	16	155	154
155	8	94	2	154	
3	496	41	157
-1
3	399	110	188
-1
2	686	104	141
-1
2	261	62	104
-1
2	501	148	68
-1
1	1000	131	71
-1
4	638	109	38
-1
3	714	85	76
-1
3	376	33	53
-1
1	81	189	158
189	14	158	
3	437	156	150
-1
2	576	51	11
-1
1	868	49	66
-1
2	572	86	128
-1
4	639	99	75
-1
1	861	199	6
-1
2	899	150	66
-1
2	974	139	150
-1
3	378	4	134
-1
4	687	179	122
-1
4	836	59	29
-1
3	398	47	31
-1
4	264	23	31
-1
4	791	90	117
-1
3	665	13	15
-1
1	422	52	165
-1
3	288	64	114
-1
1	789	162	52
-1
1	523	87	55
-1
2	396	16	186
-1
4	777	102	196
-1
1	807	89	43
-1
1	238	87	17
-1
2	754	150	58
-1
2	320	140	71
-1
3	436	156	74
-1
1	749	130	137
-1
3	952	169	51
-1
3	406	157	89
-1
2	543	31	57
-1
4	739	179	110
-1
2	133	155	199
-1
3	301	161	85
-1
2	758	198	186
-1
1	780	103	77
-1
2	653	174	184
-1
4	942	9	113
-1
3	192	157	81
-1
3	432	60	190
-1
1	688	18	20
-1
2	998	160	198
-1
1	196	50	104
-1
1	32	134	65
134	17	15	16	78	5	65	
4	769	34	14
-1
3	197	144	117
-1
3	980	75	90
-1
1	245	80	51
-1
1	925	21	159
-1
3	866	164	19
-1
2	886	195	36
-1
1	435	35	147
-1
3	939	32	197
-1
4	555	179	82
-1
1	168	162	68
-1
2	236	82	163
-1
1	78	78	37
-1
3	128	57	116
-1
1	838	101	136
-1
3	456	178	99
-1
1	443	43	46
-1
2	990	81	80
-1
2	538	67	63
-1
3	219	157	41
-1
4	686	111	154
-1
2	48	30	35
30	19	20	35	
1	437	18	112
-1
3	152	95	120
-1
2	840	174	173
-1
1	338	11	150
-1
3	135	19	144
-1
1	214	61	176
-1
1	276	50	42
-1
2	868	139	198
-1
3	21	158	60
158	14	6	2	44	60	
2	855	195	89
-1
2	918	195	106
-1
2	838	31	152
-1
1	210	134	77
-1
3	311	173	40
-1
1	6	63	58
63	8	18	10	58	
4	181	197	70
-1
2	974	163	72
-1
3	323	190	10
-1
1	782	10	167
-1
2	871	30	114
-1
3	528	37	108
-1
3	832	106	90
-1
2	908	143	23
-1
2	947	104	148
-1
3	756	166	10
-1
1	426	172	158
-1
2	649	104	72
-1
1	258	78	62
-1
2	177	152	23
-1
1	90	134	52
-1
3	749	156	40
-1
1	590	83	98
-1
2	764	66	192
-1
2	111	174	96
-1
2	672	72	13
-1
1	230	180	136
-1
3	701	157	40
-1
1	714	5	69
-1
2	136	62	20
62	19	20	
3	340	38	105
-1
4	531	79	60
-1
4	628	179	95
-1
3	820	168	160
-1
4	667	132	85
-1
2	479	194	157
-1
2	615	66	88
-1
3	606	95	44
-1
4	74	147	200
-1
1	45	14	13
14	6	13	
2	950	148	51
-1
1	361	39	81
-1
3	455	170	60
170	8	60	
2	415	149	27
-1
3	499	168	110
-1
4	7	34	104
34	12	15	66	14	104	
1	694	65	169
-1
4	689	79	15
-1
1	288	84	161
-1
4	101	109	173
-1
4	303	105	73
-1
3	335	6	111
-1
1	594	167	32
-1
1	373	21	181
-1
3	82	187	148
187	1	12	148	
2	185	86	134
-1
2	353	44	198
-1
1	519	138	28
-1
3	680	178	63
-1
1	604	18	123
-1
2	428	70	27
-1
1	491	172	185
-1
3	322	106	151
-1
1	254	52	171
-1
1	754	24	158
-1
4	839	105	195
-1
1	988	42	38
-1
2	815	146	127
-1
1	629	65	105
-1
2	151	96	122
-1
2	129	51	143
-1
4	513	79	114
-1
4	15	121	171
121	11	5	171	
2	386	194	174
-1
3	95	48	197
-1
3	289	1	54
-1
1	678	39	47
-1
2	605	26	192
-1
4	461	192	56
-1
4	534	20	103
-1
4	276	122	154
-1
2	341	2	184
-1
2	63	67	104
-1
3	37	33	97
33	16	97	
3	985	170	144
-1
3	990	64	96
-1
2	236	104	86
-1
1	428	134	63
-1
1	435	138	54
-1
2	938	150	25
-1
1	891	83	98
-1
3	74	110	52
110	30	14	52	
1	977	50	70
-1
1	625	112	102
-1
3	569	100	72
-1
3	616	85	135
-1
2	902	26	191
-1
2	764	62	124
-1
1	370	89	13
-1
2	346	123	162
-1
4	844	12	196
-1
4	47	102	105
-1
2	116	127	106
-1
1	417	103	169
-1
1	688	80	21
-1
3	375	48	105
-1
4	117	15	82
-1
2	240	116	143
-1
3	404	32	183
-1
3	717	1	58
-1
2	712	146	69
-1
3	368	141	171
-1
3	25	187	49
187	1	12	15	49	
4	393	102	104
-1
4	213	71	183
-1
3	469	110	30
-1
1	151	84	44
-1
2	845	152	112
-1
3	628	144	143
-1
2	285	146	95
-1
2	753	62	40
-1
3	275	125	133
-1
1	924	92	119
-1
2	27	116	173
116	16	96	173	
1	209	61	43
-1
2	390	25	152
-1
1	185	46	188
-1
3	848	196	139
-1
4	790	192	82
-1
3	436	19	179
-1
2	428	55	41
-1
2	960	8	165
-1
4	430	34	9
-1
3	602	157	124
-1
2	244	135	136
-1
3	748	95	161
-1
1	135	84	6
-1
1	873	21	153
-1
3	906	68	144
-1
1	285	10	115
-1
1	77	45	169
-1
2	641	72	128
-1
2	49	183	162
183	10	11	12	162	
3	325	13	70
-1
1	860	14	157
-1
1	572	10	51
-1
3	577	157	87
-1
3	81	91	107
91	10	11	107	
1	577	115	126
-1
1	691	21	135
-1
3	59	57	132
-1
4	139	133	155
-1
3	500	125	138
-1
2	121	174	150
-1
1	677	50	163
-1
4	728	109	172
-1
2	366	81	80
-1
4	424	9	170
-1
4	749	90	85
-1
2	836	66	57
-1
4	767	108	65
-1
1	321	118	197
-1
1	458	56	121
-1
2	959	155	46
-1
2	74	76	95
76	7	2	6	14	95	
2	397	152	156
-1
2	677	31	36
-1
4	46	197	196
-1
3	82	19	37
-1
2	690	120	54
-1
2	154	155	161
-1
2	902	73	79
-1
3	223	193	134
-1
3	220	3	41
-1
4	515	113	68
-1
3	670	186	171
-1
2	257	183	2
-1
1	852	11	149
-1
1	241	56	120
-1
4	294	90	39
-1
4	55	179	145
-1
3	933	85	17
-1
3	418	186	161
-1
2	658	160	115
-1
1	477	180	28
-1
1	848	46	165
-1
2	849	67	99
-1
2	549	123	109
-1
4	668	126	117
-1
3	658	166	6
-1
3	354	60	136
-1
2	170	66	172
66	14	172	
2	483	150	158
-1
1	749	167	69
-1
4	928	177	200
-1
4	93	53	45
-1
3	343	100	111
-1
3	652	100	185
-1
3	120	1	63
-1
4	477	20	180
-1
1	412	78	191
-1
2	784	31	56
-1
1	493	153	5
-1
3	761	187	124
-1
2	161	135	100
-1
1	557	63	104
-1
4	620	107	4
-1
1	956	49	55
-1
1	770	52	55
-1
1	950	171	75
-1
3	492	47	104
-1
1	748	11	134
-1
2	704	146	38
-1
3	427	38	176
-1
2	278	150	111
-1
2	382	62	125
-1
1	937	171	31
-1
3	791	190	79
-1
1	846	145	131
-1
1	472	115	53
-1
2	975	16	100
-1
4	60	107	62
-1
3	898	6	7
-1
3	673	110	196
-1
1	135	88	97
-1
1	859	118	159
-1
4	289	99	129
-1
3	120	187	70
-1
4	2	177	166
177	3	81	2	7	166	
2	54	174	32
-1
1	105	45	47
45	15	47	
1	566	171	106
-1
2	572	31	111
-1
1	319	80	172
-1
2	216	104	60
-1
1	774	39	177
-1
4	254	97	27
-1
1	275	138	13
-1
3	440	57	141
-1
1	872	10	67
-1
3	870	64	63
-1
2	575	120	34
-1
3	86	85	64
-1
4	457	9	95
-1
2	468	127	198
-1
1	396	142	36
-1
2	622	67	85
-1
2	786	72	22
-1
2	679	146	30
-1
1	145	138	39
-1
4	359	9	53
-1
1	592	78	172
-1
4	607	53	57
-1
4	301	90	17
-1
2	699	146	143
-1
1	286	14	37
-1
3	570	161	55
-1
2	543	183	79
-1
2	972	120	24
-1
2	210	198	161
-1
3	663	94	121
-1
1	786	5	199
-1
2	442	148	3
-1
2	258	155	92
-1
2	553	7	189
-1
3	541	57	154
-1
3	995	95	115
-1
3	873	64	97
-1
2	449	7	168
-1
1	161	130	118
-1
2	234	140	11
-1
4	832	154	15
-1
2	586	139	163
-1
4	877	133	69
-1
1	865	142	27
-1
1	19	46	36
46	4	27	19	20	87	36	
3	733	186	130
-1
4	981	133	145
-1
3	900	157	103
-1
1	817	5	33
-1
1	228	118	124
-1
3	194	151	29
-1
1	308	134	119
-1
4	528	71	3
-1
4	507	147	145
-1
2	942	163	190
-1
4	823	133	128
-1
2	719	17	60
-1
2	822	149	16
-1
1	806	49	173
-1
1	881	65	42
-1
2	61	44	144
-1
3	779	190	29
-1
4	182	97	99
-1
4	878	177	197
-1
1	419	83	159
-1
1	346	24	44
-1
2	357	198	12
-1
3	325	68	161
-1
3	49	41	161
41	5	11	6	161	
1	690	46	25
-1
1	833	78	21
-1
1	13	138	10
138	10	
2	111	117	58
-1
1	707	50	34
-1
4	665	79	116
-1
4	60	97	91
97	10	91	
2	272	195	40
-1
1	984	103	108
-1
2	744	27	148
-1
3	368	75	146
-1
2	140	116	23
-1
3	901	100	161
-1
1	959	112	29
-1
3	544	22	30
-1
2	460	128	108
-1
1	702	145	156
-1
3	742	156	102
-1
2	1	27	157
27	4	2	6	11	157	
1	948	10	183
-1
1	93	153	10
-1
2	668	73	77
-1
3	380	164	177
-1
1	8	65	40
65	5	78	16	15	40	
4	789	23	14
-1
3	248	166	93
-1
4	155	177	37
-1
2	857	31	145
-1
1	413	124	171
-1
1	147	124	133
-1
4	108	71	37
-1
2	985	116	61
-1
2	313	183	25
-1
4	104	114	89
-1
4	117	121	63
-1
1	410	61	180
-1
3	998	60	109
-1
1	942	14	139
-1
3	865	22	62
-1
3	397	186	185
-1
3	985	85	7
-1
4	646	192	74
-1
2	222	128	8
-1
2	910	40	121
-1
2	724	96	193
-1
4	503	12	5
-1
1	411	21	64
-1
1	501	171	78
-1
1	162	112	99
-1
3	98	176	37
-1
1	257	124	121
-1
1	730	61	112
-1
3	890	106	192
-1
2	410	127	183
-1
4	355	188	78
-1
1	159	63	90
-1
1	423	165	62
-1
2	652	128	32
-1
4	350	28	144
-1
1	338	142	71
-1
1	58	39	147
-1
3	322	95	7
-1
4	113	177	64
-1
2	95	66	142
-1
2	373	27	81
-1
4	414	133	143
-1
1	275	92	59
-1
2	307	66	138
-1
2	802	117	166
-1
1	272	18	59
-1
3	170	156	49
-1
3	776	13	144
-1
1	791	134	72
-1
2	84	198	89
-1
1	564	93	115
-1
2	658	17	200
-1
2	517	30	91
-1
2	254	104	156
-1
1	371	10	72
-1
1	381	11	89
-1
1	30	35	196
35	20	19	62	7	2	196	
3	573	4	9
-1
4	796	132	94
-1
1	884	74	44
-1
3	950	158	136
-1
2	349	73	104
-1
1	591	131	133
-1
1	746	199	188
-1
3	169	4	198
-1
2	210	127	160
-1
4	205	107	146
-1
3	565	136	150
-1
3	611	60	33
-1
2	454	55	106
-1
4	541	90	15
-1
4	244	192	88
-1
1	328	92	170
-1
1	715	83	120
-1
1	712	180	123
-1
2	824	149	49
-1
3	969	110	108
-1
4	670	114	43
-1
2	702	31	55
-1
3	560	41	61
-1
1	326	46	151
-1
3	213	186	94
-1
4	934	181	185
-1
4	653	108	67
-1
3	328	22	199
-1
2	328	86	99
-1
1	35	61	8
61	56	55	60	8	
1	830	29	73
-1
2	284	51	103
-1
2	544	104	95
-1
1	846	63	140
-1
1	139	189	125
-1
1	124	153	105
-1
1	742	39	164
-1
1	740	43	186
-1
4	638	122	23
-1
1	645	50	83
-1
3	670	36	63
-1
2	572	17	113
-1
3	667	100	17
-1
3	758	196	31
-1
3	683	193	171
-1
4	739	132	76
-1
2	255	7	66
-1
3	240	100	108
-1
2	462	40	182
-1
1	96	29	183
-1
2	758	26	18
-1
3	823	95	35
-1
1	991	18	86
-1
3	173	36	33
-1
2	344	194	178
-1
4	771	28	109
-1
1	36	118	67
118	12	1	92	67	
1	495	172	166
-1
2	476	163	157
-1
3	658	176	138
-1
4	428	71	163
-1
4	614	181	9
-1
3	851	3	26
-1
3	36	193	14
193	84	8	94	2	6	14	
1	13	165	159
165	4	27	19	20	87	36	159	
3	273	60	186
-1
2	291	30	55
-1
2	808	17	27
-1
3	565	64	189
-1
3	254	91	117
-1
1	168	101	187
-1
2	976	128	167
-1
1	953	93	121
-1
3	118	95	65
-1
1	876	130	30
-1
3	613	94	41
-1
3	68	166	23
166	7	23	
2	494	8	39
-1
2	834	16	54
-1
4	550	132	145
-1
1	89	185	45
-1
2	207	152	124
-1
2	728	127	168
-1
2	992	31	62
-1
2	173	149	144
-1
1	614	24	37
-1
3	436	37	155
-1
1	26	56	162
56	55	80	15	12	162	
1	880	101	177
-1
1	176	134	108
-1
3	220	36	44
-1
2	495	76	195
-1
2	262	82	73
-1
3	723	161	56
-1
1	618	153	4
-1
1	255	77	179
-1
1	961	42	167
-1
1	322	77	22
-1
2	851	55	122
-1
2	758	86	8
-1
1	2	61	43
61	14	66	15	43	
3	748	32	70
-1
4	621	126	151
-1
2	628	139	112
-1
3	831	13	16
-1
2	161	31	92
-1
3	528	37	134
-1
4	349	197	162
-1
1	471	118	168
-1
3	78	168	5
-1
1	72	78	65
78	5	65	
2	541	31	48
-1
3	43	178	173
-1
2	954	150	63
-1
4	321	177	76
-1
1	965	159	106
-1
2	850	120	142
-1
3	763	47	90
-1
2	83	195	7
-1
2	687	17	127
-1
3	752	94	4
-1
2	199	117	34
-1
3	524	57	163
-1
3	338	100	113
-1
1	13	5	41
5	41	
1	870	78	200
-1
2	163	194	119
-1
1	852	43	165
-1
3	611	157	111
-1
1	937	39	128
-1
4	940	126	173
-1
1	325	29	90
-1
2	487	27	98
-1
4	751	102	149
-1
4	392	192	106
-1
3	591	4	183
-1
2	861	26	176
-1
4	25	188	170
188	12	15	43	8	170	
2	487	40	126
-1
1	14	50	117
50	2	6	14	117	
1	739	138	42
-1
1	28	29	70
29	49	17	10	18	70	
1	477	153	48
-1
1	426	191	102
-1
1	531	142	93
-1
3	465	85	96
-1
2	192	27	121
-1
1	561	87	61
-1
1	38	63	52
63	8	94	2	6	14	52	
2	354	149	53
-1
1	195	115	190
-1
4	16	53	18
53	6	11	10	18	
3	664	32	122
-1
4	717	108	64
-1
3	809	85	5
-1
4	656	15	41
-1
4	129	79	67
79	20	1	92	67	
2	389	70	153
-1
2	992	182	15
-1
4	844	20	116
-1
3	233	125	30
-1
2	802	72	34
-1
1	875	87	65
-1
4	938	102	124
-1
1	95	18	9
-1
3	735	178	175
-1
4	154	34	54
-1
1	506	162	75
-1
4	873	102	9
-1
1	388	93	180
-1
3	417	136	104
-1
2	402	120	175
-1
2	18	73	14
73	9	6	14	
4	741	147	67
-1
3	701	36	37
-1
1	76	130	14
130	14	
2	681	17	47
-1
3	707	170	160
-1
3	715	75	61
-1
4	94	99	153
-1
2	550	86	40
-1
2	276	54	159
-1
2	641	55	183
-1
2	308	72	129
-1
3	344	166	165
-1
1	909	65	46
-1
1	308	92	62
-1
1	667	124	183
-1
2	80	31	10
-1
4	184	97	108
-1
2	824	143	194
-1
1	934	92	199
-1
1	669	167	54
-1
2	197	8	125
-1
2	513	67	41
-1
1	711	162	106
-1
2	524	70	149
-1
4	107	129	73
-1
3	668	196	55
-1
2	375	27	103
-1
1	320	10	45
-1
1	919	185	136
-1
4	924	71	55
-1
2	648	139	14
-1
1	241	87	80
-1
2	698	152	193
-1
1	446	63	62
-1
3	870	137	191
-1
1	324	43	138
-1
2	227	62	116
-1
3	23	37	125
37	44	2	125	
4	911	108	62
-1
2	165	26	84
-1
2	130	149	22
-1
2	409	149	60
-1
1	401	189	11
-1
2	14	86	24
86	18	87	20	1	24	
1	556	83	161
-1
1	45	153	155
-1
4	560	28	17
-1
3	637	6	5
-1
1	450	29	112
-1
2	933	139	90
-1
2	754	55	190
-1
4	813	184	138
-1
3	976	144	78
-1
2	599	96	115
-1
4	911	109	150
-1
2	666	17	102
-1
3	234	13	129
-1
3	638	173	135
-1
3	901	161	115
-1
1	590	10	53
-1
1	980	142	107
-1
3	69	47	90
-1
1	99	11	33
11	6	14	33	
3	413	186	128
-1
3	162	137	188
-1
3	215	47	156
-1
3	896	64	169
-1
1	782	49	93
-1
2	896	86	53
-1
2	148	139	14
-1
2	406	128	155
-1
4	95	107	1
-1
2	679	128	163
-1
2	558	26	149
-1
3	97	190	85
190	6	11	85	
2	853	104	83
-1
1	573	118	99
-1
3	465	13	147
-1
2	869	146	185
-1
3	882	41	123
-1
4	788	188	2
-1
1	340	145	61
-1
1	702	39	188
-1
4	202	69	13
-1
3	86	178	154
-1
3	321	75	57
-1
4	571	79	127
-1
2	717	51	91
-1
2	453	67	37
-1
1	975	87	77
-1
3	577	168	17
-1
4	237	107	161
-1
1	376	46	152
-1
4	740	99	20
-1
1	93	101	198
-1
1	302	138	24
-1
3	228	58	102
-1
4	118	28	104
-1
4	754	97	170
-1
2	383	149	56
-1
2	799	76	175
-1
1	111	52	81
-1
2	62	40	78
40	15	16	78	
4	34	15	176
15	12	11	6	13	176	
4	583	154	76
-1
2	158	198	14
-1
4	259	99	23
-1
4	514	126	3
-1
3	35	196	99
196	2	66	15	47	32	99	
1	42	101	199
101	2	6	14	199	
1	768	83	74
-1
3	648	33	125
-1
3	77	144	116
-1
3	404	157	130
-1
1	832	142	35
-1
1	445	124	33
-1
2	619	81	131
-1
3	221	91	9
-1
1	671	5	4
-1
3	70	190	104
190	6	14	104	
2	743	31	139
-1
2	620	198	171
-1
4	935	197	66
-1
2	417	25	23
-1
1	451	29	164
-1
3	835	60	40
-1
1	518	56	72
-1
2	726	26	163
-1
3	281	47	118
-1
4	584	69	60
-1
3	74	91	90
-1
3	845	33	40
-1
3	710	4	36
-1
1	84	138	61
-1
3	1000	106	41
-1
3	391	157	100
-1
2	62	143	107
-1
3	976	60	132
-1
3	646	137	130
-1
3	105	169	199
-1
1	394	153	88
-1
3	633	178	72
-1
3	821	22	75
-1
1	33	84	165
84	8	94	2	4	165	
2	673	119	70
-1
1	924	118	178
-1
4	230	108	121
-1
4	561	122	132
-1
4	491	97	21
-1
1	41	142	189
-1
1	280	46	93
-1
4	304	192	71
-1
3	730	176	44
-1
3	494	196	127
-1
1	364	180	46
-1
1	493	52	115
-1
3	365	176	175
-1
3	497	4	96
-1
2	669	117	192
-1
1	457	159	86
-1
3	502	151	83
-1
2	172	182	74
-1
3	15	85	2
85	11	6	2	
4	94	15	149
-1
3	139	60	129
-1
3	205	175	180
-1
3	979	68	107
-1
3	874	32	62
-1
1	218	80	178
-1
2	303	148	88
-1
3	585	157	38
-1
3	811	58	172
-1
4	612	181	56
-1
2	160	195	22
-1
2	488	40	82
-1
1	620	130	8
-1
2	478	135	75
-1
4	939	113	59
-1
2	269	139	138
-1
3	956	156	38
-1
1	746	10	146
-1
2	269	194	3
-1
3	124	156	183
-1
1	98	167	129
-1
4	331	79	169
-1
1	538	118	98
-1
3	565	137	184
-1
1	423	14	97
-1
4	312	105	187
-1
3	901	173	142
-1
1	646	80	151
-1
4	400	177	96
-1
1	982	45	4
-1
4	463	121	122
-1
1	583	18	200
-1
3	832	100	118
-1
3	416	37	6
-1
1	664	153	20
-1
2	450	127	76
-1
1	343	39	48
-1
3	645	91	127
-1
3	292	137	56
-1
3	95	136	100
-1
2	17	70	172
70	18	10	11	6	14	172	
1	216	84	141
-1
2	885	66	40
-1
4	291	97	29
-1
3	262	64	181
-1
2	737	127	108
-1
2	336	128	98
-1
2	14	70	140
70	18	60	44	2	140	
4	869	114	76
-1
3	521	6	164
-1
1	92	52	185
52	14	6	11	185	
4	33	69	68
69	80	15	16	68	
3	672	36	85
-1
2	900	120	133
-1
1	633	162	197
-1
4	940	23	75
-1
4	189	111	3
-1
1	928	46	24
-1
3	156	60	90
-1
2	271	128	95
-1
3	255	48	146
-1
1	274	92	166
-1
1	910	124	1
-1
4	642	147	72
-1
3	590	47	34
-1
2	65	31	56
-1
3	219	170	119
-1
3	42	110	164
-1
3	883	37	23
-1
3	977	144	103
-1
1	475	14	102
-1
4	392	20	193
-1
1	592	93	68
-1
2	663	2	15
-1
3	248	196	13
196	2	6	13	
1	256	185	43
-1
3	774	1	164
-1
3	137	19	73
19	73	
3	712	13	61
-1
3	366	95	5
-1
1	619	24	18
-1
1	212	50	38
-1
3	231	41	82
-1
4	645	184	84
-1
2	57	198	79
198	18	87	20	79	
1	99	46	15
-1
1	62	101	16
101	2	66	15	16	
2	486	26	186
-1
4	947	114	150
-1
2	951	25	197
-1
1	768	142	20
-1
3	357	161	21
-1
1	639	124	61
-1
4	874	154	44
-1
1	704	199	41
-1
2	718	7	38
-1
3	685	58	138
-1
4	471	71	163
-1
3	172	157	77
-1
1	968	103	53
-1
1	539	5	195
-1
1	359	172	107
-1
2	171	81	30
-1
2	566	119	135
-1
3	207	144	133
-1
3	396	47	92
-1
2	334	116	149
-1
3	848	1	19
-1
4	76	23	175
-1
2	729	194	29
-1
1	875	162	33
-1
3	133	100	157
-1
1	362	11	37
-1
4	496	181	107
-1
4	181	99	50
-1
3	824	57	48
-1
1	172	52	163
-1
1	342	185	163
-1
3	469	186	185
-1
3	497	60	179
-1
2	730	140	92
-1
3	638	166	143
-1
4	874	98	105
-1
1	132	11	38
-1
4	933	59	136
-1
1	980	191	192
-1
1	342	14	43
-1
1	705	185	180
-1
1	241	78	164
-1
2	771	146	175
-1
1	262	43	67
-1
1	957	124	32
-1
3	861	161	130
-1
3	498	186	92
-1
2	433	117	150
-1
1	224	49	140
-1
4	619	28	153
-1
4	598	121	89
-1
2	713	25	167
-1
1	687	18	112
-1
4	953	188	106
-1
2	737	2	29
-1
3	466	158	141
-1
1	557	18	126
-1
3	859	68	194
-1
3	198	100	194
-1
2	103	76	21
76	7	2	4	21	
3	391	95	94
-1
3	109	91	70
-1
3	21	3	87
3	12	1	20	87	
3	326	41	75
-1
2	107	146	28
-1
2	647	82	185
-1
4	173	99	154
-1
2	518	7	21
-1
1	912	65	121
-1
4	684	15	196
-1
2	177	117	89
-1
4	447	59	131
-1
3	733	168	85
-1
2	159	140	125
-1
2	986	17	22
-1
2	522	123	55
-1
4	276	122	105
-1
3	96	94	112
94	2	4	112	
1	768	11	128
-1
1	515	74	142
-1
3	955	158	10
-1
1	37	134	69
134	17	15	80	69	
1	121	180	188
-1
1	598	65	127
-1
4	771	23	95
-1
4	26	9	170
9	6	2	94	8	170	
2	530	82	91
-1
3	193	157	184
-1
1	521	5	146
-1
1	62	124	20
124	15	12	1	20	
1	624	191	129
-1
4	892	97	62
-1
1	31	134	194
134	17	15	39	9	194	
2	357	54	58
-1
3	603	3	80
-1
2	172	174	40
-1
3	62	151	122
-1
1	797	80	30
-1
2	543	73	34
-1
1	914	145	110
-1
3	242	6	100
6	9	100	
4	55	181	196
181	14	6	2	196	
2	448	72	81
-1
4	505	102	135
-1
1	737	10	89
-1
3	776	13	62
-1
4	849	184	12
-1
2	879	198	44
-1
2	664	194	68
-1
1	973	88	12
-1
1	24	153	169
-1
2	772	146	150
-1
3	252	1	173
-1
3	938	48	75
-1
1	779	153	36
-1
1	840	89	200
-1
2	204	16	136
-1
1	399	65	133
-1
3	266	95	126
-1
3	677	110	166
-1
1	397	35	118
-1
3	346	58	64
-1
4	119	181	64
-1
1	745	185	63
-1
4	932	122	167
-1
3	932	100	7
-1
1	267	92	23
-1
3	351	47	39
-1
1	628	45	85
-1
2	993	62	194
-1
4	63	90	28
90	5	11	28	
2	726	86	38
-1
3	741	32	18
-1
4	203	102	2
-1
1	970	46	76
-1
4	776	177	127
-1
3	750	60	170
-1
1	740	78	16
-1
4	624	28	12
-1
2	418	8	73
-1
2	797	152	162
-1
1	434	14	48
-1
3	804	91	31
-1
2	805	31	132
-1
3	432	186	177
-1
4	759	107	105
-1
4	328	34	165
-1
4	696	184	194
-1
3	907	75	22
-1
4	932	99	181
-1
3	93	68	132
-1
3	492	64	98
-1
4	122	98	188
-1
1	453	101	171
-1
3	581	57	108
-1
3	438	41	14
-1
3	602	151	47
-1
2	395	30	182
-1
3	168	125	57
-1
4	900	184	107
-1
1	232	115	174
-1
2	929	7	37
-1
4	68	99	86
99	32	86	
1	390	172	138
-1
2	97	25	195
-1
3	510	157	35
-1
2	109	194	137
-1
4	642	147	166
-1
3	850	94	91
-1
3	356	13	74
-1
4	281	113	188
-1
3	70	144	146
-1
1	155	24	196
-1
1	693	43	168
-1
3	839	33	144
-1
4	25	129	100
129	3	81	2	6	9	100	
1	361	191	46
-1
2	526	51	192
-1
1	568	92	37
-1
3	41	94	50
94	2	50	
3	580	1	162
-1
2	278	82	57
-1
3	273	151	32
-1
3	40	57	74
57	10	76	5	74	
2	383	149	58
-1
4	235	188	187
-1
1	680	11	129
-1
2	23	123	179
123	17	10	179	
1	660	49	70
-1
2	461	16	115
-1
4	622	9	116
-1
4	78	188	197
-1
2	461	17	99
-1
4	134	90	155
-1
2	544	81	56
-1
2	730	16	42
-1
1	258	50	5
-1
2	588	81	127
-1
2	657	55	127
-1
2	372	66	143
-1
4	439	126	151
-1
4	435	147	90
-1
3	485	176	107
-1
4	39	188	148
188	12	148	
1	846	74	28
-1
2	40	17	43
17	15	43	
4	996	98	44
-1
2	722	155	76
-1
3	801	94	131
-1
4	743	102	196
-1
2	645	73	74
-1
1	86	63	172
-1
4	344	97	100
-1
4	691	133	87
-1
1	871	124	160
-1
3	913	169	176
-1
2	109	8	73
-1
3	784	3	179
-1
1	314	77	72
-1
1	62	77	174
77	6	13	174	
1	135	171	198
-1
1	858	167	61
-1
3	957	4	109
-1
3	244	100	194
-1
1	555	142	117
-1
4	731	12	37
-1
1	555	77	45
-1
1	286	185	199
-1
3	157	168	27
-1
4	882	34	55
-1
3	832	47	177
-1
4	444	133	95
-1
3	152	190	99
-1
4	497	147	198
-1
1	813	142	139
-1
2	650	96	103
-1
3	46	178	179
-1
4	996	133	115
-1
1	575	18	82
-1
4	229	126	67
-1
2	758	8	113
-1
1	452	191	45
-1
4	750	34	35
-1
3	699	137	133
-1
4	638	34	74
-1
2	492	198	169
-1
3	470	47	147
-1
2	384	44	31
-1
4	17	192	48
192	9	51	48	
3	36	166	173
-1
2	148	194	132
-1
3	193	151	122
-1
2	379	155	107
-1
2	311	104	44
-1
3	584	3	77
-1
4	752	192	74
-1
1	250	35	73
-1
2	280	104	68
-1
1	479	39	59
-1
2	4	7	24
7	62	19	20	1	24	
1	735	42	170
-1
1	209	142	72
-1
1	515	134	26
-1
1	510	112	130
-1
3	986	22	84
-1
3	812	157	27
-1
3	284	60	61
-1
3	151	110	116
-1
3	762	141	106
-1
4	985	20	112
-1
4	754	23	106
-1
4	826	109	47
-1
2	651	117	132
-1
4	332	184	195
-1
1	567	93	16
-1
2	993	31	124
-1
1	453	42	183
-1
1	120	77	92
-1
4	25	179	33
179	10	97	16	33	
2	889	140	52
-1
1	394	77	26
-1
2	392	30	134
-1
2	723	7	51
-1
1	117	10	186
10	11	186	
3	884	141	30
-1
1	607	61	60
-1
1	741	52	53
-1
3	833	57	81
-1
3	217	176	12
-1
1	20	153	151
153	67	92	57	10	151	
3	245	41	27
-1
3	978	186	9
-1
4	780	177	167
-1
2	517	51	176
-1
2	347	119	69
-1
2	958	2	128
-1
2	811	160	179
-1
3	243	100	187
-1
1	54	84	163
-1
1	357	52	67
-1
4	783	23	107
-1
2	143	67	92
67	92	
4	910	197	20
-1
2	85	128	70
-1
1	353	45	188
-1
2	632	143	141
-1
3	211	100	52
-1
2	597	62	103
-1
4	911	105	187
-1
3	177	158	190
-1
4	635	114	13
-1
1	678	49	31
-1
1	697	191	179
-1
1	766	52	59
-1
1	705	89	103
-1
3	397	41	45
-1
2	448	73	96
-1
1	951	35	158
-1
2	89	183	62
-1
1	430	46	171
-1
2	642	174	37
-1
3	25	161	85
161	6	11	85	
3	555	38	27
-1
2	13	135	79
135	69	19	20	79	
1	267	52	167
-1
3	663	157	159
-1
4	159	105	183
-1
1	268	153	169
-1
2	529	55	104
-1
2	51	143	149
-1
1	487	172	74
-1
3	971	166	34
-1
1	350	142	72
-1
2	828	96	158
-1
1	546	61	9
-1
2	856	127	117
-1
3	391	190	22
-1
3	359	100	126
-1
1	62	167	180
-1
3	762	47	122
-1
4	988	97	45
-1
4	21	184	10
184	14	6	11	10	
3	244	106	103
-1
2	1	55	151
55	60	18	10	151	
4	410	34	11
-1
4	526	179	137
-1
3	99	187	78
-1
3	224	178	177
-1
2	203	135	95
-1
2	476	149	141
-1
3	121	110	38
-1
4	482	97	21
-1
2	585	70	78
-1
4	335	113	133
-1
4	97	114	166
-1
3	433	75	97
-1
2	63	152	83
-1
2	791	51	59
-1
2	886	26	145
-1
1	226	29	93
-1
1	863	56	155
-1
3	635	176	3
-1
1	513	10	24
-1
2	197	146	137
-1
3	514	32	2
-1
2	10	128	28
128	9	6	11	28	
1	244	112	179
-1
2	902	174	181
-1
1	399	165	7
-1
1	91	50	187
-1
2	797	27	42
-1
4	152	90	170
-1
2	175	76	179
-1
2	463	140	124
-1
3	16	136	155
136	10	18	8	155	
2	243	2	34
-1
1	22	11	145
11	6	30	19	145	
2	802	55	119
-1
4	808	108	35
-1
3	946	106	36
-1
2	988	149	62
-1
4	757	97	103
-1
3	87	48	179
-1
4	210	23	70
-1
3	516	37	158
-1
4	749	53	159
-1
3	45	95	169
95	14	6	11	5	169	
2	115	116	175
-1
2	749	70	83
-1
1	184	29	140
-1
3	998	175	88
-1
4	700	114	185
-1
3	630	22	184
-1
4	300	108	158
-1
2	609	117	195
-1
4	367	184	47
-1
1	287	84	93
-1
2	262	128	161
-1
1	896	43	30
-1
1	235	191	10
-1
2	75	127	184
-1
1	211	124	49
-1
3	794	175	70
-1
1	352	5	177
-1
2	698	104	45
-1
3	496	64	28
-1
2	988	30	63
-1
2	548	116	191
-1
4	329	129	33
-1
3	139	176	175
-1
2	274	163	53
-1
3	723	37	128
-1
3	592	47	103
-1
4	321	192	107
-1
2	765	143	162
-1
4	145	192	25
-1
1	207	87	6
-1
3	997	75	73
-1
2	981	174	2
-1
2	908	55	129
-1
1	960	145	91
-1
3	488	170	127
-1
1	542	92	125
-1
3	48	36	69
36	87	20	19	69	
4	361	108	11
-1
2	737	72	155
-1
3	542	168	41
-1
3	414	175	67
-1
2	967	123	193
-1
2	96	104	47
-1
1	386	11	143
-1
4	265	122	112
-1
3	941	161	156
-1
4	209	102	143
-1
2	772	149	50
-1
1	326	61	73
-1
4	718	197	41
-1
1	585	138	167
-1
2	177	104	89
-1
2	175	70	144
-1
2	717	117	106
-1
2	428	55	28
-1
4	383	71	188
-1
2	525	163	42
-1
1	526	172	190
-1
3	799	95	3
-1
1	191	172	199
172	14	199	
4	557	90	89
-1
2	597	25	144
-1
3	941	1	165
-1
2	846	127	82
-1
1	625	43	88
-1
4	765	71	158
-1
1	806	5	120
-1
2	147	82	43
-1
2	149	7	89
-1
1	900	5	60
-1
4	940	147	101
-1
1	683	103	77
-1
3	799	100	78
-1
4	32	192	156
192	9	73	19	156	
3	119	37	199
-1
1	676	14	21
-1
3	996	178	25
-1
2	990	183	106
-1
2	79	81	65
-1
2	938	30	21
-1
2	990	81	168
-1
4	467	20	70
-1
2	896	54	121
-1
3	451	4	112
-1
3	201	36	101
-1
4	221	154	114
-1
2	598	30	91
-1
4	503	177	25
-1
1	519	118	105
-1
3	740	196	86
-1
2	707	86	118
-1
3	976	75	89
-1
1	849	93	94
-1
4	560	188	98
-1
1	660	191	133
-1
1	773	191	38
-1
3	15	164	67
164	57	92	67	
3	191	161	195
-1
4	448	15	113
-1
1	933	134	60
-1
2	603	73	145
-1
4	691	179	172
-1
3	585	106	64
-1
3	82	106	4
-1
2	566	66	194
-1
1	803	77	136
-1
1	822	50	99
-1
2	968	16	11
-1
2	880	7	178
-1
3	340	6	111
-1
4	636	90	135
-1
1	407	92	65
-1
2	471	183	122
-1
1	74	167	28
-1
2	19	200	93
200	2	94	8	93	
1	506	165	169
-1
1	757	167	170
-1
2	367	140	138
-1
4	544	108	96
-1
3	806	187	101
-1
1	540	78	190
-1
4	804	114	82
-1
2	926	72	64
-1
1	753	142	182
-1
1	197	167	181
-1
1	917	185	145
-1
3	687	91	63
-1
3	224	47	155
-1
1	719	165	62
-1
4	971	109	200
-1
4	560	114	78
-1
3	441	6	143
-1
4	656	9	14
-1
2	437	86	108
-1
3	569	190	74
-1
3	913	186	11
-1
1	328	103	101
-1
3	282	141	99
-1
2	743	116	63
-1
3	294	186	123
-1
3	923	156	189
-1
1	617	115	194
-1
4	431	108	154
-1
2	890	163	40
-1
2	363	152	181
-1
2	573	120	119
-1
1	25	185	173
185	11	97	16	96	173	
3	475	64	113
-1
1	290	145	28
-1
1	12	39	165
39	15	66	2	4	165	
1	800	84	120
-1
2	545	7	186
-1
4	699	23	93
-1
1	890	5	8
-1
3	222	94	159
-1
4	540	9	30
9	6	30	
4	112	133	14
-1
3	976	110	77
-1
4	355	184	173
-1
2	319	73	163
-1
3	838	37	47
-1
4	824	188	53
-1
4	68	133	27
-1
2	875	183	32
-1
1	385	24	125
-1
1	815	45	85
-1
1	428	185	18
-1
3	257	48	127
-1
1	229	24	110
-1
3	144	178	135
-1
4	942	97	171
-1
2	546	86	110
-1
4	572	109	194
-1
4	803	129	176
-1
3	480	3	151
-1
4	964	188	196
-1
2	533	2	132
-1
4	859	181	179
-1
1	769	189	2
-1
1	255	18	132
-1
4	977	113	28
-1
2	86	54	113
-1
1	480	199	174
-1
4	207	122	102
-1
1	158	77	56
-1
3	905	156	195
-1
4	636	71	148
-1
3	814	4	129
-1
2	768	62	117
-1
2	499	182	86
-1
4	678	188	150
-1
3	142	164	3
-1
2	67	2	153
-1
3	168	33	27
-1
1	376	39	103
-1
2	370	148	10
-1
1	318	52	32
-1
1	646	39	35
-1
1	314	5	49
-1
1	552	172	182
-1
3	501	22	170
-1
2	456	51	85
-1
4	960	192	86
-1
4	586	59	118
-1
3	840	178	109
-1
1	849	153	8
-1
2	281	123	60
-1
4	667	192	50
-1
3	867	37	54
-1
4	649	102	177
-1
1	970	5	198
-1
3	806	106	48
-1
4	244	113	192
-1
2	761	72	50
-1
1	621	10	179
-1
1	629	49	132
-1
1	40	50	6
50	2	6	
1	489	130	197
-1
2	143	148	185
-1
4	119	15	38
-1
4	269	15	43
15	43	
3	268	136	148
-1
3	259	141	60
-1
4	660	184	83
-1
4	639	97	44
-1
2	922	117	93
-1
4	527	97	142
-1
3	475	136	23
-1
2	59	25	170
-1
2	296	119	136
-1
3	738	37	150
-1
3	237	57	85
-1
3	248	125	178
-1
2	83	183	161
-1
2	326	195	9
-1
3	170	33	126
-1
3	463	106	174
-1
3	485	32	110
-1
3	607	58	86
-1
2	694	116	4
-1
2	44	163	40
163	23	49	15	40	
4	680	53	49
-1
3	57	41	173
-1
1	770	89	107
-1
2	578	123	101
-1
3	455	48	85
-1
1	29	18	190
18	10	11	6	190	
1	690	80	173
-1
2	575	117	30
-1
3	178	75	97
-1
3	969	168	60
-1
2	217	163	64
-1
2	189	195	104
-1
3	848	3	144
-1
1	500	172	66
-1
4	785	102	114
-1
4	326	108	83
-1
3	299	136	114
-1
4	880	177	182
-1
3	777	151	56
-1
1	988	80	176
-1
1	251	49	90
-1
2	506	17	84
-1
3	650	158	87
-1
1	115	5	10
5	76	10	
2	580	104	63
-1
2	862	40	171
-1
3	776	166	58
-1
2	157	16	35
-1
3	965	95	137
-1
4	892	23	17
-1
1	981	10	65
-1
4	617	12	33
-1
2	855	70	190
-1
2	816	119	194
-1
3	79	33	50
33	14	6	2	50	
3	449	13	89
-1
2	658	26	6
-1
1	692	153	21
-1
3	829	110	68
-1
2	597	26	90
-1
2	613	117	52
-1
1	445	49	15
49	15	
1	635	65	84
-1
2	380	119	154
-1
2	829	135	187
-1
3	118	13	151
-1
3	923	13	128
-1
2	896	70	81
-1
4	563	114	142
-1
3	404	94	167
-1
4	407	90	35
-1
2	174	54	83
-1
4	857	98	148
-1
1	811	84	18
-1
3	149	64	152
-1
1	451	92	116
-1
3	930	161	80
-1
3	10	36	102
36	87	20	1	102	
1	551	131	167
-1
1	869	45	60
-1
2	503	200	101
-1
2	138	7	154
7	2	154	
1	685	180	3
-1
4	54	188	87
188	12	1	20	87	
2	358	150	102
-1
1	25	50	145
50	2	4	27	19	145	
1	505	52	106
-1
2	158	182	93
-1
1	324	191	23
191	23	
3	183	94	19
-1
4	35	114	18
114	84	8	18	
2	140	17	24
-1
3	942	106	155
-1
1	780	142	95
-1
2	33	195	196
195	17	15	66	2	196	
2	178	152	46
-1
4	35	177	49
177	3	12	15	49	
3	527	33	30
-1
3	901	190	173
-1
4	719	113	18
-1
3	736	47	131
-1
2	360	81	99
-1
4	466	20	4
-1
4	560	113	145
-1
1	508	45	140
-1
1	753	77	43
-1
3	153	6	171
-1
2	583	40	3
-1
1	107	118	192
-1
1	924	18	56
-1
3	254	136	102
-1
2	953	72	182
-1
2	508	183	153
-1
3	253	48	18
-1
2	944	160	62
-1
2	938	67	90
-1
1	909	171	48
-1
2	711	123	39
-1
3	855	57	157
-1
2	310	163	174
-1
3	612	38	62
-1
2	145	44	133
-1
2	698	148	67
-1
2	915	55	66
-1
4	928	59	25
-1
2	769	2	43
-1
2	616	140	165
-1
3	207	48	40
-1
3	363	110	48
-1
3	688	164	163
-1
1	549	74	200
-1
3	33	85	43
85	8	43	
4	499	181	190
-1
1	765	78	197
-1
3	741	144	55
-1
4	936	23	9
-1
4	452	192	100
-1
1	91	159	99
-1
1	491	165	8
-1
4	53	79	172
79	16	33	14	172	
2	404	119	197
-1
2	799	67	33
-1
1	540	52	13
-1
2	136	150	91
-1
2	543	66	186
-1
2	351	7	161
-1
3	850	94	104
-1
1	948	145	62
-1
4	707	188	179
-1
1	278	78	9
-1
2	26	82	127
82	10	18	8	127	
3	858	37	146
-1
1	271	35	197
-1
3	313	175	98
-1
2	250	62	164
-1
3	10	4	170
4	2	94	8	170	
4	713	154	15
-1
2	327	155	159
-1
2	705	54	98
-1
3	265	161	175
-1
3	992	190	8
-1
2	489	16	45
16	15	45	
2	85	73	79
73	19	20	79	
3	982	95	5
-1
2	945	7	67
-1
3	66	57	22
-1
1	280	18	128
-1
1	391	131	82
-1
3	488	57	136
-1
4	415	113	96
-1
4	222	177	85
-1
2	18	120	52
120	13	6	14	52	
2	249	8	125
-1
1	453	92	19
-1
2	471	26	178
-1
4	845	122	186
-1
4	572	188	3
-1
3	205	19	85
-1
4	340	9	141
-1
1	387	49	53
-1
1	624	63	182
-1
3	75	36	53
-1
2	951	54	61
-1
4	170	102	104
-1
3	99	106	81
-1
4	636	129	3
-1
3	438	173	190
-1
3	923	144	160
-1
2	415	148	121
-1
2	620	40	169
-1
3	153	178	183
-1
3	5	1	170
1	20	87	18	8	170	
4	665	28	175
-1
3	921	178	28
-1
4	401	99	134
-1
4	403	197	62
-1
4	344	184	186
-1
3	856	22	81
-1
2	976	96	180
-1
2	896	62	19
-1
2	678	81	149
-1
1	599	185	101
-1
3	974	190	128
-1
3	401	6	106
-1
4	686	126	4
-1
4	299	79	153
-1
2	84	81	136
-1
4	964	177	109
-1
3	144	32	156
-1
2	314	7	170
-1
2	214	54	2
54	2	
1	115	83	187
-1
2	442	81	176
-1
2	499	54	181
-1
2	455	7	107
-1
1	407	92	185
-1
1	694	191	17
-1
1	755	74	193
-1
3	862	190	176
-1
3	431	85	134
-1
2	433	150	187
-1
3	19	164	69
164	57	92	1	20	19	69	
1	546	78	150
-1
4	326	71	155
-1
3	984	170	161
-1
1	920	24	53
-1
2	889	182	43
-1
2	233	27	68
-1
4	809	181	57
-1
2	942	195	141
-1
4	881	177	91
-1
4	949	9	6
9	6	
4	450	179	83
-1
2	5	76	153
76	10	20	1	92	67	153	
2	717	2	74
-1
3	569	137	97
-1
3	563	57	78
-1
4	783	97	57
-1
4	839	129	189
-1
3	932	137	183
-1
2	374	31	160
-1
4	731	111	120
-1
1	413	11	51
-1
3	917	13	126
-1
3	743	169	79
-1
3	639	85	16
-1
3	69	6	24
6	11	12	1	24	
4	725	121	120
-1
4	713	102	48
-1
1	248	93	137
-1
3	759	176	119
-1
1	678	101	181
-1
2	80	31	191
-1
2	806	195	3
-1
1	884	63	123
-1
1	651	5	8
-1
2	674	44	13
-1
3	545	64	84
-1
2	793	140	186
-1
1	281	52	78
-1
2	599	51	5
-1
4	979	9	105
-1
1	721	87	135
-1
1	276	118	129
-1
2	998	123	191
-1
1	605	159	196
-1
3	369	161	191
-1
1	853	35	6
-1
4	190	179	145
-1
2	867	123	148
-1
2	871	155	199
-1
1	575	153	7
-1
1	61	131	45
-1
3	389	4	163
-1
4	531	79	37
-1
2	878	76	147
-1
3	420	33	108
-1
3	225	1	94
-1
1	721	5	24
-1
2	269	194	147
-1
4	819	12	53
-1
2	425	82	6
-1
2	822	8	88
-1
4	736	20	91
-1
2	324	160	169
-1
1	471	43	197
-1
2	530	120	29
-1
1	823	92	181
-1
3	246	68	186
-1
1	944	189	179
-1
4	197	9	191
-1
2	602	27	24
-1
3	841	3	184
-1
1	932	24	155
-1
4	852	111	115
-1
1	248	35	157
-1
3	76	57	28
57	10	11	28	
3	57	186	119
186	11	10	119	
2	394	8	187
-1
1	572	5	127
-1
2	514	149	87
-1
1	90	145	113
-1
4	225	98	67
-1
4	979	90	43
-1
1	93	21	153
-1
2	449	73	139
-1
2	629	72	195
-1
2	347	148	180
-1
3	885	156	139
-1
2	963	149	144
-1
2	849	72	92
-1
1	713	138	188
-1
2	980	27	37
-1
2	822	51	126
-1
1	974	29	99
-1
1	113	74	123
-1
1	59	74	194
-1
4	639	102	141
-1
3	377	1	48
-1
3	520	85	148
-1
2	363	200	20
-1
3	750	48	109
-1
4	338	113	135
-1
1	264	92	137
-1
4	514	113	117
-1
3	236	38	190
-1
4	29	102	16
102	1	12	15	16	
3	322	161	117
-1
1	169	199	117
199	14	117	
2	669	127	154
-1
1	688	199	153
-1
3	148	161	152
-1
1	82	63	64
-1
2	770	200	107
-1
4	838	15	19
-1
2	28	128	9
128	9	
2	195	163	110
-1
3	263	144	70
-1
1	932	65	20
-1
1	85	185	147
-1
4	389	53	97
-1
1	692	92	57
-1
1	708	39	119
-1
2	414	72	71
-1
3	985	41	85
-1
4	393	79	165
-1
3	102	58	79
-1
1	524	52	22
-1
2	943	66	86
-1
4	441	197	71
-1
2	537	81	123
-1
1	946	21	167
-1
4	64	113	5
113	5	
1	286	172	77
-1
1	171	185	69
-1
3	287	169	99
-1
4	165	113	156
-1
4	187	15	159
-1
4	672	90	25
-1
4	494	184	21
-1
2	969	25	54
-1
4	135	113	26
-1
3	139	58	90
-1
1	767	74	61
-1
1	436	159	198
-1
2	334	81	166
-1
1	842	167	79
-1
1	152	84	45
-1
2	528	70	134
-1
3	549	141	69
-1
3	354	187	93
-1
2	979	155	158
-1
1	821	89	167
-1
4	881	179	192
-1
2	278	146	103
-1
4	996	133	135
-1
1	426	18	54
-1
1	22	11	137
11	6	2	7	137	
2	307	163	6
-1
4	575	90	98
-1
3	620	190	84
-1
3	977	95	38
-1
2	295	26	78
-1
1	287	46	57
-1
4	589	126	154
-1
3	723	156	38
-1
3	328	151	7
-1
3	864	176	18
-1
4	869	197	132
-1
2	367	55	173
-1
1	202	29	115
-1
3	992	48	9
-1
1	869	24	34
-1
2	677	119	79
-1
3	182	158	157
-1
4	171	97	112
-1
1	978	171	14
-1
4	147	99	141
-1
1	830	162	89
-1
2	202	31	143
-1
2	516	149	171
-1
2	125	150	19
-1
1	710	93	194
-1
1	741	162	64
-1
3	97	190	20
-1
1	760	172	116
-1
1	725	142	87
-1
4	65	71	185
-1
3	153	169	98
-1
2	295	198	128
-1
2	417	152	28
-1
2	435	67	130
-1
2	381	143	22
-1
4	844	53	135
-1
1	816	145	125
-1
3	531	41	96
-1
2	769	152	189
-1
2	505	76	12
-1
1	603	92	132
-1
2	282	44	130
-1
4	910	90	81
-1
3	39	58	99
58	27	19	69	99	
1	12	45	42
45	15	12	11	42	
2	347	25	46
-1
3	71	68	190
-1
1	718	83	182
-1
3	458	166	85
-1
1	269	134	112
-1
1	1	39	3
39	15	12	3	
3	482	193	46
-1
1	914	74	87
-1
2	812	183	144
-1
3	5	173	188
173	96	16	15	12	188	
1	850	185	164
-1
1	791	83	32
-1
1	924	153	66
-1
3	8	22	183
22	8	18	10	183	
4	119	79	69
79	20	19	69	
3	673	100	59
-1
1	118	52	51
-1
4	156	133	124
-1
1	852	46	107
-1
4	639	9	31
-1
1	603	14	15
-1
4	586	15	49
15	49	
3	403	158	1
-1
2	938	81	22
-1
3	606	41	53
-1
4	264	111	152
-1
4	514	184	3
-1
4	637	53	87
-1
3	895	161	84
-1
4	326	12	92
-1
2	292	2	57
-1
3	141	156	24
-1
1	293	93	181
-1
2	467	96	13
-1
1	119	185	5
185	11	5	
3	870	190	116
-1
1	424	5	51
-1
1	910	118	55
-1
3	945	106	15
-1
1	988	153	26
-1
2	397	30	180
30	6	180	
2	20	73	135
73	19	69	135	
1	352	165	28
-1
3	964	58	75
-1
1	921	124	59
-1
1	988	42	48
-1
1	838	63	4
-1
3	292	38	121
-1
4	859	99	178
-1
1	36	43	82
43	15	12	3	82	
2	815	182	63
-1
3	150	178	136
-1
4	977	197	100
-1
3	403	100	157
-1
2	661	16	32
-1
3	60	136	25
-1
2	863	123	39
-1
1	935	112	76
-1
2	264	155	174
-1
3	746	13	168
-1
1	408	49	150
-1
1	543	63	127
-1
3	995	164	76
-1
1	351	92	127
-1
3	135	94	142
-1
4	759	154	77
-1
3	798	13	151
-1
3	25	75	62
75	50	2	7	62	
4	999	9	17
-1
2	718	25	29
-1
3	819	170	29
-1
4	346	129	44
-1
2	373	72	7
-1
1	899	18	99
-1
3	241	168	144
-1
2	669	54	98
-1
3	172	13	62
-1
1	233	162	89
-1
3	201	186	49
-1
3	582	136	73
-1
2	410	54	194
-1
2	205	72	123
-1
3	412	169	146
-1
1	62	93	163
-1
3	205	144	82
-1
3	854	137	136
-1
3	68	4	148
-1
3	708	175	61
-1
2	356	160	46
-1
2	981	160	182
-1
1	974	93	187
-1
2	96	55	10
55	60	18	10	
4	241	59	131
-1
3	403	22	23
-1
1	285	83	166
-1
2	20	40	101
40	15	66	2	101	
1	719	45	57
-1
3	179	64	183
-1
1	776	171	94
-1
2	509	127	6
-1
4	95	107	98
-1
1	57	80	152
80	69	19	152	
2	387	128	163
-1
3	161	168	184
-1
2	279	123	19
-1
1	979	159	58
-1
1	987	130	54
-1
2	122	200	118
-1
3	967	178	88
-1
4	372	105	166
-1
1	622	14	24
-1
3	125	60	56
60	55	56	
2	87	116	183
-1
2	271	54	102
-1
4	89	15	176
-1
1	98	93	134
-1
4	503	23	63
-1
1	20	162	62
162	12	1	20	19	62	
1	60	35	191
-1
3	625	1	96
-1
3	49	125	61
125	2	6	14	61	
2	304	146	120
-1
3	838	22	188
-1
4	539	109	41
-1
1	515	131	7
-1
1	400	171	51
-1
4	215	20	74
-1
4	676	122	187
-1
3	19	94	21
94	2	4	21	
1	666	153	21
-1
4	126	129	145
-1
4	845	129	42
-1
4	584	184	64
-1
3	25	173	124
173	96	16	15	124	
1	383	112	6
-1
3	234	178	128
-1
4	907	129	147
-1
2	93	143	20
-1
1	265	171	65
-1
1	685	189	169
-1
2	782	54	50
-1
4	175	179	178
-1
3	638	175	114
-1
1	313	159	86
-1
2	470	135	149
-1
2	197	117	78
-1
2	295	150	7
-1
2	915	8	149
-1
1	131	52	119
-1
2	300	116	59
-1
1	749	153	112
-1
1	878	134	42
-1
3	991	60	17
-1
1	277	50	127
-1
1	625	162	61
-1
3	903	32	177
-1
4	509	28	79
-1
3	9	75	86
75	16	78	5	86	
3	80	141	138
-1
4	738	71	5
-1
4	2	122	157
122	7	2	6	11	157	
2	643	70	42
-1
2	211	148	102
-1
4	937	90	151
-1
3	197	166	64
-1
2	726	143	95
-1
1	404	45	75
-1
4	841	105	149
-1
1	130	65	89
-1
3	535	144	159
-1
2	91	82	81
82	3	81	
1	285	35	102
-1
1	586	77	1
-1
1	688	88	91
-1
3	551	176	8
-1
3	646	125	150
-1
1	872	50	146
-1
1	820	5	2
-1
1	460	45	67
-1
3	570	175	10
-1
1	802	61	43
-1
1	904	103	77
-1
3	456	187	106
-1
1	98	172	145
-1
4	106	59	120
-1
1	807	162	44
-1
2	753	7	45
-1
1	154	78	49
-1
1	372	49	46
-1
4	782	108	20
-1
1	176	29	32
-1
2	205	31	134
-1
2	510	86	121
-1
3	654	141	44
-1
1	925	39	55
-1
2	169	96	16
96	16	
4	165	102	174
-1
2	614	54	3
-1
2	59	160	51
160	9	51	
1	630	131	110
-1
3	861	64	90
-1
2	194	40	120
-1
3	266	196	5
-1
4	662	105	98
-1
3	716	110	136
-1
4	683	34	183
-1
4	856	154	84
-1
2	810	119	90
-1
1	12	84	49
84	8	43	15	49	
1	921	142	131
-1
2	162	123	147
-1
2	482	183	186
-1
2	838	128	133
-1
2	335	146	37
-1
2	422	7	98
-1
1	556	74	131
-1
3	840	156	37
-1
2	729	163	107
-1
1	729	172	190
-1
2	859	183	83
-1
2	605	55	5
-1
2	142	16	139
16	139	
1	674	49	66
-1
1	62	87	163
-1
3	959	173	169
-1
4	642	147	194
-1
4	278	102	149
-1
1	384	93	63
-1
1	925	21	34
-1
2	607	149	16
-1
2	411	160	22
-1
3	549	164	38
-1
3	566	58	86
-1
1	729	131	124
-1
1	49	145	49
145	19	62	7	23	49	
1	595	103	147
-1
2	343	96	48
-1
3	558	173	141
-1
4	991	108	113
-1
3	359	32	62
-1
3	580	38	21
-1
2	169	200	136
-1
2	607	148	193
-1
2	82	66	76
66	2	7	76	
2	930	146	172
-1
2	276	146	74
-1
2	676	140	170
-1
1	968	83	94
-1
2	232	40	154
-1
2	493	182	185
-1
2	665	140	175
-1
2	353	72	174
-1
4	697	192	122
-1
2	372	198	187
-1
1	143	80	84
-1
3	969	161	29
-1
1	490	189	169
-1
2	335	16	3
-1
2	888	135	194
-1
3	73	166	175
-1
1	199	11	67
-1
3	972	75	90
-1
4	293	179	81
-1
2	431	76	31
-1
1	114	199	62
-1
3	743	94	22
-1
1	263	14	162
-1
1	665	103	177
-1
1	858	189	63
-1
1	832	77	29
-1
1	650	101	39
-1
4	539	99	65
-1
2	372	70	44
-1
1	402	115	119
-1
4	63	97	117
97	11	6	14	117	
2	636	163	162
-1
4	750	105	175
-1
2	78	119	77
-1
2	941	183	18
-1
2	569	40	94
-1
4	807	23	194
-1
2	671	25	44
-1
2	866	163	113
-1
2	384	86	179
-1
1	653	87	76
-1
1	814	101	38
-1
1	189	89	94
-1
3	617	38	12
-1
1	434	115	146
-1
2	879	7	185
-1
3	24	175	159
175	3	82	10	18	87	36	159	
4	67	133	183
133	18	10	183	
3	332	156	98
-1
1	462	21	183
-1
3	537	157	70
-1
4	726	9	122
-1
2	419	174	10
-1
4	582	114	199
-1
1	527	131	114
-1
2	463	116	72
-1
4	222	147	47
-1
3	804	170	131
-1
1	101	189	86
-1
2	484	120	107
-1
4	705	181	15
-1
2	826	70	23
-1
2	836	195	148
-1
3	186	166	62
166	7	62	
4	899	147	144
-1
2	971	26	11
-1
1	969	88	157
-1
4	699	109	127
-1
1	537	65	115
-1
2	995	117	186
-1
2	809	200	118
-1
1	983	56	139
-1
2	330	82	134
-1
4	391	69	51
-1
2	486	54	149
-1
4	697	105	174
-1
2	253	27	62
-1
4	531	147	122
-1
4	245	197	186
-1
4	782	133	55
-1
2	252	127	54
-1
2	190	135	62
-1
4	675	69	95
-1
1	125	199	115
-1
3	474	141	120
-1
2	247	27	24
-1
3	260	75	2
-1
2	734	127	148
-1
1	471	10	145
-1
2	925	54	29
-1
4	931	188	156
-1
1	192	39	42
-1
4	886	28	111
-1
1	200	103	61
-1
4	319	179	1
-1
1	495	52	179
-1
2	696	51	53
-1
2	596	62	132
-1
2	892	195	141
-1
2	120	66	146
66	2	146	
1	627	142	85
-1
2	869	72	123
-1
1	531	63	103
-1
3	591	100	5
-1
4	791	99	183
-1
3	322	170	187
-1
2	526	16	189
-1
1	657	63	50
-1
3	949	58	45
-1
1	647	101	62
-1
3	531	173	3
-1
1	206	199	27
-1
3	508	19	89
-1
2	464	149	189
-1
2	198	139	39
-1
2	184	82	160
-1
2	372	155	175
-1
1	374	80	38
-1
1	570	89	47
-1
3	783	37	148
-1
1	585	35	120
-1
3	611	166	70
-1
1	52	171	89
-1
2	792	30	37
-1
1	382	93	128
-1
4	142	90	9
-1
2	268	26	163
-1
2	457	149	194
-1
1	304	74	82
-1
1	403	43	71
-1
2	874	25	105
-1
1	343	162	22
-1
1	31	124	192
124	15	39	9	192	
3	468	175	173
-1
1	595	118	65
-1
3	555	100	107
-1
3	669	193	84
193	84	
4	814	12	184
-1
4	296	69	58
-1
1	766	172	100
-1
2	222	174	77
-1
3	844	47	38
-1
3	187	141	161
-1
1	760	172	136
-1
1	24	191	5
191	23	7	76	5	
1	882	185	104
-1
3	517	91	48
-1
4	301	111	60
-1
1	958	124	128
-1
1	409	171	51
-1
3	85	136	176
-1
3	922	158	174
-1
3	235	1	114
-1
3	722	187	85
-1
4	526	98	75
-1
4	382	122	11
-1
2	429	155	53
-1
2	640	72	163
-1
1	767	124	39
-1
2	817	81	9
-1
3	192	41	97
-1
1	765	78	6
-1
1	879	199	158
-1
3	915	33	144
-1
3	990	106	194
-1
3	752	32	115
-1
3	405	13	21
-1
3	319	193	44
-1
3	957	33	167
-1
3	318	151	199
-1
3	814	168	40
-1
4	19	111	117
111	6	14	117	
4	776	28	67
-1
3	271	58	52
-1
1	264	124	157
-1
4	130	113	140
-1
2	103	17	152
-1
1	346	21	145
-1
2	513	139	129
-1
3	911	48	79
-1
1	302	165	198
-1
1	418	130	109
-1
2	237	148	88
-1
3	640	75	97
-1
1	996	145	20
-1
3	536	161	85
-1
1	639	42	101
-1
3	735	144	121
-1
4	463	90	11
-1
2	942	2	10
-1
3	339	64	174
-1
