200	2844
2	2
2	2
5	5
3	3
4	4
2	2
2	2
4	4
4	4
5	5
3	3
4	4
5	5
2	2
2	2
4	4
4	4
2	2
3	3
2	2
3	3
4	4
4	4
5	5
5	5
4	4
2	2
4	4
3	3
4	4
5	5
5	5
3	3
2	2
4	4
3	3
4	4
5	5
5	5
3	3
2	2
5	5
4	4
5	5
4	4
2	2
4	4
5	5
3	3
3	3
5	5
3	3
2	2
3	3
3	3
2	2
3	3
5	5
5	5
2	2
5	5
4	4
4	4
3	3
5	5
3	3
3	3
2	2
5	5
2	2
4	4
3	3
3	3
5	5
4	4
3	3
5	5
2	2
5	5
5	5
5	5
2	2
2	2
4	4
5	5
4	4
4	4
4	4
5	5
5	5
2	2
3	3
3	3
4	4
4	4
5	5
3	3
5	5
3	3
3	3
4	4
3	3
3	3
2	2
2	2
4	4
5	5
2	2
4	4
3	3
5	5
4	4
4	4
5	5
4	4
5	5
2	2
2	2
4	4
2	2
2	2
3	3
2	2
3	3
2	2
4	4
5	5
2	2
2	2
3	3
5	5
4	4
2	2
4	4
3	3
3	3
3	3
2	2
4	4
5	5
4	4
5	5
4	4
2	2
5	5
3	3
2	2
4	4
3	3
3	3
3	3
5	5
2	2
2	2
3	3
4	4
2	2
4	4
4	4
5	5
2	2
3	3
3	3
2	2
2	2
5	5
3	3
2	2
5	5
3	3
2	2
5	5
2	2
2	2
2	2
3	3
3	3
2	2
5	5
3	3
3	3
3	3
5	5
5	5
4	4
2	2
4	4
5	5
3	3
5	5
3	3
4	4
4	4
5	5
5	5
3	3
5	5
4	4
3	3
5	5
1	38	2947
38	1	2948
1	142	1852
142	1	1852
1	37	4342
37	1	4342
1	44	876
44	1	877
1	25	1264
25	1	1264
1	72	4434
72	1	4435
1	70	4537
70	1	4537
1	150	1753
150	1	1753
1	157	3917
157	1	3917
1	69	2837
69	1	2837
1	27	2622
27	1	2622
1	18	3127
18	1	3127
1	188	4279
188	1	4280
1	103	4617
103	1	4618
1	189	1649
189	1	1650
1	10	2131
10	1	2131
1	87	604
87	1	605
1	60	2627
60	1	2627
1	43	4855
43	1	4856
1	62	4629
62	1	4629
2	48	4214
48	2	4214
2	191	2582
191	2	2582
2	91	4010
91	2	4010
2	49	3512
49	2	3512
2	90	3040
90	2	3041
2	136	4298
136	2	4298
2	192	4565
192	2	4566
2	169	629
169	2	629
2	52	2960
52	2	2961
2	200	142
200	2	142
2	193	4687
193	2	4687
2	16	2437
16	2	2437
2	22	3658
22	2	3658
2	8	3599
8	2	3599
2	168	822
168	2	822
2	75	4191
75	2	4191
2	146	4113
146	2	4114
2	78	2174
78	2	2174
2	31	4608
31	2	4609
2	40	3540
40	2	3541
3	145	4260
145	3	4261
3	188	4047
188	3	4047
3	114	2943
114	3	2943
3	90	2060
90	3	2060
3	88	2373
88	3	2373
3	186	627
186	3	627
3	7	4022
7	3	4022
3	23	1209
23	3	1210
3	75	3214
75	3	3214
3	62	3653
62	3	3654
3	28	3326
28	3	3327
3	158	2376
158	3	2376
3	82	4729
82	3	4729
3	30	4857
30	3	4857
3	40	4791
40	3	4791
3	85	4871
85	3	4872
3	120	521
120	3	522
3	39	504
39	3	505
3	25	275
25	3	276
3	73	3965
73	3	3966
4	163	3985
163	4	3985
4	189	4284
189	4	4284
4	177	4416
177	4	4417
4	169	4407
169	4	4407
4	114	4601
114	4	4601
4	42	4968
42	4	4968
4	47	4759
47	4	4759
4	91	4379
91	4	4379
4	145	3833
145	4	3834
4	130	4125
130	4	4126
4	31	4625
31	4	4625
4	134	1887
134	4	1888
4	45	3802
45	4	3803
4	98	207
98	4	207
4	184	3874
184	4	3875
4	167	3932
167	4	3932
4	13	4521
13	4	4521
4	135	3649
135	4	3649
4	156	4152
156	4	4153
4	142	1612
142	4	1613
5	101	2972
101	5	2973
5	83	1518
83	5	1518
5	125	3101
125	5	3102
5	22	3812
22	5	3813
5	11	1359
11	5	1360
5	71	4176
71	5	4177
5	95	3647
95	5	3647
5	169	4160
169	5	4160
5	97	1905
97	5	1906
5	38	857
38	5	857
5	100	4347
100	5	4348
5	24	4917
24	5	4918
5	49	2358
49	5	2359
5	151	794
151	5	795
5	198	3899
198	5	3900
5	157	4933
157	5	4933
5	18	4915
18	5	4916
5	75	792
75	5	793
5	196	2544
196	5	2544
5	80	2834
80	5	2835
6	148	4044
148	6	4044
6	29	3988
29	6	3989
6	158	685
158	6	685
6	163	2846
163	6	2846
6	104	3992
104	6	3993
6	174	4581
174	6	4582
6	66	4956
66	6	4956
6	189	4060
189	6	4060
6	132	3524
132	6	3524
6	103	380
103	6	380
6	19	3217
19	6	3218
6	75	4276
75	6	4276
6	110	4365
110	6	4366
6	44	4274
44	6	4275
6	147	4049
147	6	4049
6	115	4927
115	6	4928
6	130	2667
130	6	2668
6	24	3614
24	6	3614
6	31	1458
31	6	1459
6	13	2800
13	6	2800
7	193	4161
193	7	4161
7	81	1000
81	7	1000
7	158	541
158	7	541
7	142	2129
142	7	2130
7	197	4468
197	7	4468
7	74	260
74	7	261
7	27	516
27	7	517
7	48	4304
48	7	4305
7	109	3839
109	7	3840
7	60	3414
60	7	3414
7	88	2350
88	7	2351
7	103	2763
103	7	2764
7	118	2605
118	7	2605
7	155	4558
155	7	4559
7	150	3752
150	7	3753
7	128	1075
128	7	1076
7	139	2274
139	7	2275
7	43	841
43	7	841
7	195	2992
195	7	2992
8	161	2692
161	8	2693
8	140	627
140	8	627
8	122	4256
122	8	4256
8	87	4447
87	8	4447
8	113	1901
113	8	1902
8	146	2360
146	8	2360
8	182	3589
182	8	3590
8	131	1145
131	8	1146
8	168	1973
168	8	1973
8	123	3856
123	8	3857
8	27	1433
27	8	1434
8	179	507
179	8	507
8	38	1131
38	8	1131
8	126	4415
126	8	4415
8	86	4074
86	8	4075
8	39	3701
39	8	3702
8	103	3943
103	8	3944
8	147	2127
147	8	2127
8	176	3367
176	8	3367
9	46	637
46	9	638
9	113	4066
113	9	4066
9	23	3811
23	9	3811
9	95	3951
95	9	3951
9	156	4872
156	9	4872
9	85	3834
85	9	3834
9	58	1026
58	9	1027
9	177	4501
177	9	4502
9	179	3946
179	9	3946
9	64	1913
64	9	1914
9	41	4716
41	9	4716
9	159	3393
159	9	3394
9	73	4421
73	9	4421
9	149	4299
149	9	4300
9	164	3012
164	9	3012
9	108	2896
108	9	2896
9	138	4559
138	9	4559
9	163	2469
163	9	2470
9	103	2508
103	9	2508
9	22	4692
22	9	4692
10	194	2350
194	10	2351
10	114	3744
114	10	3745
10	166	2841
166	10	2841
10	94	56
94	10	56
10	57	4066
57	10	4066
10	175	4463
175	10	4463
10	39	3636
39	10	3636
10	67	1588
67	10	1588
10	84	4916
84	10	4916
10	123	2593
123	10	2594
10	164	981
164	10	982
10	35	3876
35	10	3876
10	54	3737
54	10	3738
10	56	4640
56	10	4641
10	93	3270
93	10	3271
10	82	4806
82	10	4806
10	158	2100
158	10	2101
10	18	4741
18	10	4742
10	193	4670
193	10	4671
11	49	3658
49	11	3659
11	156	4459
156	11	4459
11	46	1841
46	11	1841
11	24	1208
24	11	1208
11	174	622
174	11	622
11	62	4069
62	11	4069
11	32	1787
32	11	1787
11	63	3867
63	11	3868
11	142	1284
142	11	1284
11	191	4326
191	11	4326
11	148	579
148	11	580
11	28	1600
28	11	1600
11	19	2172
19	11	2172
11	72	4629
72	11	4630
11	69	1958
69	11	1958
11	71	3742
71	11	3743
11	118	4386
118	11	4387
11	190	2534
190	11	2534
11	110	4866
110	11	4866
12	142	4541
142	12	4541
12	54	4921
54	12	4922
12	152	2147
152	12	2147
12	91	1294
91	12	1295
12	149	4186
149	12	4187
12	136	540
136	12	541
12	153	3484
153	12	3485
12	115	4659
115	12	4659
12	59	3698
59	12	3698
12	199	950
199	12	950
12	93	4526
93	12	4526
12	173	4199
173	12	4199
12	83	4338
83	12	4338
12	185	4967
185	12	4968
12	134	3804
134	12	3805
12	140	4665
140	12	4665
12	15	4290
15	12	4291
12	162	2860
162	12	2861
12	111	1867
111	12	1867
12	29	4275
29	12	4276
13	173	3609
173	13	3609
13	160	4067
160	13	4068
13	134	4130
134	13	4130
13	62	2147
62	13	2148
13	64	4591
64	13	4592
13	111	1530
111	13	1531
13	58	3434
58	13	3435
13	45	4678
45	13	4678
13	71	3610
71	13	3611
13	52	3820
52	13	3820
13	146	4643
146	13	4643
13	53	2153
53	13	2154
13	49	401
49	13	401
13	149	2137
149	13	2138
13	110	1270
110	13	1271
13	127	1084
127	13	1085
13	15	4581
15	13	4581
13	145	2574
145	13	2575
14	45	2817
45	14	2818
14	105	1122
105	14	1122
14	128	581
128	14	582
14	114	4662
114	14	4662
14	72	4550
72	14	4550
14	37	3401
37	14	3402
14	43	603
43	14	604
14	170	4528
170	14	4529
14	61	2282
61	14	2283
14	80	4787
80	14	4787
14	27	3013
27	14	3013
14	73	3828
73	14	3829
14	181	4074
181	14	4074
14	103	1819
103	14	1819
14	147	301
147	14	301
14	86	2673
86	14	2673
14	76	1663
76	14	1664
14	15	4475
15	14	4475
14	174	3910
174	14	3911
14	93	3052
93	14	3052
15	178	1440
178	15	1440
15	38	1859
38	15	1859
15	128	1080
128	15	1080
15	32	4139
32	15	4139
15	96	4864
96	15	4865
15	27	4166
27	15	4166
15	119	1861
119	15	1861
15	139	4052
139	15	4052
15	124	1249
124	15	1250
15	54	3265
54	15	3265
15	31	4271
31	15	4272
15	171	1039
171	15	1039
15	144	2027
144	15	2027
15	130	2853
130	15	2854
15	152	4199
152	15	4200
15	80	2849
80	15	2849
15	135	4061
135	15	4061
16	157	3892
157	16	3892
16	44	2250
44	16	2250
16	163	4767
163	16	4767
16	48	3048
48	16	3048
16	177	4306
177	16	4307
16	43	2537
43	16	2538
16	66	167
66	16	168
16	161	1132
161	16	1132
16	67	4802
67	16	4802
16	185	2146
185	16	2146
16	91	4410
91	16	4411
16	168	4471
168	16	4471
16	92	1132
92	16	1132
16	144	237
144	16	237
16	118	2404
118	16	2404
16	164	4665
164	16	4665
16	84	3639
84	16	3640
16	99	3855
99	16	3855
16	103	1432
103	16	1433
17	178	3309
178	17	3310
17	147	4765
147	17	4765
17	54	4441
54	17	4442
17	198	3502
198	17	3503
17	48	1052
48	17	1053
17	78	4354
78	17	4355
17	160	2333
160	17	2333
17	23	3583
23	17	3583
17	122	4272
122	17	4272
17	43	1472
43	17	1473
17	116	4411
116	17	4411
17	35	4079
35	17	4080
17	53	4960
53	17	4960
17	61	1909
61	17	1910
17	34	4832
34	17	4833
17	196	3492
196	17	3492
17	66	2987
66	17	2987
17	99	1796
99	17	1796
17	55	4430
55	17	4431
17	84	4195
84	17	4195
18	104	4815
104	18	4816
18	98	4965
98	18	4966
18	43	2343
43	18	2343
18	74	4932
74	18	4933
18	110	4670
110	18	4671
18	66	4823
66	18	4824
18	84	1915
84	18	1916
18	86	4804
86	18	4805
18	95	2848
95	18	2849
18	67	3856
67	18	3857
18	148	3862
148	18	3862
18	146	4856
146	18	4857
18	124	3981
124	18	3982
18	41	4669
41	18	4669
18	153	2305
153	18	2306
18	160	3256
160	18	3256
18	184	2491
184	18	2491
19	145	2834
145	19	2834
19	85	571
85	19	571
19	60	4935
60	19	4935
19	135	688
135	19	688
19	61	283
61	19	284
19	128	4534
128	19	4534
19	129	4437
129	19	4437
19	163	4010
163	19	4011
19	157	3276
157	19	3276
19	156	2292
156	19	2292
19	101	4118
101	19	4119
19	31	3711
31	19	3711
19	147	1109
147	19	1109
19	124	4373
124	19	4374
19	146	3008
146	19	3009
19	152	1877
152	19	1877
19	155	2811
155	19	2811
19	165	4131
165	19	4131
20	112	4867
112	20	4868
20	129	639
129	20	639
20	96	2061
96	20	2061
20	168	4809
168	20	4810
20	85	2210
85	20	2210
20	175	3895
175	20	3895
20	134	3750
134	20	3751
20	34	4797
34	20	4797
20	80	3685
80	20	3685
20	33	4607
33	20	4607
20	73	3330
73	20	3330
20	28	2597
28	20	2598
20	36	4863
36	20	4864
20	160	784
160	20	784
20	130	2291
130	20	2291
20	114	233
114	20	233
20	98	2841
98	20	2841
20	141	1996
141	20	1997
20	115	1703
115	20	1704
20	117	1267
117	20	1268
21	53	4966
53	21	4966
21	199	3747
199	21	3748
21	85	4881
85	21	4882
21	43	3398
43	21	3399
21	115	668
115	21	668
21	119	3659
119	21	3660
21	88	4176
88	21	4177
21	116	4024
116	21	4025
21	103	4642
103	21	4643
21	107	1988
107	21	1989
21	131	1782
131	21	1782
21	196	4605
196	21	4606
21	68	2819
68	21	2820
21	188	2887
188	21	2887
21	31	126
31	21	126
21	87	4243
87	21	4243
21	36	1422
36	21	1422
21	30	4151
30	21	4152
21	81	3366
81	21	3366
22	114	4681
114	22	4682
22	26	2690
26	22	2691
22	75	443
75	22	443
22	110	1767
110	22	1768
22	83	848
83	22	849
22	39	2458
39	22	2459
22	128	4837
128	22	4837
22	32	2044
32	22	2045
22	30	4612
30	22	4613
22	36	2843
36	22	2843
22	153	3617
153	22	3617
22	99	4173
99	22	4174
22	177	4892
177	22	4892
23	96	4719
96	23	4720
23	34	4012
34	23	4013
23	183	3665
183	23	3666
23	142	105
142	23	106
23	198	814
198	23	815
23	64	1239
64	23	1239
23	51	2887
51	23	2888
23	84	3765
84	23	3765
23	70	1739
70	23	1740
23	85	3774
85	23	3775
23	89	4002
89	23	4003
23	197	1697
197	23	1698
23	194	2394
194	23	2395
24	166	923
166	24	924
24	51	4429
51	24	4429
24	55	4666
55	24	4666
24	182	620
182	24	620
24	42	4398
42	24	4398
24	169	1240
169	24	1241
24	50	796
50	24	796
24	67	4007
67	24	4008
24	140	4390
140	24	4390
24	190	433
190	24	433
24	126	563
126	24	564
24	141	4806
141	24	4807
24	30	4076
30	24	4076
25	83	4470
83	25	4470
25	129	4936
129	25	4936
25	89	751
89	25	751
25	99	1429
99	25	1429
25	130	4678
130	25	4678
25	144	4710
144	25	4710
25	101	1878
101	25	1879
25	139	4616
139	25	4616
25	114	4001
114	25	4001
25	163	1701
163	25	1701
25	79	2903
79	25	2904
25	100	4432
100	25	4432
25	151	1858
151	25	1858
25	194	1254
194	25	1255
25	189	2106
189	25	2106
25	140	4178
140	25	4178
25	122	3697
122	25	3697
26	172	1446
172	26	1446
26	150	4376
150	26	4376
26	59	4461
59	26	4461
26	154	626
154	26	626
26	50	1618
50	26	1618
26	55	1852
55	26	1853
26	194	2168
194	26	2168
26	165	4609
165	26	4610
26	93	2265
93	26	2265
26	168	2796
168	26	2796
26	85	2993
85	26	2994
26	114	4764
114	26	4765
26	36	4050
36	26	4050
26	178	3898
178	26	3898
26	70	3494
70	26	3494
26	184	2618
184	26	2619
26	46	3559
46	26	3559
27	115	4223
115	27	4223
27	153	1305
153	27	1305
27	161	2415
161	27	2416
27	130	4472
130	27	4472
27	38	4335
38	27	4336
27	71	1840
71	27	1841
27	68	4281
68	27	4282
27	83	3694
83	27	3694
27	84	858
84	27	858
27	52	882
52	27	883
27	183	3963
183	27	3964
27	78	620
78	27	620
27	179	3606
179	27	3606
27	99	4367
99	27	4368
28	34	281
34	28	281
28	86	3668
86	28	3668
28	126	1090
126	28	1090
28	197	1758
197	28	1758
28	122	493
122	28	493
28	153	3510
153	28	3511
28	128	1609
128	28	1609
28	79	1819
79	28	1820
28	105	410
105	28	410
28	92	4522
92	28	4523
28	194	183
194	28	183
28	69	4505
69	28	4505
28	111	3361
111	28	3361
28	160	2903
160	28	2903
28	183	2922
183	28	2923
29	67	3370
67	29	3370
29	43	4262
43	29	4262
29	171	3893
171	29	3894
29	70	1963
70	29	1964
29	84	3997
84	29	3997
29	165	3659
165	29	3660
29	172	2388
172	29	2389
29	173	4465
173	29	4466
29	152	3793
152	29	3793
29	121	847
121	29	847
29	55	1499
55	29	1499
29	127	2896
127	29	2896
29	151	4856
151	29	4857
29	81	3060
81	29	3060
30	97	4201
97	30	4202
30	32	1695
32	30	1695
30	38	4409
38	30	4410
30	94	3796
94	30	3797
30	90	3937
90	30	3937
30	70	4340
70	30	4341
30	161	363
161	30	363
30	116	4125
116	30	4125
30	79	4807
79	30	4808
30	172	2315
172	30	2315
30	151	1096
151	30	1097
31	155	1437
155	31	1437
31	160	1770
160	31	1771
31	123	1356
123	31	1356
31	124	2426
124	31	2426
31	156	3125
156	31	3126
31	78	3520
78	31	3521
31	63	4797
63	31	4797
31	44	2854
44	31	2855
31	52	4739
52	31	4740
31	46	2207
46	31	2207
31	39	4077
39	31	4078
32	73	4730
73	32	4730
32	162	1649
162	32	1650
32	184	1286
184	32	1286
32	124	4327
124	32	4327
32	62	4824
62	32	4824
32	139	4598
139	32	4598
32	148	1697
148	32	1697
32	77	4039
77	32	4039
32	175	1128
175	32	1129
32	185	3260
185	32	3261
32	152	2707
152	32	2708
32	165	2726
165	32	2726
32	100	3970
100	32	3970
32	200	4318
200	32	4319
33	85	3031
85	33	3031
33	170	2854
170	33	2855
33	146	3764
146	33	3765
33	95	3288
95	33	3289
33	128	3232
128	33	3232
33	54	1733
54	33	1734
33	117	4850
117	33	4851
33	151	3952
151	33	3952
33	147	4994
147	33	4995
33	168	3175
168	33	3175
33	72	4817
72	33	4817
33	55	4459
55	33	4459
33	109	1858
109	33	1859
33	116	1559
116	33	1560
33	105	4410
105	33	4410
33	126	3371
126	33	3371
34	135	4306
135	34	4306
34	47	2709
47	34	2710
34	55	4327
55	34	4327
34	128	3340
128	34	3341
34	148	3479
148	34	3480
34	48	3753
48	34	3753
34	89	1560
89	34	1561
34	130	4536
130	34	4537
34	103	4675
103	34	4675
34	96	3922
96	34	3923
34	64	3762
64	34	3763
34	115	3860
115	34	3861
35	89	4242
89	35	4242
35	169	2669
169	35	2669
35	79	4791
79	35	4792
35	147	83
147	35	84
35	86	2593
86	35	2594
35	138	4236
138	35	4236
35	52	1166
52	35	1166
35	44	3814
44	35	3815
35	105	1031
105	35	1032
35	101	4203
101	35	4203
35	70	1477
70	35	1477
35	128	1110
128	35	1110
35	55	569
55	35	569
35	66	3958
66	35	3959
35	117	3760
117	35	3761
35	123	4086
123	35	4087
36	118	403
118	36	403
36	152	4276
152	36	4276
36	97	3871
97	36	3872
36	119	616
119	36	617
36	98	4080
98	36	4081
36	171	4861
171	36	4862
36	76	2337
76	36	2338
36	148	253
148	36	254
36	57	3860
57	36	3860
36	157	4604
157	36	4604
36	67	2132
67	36	2133
36	63	517
63	36	518
36	88	3377
88	36	3378
36	136	1660
136	36	1661
37	88	4761
88	37	4761
37	116	3963
116	37	3963
37	89	3312
89	37	3312
37	75	4702
75	37	4703
37	124	2654
124	37	2655
37	165	4730
165	37	4730
37	92	4273
92	37	4274
37	111	4974
111	37	4975
37	183	1113
183	37	1114
37	50	3660
50	37	3661
37	96	3869
96	37	3870
37	153	1646
153	37	1646
37	196	2346
196	37	2346
38	144	480
144	38	480
38	180	3114
180	38	3115
38	125	2355
125	38	2355
38	137	1394
137	38	1395
38	116	3891
116	38	3891
38	87	3733
87	38	3733
38	127	973
127	38	973
38	82	4550
82	38	4550
38	56	3510
56	38	3511
39	58	4364
58	39	4365
39	63	3961
63	39	3962
39	52	2971
52	39	2971
39	132	2173
132	39	2174
39	193	2503
193	39	2504
39	128	4887
128	39	4887
39	136	3232
136	39	3233
39	97	96
97	39	97
39	69	4779
69	39	4779
39	83	2517
83	39	2517
39	57	516
57	39	516
39	114	2006
114	39	2007
40	130	2187
130	40	2188
40	145	52
145	40	52
40	198	2687
198	40	2687
40	136	3976
136	40	3976
40	122	2264
122	40	2265
40	170	97
170	40	98
40	152	4313
152	40	4313
40	55	920
55	40	920
40	139	4920
139	40	4921
40	146	2298
146	40	2298
40	180	4347
180	40	4348
40	64	4747
64	40	4747
40	164	3669
164	40	3669
40	96	2527
96	40	2528
41	74	4434
74	41	4435
41	156	1391
156	41	1391
41	64	3238
64	41	3239
41	83	573
83	41	574
41	108	3907
108	41	3908
41	99	4244
99	41	4245
41	58	4831
58	41	4832
41	72	1564
72	41	1565
41	117	3712
117	41	3713
41	125	4619
125	41	4619
41	65	4203
65	41	4203
41	140	4812
140	41	4812
41	165	3327
165	41	3327
41	46	4122
46	41	4122
41	158	4380
158	41	4381
42	113	4906
113	42	4906
42	43	3648
43	42	3648
42	182	171
182	42	172
42	116	565
116	42	565
42	99	2604
99	42	2604
42	72	3971
72	42	3971
42	162	1786
162	42	1787
42	138	2457
138	42	2458
42	119	3515
119	42	3516
42	73	2773
73	42	2773
42	53	3601
53	42	3601
42	88	570
88	42	571
42	178	2267
178	42	2268
42	180	1421
180	42	1421
42	90	4578
90	42	4579
42	68	4118
68	42	4119
43	112	4009
112	43	4010
43	170	269
170	43	269
43	50	3865
50	43	3865
43	166	2809
166	43	2809
43	77	4272
77	43	4273
43	153	4355
153	43	4356
43	138	4190
138	43	4191
43	62	1456
62	43	1456
43	70	2944
70	43	2944
43	94	3343
94	43	3343
44	123	4126
123	44	4127
44	47	2276
47	44	2277
44	161	4255
161	44	4255
44	50	1941
50	44	1942
44	51	4065
51	44	4065
44	63	2173
63	44	2174
44	190	3513
190	44	3514
44	105	4108
105	44	4108
44	174	4809
174	44	4809
44	46	3893
46	44	3893
45	105	2161
105	45	2162
45	187	4004
187	45	4004
45	177	3415
177	45	3416
45	162	3700
162	45	3700
45	163	4200
163	45	4201
45	130	4580
130	45	4580
45	144	3679
144	45	3679
45	183	492
183	45	492
45	58	3819
58	45	3819
45	151	4076
151	45	4077
45	87	4144
87	45	4145
45	99	2036
99	45	2037
45	110	1998
110	45	1999
45	89	1701
89	45	1702
46	69	2576
69	46	2576
46	78	3822
78	46	3822
46	158	4068
158	46	4069
46	102	1509
102	46	1510
46	51	2269
51	46	2269
46	47	4550
47	46	4551
46	91	2493
91	46	2493
46	111	4610
111	46	4610
46	140	2950
140	46	2950
46	120	3266
120	46	3267
46	118	1414
118	46	1414
46	172	535
172	46	535
47	95	3282
95	47	3283
47	59	1468
59	47	1469
47	168	1941
168	47	1941
47	167	2665
167	47	2665
47	198	2490
198	47	2490
47	81	4093
81	47	4093
47	140	1692
140	47	1693
47	89	4186
89	47	4186
47	120	4568
120	47	4568
47	123	4397
123	47	4398
47	122	2679
122	47	2680
47	106	4773
106	47	4773
47	130	2350
130	47	2350
47	161	4664
161	47	4665
48	145	4779
145	48	4780
48	188	2703
188	48	2704
48	178	3823
178	48	3823
48	51	343
51	48	343
48	180	4401
180	48	4401
48	165	4167
165	48	4168
48	104	3535
104	48	3535
48	100	1188
100	48	1189
48	64	3678
64	48	3679
48	152	4117
152	48	4117
49	97	4223
97	49	4224
49	120	4283
120	49	4283
49	82	4267
82	49	4268
49	99	3950
99	49	3950
49	115	3910
115	49	3911
49	67	2469
67	49	2469
49	138	4918
138	49	4919
49	100	3477
100	49	3478
49	196	4494
196	49	4495
49	185	4405
185	49	4405
49	182	1526
182	49	1527
49	143	196
143	49	197
49	123	2590
123	49	2591
49	121	4568
121	49	4569
49	147	3456
147	49	3456
50	78	1977
78	50	1978
50	70	4717
70	50	4717
50	165	3944
165	50	3944
50	87	4265
87	50	4265
50	118	4168
118	50	4168
50	57	4138
57	50	4139
50	80	1799
80	50	1800
50	134	226
134	50	226
50	124	2726
124	50	2726
50	176	3741
176	50	3741
50	119	4114
119	50	4115
50	147	4257
147	50	4258
51	143	3010
143	51	3011
51	56	2585
56	51	2586
51	125	1619
125	51	1619
51	154	2838
154	51	2838
51	66	4922
66	51	4923
51	103	2459
103	51	2459
51	156	3764
156	51	3764
51	193	3512
193	51	3512
51	90	2627
90	51	2627
51	53	4804
53	51	4805
51	124	3334
124	51	3335
51	110	1835
110	51	1836
51	98	3097
98	51	3098
52	162	3625
162	52	3625
52	64	4232
64	52	4233
52	170	4728
170	52	4728
52	66	4085
66	52	4086
52	69	3620
69	52	3620
52	127	1432
127	52	1432
52	147	1909
147	52	1910
52	72	1750
72	52	1751
52	102	4640
102	52	4641
52	160	4888
160	52	4889
53	198	4428
198	53	4428
53	146	4325
146	53	4325
53	120	2605
120	53	2605
53	100	3414
100	53	3415
53	172	2805
172	53	2806
53	177	4750
177	53	4750
53	73	3866
73	53	3867
53	72	2879
72	53	2880
53	81	2191
81	53	2191
53	57	2676
57	53	2677
54	120	2039
120	54	2039
54	176	4331
176	54	4331
54	186	4208
186	54	4209
54	70	4367
70	54	4367
54	136	328
136	54	329
54	157	4589
157	54	4590
54	170	123
170	54	124
54	147	3627
147	54	3628
54	178	782
178	54	783
54	160	3100
160	54	3101
55	150	3673
150	55	3674
55	119	3794
119	55	3795
55	86	4618
86	55	4618
55	81	2940
81	55	2940
55	118	1908
118	55	1909
55	177	4297
177	55	4298
55	156	1859
156	55	1859
55	63	4898
63	55	4898
55	169	1399
169	55	1400
55	133	3937
133	55	3937
56	146	4778
146	56	4779
56	137	3190
137	56	3190
56	76	3757
76	56	3757
56	73	4990
73	56	4990
56	112	1867
112	56	1868
56	129	3744
129	56	3745
56	110	2888
110	56	2889
56	177	4903
177	56	4903
56	166	2611
166	56	2612
56	125	130
125	56	130
56	75	4716
75	56	4717
56	155	1355
155	56	1355
56	92	2376
92	56	2376
56	156	3347
156	56	3348
56	72	4637
72	56	4637
57	85	2786
85	57	2786
57	175	1714
175	57	1715
57	167	4856
167	57	4857
57	84	4026
84	57	4027
57	176	603
176	57	604
57	155	710
155	57	711
57	110	3546
110	57	3546
57	160	4451
160	57	4452
57	104	3863
104	57	3863
57	62	4527
62	57	4527
57	128	4975
128	57	4976
57	121	1888
121	57	1888
57	136	1708
136	57	1708
58	88	2313
88	58	2313
58	170	2500
170	58	2500
58	85	4474
85	58	4475
58	96	1592
96	58	1593
58	118	3915
118	58	3916
58	100	4388
100	58	4389
58	123	3672
123	58	3672
58	89	394
89	58	395
58	145	4975
145	58	4975
58	129	3168
129	58	3169
58	119	4654
119	58	4654
58	120	3887
120	58	3888
58	115	4518
115	58	4519
58	63	3587
63	58	3588
59	84	3788
84	59	3788
59	136	4299
136	59	4299
59	120	2148
120	59	2148
59	193	4081
193	59	4081
59	92	3981
92	59	3981
59	76	4938
76	59	4938
59	106	2619
106	59	2619
59	74	4675
74	59	4676
59	89	3942
89	59	3942
59	187	1718
187	59	1719
59	82	4733
82	59	4733
59	98	263
98	59	263
59	177	4372
177	59	4372
59	121	3217
121	59	3217
59	183	4317
183	59	4318
59	80	3323
80	59	3324
60	152	4756
152	60	4756
60	120	1483
120	60	1483
60	167	4083
167	60	4083
60	91	1838
91	60	1838
60	139	4895
139	60	4896
60	97	4354
97	60	4355
60	88	4859
88	60	4860
60	187	2626
187	60	2626
60	100	4796
100	60	4797
60	155	4057
155	60	4058
60	162	4407
162	60	4407
60	86	4187
86	60	4188
60	161	240
161	60	240
61	121	1041
121	61	1042
61	119	2573
119	61	2573
61	108	3961
108	61	3961
61	74	443
74	61	444
61	91	2462
91	61	2463
61	83	1811
83	61	1812
61	155	4215
155	61	4216
61	95	4243
95	61	4244
61	166	570
166	61	571
61	151	2890
151	61	2890
61	159	2354
159	61	2354
61	88	4783
88	61	4784
61	126	3847
126	61	3848
61	96	2768
96	61	2768
62	105	3291
105	62	3292
62	66	3414
66	62	3415
62	86	4337
86	62	4338
62	162	241
162	62	241
62	114	1452
114	62	1452
62	107	3792
107	62	3792
62	137	2470
137	62	2470
62	113	3650
113	62	3651
62	81	3502
81	62	3503
63	134	1094
134	63	1094
63	142	3947
142	63	3947
63	92	981
92	63	981
63	187	4491
187	63	4491
63	163	3766
163	63	3766
63	170	4705
170	63	4705
63	185	4336
185	63	4337
63	177	3776
177	63	3776
63	115	835
115	63	835
63	161	4277
161	63	4277
63	83	1466
83	63	1467
64	160	3943
160	64	3943
64	111	4134
111	64	4135
64	164	411
164	64	412
64	175	2981
175	64	2982
64	86	547
86	64	548
64	167	1753
167	64	1753
64	104	221
104	64	221
64	172	1039
172	64	1040
65	129	4231
129	65	4232
65	126	3681
126	65	3682
65	131	3431
131	65	3431
65	137	3181
137	65	3181
65	81	3172
81	65	3172
65	142	4457
142	65	4458
65	106	1153
106	65	1154
65	128	2552
128	65	2552
65	145	4579
145	65	4580
65	159	1249
159	65	1250
65	88	689
88	65	689
65	117	2419
117	65	2420
65	178	4502
178	65	4503
65	132	1377
132	65	1377
65	140	1222
140	65	1222
66	188	3875
188	66	3875
66	92	77
92	66	77
66	142	2307
142	66	2307
66	107	4667
107	66	4667
66	76	821
76	66	821
66	139	2456
139	66	2457
66	77	3626
77	66	3627
66	88	4216
88	66	4217
66	109	1323
109	66	1324
66	115	3609
115	66	3609
67	106	1941
106	67	1941
67	180	1965
180	67	1965
67	92	4530
92	67	4531
67	166	2363
166	67	2364
67	77	1440
77	67	1440
67	152	4022
152	67	4023
67	105	2177
105	67	2177
67	122	1165
122	67	1166
67	75	4965
75	67	4965
67	69	3945
69	67	3946
67	197	4765
197	67	4766
67	128	4411
128	67	4411
68	142	3791
142	68	3791
68	197	1155
197	68	1155
68	145	4482
145	68	4483
68	119	4266
119	68	4267
68	75	1623
75	68	1624
68	71	4308
71	68	4308
68	84	2231
84	68	2231
68	134	3091
134	68	3092
68	146	4135
146	68	4135
68	117	4157
117	68	4158
68	69	4392
69	68	4393
68	149	2782
149	68	2782
69	109	3778
109	69	3778
69	198	4668
198	69	4668
69	90	3853
90	69	3853
69	113	2381
113	69	2381
69	155	3383
155	69	3384
69	160	4982
160	69	4983
69	134	1706
134	69	1707
70	179	1693
179	70	1693
70	171	4931
171	70	4931
70	105	3179
105	70	3180
70	176	3938
176	70	3938
70	72	2437
72	70	2438
70	84	1520
84	70	1520
70	92	3698
92	70	3698
70	170	4604
170	70	4605
70	136	4352
136	70	4353
70	88	4119
88	70	4119
71	128	1502
128	71	1502
71	152	4762
152	71	4763
71	95	4688
95	71	4688
71	129	1963
129	71	1964
71	167	4435
167	71	4436
71	134	1504
134	71	1505
71	154	4901
154	71	4902
71	156	980
156	71	980
71	193	4332
193	71	4333
71	97	3814
97	71	3814
72	113	3569
113	72	3569
72	116	4280
116	72	4281
72	186	2659
186	72	2659
72	137	4142
137	72	4142
72	133	4347
133	72	4348
72	75	4746
75	72	4746
72	147	4704
147	72	4705
72	126	4513
126	72	4514
72	197	348
197	72	348
73	109	987
109	73	988
73	92	2905
92	73	2905
73	87	4064
87	73	4065
73	157	4357
157	73	4358
73	171	4311
171	73	4312
73	143	4779
143	73	4780
73	136	3853
136	73	3854
73	163	3820
163	73	3821
74	126	1368
126	74	1369
74	131	4299
131	74	4299
74	118	2118
118	74	2119
74	135	1191
135	74	1191
74	180	1565
180	74	1566
74	164	2374
164	74	2374
74	79	3973
79	74	3974
74	129	3689
129	74	3690
74	125	830
125	74	831
74	166	4033
166	74	4033
74	155	3819
155	74	3819
75	126	4831
126	75	4831
75	83	1611
83	75	1612
75	173	4035
173	75	4036
75	139	4737
139	75	4738
75	151	1628
151	75	1629
75	137	1076
137	75	1076
75	125	2496
125	75	2496
75	84	3864
84	75	3865
75	170	3900
170	75	3900
76	91	1506
91	76	1506
76	137	3925
137	76	3925
76	170	2514
170	76	2515
76	139	4849
139	76	4850
76	186	2397
186	76	2397
76	123	4133
123	76	4133
76	110	4175
110	76	4175
76	101	4351
101	76	4351
76	108	4380
108	76	4380
76	138	4047
138	76	4048
76	111	2192
111	76	2192
76	95	4188
95	76	4189
77	164	1662
164	77	1662
77	154	4062
154	77	4063
77	148	2014
148	77	2015
77	80	4397
80	77	4398
77	81	2880
81	77	2881
77	149	4195
149	77	4195
77	171	196
171	77	196
77	101	1733
101	77	1733
77	114	1312
114	77	1313
77	163	3216
163	77	3216
77	111	3796
111	77	3797
77	158	1975
158	77	1975
77	99	2782
99	77	2783
77	168	2026
168	77	2027
78	136	2285
136	78	2286
78	134	3193
134	78	3194
78	171	1475
171	78	1476
78	144	3381
144	78	3382
78	97	3550
97	78	3551
78	100	3921
100	78	3921
78	154	3885
154	78	3886
78	102	3148
102	78	3149
78	94	289
94	78	290
78	156	4014
156	78	4015
78	193	3216
193	78	3217
78	84	4322
84	78	4323
79	159	4074
159	79	4074
79	117	4229
117	79	4229
79	153	3810
153	79	3811
79	197	2573
197	79	2573
79	133	3059
133	79	3059
79	112	3660
112	79	3660
79	198	4459
198	79	4459
79	155	4445
155	79	4445
79	116	906
116	79	906
79	119	3586
119	79	3586
79	143	3188
143	79	3188
79	80	2312
80	79	2313
80	112	3505
112	80	3506
80	173	1102
173	80	1103
80	96	3622
96	80	3622
80	142	1977
142	80	1977
80	145	4921
145	80	4922
80	114	3678
114	80	3679
80	140	164
140	80	165
80	84	4752
84	80	4752
80	87	4288
87	80	4289
81	104	4570
104	81	4570
81	87	2806
87	81	2807
81	97	4328
97	81	4329
81	155	2225
155	81	2226
81	103	72
103	81	72
81	126	2307
126	81	2308
81	127	4707
127	81	4708
82	108	4735
108	82	4736
82	172	1716
172	82	1716
82	167	3806
167	82	3806
82	99	3784
99	82	3785
82	158	2591
158	82	2591
82	107	4549
107	82	4550
82	117	3269
117	82	3269
82	126	1484
126	82	1484
82	157	3886
157	82	3887
82	130	196
130	82	196
82	115	1366
115	82	1366
83	97	2609
97	83	2610
83	135	2178
135	83	2178
83	176	4982
176	83	4983
83	121	1612
121	83	1612
83	138	3821
138	83	3821
83	153	4028
153	83	4029
83	162	3905
162	83	3906
83	152	1335
152	83	1335
83	174	4304
174	83	4304
84	103	3301
103	84	3302
84	102	1568
102	84	1569
85	187	3097
187	85	3097
85	121	4453
121	85	4453
85	150	2354
150	85	2355
85	168	4447
168	85	4448
85	126	1079
126	85	1080
85	139	4134
139	85	4134
85	122	4732
122	85	4732
86	118	4215
118	86	4215
86	95	998
95	86	998
86	168	4340
168	86	4340
86	159	1824
159	86	1824
86	121	3698
121	86	3698
86	113	4034
113	86	4034
86	101	3977
101	86	3978
86	131	4672
131	86	4673
87	101	4648
101	87	4649
87	159	2945
159	87	2946
87	172	4500
172	87	4500
87	171	3884
171	87	3885
87	166	4282
166	87	4282
87	187	3303
187	87	3303
87	141	3605
141	87	3605
87	105	3234
105	87	3234
87	120	1882
120	87	1882
88	111	4240
111	88	4241
88	90	4308
90	88	4308
88	135	1545
135	88	1546
88	97	1330
97	88	1331
88	93	68
93	88	68
88	117	3330
117	88	3330
89	98	1293
98	89	1293
89	172	4491
172	89	4491
89	197	4466
197	89	4467
89	100	3120
100	89	3121
89	123	3788
123	89	3789
89	120	2571
120	89	2571
89	158	2752
158	89	2753
90	156	904
156	90	904
90	162	1649
162	90	1650
90	106	1013
106	90	1013
90	112	2652
112	90	2652
90	98	1441
98	90	1441
90	171	177
171	90	178
90	129	4466
129	90	4466
90	178	4212
178	90	4212
90	94	3028
94	90	3029
91	108	1776
108	91	1776
91	170	4801
170	91	4802
91	168	1439
168	91	1439
91	122	4181
122	91	4181
91	153	4581
153	91	4582
91	131	4075
131	91	4075
91	164	2555
164	91	2555
91	174	3271
174	91	3271
91	126	1568
126	91	1568
92	157	3717
157	92	3717
92	176	2565
176	92	2565
92	173	1908
173	92	1908
92	159	1776
159	92	1777
92	96	4980
96	92	4981
92	102	2564
102	92	2565
92	172	2835
172	92	2835
92	109	3971
109	92	3971
93	138	4245
138	93	4245
93	171	3889
171	93	3889
93	124	4640
124	93	4640
93	114	3425
114	93	3425
93	108	718
108	93	718
93	159	4553
159	93	4554
93	130	3266
130	93	3267
93	180	1948
180	93	1949
93	158	4569
158	93	4570
93	96	1752
96	93	1753
94	129	3272
129	94	3273
94	177	2857
177	94	2858
94	152	605
152	94	605
94	136	3934
136	94	3934
94	143	3645
143	94	3646
94	100	76
100	94	76
94	140	4280
140	94	4281
94	113	4459
113	94	4460
94	144	2274
144	94	2274
94	179	2696
179	94	2696
94	186	2411
186	94	2412
94	132	1725
132	94	1725
94	96	4056
96	94	4056
95	134	3126
134	95	3127
95	108	4040
108	95	4041
95	168	1657
168	95	1657
95	137	2417
137	95	2418
95	187	645
187	95	646
95	144	540
144	95	541
95	174	2816
174	95	2816
95	159	1035
159	95	1036
95	151	4447
151	95	4448
95	157	389
157	95	390
96	97	3995
97	96	3996
96	99	4707
99	96	4708
96	124	4391
124	96	4391
97	161	155
161	97	156
97	162	4089
162	97	4090
97	138	4401
138	97	4402
97	167	3192
167	97	3192
98	154	1559
154	98	1559
98	161	3602
161	98	3603
98	140	3036
140	98	3037
98	131	2471
131	98	2472
98	102	4515
102	98	4516
98	173	4434
173	98	4434
98	164	1270
164	98	1271
98	198	977
198	98	978
98	170	1889
170	98	1889
99	129	2118
129	99	2119
99	148	3223
148	99	3224
99	136	2028
136	99	2029
100	179	97
179	100	98
100	108	1652
108	100	1652
100	167	2325
167	100	2326
100	118	4897
118	100	4897
100	124	2411
124	100	2412
100	177	2685
177	100	2685
100	172	811
172	100	812
100	173	840
173	100	840
101	121	3918
121	101	3918
101	176	3938
176	101	3939
101	157	2333
157	101	2334
102	171	1612
171	102	1612
102	123	3778
123	102	3779
102	169	2255
169	102	2256
102	187	3791
187	102	3792
102	157	1101
157	102	1101
102	143	1828
143	102	1829
102	109	3935
109	102	3936
102	124	4464
124	102	4464
104	151	2905
151	104	2905
104	125	4693
125	104	4693
104	148	4549
148	104	4550
104	172	241
172	104	241
104	157	106
157	104	106
106	165	4049
165	106	4049
106	193	4463
193	106	4463
106	116	2265
116	106	2265
106	154	2669
154	106	2669
106	134	4345
134	106	4346
106	127	2319
127	106	2319
106	133	3212
133	106	3213
106	109	4091
109	106	4091
106	145	4154
145	106	4155
107	165	3520
165	107	3520
107	148	2401
148	107	2401
107	159	3524
159	107	3525
107	118	3458
118	107	3459
107	167	4912
167	107	4913
107	138	4287
138	107	4288
107	190	889
190	107	889
107	125	3717
125	107	3718
107	122	3530
122	107	3531
107	131	230
131	107	231
108	190	4496
190	108	4497
108	135	4078
135	108	4078
109	163	904
163	109	905
109	111	1009
111	109	1010
110	122	4704
122	110	4705
110	148	4416
148	110	4416
110	145	3069
145	110	3069
110	162	4066
162	110	4067
111	159	3848
159	111	3848
111	133	4645
133	111	4645
111	171	3055
171	111	3056
112	144	2351
144	112	2352
112	137	4678
137	112	4679
112	151	3740
151	112	3740
112	149	1909
149	112	1909
112	118	1408
118	112	1409
113	175	1878
175	113	1879
113	159	3062
159	113	3062
113	174	2829
174	113	2830
113	161	1873
161	113	1874
113	177	4068
177	113	4068
116	135	2808
135	116	2809
117	164	4028
164	117	4029
117	167	634
167	117	635
117	177	4339
177	117	4340
117	151	4074
151	117	4074
117	123	3074
123	117	3074
121	166	3305
166	121	3306
121	180	2784
180	121	2784
121	179	1367
179	121	1368
121	134	3963
134	121	3964
122	163	3750
163	122	3751
122	162	4594
162	122	4595
122	159	3692
159	122	3692
123	131	4882
131	123	4883
123	169	3826
169	123	3827
125	166	4982
166	125	4983
125	173	3640
173	125	3640
125	174	4456
174	125	4456
125	175	4321
175	125	4322
127	178	641
178	127	642
127	163	138
163	127	139
127	190	2268
190	127	2269
127	138	3137
138	127	3138
127	179	3939
179	127	3940
127	135	1723
135	127	1724
127	153	2880
153	127	2880
127	154	4577
154	127	4578
130	169	4369
169	130	4370
131	138	1292
138	131	1293
131	173	1191
173	131	1192
131	149	2497
149	131	2498
131	174	3515
174	131	3515
131	141	1164
141	131	1165
132	180	2711
180	132	2711
132	163	238
163	132	238
132	175	2246
175	132	2246
132	150	2965
150	132	2965
132	133	4259
133	132	4259
132	173	602
173	132	603
132	174	2020
174	132	2020
132	149	1778
149	132	1778
132	141	2161
141	132	2162
132	178	3683
178	132	3684
133	161	4523
161	133	4524
133	175	2710
175	133	2710
133	154	4771
154	133	4772
133	153	659
153	133	659
133	176	175
176	133	176
133	141	4207
141	133	4207
133	149	4807
149	133	4807
134	161	2387
161	134	2387
135	180	3776
180	135	3777
135	162	3851
162	135	3851
135	176	1154
176	135	1155
135	175	1101
175	135	1101
137	190	789
190	137	790
137	154	317
154	137	318
137	143	4738
143	137	4739
137	141	2282
141	137	2282
138	164	1042
164	138	1042
141	151	2410
151	141	2410
141	167	3908
167	141	3908
141	176	3732
176	141	3732
141	166	4132
166	141	4133
142	166	3801
166	142	3801
142	179	1014
179	142	1014
143	169	3317
169	143	3318
143	190	1606
190	143	1607
143	176	4746
176	143	4746
143	153	1279
153	143	1279
143	150	4472
150	143	4472
144	149	3879
149	144	3879
144	164	3996
164	144	3996
144	175	3466
175	144	3466
149	150	4073
150	149	4073
149	173	2391
173	149	2391
149	179	2573
179	149	2573
149	169	2667
169	149	2667
150	173	4214
173	150	4214
150	178	1517
178	150	1517
153	175	3180
175	153	3180
154	159	4910
159	154	4910
154	179	4439
179	154	4440
154	175	1850
175	154	1850
154	173	4645
173	154	4645
175	179	1677
179	175	1678
