900	5218
2	2
2	2
5	5
3	3
4	4
2	2
2	2
4	4
4	4
5	5
3	3
4	4
5	5
2	2
2	2
4	4
4	4
2	2
3	3
2	2
3	3
4	4
4	4
5	5
5	5
4	4
2	2
4	4
3	3
4	4
5	5
5	5
3	3
2	2
4	4
3	3
4	4
5	5
5	5
3	3
2	2
5	5
4	4
5	5
4	4
2	2
4	4
5	5
3	3
3	3
5	5
3	3
2	2
3	3
3	3
2	2
3	3
5	5
5	5
2	2
5	5
4	4
4	4
3	3
5	5
3	3
3	3
2	2
5	5
2	2
4	4
3	3
3	3
5	5
4	4
3	3
5	5
2	2
5	5
5	5
5	5
2	2
2	2
4	4
5	5
4	4
4	4
4	4
5	5
5	5
2	2
3	3
3	3
4	4
4	4
5	5
3	3
5	5
3	3
3	3
4	4
3	3
3	3
2	2
2	2
4	4
5	5
2	2
4	4
3	3
5	5
4	4
4	4
5	5
4	4
5	5
2	2
2	2
4	4
2	2
2	2
3	3
2	2
3	3
2	2
4	4
5	5
2	2
2	2
3	3
5	5
4	4
2	2
4	4
3	3
3	3
3	3
2	2
4	4
5	5
4	4
5	5
4	4
2	2
5	5
3	3
2	2
4	4
3	3
3	3
3	3
5	5
2	2
2	2
3	3
4	4
2	2
4	4
4	4
5	5
2	2
3	3
3	3
2	2
2	2
5	5
3	3
2	2
5	5
3	3
2	2
5	5
2	2
2	2
2	2
3	3
3	3
2	2
5	5
3	3
3	3
3	3
5	5
5	5
4	4
2	2
4	4
5	5
3	3
5	5
3	3
4	4
4	4
5	5
5	5
3	3
5	5
4	4
3	3
5	5
4	4
4	4
5	5
5	5
5	5
3	3
4	4
4	4
2	2
3	3
4	4
5	5
3	3
4	4
5	5
4	4
5	5
4	4
4	4
2	2
5	5
4	4
3	3
2	2
4	4
3	3
4	4
4	4
2	2
5	5
5	5
5	5
4	4
2	2
3	3
5	5
2	2
3	3
3	3
4	4
5	5
3	3
3	3
5	5
3	3
2	2
5	5
2	2
4	4
4	4
2	2
2	2
5	5
4	4
3	3
3	3
4	4
4	4
2	2
5	5
4	4
5	5
2	2
2	2
5	5
4	4
2	2
2	2
2	2
3	3
5	5
5	5
3	3
3	3
4	4
3	3
5	5
5	5
3	3
3	3
2	2
2	2
2	2
5	5
2	2
5	5
2	2
3	3
4	4
2	2
5	5
2	2
5	5
3	3
2	2
2	2
2	2
4	4
4	4
5	5
4	4
5	5
4	4
4	4
2	2
4	4
2	2
3	3
4	4
2	2
5	5
4	4
4	4
4	4
3	3
4	4
2	2
2	2
3	3
5	5
5	5
4	4
4	4
3	3
2	2
4	4
3	3
4	4
4	4
3	3
3	3
3	3
3	3
3	3
3	3
3	3
3	3
2	2
3	3
3	3
4	4
4	4
4	4
4	4
4	4
5	5
3	3
5	5
3	3
3	3
4	4
4	4
3	3
4	4
5	5
2	2
4	4
3	3
4	4
4	4
5	5
2	2
3	3
4	4
4	4
5	5
3	3
5	5
2	2
5	5
4	4
3	3
5	5
2	2
2	2
4	4
4	4
3	3
4	4
5	5
5	5
4	4
3	3
5	5
2	2
2	2
3	3
2	2
2	2
5	5
5	5
4	4
3	3
2	2
4	4
4	4
2	2
4	4
3	3
2	2
3	3
4	4
4	4
4	4
4	4
3	3
5	5
3	3
4	4
3	3
2	2
2	2
4	4
5	5
2	2
2	2
2	2
2	2
4	4
3	3
2	2
3	3
3	3
4	4
3	3
2	2
3	3
5	5
4	4
4	4
4	4
3	3
2	2
5	5
4	4
2	2
5	5
2	2
3	3
3	3
4	4
4	4
4	4
4	4
2	2
2	2
5	5
2	2
3	3
4	4
4	4
2	2
4	4
5	5
3	3
5	5
5	5
3	3
3	3
3	3
5	5
5	5
2	2
5	5
4	4
3	3
3	3
4	4
2	2
2	2
2	2
4	4
2	2
2	2
4	4
3	3
2	2
4	4
3	3
5	5
2	2
5	5
2	2
2	2
3	3
5	5
5	5
3	3
3	3
5	5
3	3
4	4
4	4
4	4
5	5
2	2
2	2
2	2
4	4
4	4
4	4
3	3
2	2
2	2
4	4
2	2
4	4
2	2
2	2
4	4
2	2
5	5
3	3
4	4
5	5
2	2
4	4
4	4
3	3
2	2
3	3
4	4
5	5
2	2
3	3
5	5
3	3
3	3
3	3
4	4
2	2
2	2
3	3
5	5
5	5
3	3
2	2
2	2
4	4
2	2
4	4
2	2
5	5
3	3
3	3
3	3
4	4
4	4
5	5
5	5
5	5
4	4
3	3
5	5
4	4
3	3
4	4
3	3
3	3
2	2
2	2
3	3
3	3
3	3
2	2
2	2
5	5
4	4
4	4
5	5
2	2
4	4
3	3
3	3
2	2
3	3
2	2
5	5
3	3
2	2
3	3
4	4
3	3
2	2
5	5
2	2
5	5
5	5
2	2
4	4
2	2
3	3
3	3
4	4
5	5
5	5
4	4
3	3
5	5
4	4
2	2
2	2
2	2
5	5
2	2
4	4
5	5
2	2
2	2
2	2
4	4
4	4
3	3
3	3
4	4
3	3
2	2
2	2
3	3
3	3
5	5
5	5
3	3
2	2
4	4
2	2
5	5
4	4
5	5
3	3
2	2
4	4
3	3
3	3
5	5
5	5
5	5
5	5
3	3
2	2
5	5
4	4
3	3
5	5
4	4
5	5
4	4
4	4
2	2
5	5
5	5
2	2
2	2
3	3
2	2
2	2
4	4
2	2
4	4
5	5
4	4
4	4
4	4
4	4
2	2
2	2
4	4
3	3
2	2
2	2
5	5
2	2
3	3
4	4
2	2
2	2
4	4
5	5
4	4
2	2
4	4
5	5
5	5
3	3
4	4
5	5
5	5
4	4
4	4
4	4
3	3
2	2
5	5
4	4
3	3
4	4
4	4
4	4
2	2
4	4
4	4
4	4
3	3
4	4
4	4
3	3
2	2
4	4
4	4
2	2
2	2
4	4
3	3
2	2
2	2
2	2
3	3
4	4
4	4
4	4
5	5
5	5
4	4
3	3
4	4
4	4
3	3
3	3
3	3
4	4
4	4
3	3
4	4
3	3
4	4
4	4
5	5
2	2
3	3
4	4
5	5
5	5
4	4
5	5
4	4
2	2
2	2
5	5
3	3
4	4
2	2
5	5
3	3
5	5
3	3
5	5
4	4
2	2
3	3
4	4
3	3
2	2
5	5
2	2
3	3
3	3
3	3
5	5
3	3
3	3
2	2
4	4
3	3
2	2
2	2
5	5
5	5
3	3
3	3
5	5
2	2
2	2
2	2
2	2
3	3
3	3
5	5
3	3
3	3
4	4
3	3
2	2
5	5
5	5
5	5
5	5
5	5
2	2
4	4
2	2
5	5
4	4
5	5
3	3
5	5
4	4
3	3
5	5
4	4
5	5
3	3
4	4
4	4
5	5
3	3
2	2
4	4
4	4
5	5
2	2
4	4
5	5
3	3
2	2
2	2
3	3
2	2
4	4
4	4
5	5
5	5
5	5
4	4
5	5
5	5
3	3
2	2
3	3
3	3
4	4
2	2
2	2
2	2
3	3
4	4
2	2
3	3
5	5
4	4
4	4
5	5
3	3
5	5
5	5
3	3
2	2
3	3
3	3
3	3
3	3
4	4
5	5
3	3
2	2
2	2
2	2
5	5
3	3
2	2
5	5
5	5
2	2
2	2
2	2
3	3
4	4
3	3
4	4
3	3
3	3
3	3
4	4
3	3
2	2
4	4
5	5
4	4
3	3
5	5
5	5
5	5
3	3
2	2
3	3
4	4
4	4
4	4
5	5
3	3
3	3
1	233	3977
233	1	3978
1	265	4399
265	1	4400
1	11	4045
11	1	4045
1	608	1706
608	1	1707
1	878	1433
878	1	1434
1	282	4495
282	1	4496
1	444	4330
444	1	4330
1	449	4902
449	1	4902
1	531	4540
531	1	4541
1	567	3155
567	1	3156
1	196	4665
196	1	4666
1	805	4265
805	1	4265
1	733	3979
733	1	3980
1	355	1559
355	1	1560
1	474	1279
474	1	1280
1	864	2354
864	1	2354
1	832	2353
832	1	2353
1	237	3537
237	1	3537
1	661	4096
661	1	4097
2	457	3813
457	2	3814
2	467	1183
467	2	1183
2	107	2841
107	2	2842
2	750	4189
750	2	4189
2	799	1896
799	2	1897
2	293	4646
293	2	4646
2	197	1076
197	2	1076
2	60	764
60	2	764
2	279	3051
279	2	3052
2	847	3989
847	2	3989
2	188	2665
188	2	2665
2	333	257
333	2	258
2	343	4084
343	2	4085
3	667	4695
667	3	4695
3	437	1938
437	3	1939
3	143	1806
143	3	1807
3	108	4136
108	3	4136
3	509	4887
509	3	4888
3	407	4962
407	3	4963
3	8	4320
8	3	4320
3	363	4436
363	3	4437
3	142	4320
142	3	4321
3	124	4902
124	3	4903
3	764	4082
764	3	4083
3	485	1429
485	3	1430
3	326	3217
326	3	3218
3	367	3232
367	3	3233
3	347	4554
347	3	4555
3	457	4825
457	3	4825
4	358	1332
358	4	1333
4	403	3976
403	4	3976
4	316	4406
316	4	4407
4	486	3919
486	4	3920
4	303	2900
303	4	2900
4	426	2944
426	4	2944
4	492	4980
492	4	4981
4	516	4048
516	4	4049
4	446	1170
446	4	1171
4	82	2561
82	4	2562
4	75	283
75	4	283
4	730	3892
730	4	3892
4	46	3991
46	4	3991
4	738	3539
738	4	3539
4	394	3829
394	4	3830
4	355	3541
355	4	3542
4	493	1828
493	4	1828
4	474	4442
474	4	4442
5	439	3832
439	5	3833
5	826	4798
826	5	4799
5	146	2600
146	5	2601
5	103	2707
103	5	2707
5	166	4942
166	5	4942
5	36	4458
36	5	4458
5	777	3728
777	5	3729
5	677	1133
677	5	1133
5	367	189
367	5	189
5	272	4723
272	5	4723
5	267	4739
267	5	4740
5	523	1210
523	5	1211
5	405	4743
405	5	4743
5	850	4767
850	5	4768
5	145	3854
145	5	3854
5	283	3636
283	5	3636
5	152	3762
152	5	3762
5	715	1481
715	5	1482
6	167	3756
167	6	3756
6	377	4062
377	6	4063
6	800	4332
800	6	4332
6	67	4318
67	6	4319
6	494	2430
494	6	2430
6	461	1159
461	6	1160
6	375	2433
375	6	2434
6	592	1031
592	6	1031
6	63	189
63	6	190
6	626	2780
626	6	2780
6	337	3349
337	6	3349
6	549	4435
549	6	4436
6	245	2373
245	6	2374
6	867	2553
867	6	2554
6	294	635
294	6	636
7	414	4754
414	7	4754
7	329	3940
329	7	3940
7	469	1039
469	7	1040
7	717	1945
717	7	1946
7	807	4154
807	7	4155
7	383	1092
383	7	1093
7	235	4678
235	7	4679
7	854	1889
854	7	1890
7	535	3140
535	7	3140
7	45	4672
45	7	4672
7	370	2094
370	7	2094
7	212	1308
212	7	1308
7	894	4239
894	7	4240
7	802	4170
802	7	4171
8	760	3887
760	8	3887
8	778	3942
778	8	3943
8	515	3810
515	8	3810
8	303	4533
303	8	4534
8	386	4766
386	8	4766
8	887	1384
887	8	1385
8	827	3560
827	8	3560
8	587	4787
587	8	4788
8	583	3521
583	8	3522
8	508	2311
508	8	2312
8	466	4386
466	8	4387
8	648	282
648	8	283
8	343	1345
343	8	1346
9	282	1672
282	9	1672
9	529	4258
529	9	4258
9	357	2985
357	9	2985
9	77	297
77	9	298
9	170	1102
170	9	1103
9	131	4112
131	9	4113
9	364	1247
364	9	1248
9	265	613
265	9	613
9	379	4126
379	9	4126
9	526	4476
526	9	4476
9	372	3535
372	9	3535
9	339	2545
339	9	2545
9	43	2051
43	9	2051
9	178	2982
178	9	2982
10	409	1943
409	10	1944
10	218	1396
218	10	1397
10	792	2657
792	10	2657
10	233	4184
233	10	4185
10	445	2391
445	10	2391
10	49	3701
49	10	3702
10	424	4737
424	10	4737
10	18	4041
18	10	4042
10	45	3795
45	10	3795
10	109	2939
109	10	2940
10	131	2865
131	10	2866
10	522	795
522	10	795
10	787	820
787	10	821
11	775	4623
775	11	4623
11	199	4269
199	11	4270
11	263	4999
263	11	4999
11	428	4082
428	11	4083
11	705	1868
705	11	1868
11	235	1239
235	11	1240
11	304	4611
304	11	4611
11	513	2025
513	11	2025
11	194	4638
194	11	4638
11	822	3286
822	11	3287
11	84	718
84	11	719
11	862	4314
862	11	4315
11	411	3871
411	11	3872
11	161	3741
161	11	3741
12	354	4315
354	12	4315
12	397	3518
397	12	3519
12	807	1503
807	12	1504
12	869	2290
869	12	2291
12	647	1939
647	12	1939
12	97	2134
97	12	2135
12	891	2134
891	12	2135
12	682	1192
682	12	1192
12	716	4961
716	12	4962
12	848	734
848	12	735
12	830	1793
830	12	1793
12	121	1110
121	12	1111
12	686	4703
686	12	4704
12	108	4231
108	12	4231
13	449	2799
449	13	2800
13	125	4581
125	13	4581
13	70	907
70	13	907
13	30	3368
30	13	3368
13	285	3850
285	13	3851
13	694	4142
694	13	4143
13	373	3703
373	13	3704
13	172	1144
172	13	1145
13	880	4393
880	13	4393
13	495	2663
495	13	2663
13	203	4558
203	13	4558
13	739	4498
739	13	4498
13	289	480
289	13	481
13	46	1477
46	13	1477
14	320	1399
320	14	1400
14	95	4952
95	14	4952
14	404	4775
404	14	4776
14	163	4791
163	14	4792
14	155	2797
155	14	2798
14	178	4352
178	14	4353
14	841	1607
841	14	1608
14	530	4927
530	14	4928
14	364	1291
364	14	1291
14	703	1894
703	14	1895
14	328	4907
328	14	4908
14	640	1828
640	14	1829
15	220	2029
220	15	2029
15	441	4659
441	15	4660
15	586	1628
586	15	1629
15	605	2108
605	15	2108
15	781	4065
781	15	4065
15	431	2761
431	15	2762
15	837	4646
837	15	4647
15	806	4606
806	15	4606
15	606	3727
606	15	3728
15	754	4687
754	15	4687
15	898	4197
898	15	4198
15	56	4705
56	15	4705
15	496	1514
496	15	1515
15	349	888
349	15	889
16	75	3159
75	16	3159
16	145	4731
145	16	4731
16	558	4312
558	16	4312
16	528	2213
528	16	2214
16	154	1436
154	16	1436
16	753	1737
753	16	1737
16	687	1451
687	16	1451
16	621	4126
621	16	4127
16	130	4607
130	16	4608
16	748	2230
748	16	2230
16	310	4743
310	16	4744
16	768	1453
768	16	1453
16	563	4385
563	16	4385
16	91	4522
91	16	4523
17	157	2919
157	17	2920
17	314	4585
314	17	4585
17	272	3911
272	17	3912
17	463	1403
463	17	1403
17	831	4095
831	17	4096
17	628	4739
628	17	4739
17	216	2920
216	17	2920
17	534	2614
534	17	2615
17	342	4500
342	17	4500
17	137	3721
137	17	3721
17	465	3072
465	17	3073
17	444	3311
444	17	3311
18	650	4035
650	18	4036
18	412	614
412	18	615
18	114	2599
114	18	2599
18	551	2374
551	18	2374
18	723	4923
723	18	4924
18	37	4962
37	18	4963
18	603	4187
603	18	4188
18	375	707
375	18	707
18	145	4761
145	18	4762
18	382	2798
382	18	2799
18	387	3671
387	18	3672
18	224	189
224	18	189
18	619	3691
619	18	3692
18	357	1862
357	18	1863
18	67	4093
67	18	4093
18	416	1274
416	18	1274
18	51	2824
51	18	2825
19	639	4630
639	19	4630
19	561	4669
561	19	4670
19	97	329
97	19	329
19	305	2628
305	19	2629
19	498	1627
498	19	1628
19	742	1588
742	19	1589
19	384	3569
384	19	3569
19	750	4161
750	19	4161
19	389	4919
389	19	4920
19	369	4264
369	19	4265
19	596	4250
596	19	4250
19	272	3388
272	19	3389
19	661	287
661	19	287
19	751	396
751	19	396
19	218	4408
218	19	4409
19	311	1627
311	19	1628
19	879	4917
879	19	4917
20	742	4747
742	20	4747
20	392	845
392	20	845
20	196	4404
196	20	4404
20	173	3669
173	20	3669
20	257	3776
257	20	3776
20	595	2050
595	20	2050
20	780	3246
780	20	3247
20	672	1440
672	20	1440
20	312	3618
312	20	3619
20	638	4540
638	20	4541
20	791	4173
791	20	4173
20	713	3851
713	20	3852
21	83	1834
83	21	1835
21	576	3591
576	21	3592
21	347	2920
347	21	2921
21	104	4863
104	21	4864
21	621	2601
621	21	2602
21	726	3896
726	21	3897
21	512	4678
512	21	4678
21	882	4357
882	21	4357
21	828	1233
828	21	1234
21	771	3651
771	21	3652
21	496	3130
496	21	3130
21	37	2940
37	21	2941
21	623	4571
623	21	4571
21	569	4863
569	21	4864
21	776	4004
776	21	4004
22	446	1319
446	22	1319
22	314	2170
314	22	2170
22	739	4387
739	22	4388
22	150	4654
150	22	4654
22	85	3909
85	22	3910
22	813	1576
813	22	1576
22	858	2716
858	22	2716
22	546	2216
546	22	2217
22	584	1072
584	22	1072
22	40	3677
40	22	3677
22	590	2700
590	22	2701
22	437	2226
437	22	2227
22	528	2174
528	22	2174
22	88	4878
88	22	4879
22	118	4902
118	22	4903
22	599	3698
599	22	3698
22	768	2423
768	22	2423
22	706	1743
706	22	1744
22	160	2950
160	22	2950
23	311	2122
311	23	2123
23	233	2163
233	23	2163
23	686	4505
686	23	4506
23	537	4456
537	23	4456
23	304	4406
304	23	4406
23	807	3944
807	23	3944
23	387	3346
387	23	3346
23	553	4182
553	23	4182
23	453	3928
453	23	3929
23	557	4784
557	23	4785
23	206	1021
206	23	1021
23	803	1180
803	23	1181
24	724	454
724	24	454
24	470	3200
470	24	3201
24	446	4292
446	24	4292
24	235	4460
235	24	4461
24	899	2331
899	24	2332
24	146	895
146	24	896
24	547	4214
547	24	4214
24	844	2605
844	24	2605
24	606	2258
606	24	2259
24	550	2442
550	24	2442
24	291	1181
291	24	1181
24	341	2918
341	24	2919
24	28	475
28	24	475
24	497	2291
497	24	2292
25	716	357
716	25	357
25	389	3698
389	25	3699
25	402	4747
402	25	4747
25	539	2566
539	25	2566
25	618	3865
618	25	3865
25	874	4707
874	25	4707
25	819	2278
819	25	2278
25	71	4761
71	25	4762
25	603	1267
603	25	1268
25	695	3558
695	25	3558
25	692	2449
692	25	2450
25	353	2562
353	25	2562
25	835	1198
835	25	1199
25	871	403
871	25	403
25	768	3931
768	25	3931
26	254	3967
254	26	3967
26	655	4938
655	26	4938
26	598	3057
598	26	3057
26	588	4688
588	26	4688
26	843	2067
843	26	2068
26	42	1611
42	26	1612
26	494	1142
494	26	1143
26	328	1974
328	26	1974
26	557	4092
557	26	4093
26	414	4897
414	26	4898
26	203	1083
203	26	1083
26	606	828
606	26	829
26	316	696
316	26	696
26	415	3810
415	26	3811
26	421	2030
421	26	2031
26	794	1431
794	26	1431
27	84	3558
84	27	3559
27	301	3703
301	27	3703
27	374	4179
374	27	4179
27	873	4384
873	27	4385
27	554	3275
554	27	3276
27	346	68
346	27	69
27	351	4161
351	27	4161
27	265	4299
265	27	4300
27	39	1855
39	27	1855
27	368	1810
368	27	1810
27	447	4864
447	27	4864
27	191	4468
191	27	4469
28	216	4582
216	28	4583
28	413	4061
413	28	4062
28	680	356
680	28	356
28	582	630
582	28	631
28	352	2786
352	28	2786
28	55	4098
55	28	4098
28	655	4083
655	28	4084
28	380	2325
380	28	2325
28	32	1910
32	28	1911
28	116	3660
116	28	3660
28	884	2202
884	28	2203
28	662	3770
662	28	3771
28	420	3174
420	28	3174
28	663	3250
663	28	3250
28	29	444
29	28	444
28	142	374
142	28	375
29	389	947
389	29	947
29	242	4125
242	29	4126
29	118	2453
118	29	2454
29	769	4749
769	29	4749
29	341	722
341	29	723
29	688	4186
688	29	4187
29	386	2463
386	29	2463
29	644	4944
644	29	4944
29	613	811
613	29	812
29	660	2504
660	29	2504
29	325	3429
325	29	3430
29	755	1122
755	29	1123
29	158	3267
158	29	3267
29	883	4177
883	29	4178
29	403	819
403	29	819
29	240	4591
240	29	4592
30	105	4017
105	30	4018
30	208	4131
208	30	4131
30	402	2786
402	30	2786
30	727	3681
727	30	3682
30	562	4882
562	30	4883
30	177	2996
177	30	2997
30	659	3915
659	30	3915
30	486	3936
486	30	3937
30	408	1468
408	30	1468
30	370	3344
370	30	3344
30	297	3702
297	30	3703
30	411	1743
411	30	1744
30	85	3469
85	30	3470
30	79	851
79	30	852
30	192	3769
192	30	3770
31	640	2293
640	31	2294
31	892	3595
892	31	3596
31	359	2527
359	31	2527
31	526	4028
526	31	4029
31	58	4099
58	31	4100
31	860	3696
860	31	3696
31	770	3637
770	31	3637
31	85	4822
85	31	4822
31	315	3916
315	31	3916
31	257	2125
257	31	2126
31	32	1325
32	31	1326
31	720	2649
720	31	2649
31	447	3729
447	31	3730
31	172	3705
172	31	3706
31	829	3722
829	31	3723
31	394	3506
394	31	3506
31	189	2739
189	31	2739
31	757	2130
757	31	2130
32	675	2698
675	32	2698
32	820	1111
820	32	1112
32	104	1985
104	32	1986
32	372	3864
372	32	3864
32	185	970
185	32	970
32	216	2005
216	32	2005
32	344	1731
344	32	1732
32	132	4029
132	32	4030
32	58	3926
58	32	3926
32	696	3561
696	32	3562
32	443	4122
443	32	4123
32	711	3960
711	32	3960
32	35	4964
35	32	4964
32	754	1190
754	32	1190
32	96	3431
96	32	3431
32	230	3981
230	32	3981
32	578	310
578	32	311
33	209	4778
209	33	4778
33	501	3688
501	33	3689
33	340	997
340	33	998
33	205	1324
205	33	1325
33	274	1272
274	33	1273
33	678	4241
678	33	4242
33	857	3014
857	33	3015
33	656	1747
656	33	1747
33	126	1586
126	33	1586
33	514	3804
514	33	3804
33	91	2226
91	33	2227
33	283	2805
283	33	2806
33	204	4376
204	33	4377
33	301	2085
301	33	2085
34	603	1627
603	34	1627
34	380	3603
380	34	3603
34	645	1554
645	34	1555
34	811	2000
811	34	2000
34	152	4668
152	34	4669
34	117	1528
117	34	1528
34	798	1186
798	34	1186
34	668	1905
668	34	1906
34	320	3328
320	34	3328
34	576	1084
576	34	1084
34	394	2523
394	34	2523
34	141	4739
141	34	4739
34	297	3301
297	34	3301
34	316	3989
316	34	3989
34	487	2255
487	34	2255
34	485	4409
485	34	4410
34	368	1466
368	34	1467
34	234	347
234	34	348
35	292	3529
292	35	3530
35	224	4728
224	35	4728
35	62	3786
62	35	3786
35	250	3994
250	35	3995
35	555	3981
555	35	3981
35	106	2167
106	35	2167
35	369	4714
369	35	4714
35	896	4310
896	35	4311
35	667	3804
667	35	3805
35	660	4744
660	35	4745
35	86	1845
86	35	1846
35	150	4723
150	35	4723
35	698	4619
698	35	4620
35	872	886
872	35	886
35	568	3080
568	35	3081
35	478	2707
478	35	2707
35	123	2160
123	35	2160
35	200	3667
200	35	3668
36	64	4327
64	36	4327
36	159	4649
159	36	4649
36	81	2769
81	36	2769
36	571	3957
571	36	3958
36	277	4936
277	36	4937
36	782	4164
782	36	4164
36	875	3923
875	36	3924
36	244	3686
244	36	3686
36	412	4388
412	36	4388
36	129	4532
129	36	4532
36	765	1809
765	36	1809
37	782	3294
782	37	3294
37	352	1331
352	37	1331
37	129	3895
129	37	3896
37	704	2799
704	37	2800
37	506	4869
506	37	4870
37	213	1031
213	37	1032
37	278	1025
278	37	1025
37	284	4831
284	37	4832
37	97	4404
97	37	4404
37	736	4190
736	37	4191
37	868	4520
868	37	4520
37	351	4944
351	37	4945
37	523	4893
523	37	4893
38	845	3248
845	38	3249
38	655	4123
655	38	4124
38	221	4326
221	38	4326
38	533	3562
533	38	3562
38	454	2707
454	38	2708
38	480	520
480	38	520
38	607	4812
607	38	4812
38	372	3895
372	38	3895
38	46	3130
46	38	3130
38	344	4849
344	38	4850
38	416	4277
416	38	4277
38	111	4547
111	38	4548
38	44	513
44	38	513
38	749	4270
749	38	4271
38	154	3913
154	38	3914
38	489	3361
489	38	3361
38	294	4481
294	38	4482
38	76	122
76	38	122
38	681	4811
681	38	4811
39	257	3743
257	39	3744
39	726	2821
726	39	2821
39	622	1608
622	39	1609
39	252	4408
252	39	4409
39	603	4354
603	39	4355
39	42	4842
42	39	4843
39	408	491
408	39	492
39	566	3558
566	39	3558
39	444	4930
444	39	4931
39	520	4149
520	39	4149
39	762	4433
762	39	4434
39	267	4480
267	39	4480
39	710	3375
710	39	3375
39	394	3061
394	39	3062
39	445	4606
445	39	4606
39	623	1580
623	39	1581
40	228	3233
228	40	3233
40	200	3967
200	40	3968
40	112	4727
112	40	4728
40	722	3851
722	40	3851
40	210	4598
210	40	4598
40	893	193
893	40	194
40	676	3524
676	40	3524
40	553	3731
553	40	3731
40	542	862
542	40	863
40	443	2472
443	40	2473
40	266	3903
266	40	3904
41	324	591
324	41	591
41	220	4110
220	41	4110
41	405	3440
405	41	3440
41	337	4455
337	41	4455
41	638	2583
638	41	2583
41	690	2514
690	41	2515
41	840	1889
840	41	1889
41	500	473
500	41	474
41	344	2516
344	41	2517
41	100	1943
100	41	1943
41	745	4345
745	41	4346
41	320	4641
320	41	4642
42	105	2507
105	42	2508
42	323	2453
323	42	2454
42	75	58
75	42	59
42	809	1356
809	42	1356
42	305	1289
305	42	1290
42	457	3966
457	42	3967
42	107	4105
107	42	4106
42	652	2641
652	42	2642
42	115	121
115	42	122
42	741	4353
741	42	4353
42	287	1248
287	42	1249
42	400	2438
400	42	2438
43	335	884
335	43	884
43	509	4647
509	43	4648
43	220	2242
220	43	2243
43	227	4646
227	43	4646
43	295	4531
295	43	4531
43	368	2190
368	43	2190
43	238	2557
238	43	2557
43	581	4044
581	43	4045
43	851	337
851	43	337
43	346	2709
346	43	2709
43	183	2186
183	43	2187
43	673	2599
673	43	2599
43	452	3797
452	43	3797
43	389	3512
389	43	3512
43	808	4024
808	43	4024
43	88	4223
88	43	4224
44	215	55
215	44	56
44	233	1491
233	44	1492
44	890	4127
890	44	4128
44	643	4572
643	44	4572
44	554	3107
554	44	3108
44	687	1307
687	44	1307
44	518	244
518	44	245
44	641	2078
641	44	2079
44	186	335
186	44	335
44	607	1624
607	44	1625
44	557	1245
557	44	1245
44	294	2950
294	44	2950
44	808	58
808	44	59
45	435	630
435	45	630
45	386	2475
386	45	2475
45	408	2902
408	45	2903
45	283	2863
283	45	2864
45	158	1980
158	45	1980
45	48	3520
48	45	3521
45	440	743
440	45	743
45	70	4202
70	45	4202
45	271	4159
271	45	4159
45	372	909
372	45	910
45	772	2413
772	45	2413
45	802	3250
802	45	3250
45	560	2622
560	45	2623
45	786	4856
786	45	4857
45	281	2884
281	45	2885
45	838	1506
838	45	1506
46	462	250
462	46	250
46	595	2512
595	46	2513
46	649	4873
649	46	4873
46	473	4516
473	46	4516
46	717	4168
717	46	4168
46	597	169
597	46	169
46	211	333
211	46	333
46	340	2717
340	46	2717
46	536	1774
536	46	1775
46	132	3578
132	46	3579
46	113	4853
113	46	4853
46	553	3376
553	46	3376
46	673	364
673	46	364
46	346	2903
346	46	2903
47	802	3110
802	47	3110
47	726	4195
726	47	4195
47	418	4274
418	47	4274
47	199	4049
199	47	4050
47	886	3927
886	47	3928
47	483	4102
483	47	4103
47	122	2067
122	47	2068
47	683	2822
683	47	2823
47	210	1359
210	47	1360
47	513	3718
513	47	3719
47	69	3587
69	47	3588
47	258	4027
258	47	4028
47	395	4627
395	47	4628
47	59	924
59	47	925
47	815	4370
815	47	4370
47	227	3881
227	47	3881
47	346	4290
346	47	4290
48	261	4869
261	48	4869
48	159	4761
159	48	4762
48	184	4088
184	48	4089
48	49	495
49	48	496
48	772	788
772	48	788
48	664	1592
664	48	1593
48	597	4206
597	48	4207
48	54	86
54	48	86
48	88	3716
88	48	3716
48	503	4367
503	48	4368
48	209	1446
209	48	1447
48	439	3549
439	48	3550
48	287	1974
287	48	1974
48	666	4404
666	48	4404
48	122	1637
122	48	1637
48	647	1577
647	48	1577
48	572	3387
572	48	3388
48	235	3639
235	48	3640
49	281	1803
281	49	1804
49	261	3950
261	49	3950
49	889	3539
889	49	3539
49	806	4094
806	49	4095
49	466	2235
466	49	2236
49	817	1516
817	49	1517
49	550	4078
550	49	4079
49	174	4388
174	49	4389
49	220	4489
220	49	4489
49	57	740
57	49	741
49	505	4402
505	49	4403
50	605	4627
605	50	4628
50	773	4003
773	50	4004
50	265	4061
265	50	4061
50	541	763
541	50	763
50	83	4529
83	50	4529
50	297	4776
297	50	4776
50	390	3362
390	50	3362
50	134	1284
134	50	1285
50	477	4805
477	50	4806
50	510	2725
510	50	2726
50	684	1061
684	50	1061
50	122	3227
122	50	3227
50	121	2364
121	50	2364
50	189	3822
189	50	3823
51	78	1073
78	51	1074
51	637	3698
637	51	3698
51	715	1085
715	51	1085
51	399	2812
399	51	2812
51	193	4077
193	51	4078
51	684	4864
684	51	4864
51	398	4601
398	51	4602
51	723	3920
723	51	3921
51	461	1851
461	51	1851
51	80	4619
80	51	4620
51	515	4514
515	51	4515
52	286	3013
286	52	3014
52	344	2873
344	52	2873
52	876	4038
876	52	4038
52	816	4274
816	52	4275
52	134	730
134	52	731
52	450	2902
450	52	2903
52	415	3939
415	52	3940
52	545	1670
545	52	1671
52	156	1241
156	52	1242
52	642	1041
642	52	1041
52	598	4569
598	52	4570
52	582	4959
582	52	4959
53	710	4754
710	53	4754
53	475	3811
475	53	3811
53	558	4432
558	53	4432
53	759	869
759	53	870
53	416	2591
416	53	2591
53	223	357
223	53	357
53	107	3933
107	53	3933
53	385	4866
385	53	4867
53	725	3200
725	53	3201
53	789	1151
789	53	1152
53	69	751
69	53	751
53	289	4374
289	53	4374
53	682	3526
682	53	3527
53	195	3666
195	53	3666
53	105	573
105	53	573
53	160	4362
160	53	4363
54	380	4488
380	54	4488
54	739	2783
739	54	2784
54	517	2851
517	54	2851
54	466	4372
466	54	4373
54	90	4068
90	54	4069
54	305	3010
305	54	3011
54	243	2386
243	54	2386
54	394	4015
394	54	4015
54	510	4615
510	54	4615
54	279	2866
279	54	2867
54	287	2487
287	54	2488
54	143	4114
143	54	4115
54	491	4840
491	54	4841
54	407	4374
407	54	4375
54	332	2320
332	54	2321
54	526	3921
526	54	3922
55	514	1966
514	55	1967
55	732	4589
732	55	4589
55	689	3980
689	55	3981
55	515	4771
515	55	4772
55	86	3163
86	55	3164
55	745	4502
745	55	4502
55	786	539
786	55	539
55	325	1398
325	55	1399
55	700	4924
700	55	4924
55	550	2503
550	55	2504
55	490	1540
490	55	1540
55	694	383
694	55	384
55	438	4212
438	55	4213
56	94	2687
94	56	2688
56	610	2111
610	56	2111
56	735	4327
735	56	4327
56	728	2499
728	56	2500
56	289	4927
289	56	4928
56	258	2600
258	56	2601
56	386	4367
386	56	4368
56	261	2443
261	56	2443
56	182	4153
182	56	4153
56	237	1015
237	56	1016
56	752	3441
752	56	3442
56	121	2700
121	56	2701
56	377	4023
377	56	4024
56	461	2417
461	56	2418
57	793	4022
793	57	4022
57	752	2388
752	57	2388
57	423	3250
423	57	3251
57	691	4895
691	57	4896
57	763	2196
763	57	2196
57	123	2467
123	57	2468
57	714	2055
714	57	2056
57	345	4824
345	57	4825
57	846	2782
846	57	2782
57	276	4244
276	57	4244
57	758	1879
758	57	1880
57	622	4038
622	57	4038
57	642	3027
642	57	3028
57	665	105
665	57	105
57	390	4851
390	57	4851
57	186	4328
186	57	4328
58	239	4708
239	58	4708
58	500	4355
500	58	4356
58	195	4899
195	58	4899
58	216	4053
216	58	4053
58	543	2152
543	58	2152
58	291	4119
291	58	4119
58	65	4752
65	58	4752
58	203	1751
203	58	1751
58	804	1558
804	58	1559
58	148	1405
148	58	1405
58	706	1460
706	58	1460
58	176	3338
176	58	3339
58	365	4073
365	58	4074
58	452	2691
452	58	2692
59	785	4343
785	59	4343
59	608	3959
608	59	3960
59	226	3303
226	59	3304
59	709	4762
709	59	4762
59	157	1799
157	59	1799
59	193	4288
193	59	4289
59	227	300
227	59	300
59	142	3139
142	59	3139
59	393	932
393	59	933
59	307	3000
307	59	3001
59	217	2521
217	59	2522
59	433	270
433	59	270
59	543	2732
543	59	2733
60	684	4845
684	60	4845
60	821	2864
821	60	2864
60	95	3887
95	60	3887
60	241	2082
241	60	2083
60	670	1700
670	60	1700
60	374	1280
374	60	1280
60	144	1575
144	60	1576
60	222	3556
222	60	3557
60	754	3296
754	60	3297
60	741	2271
741	60	2272
60	311	3644
311	60	3644
60	810	3906
810	60	3907
60	823	2797
823	60	2798
60	420	3918
420	60	3918
61	265	2570
265	61	2571
61	328	4230
328	61	4230
61	227	4849
227	61	4850
61	795	4323
795	61	4323
61	403	3852
403	61	3852
61	746	4729
746	61	4730
61	406	3063
406	61	3063
61	239	4685
239	61	4685
61	107	4696
107	61	4697
61	207	4655
207	61	4656
61	580	4917
580	61	4917
61	797	4061
797	61	4061
61	96	3686
96	61	3686
61	238	4454
238	61	4455
61	220	4836
220	61	4837
61	756	1614
756	61	1615
62	552	2779
552	62	2780
62	463	4051
463	62	4051
62	264	4460
264	62	4461
62	590	3743
590	62	3743
62	219	543
219	62	544
62	85	3552
85	62	3552
62	349	4655
349	62	4656
62	646	3200
646	62	3200
62	141	4982
141	62	4982
62	252	3731
252	62	3731
62	379	4111
379	62	4111
63	203	708
203	63	708
63	365	4673
365	63	4673
63	299	4489
299	63	4490
63	115	4228
115	63	4229
63	297	4655
297	63	4656
63	184	4310
184	63	4310
63	262	282
262	63	282
63	589	1233
589	63	1234
63	691	616
691	63	617
63	296	4022
296	63	4022
63	765	2747
765	63	2748
63	863	4828
863	63	4828
63	340	1514
340	63	1515
64	553	2457
553	64	2457
64	674	1509
674	64	1510
64	729	3220
729	64	3221
64	333	3675
333	64	3676
64	202	1510
202	64	1510
64	322	2018
322	64	2018
64	416	3523
416	64	3523
64	154	4564
154	64	4565
64	855	4081
855	64	4081
64	181	3333
181	64	3334
64	348	4416
348	64	4417
64	88	2630
88	64	2630
64	555	4906
555	64	4907
64	540	1261
540	64	1261
65	796	4021
796	65	4021
65	833	4174
833	65	4174
65	409	284
409	65	285
65	611	1203
611	65	1204
65	720	3930
720	65	3930
65	818	2709
818	65	2709
65	780	4488
780	65	4489
65	803	4426
803	65	4427
65	472	4573
472	65	4574
65	398	1431
398	65	1432
65	306	4735
306	65	4736
65	564	214
564	65	214
66	256	2883
256	66	2883
66	426	947
426	66	947
66	130	3527
130	66	3528
66	632	2835
632	66	2835
66	486	1928
486	66	1929
66	698	1907
698	66	1907
66	197	2233
197	66	2234
66	582	4787
582	66	4788
66	695	2892
695	66	2892
66	356	1690
356	66	1690
66	332	4579
332	66	4580
66	266	3802
266	66	3803
67	298	3319
298	67	3319
67	538	1540
538	67	1541
67	179	534
179	67	535
67	482	900
482	67	901
67	605	303
605	67	304
67	310	3751
310	67	3752
67	77	3565
77	67	3565
67	319	3695
319	67	3696
67	520	1526
520	67	1526
67	249	2460
249	67	2461
67	780	4101
780	67	4102
67	135	3637
135	67	3638
67	623	1785
623	67	1786
67	341	4983
341	67	4983
67	378	2272
378	67	2273
67	328	4725
328	67	4725
68	358	4145
358	68	4146
68	94	2503
94	68	2503
68	114	4136
114	68	4136
68	619	4411
619	68	4411
68	624	3398
624	68	3399
68	357	3569
357	68	3570
68	505	3798
505	68	3799
68	380	721
380	68	721
68	377	3234
377	68	3235
68	438	4601
438	68	4601
68	73	797
73	68	797
68	400	635
400	68	636
68	589	3041
589	68	3041
68	179	3450
179	68	3450
68	347	3967
347	68	3967
68	197	4365
197	68	4366
69	624	3440
624	69	3441
69	744	4946
744	69	4947
69	143	3586
143	69	3587
69	237	3960
237	69	3961
69	615	1630
615	69	1631
69	229	3844
229	69	3844
69	426	4771
426	69	4771
69	412	3774
412	69	3774
69	227	1388
227	69	1389
69	254	3588
254	69	3588
69	258	1102
258	69	1102
69	621	2846
621	69	2847
69	159	3746
159	69	3746
69	303	4082
303	69	4082
70	489	4483
489	70	4483
70	147	3367
147	70	3368
70	482	4210
482	70	4211
70	601	4821
601	70	4822
70	532	254
532	70	254
70	535	4484
535	70	4485
70	339	2184
339	70	2185
70	215	4613
215	70	4614
70	332	3951
332	70	3952
70	406	4673
406	70	4673
70	814	3754
814	70	3754
70	159	3558
159	70	3559
70	236	3432
236	70	3433
71	777	3349
777	71	3349
71	100	1747
100	71	1748
71	441	3912
441	71	3913
71	125	3752
125	71	3752
71	414	2645
414	71	2645
71	615	4130
615	71	4130
71	620	4357
620	71	4358
71	151	4752
151	71	4752
71	842	4745
842	71	4745
71	199	4872
199	71	4872
71	195	270
195	71	271
71	209	2606
209	71	2606
71	834	3178
834	71	3178
71	795	3656
795	71	3656
71	695	1351
695	71	1351
71	228	2084
228	71	2085
71	766	4904
766	71	4904
71	722	4813
722	71	4813
72	250	3975
250	72	3976
72	325	2447
325	72	2447
72	277	186
277	72	187
72	181	843
181	72	843
72	159	367
159	72	368
72	183	1758
183	72	1759
72	408	1156
408	72	1157
72	322	191
322	72	192
72	307	693
307	72	693
72	238	4762
238	72	4763
72	856	4423
856	72	4423
72	645	3293
645	72	3293
72	194	4709
194	72	4709
72	300	2307
300	72	2307
73	289	4303
289	73	4303
73	452	910
452	73	911
73	824	4826
824	73	4827
73	531	152
531	73	152
73	790	853
790	73	854
73	465	402
465	73	403
73	609	2091
609	73	2091
73	504	4081
504	73	4082
73	593	3374
593	73	3374
73	80	928
80	73	929
73	702	3943
702	73	3943
73	524	1901
524	73	1901
73	107	3768
107	73	3768
73	518	3696
518	73	3696
73	812	1802
812	73	1802
73	779	1623
779	73	1623
74	853	1077
853	74	1078
74	160	2762
160	74	2762
74	120	3889
120	74	3890
74	491	2606
491	74	2607
74	338	1229
338	74	1229
74	346	3925
346	74	3925
74	149	1699
149	74	1699
74	107	4592
107	74	4593
74	290	4632
290	74	4633
74	496	4869
496	74	4870
74	111	4629
111	74	4630
74	797	4074
797	74	4074
74	488	3539
488	74	3540
75	294	3746
294	75	3746
75	445	4757
445	75	4758
75	121	1018
121	75	1019
75	432	3570
432	75	3571
75	706	4721
706	75	4721
75	151	4282
151	75	4282
75	337	4806
337	75	4807
75	676	4182
676	75	4182
75	507	2057
507	75	2057
75	635	2425
635	75	2425
75	132	3247
132	75	3247
76	129	4337
129	76	4338
76	744	428
744	76	428
76	444	2974
444	76	2975
76	865	1051
865	76	1052
76	293	3716
293	76	3716
76	545	2421
545	76	2421
76	720	2144
720	76	2144
76	610	4714
610	76	4715
76	357	4625
357	76	4625
76	652	4491
652	76	4491
76	859	240
859	76	241
76	516	2849
516	76	2849
76	398	2534
398	76	2534
76	788	4743
788	76	4744
76	233	1114
233	76	1115
76	573	4170
573	76	4171
76	124	2684
124	76	2684
76	211	3598
211	76	3599
77	79	4921
79	77	4921
77	690	4652
690	77	4653
77	468	3862
468	77	3863
77	263	3034
263	77	3034
77	271	1188
271	77	1188
77	297	1226
297	77	1226
77	725	3896
725	77	3896
77	304	2826
304	77	2827
77	870	3439
870	77	3440
77	246	4997
246	77	4998
77	398	4595
398	77	4595
77	888	1238
888	77	1238
77	280	1137
280	77	1137
78	211	3762
211	78	3763
78	282	1887
282	78	1887
78	635	1203
635	78	1204
78	706	4965
706	78	4966
78	648	1145
648	78	1145
78	252	2917
252	78	2918
78	797	4215
797	78	4215
78	268	753
268	78	753
78	638	4449
638	78	4450
78	647	3733
647	78	3733
78	321	2704
321	78	2704
78	669	220
669	78	221
78	190	97
190	78	97
78	305	3580
305	78	3581
78	551	2269
551	78	2270
78	634	4009
634	78	4009
78	772	4539
772	78	4540
78	270	4410
270	78	4411
79	711	4562
711	79	4563
79	299	1610
299	79	1611
79	92	4005
92	79	4006
79	280	3801
280	79	3801
79	118	3586
118	79	3586
79	416	4931
416	79	4932
79	900	2980
900	79	2980
79	248	1195
248	79	1195
79	245	586
245	79	586
79	288	4644
288	79	4645
80	121	4403
121	80	4404
80	158	3991
158	80	3991
80	275	3544
275	80	3544
80	116	4116
116	80	4117
80	410	516
410	80	517
80	286	1594
286	80	1594
80	98	4284
98	80	4285
80	273	3936
273	80	3936
80	778	4982
778	80	4982
80	230	1095
230	80	1096
81	769	1147
769	81	1148
81	499	4434
499	81	4434
81	716	3631
716	81	3632
81	201	4737
201	81	4738
81	623	829
623	81	829
81	210	4580
210	81	4580
81	234	3278
234	81	3278
81	460	3162
460	81	3163
81	788	933
788	81	933
81	269	4175
269	81	4176
81	654	662
654	81	662
81	630	856
630	81	857
81	381	3827
381	81	3827
81	89	4693
89	81	4693
81	115	3834
115	81	3834
81	352	4943
352	81	4944
81	305	3787
305	81	3788
82	394	4049
394	82	4050
82	133	4342
133	82	4343
82	490	1563
490	82	1563
82	532	3857
532	82	3857
82	642	4475
642	82	4475
82	149	2819
149	82	2820
82	433	2615
433	82	2615
82	604	397
604	82	398
82	436	2067
436	82	2067
82	125	4631
125	82	4631
82	593	1089
593	82	1089
82	365	453
365	82	453
82	512	1442
512	82	1443
82	308	3707
308	82	3708
83	685	2601
685	83	2602
83	416	4755
416	83	4755
83	240	4963
240	83	4964
83	256	3103
256	83	3104
83	174	3898
174	83	3898
83	387	1419
387	83	1420
83	105	4150
105	83	4150
83	397	1257
397	83	1258
83	716	3354
716	83	3354
83	599	1879
599	83	1879
83	494	2901
494	83	2902
83	188	4339
188	83	4340
84	226	3143
226	84	3143
84	109	4475
109	84	4476
84	148	4445
148	84	4445
84	769	4879
769	84	4880
84	778	3795
778	84	3796
84	114	4899
114	84	4900
84	500	4835
500	84	4836
84	425	4097
425	84	4098
84	861	4547
861	84	4548
84	405	1689
405	84	1690
84	305	4359
305	84	4359
84	583	4381
583	84	4382
84	173	4605
173	84	4606
84	200	1632
200	84	1632
84	260	2736
260	84	2736
84	777	4041
777	84	4042
85	703	3820
703	85	3821
85	577	4288
577	85	4289
85	369	1225
369	85	1225
85	273	1289
273	85	1290
85	207	2588
207	85	2588
85	247	308
247	85	308
85	549	4580
549	85	4580
85	596	2553
596	85	2554
85	622	4023
622	85	4024
85	541	4518
541	85	4518
85	110	4849
110	85	4849
85	164	3798
164	85	3799
85	245	4986
245	85	4987
86	185	311
185	86	311
86	353	1790
353	86	1791
86	382	1408
382	86	1408
86	634	1967
634	86	1968
86	278	4121
278	86	4121
86	662	1728
662	86	1729
86	703	4832
703	86	4833
86	128	622
128	86	622
86	895	2681
895	86	2681
86	279	2478
279	86	2478
86	252	4962
252	86	4963
86	293	3644
293	86	3645
86	776	3600
776	86	3600
86	479	2136
479	86	2137
86	489	4029
489	86	4029
87	406	3799
406	87	3800
87	681	3753
681	87	3753
87	136	2351
136	87	2352
87	134	2309
134	87	2310
87	671	4237
671	87	4238
87	565	3726
565	87	3726
87	540	4513
540	87	4514
87	265	2267
265	87	2268
87	314	182
314	87	183
87	347	4222
347	87	4223
87	356	4694
356	87	4694
87	261	534
261	87	535
87	523	4600
523	87	4600
87	548	4970
548	87	4971
87	684	4922
684	87	4922
87	278	4609
278	87	4610
88	825	4654
825	88	4654
88	255	2532
255	88	2532
88	679	2199
679	88	2200
88	232	1629
232	88	1630
88	154	4066
154	88	4066
88	420	3829
420	88	3829
88	193	2454
193	88	2454
88	234	2651
234	88	2652
88	106	89
106	88	90
88	251	2924
251	88	2925
88	208	4039
208	88	4039
89	160	2517
160	89	2518
89	527	1769
527	89	1770
89	201	4989
201	89	4989
89	513	3862
513	89	3862
89	344	1869
344	89	1869
89	350	4539
350	89	4540
89	182	2608
182	89	2609
89	376	661
376	89	661
89	248	4013
248	89	4014
89	514	1201
514	89	1201
89	464	1758
464	89	1759
90	432	1744
432	90	1744
90	279	2504
279	90	2504
90	190	4992
190	90	4993
90	102	3979
102	90	3979
90	326	4711
326	90	4711
90	737	1729
737	90	1730
90	808	1404
808	90	1404
90	665	1378
665	90	1379
90	219	4642
219	90	4642
90	445	3668
445	90	3669
90	558	1739
558	90	1739
90	784	1007
784	90	1007
90	97	1307
97	90	1308
90	184	3866
184	90	3867
90	580	1187
580	90	1188
90	576	4172
576	90	4172
90	188	3904
188	90	3904
91	541	4495
541	91	4496
91	120	1385
120	91	1385
91	552	3328
552	91	3328
91	405	1361
405	91	1361
91	279	2916
279	91	2916
92	451	1858
451	92	1859
92	182	613
182	92	614
92	352	1268
352	92	1268
92	545	4423
545	92	4423
92	614	4330
614	92	4330
92	101	4839
101	92	4839
93	801	2267
801	93	2268
93	255	4497
255	93	4498
93	634	4976
634	93	4976
93	196	1019
196	93	1019
93	294	666
294	93	666
93	740	219
740	93	220
93	636	3476
636	93	3477
93	550	3991
550	93	3991
93	432	870
432	93	871
93	102	2795
102	93	2795
93	387	4452
387	93	4452
94	437	1829
437	94	1830
94	897	3999
897	94	3999
94	809	2434
809	94	2435
94	786	413
786	94	413
94	109	657
109	94	658
94	408	1916
408	94	1917
95	384	4056
384	95	4057
95	114	3509
114	95	3510
95	218	1012
218	95	1012
95	304	4734
304	95	4734
95	320	1711
320	95	1711
96	467	3589
467	96	3590
96	724	4058
724	96	4059
96	250	3341
250	96	3342
96	548	2391
548	96	2392
96	658	3871
658	96	3872
96	866	3497
866	96	3498
96	717	4399
717	96	4399
97	801	4211
801	97	4211
97	262	1604
262	97	1605
97	287	4004
287	97	4005
97	139	3510
139	97	3511
98	318	3886
318	98	3886
98	531	3011
531	98	3011
98	346	4102
346	98	4103
98	184	4127
184	98	4127
98	520	3907
520	98	3908
99	357	4885
357	99	4885
99	334	4224
334	99	4224
99	113	4150
113	99	4150
99	250	4983
250	99	4984
99	234	4050
234	99	4050
99	326	1084
326	99	1085
99	508	2056
508	99	2056
99	440	1584
440	99	1585
99	651	1372
651	99	1372
99	149	1006
149	99	1006
99	216	1865
216	99	1865
100	503	1250
503	100	1250
100	113	2553
113	100	2553
100	709	4936
709	100	4936
101	636	4334
636	101	4335
101	319	968
319	101	969
101	113	3776
113	101	3777
101	617	3202
617	101	3202
101	302	342
302	101	343
101	655	3404
655	101	3404
101	495	4987
495	101	4987
102	214	2395
214	102	2395
102	152	4539
152	102	4539
102	133	4362
133	102	4363
103	787	2956
787	103	2956
103	156	2270
156	103	2271
103	230	1853
230	103	1854
103	216	4190
216	103	4191
103	263	4911
263	103	4912
103	315	1045
315	103	1046
103	744	4307
744	103	4307
103	171	1742
171	103	1743
104	216	3914
216	104	3914
104	287	1212
287	104	1213
104	127	2954
127	104	2954
105	423	3919
423	105	3919
105	113	4386
113	105	4386
105	614	1778
614	105	1779
105	304	1162
304	105	1163
105	575	1911
575	105	1912
106	379	3685
379	106	3686
106	691	1705
691	106	1705
106	141	1882
141	106	1882
106	221	2516
221	106	2517
106	476	1128
476	106	1129
106	602	4371
602	106	4371
106	368	4650
368	106	4650
108	787	3855
787	108	3855
108	346	56
346	108	56
108	666	3995
666	108	3995
108	194	1318
194	108	1319
108	270	4332
270	108	4332
109	420	1580
420	109	1580
109	836	4649
836	109	4649
109	612	4986
612	109	4987
110	184	3953
184	110	3953
110	123	1409
123	110	1410
110	774	2438
774	110	2438
110	755	4125
755	110	4125
111	630	4197
630	111	4197
111	246	3231
246	111	3232
111	428	1319
428	111	1320
112	229	4089
229	112	4089
112	345	1762
345	112	1763
112	253	4471
253	112	4471
112	127	1267
127	112	1268
112	363	906
363	112	907
112	330	4117
330	112	4117
112	453	2722
453	112	2722
113	591	3868
591	113	3869
113	412	2878
412	113	2878
114	360	3867
360	114	3867
114	217	941
217	114	941
114	197	3649
197	114	3649
115	740	4578
740	115	4578
115	583	2783
583	115	2784
116	192	3245
192	116	3245
116	240	208
240	116	208
116	622	3272
622	116	3273
116	359	4310
359	116	4310
116	181	3627
181	116	3627
116	538	2258
538	116	2259
116	432	1251
432	116	1251
117	126	382
126	117	383
117	360	3950
360	117	3951
117	574	3725
574	117	3725
117	158	1081
158	117	1081
118	120	2035
120	118	2036
118	250	2493
250	118	2493
119	291	1012
291	119	1013
119	251	4205
251	119	4205
119	360	4249
360	119	4250
119	183	4266
183	119	4266
119	601	4672
601	119	4672
119	221	1121
221	119	1121
120	796	2861
796	120	2862
120	345	3544
345	120	3544
120	302	3821
302	120	3821
120	218	4653
218	120	4653
121	260	4502
260	121	4502
122	476	876
476	122	876
122	771	3493
771	122	3494
122	445	501
445	122	502
122	213	3593
213	122	3594
123	403	4625
403	123	4626
123	646	4307
646	123	4308
123	408	3773
408	123	3773
123	451	2804
451	123	2805
123	415	2997
415	123	2997
123	742	3813
742	123	3814
124	351	4981
351	124	4981
124	401	4381
401	124	4381
124	502	2662
502	124	2662
124	809	4452
809	124	4452
124	731	4880
731	124	4881
124	564	2502
564	124	2503
124	737	3106
737	124	3107
124	758	4364
758	124	4364
124	209	4240
209	124	4241
125	405	3810
405	125	3810
125	480	4685
480	125	4686
125	500	4070
500	125	4070
125	585	1973
585	125	1973
125	646	3903
646	125	3904
125	584	1402
584	125	1403
126	877	4037
877	126	4038
126	657	4071
657	126	4072
126	598	3671
598	126	3671
126	182	4817
182	126	4817
126	496	4489
496	126	4489
127	441	1199
441	127	1199
127	160	1252
160	127	1252
127	596	1701
596	127	1701
127	662	2729
662	127	2730
127	351	2242
351	127	2242
128	284	2684
284	128	2685
128	142	4101
142	128	4101
128	580	2130
580	128	2130
128	758	3645
758	128	3646
128	213	921
213	128	921
128	390	3462
390	128	3462
129	762	4561
762	129	4562
129	195	1249
195	129	1249
129	264	2081
264	129	2082
130	159	2308
159	130	2309
130	263	4721
263	130	4722
130	427	1205
427	130	1205
130	136	2565
136	130	2565
130	353	3786
353	130	3787
130	543	4067
543	130	4068
130	523	4360
523	130	4360
131	554	1775
554	131	1775
131	275	3820
275	131	3821
131	708	4245
708	131	4246
131	143	3061
143	131	3062
131	398	1535
398	131	1536
131	403	1035
403	131	1035
131	412	1350
412	131	1351
132	412	1039
412	132	1039
132	247	2611
247	132	2611
132	300	969
300	132	970
132	648	4358
648	132	4359
132	440	4781
440	132	4782
132	337	4552
337	132	4553
132	179	4438
179	132	4439
132	774	910
774	132	910
133	494	4699
494	133	4699
133	229	3795
229	133	3795
133	398	4280
398	133	4280
133	697	986
697	133	986
133	272	4669
272	133	4669
133	367	3542
367	133	3543
133	703	4756
703	133	4757
134	527	407
527	134	407
134	293	3201
293	134	3201
134	759	702
759	134	703
135	796	3895
796	135	3896
135	701	4882
701	135	4882
135	288	4310
288	135	4310
135	444	3741
444	135	3741
135	479	696
479	135	697
135	204	4485
204	135	4486
135	149	2860
149	135	2860
136	436	1235
436	136	1236
136	360	4695
360	136	4696
136	346	4258
346	136	4259
136	653	976
653	136	977
136	303	949
303	136	949
136	443	2345
443	136	2346
136	187	2535
187	136	2536
136	671	4833
671	136	4833
137	571	3973
571	137	3973
137	418	3709
418	137	3710
137	297	2679
297	137	2680
137	224	4459
224	137	4459
137	338	4962
338	137	4963
137	415	4542
415	137	4542
137	399	4544
399	137	4544
137	218	4529
218	137	4529
138	197	2076
197	138	2077
138	380	2534
380	138	2535
138	181	2566
181	138	2566
138	222	4199
222	138	4199
138	348	4243
348	138	4243
138	324	4068
324	138	4068
138	145	470
145	138	470
138	291	4534
291	138	4535
138	277	3586
277	138	3586
138	448	3911
448	138	3912
138	534	1339
534	138	1339
139	240	4440
240	139	4441
139	412	1480
412	139	1481
139	632	4567
632	139	4568
139	286	3569
286	139	3569
139	743	2903
743	139	2903
139	372	3155
372	139	3156
139	273	4992
273	139	4993
139	589	4647
589	139	4647
139	275	2223
275	139	2224
139	666	1107
666	139	1108
140	757	3570
757	140	3570
140	448	2442
448	140	2442
140	464	1570
464	140	1570
140	489	4552
489	140	4552
140	159	4947
159	140	4947
140	341	4934
341	140	4935
140	160	3244
160	140	3245
140	595	3968
595	140	3968
141	472	1629
472	141	1630
141	437	4296
437	141	4297
142	765	3621
765	142	3621
142	620	4680
620	142	4681
142	161	4546
161	142	4546
142	394	4015
394	142	4015
142	508	1638
508	142	1639
142	269	1990
269	142	1991
142	166	123
166	142	123
143	683	295
683	143	296
143	348	1652
348	143	1652
143	263	3910
263	143	3911
143	747	2732
747	143	2733
143	473	1323
473	143	1324
144	740	4237
740	144	4238
144	241	4431
241	144	4432
144	356	186
356	144	186
144	519	4662
519	144	4663
144	285	4698
285	144	4699
144	674	2509
674	144	2509
144	672	4253
672	144	4254
144	293	1080
293	144	1081
145	525	2051
525	145	2051
145	389	3970
389	145	3971
145	347	4595
347	145	4596
145	641	4856
641	145	4856
146	274	3938
274	146	3938
146	429	1321
429	146	1321
146	350	1848
350	146	1848
146	403	2109
403	146	2110
146	443	1300
443	146	1301
146	177	4095
177	146	4096
146	419	2167
419	146	2168
146	625	3739
625	146	3739
147	409	2633
409	147	2634
147	701	3836
701	147	3837
147	196	4556
196	147	4556
147	604	4873
604	147	4873
147	359	4835
359	147	4835
147	674	1287
674	147	1288
147	429	3669
429	147	3670
148	244	772
244	148	772
148	471	2259
471	148	2259
148	253	3384
253	148	3385
148	389	3517
389	148	3518
149	783	4295
783	149	4295
149	195	3021
195	149	3021
149	436	447
436	149	448
149	393	2541
393	149	2542
149	254	4558
254	149	4558
150	530	565
530	150	566
150	317	4744
317	150	4745
150	543	3653
543	150	3653
150	527	2490
527	150	2490
150	779	2456
779	150	2456
150	156	1398
156	150	1399
150	352	3398
352	150	3399
150	332	2716
332	150	2716
150	236	4476
236	150	4477
151	759	4369
759	151	4370
151	481	1492
481	151	1493
151	164	3386
164	151	3386
151	179	4256
179	151	4256
151	673	4735
673	151	4735
151	357	4526
357	151	4526
152	521	2977
521	152	2977
152	247	4782
247	152	4783
152	516	1033
516	152	1033
152	316	4084
316	152	4084
152	309	4259
309	152	4259
153	323	4045
323	153	4046
153	708	4156
708	153	4157
153	407	2699
407	153	2700
153	196	1116
196	153	1116
153	371	3351
371	153	3351
153	391	4903
391	153	4903
154	186	1009
186	154	1010
155	422	3973
422	155	3973
155	442	1054
442	155	1054
155	390	4144
390	155	4144
155	602	2453
602	155	2453
155	246	3852
246	155	3852
155	377	1229
377	155	1229
155	374	3807
374	155	3808
156	397	1380
397	156	1381
156	275	4417
275	156	4417
156	308	2508
308	156	2508
156	579	2274
579	156	2274
157	246	2335
246	157	2335
157	421	3861
421	157	3862
157	667	1715
667	157	1715
157	555	1374
555	157	1375
157	708	1005
708	157	1005
157	687	4146
687	157	4146
158	786	4149
786	158	4150
158	271	3148
271	158	3148
159	480	3530
480	159	3531
161	616	2967
616	161	2968
161	248	3827
248	161	3828
161	365	3021
365	161	3021
161	691	4173
691	161	4173
161	495	4294
495	161	4294
161	282	1580
282	161	1581
161	284	3038
284	161	3039
161	395	960
395	161	961
162	356	4850
356	162	4851
162	508	4577
508	162	4577
162	712	4688
712	162	4689
162	268	1597
268	162	1597
162	223	4238
223	162	4238
163	219	1319
219	163	1320
163	305	3759
305	163	3759
163	292	3804
292	163	3804
163	260	2951
260	163	2951
164	295	381
295	164	381
164	343	2430
343	164	2430
164	283	3933
283	164	3934
164	179	2516
179	164	2516
164	185	1247
185	164	1247
164	779	434
779	164	434
164	172	1329
172	164	1330
164	430	4573
430	164	4573
164	375	4549
375	164	4549
165	797	3728
797	165	3729
165	446	1755
446	165	1755
165	223	2500
223	165	2500
165	483	3036
483	165	3037
165	307	1633
307	165	1633
165	595	1055
595	165	1055
165	509	2359
509	165	2359
165	331	1402
331	165	1403
165	583	2532
583	165	2533
165	221	1490
221	165	1491
166	534	607
534	166	608
166	264	4436
264	166	4436
166	308	1943
308	166	1943
167	364	4293
364	167	4294
167	449	2954
449	167	2954
167	670	4175
670	167	4176
167	433	4964
433	167	4964
167	419	4757
419	167	4758
168	227	4456
227	168	4457
168	215	3803
215	168	3803
168	384	4426
384	168	4426
168	240	1987
240	168	1988
168	473	4421
473	168	4421
168	441	4938
441	168	4938
168	263	2980
263	168	2980
168	361	1473
361	168	1474
169	651	3209
651	169	3210
169	313	4912
313	169	4912
169	297	2369
297	169	2370
169	447	218
447	169	219
169	721	1596
721	169	1597
169	358	3091
358	169	3092
169	226	1906
226	169	1906
169	264	2487
264	169	2487
170	241	4119
241	170	4120
170	177	1975
177	170	1976
170	258	604
258	170	605
170	328	4209
328	170	4209
170	214	1804
214	170	1805
170	712	1082
712	170	1083
171	235	4711
235	171	4711
171	295	1427
295	171	1428
171	422	3596
422	171	3597
171	392	1436
392	171	1436
171	366	4931
366	171	4932
171	324	4464
324	171	4465
171	368	4292
368	171	4292
171	442	444
442	171	444
171	445	3919
445	171	3919
171	397	4784
397	171	4784
172	683	1397
683	172	1397
172	285	1535
285	172	1536
172	420	4484
420	172	4484
172	208	2421
208	172	2421
173	492	4145
492	173	4146
173	402	3125
402	173	3126
173	516	2785
516	173	2785
173	393	4088
393	173	4088
174	323	4333
323	174	4334
174	316	4584
316	174	4584
174	280	4951
280	174	4952
174	232	649
232	174	650
174	252	999
252	174	1000
174	244	2779
244	174	2779
174	403	3560
403	174	3560
175	244	2050
244	175	2051
175	222	3208
222	175	3209
175	631	2733
631	175	2733
175	445	902
445	175	902
175	748	1529
748	175	1530
175	313	3098
313	175	3099
175	416	4211
416	175	4211
175	627	1230
627	175	1230
175	413	4101
413	175	4101
176	424	3655
424	176	3655
176	314	4954
314	176	4955
176	331	1657
331	176	1657
176	722	3345
722	176	3346
176	551	3603
551	176	3604
176	392	2709
392	176	2710
176	220	3973
220	176	3973
176	247	3844
247	176	3844
177	451	1516
451	177	1517
177	262	4150
262	177	4151
177	600	1920
600	177	1921
177	492	1498
492	177	1499
177	323	3667
323	177	3667
177	345	4250
345	177	4250
177	633	4717
633	177	4718
177	438	3623
438	177	3623
178	211	3529
211	178	3529
178	718	3694
718	178	3695
178	335	1331
335	178	1332
178	253	2412
253	178	2412
178	488	1589
488	178	1590
179	199	1498
199	179	1499
179	296	3829
296	179	3829
179	627	4544
627	179	4544
180	394	4950
394	180	4951
180	604	600
604	180	601
180	291	2779
291	180	2780
180	559	3004
559	180	3004
180	443	2140
443	180	2140
181	227	1999
227	181	1999
181	499	896
499	181	896
181	359	267
359	181	267
181	600	1295
600	181	1295
181	190	525
190	181	525
181	312	4383
312	181	4383
181	396	3781
396	181	3781
182	214	930
214	182	930
182	300	4326
300	182	4327
182	749	2498
749	182	2499
182	587	4706
587	182	4706
182	290	4664
290	182	4665
182	522	4216
522	182	4216
182	685	1203
685	182	1204
183	187	4250
187	183	4251
183	767	4778
767	183	4778
183	323	4778
323	183	4779
185	375	4968
375	185	4968
185	370	234
370	185	235
185	223	1754
223	185	1754
185	755	1520
755	185	1521
186	569	3335
569	186	3336
186	207	3530
207	186	3531
187	398	3677
398	187	3677
187	365	3819
365	187	3820
187	243	3909
243	187	3910
188	783	2434
783	188	2434
188	410	1319
410	188	1319
188	195	4314
195	188	4315
188	346	2927
346	188	2927
188	520	682
520	188	683
189	371	4836
371	189	4837
189	209	763
209	189	764
189	740	1799
740	189	1799
189	347	3771
347	189	3772
189	359	3733
359	189	3733
189	627	4059
627	189	4059
189	235	4026
235	189	4027
189	300	4697
300	189	4698
190	430	3034
430	190	3034
190	242	4214
242	190	4214
190	788	1617
788	190	1617
191	707	4468
707	191	4468
191	783	1756
783	191	1757
191	359	1566
359	191	1567
191	284	127
284	191	128
191	385	4510
385	191	4510
191	301	1634
301	191	1634
191	254	2552
254	191	2552
191	345	4584
345	191	4585
192	431	2878
431	192	2879
192	197	4717
197	192	4717
192	427	2778
427	192	2779
192	369	1048
369	192	1049
193	537	2815
537	193	2815
193	753	2374
753	193	2374
193	790	2243
790	193	2244
193	479	3730
479	193	3730
193	347	4341
347	193	4341
194	270	4563
270	194	4564
194	564	3892
564	194	3892
194	399	140
399	194	140
194	262	4247
262	194	4247
194	364	4917
364	194	4918
195	303	4080
303	195	4080
195	688	2428
688	195	2428
195	324	4105
324	195	4106
195	254	127
254	195	127
195	544	4635
544	195	4635
197	227	2811
227	197	2812
197	262	3285
262	197	3285
197	417	4558
417	197	4559
197	296	2641
296	197	2641
197	594	4851
594	197	4852
198	370	4371
370	198	4371
198	422	2325
422	198	2325
198	410	3837
410	198	3838
198	374	4116
374	198	4116
198	229	410
229	198	410
198	327	4910
327	198	4910
198	377	3841
377	198	3841
198	380	1813
380	198	1813
199	504	3323
504	199	3324
199	749	4371
749	199	4372
199	234	1938
234	199	1938
199	289	2251
289	199	2252
199	563	4009
563	199	4009
200	383	1525
383	200	1525
200	430	4343
430	200	4344
201	755	3640
755	201	3641
201	439	2010
439	201	2010
201	335	3835
335	201	3835
201	438	3871
438	201	3871
201	214	1167
214	201	1167
202	511	2848
511	202	2849
202	270	1852
270	202	1853
202	544	1970
544	202	1970
202	350	4996
350	202	4997
203	311	3594
311	203	3594
203	212	4688
212	203	4688
203	264	2133
264	203	2133
203	556	4675
556	203	4675
203	326	4340
326	203	4341
203	325	3816
325	203	3817
203	363	4876
363	203	4877
204	664	3776
664	204	3777
204	284	3331
284	204	3331
204	525	3441
525	204	3442
204	806	1137
806	204	1137
204	244	2780
244	204	2781
204	250	4224
250	204	4224
205	330	4873
330	205	4874
205	647	3303
647	205	3304
205	348	4970
348	205	4970
205	370	4954
370	205	4955
205	224	2094
224	205	2095
205	350	1064
350	205	1065
205	709	3984
709	205	3984
206	264	4371
264	206	4371
206	391	4065
391	206	4065
206	228	4956
228	206	4956
206	226	2721
226	206	2722
206	214	3528
214	206	3529
206	351	2163
351	206	2164
206	230	2638
230	206	2638
206	257	2158
257	206	2158
206	348	3854
348	206	3855
207	690	3620
690	207	3621
207	483	1338
483	207	1339
208	565	376
565	208	377
208	309	4549
309	208	4549
208	409	4155
409	208	4156
208	458	2025
458	208	2026
210	667	4739
667	210	4739
210	852	2336
852	210	2336
210	714	3696
714	210	3696
211	539	555
539	211	555
211	481	2733
481	211	2734
211	763	2540
763	211	2540
211	438	4397
438	211	4397
212	415	4360
415	212	4361
212	582	3588
582	212	3588
212	293	3711
293	212	3711
212	653	4059
653	212	4059
212	459	464
459	212	465
212	266	1243
266	212	1244
212	250	2808
250	212	2808
212	734	1232
734	212	1233
212	218	4608
218	212	4609
213	253	4626
253	213	4626
213	413	2082
413	213	2083
213	281	1047
281	213	1047
213	885	3566
885	213	3566
213	251	2087
251	213	2087
213	546	2491
546	213	2491
213	329	949
329	213	950
214	314	4345
314	214	4346
215	611	2124
611	215	2124
215	281	1983
281	215	1983
215	486	3887
486	215	3888
215	636	3516
636	215	3516
215	253	4389
253	215	4389
217	881	2923
881	217	2924
217	695	4312
695	217	4313
217	419	1528
419	217	1529
217	366	2395
366	217	2395
217	546	384
546	217	384
217	331	4905
331	217	4906
217	771	4690
771	217	4690
218	664	886
664	218	887
218	431	4566
431	218	4566
218	259	3787
259	218	3787
219	277	3308
277	219	3309
219	265	1059
265	219	1060
219	407	4261
407	219	4261
221	506	714
506	221	715
222	355	4523
355	222	4523
222	502	1775
502	222	1775
222	673	4835
673	222	4835
223	546	4971
546	223	4971
223	384	4541
384	223	4542
224	260	4283
260	224	4283
224	413	2937
413	224	2938
224	332	2178
332	224	2178
224	275	3686
275	224	3687
224	514	977
514	224	978
224	271	4664
271	224	4664
225	312	297
312	225	297
225	503	4080
503	225	4080
225	395	301
395	225	302
225	761	1570
761	225	1571
225	389	4637
389	225	4638
225	274	3856
274	225	3856
225	719	4303
719	225	4304
225	251	4619
251	225	4619
225	509	1587
509	225	1588
226	248	4763
248	226	4764
226	359	4323
359	226	4324
227	290	3144
290	227	3144
227	699	608
699	227	608
228	556	3727
556	228	3728
228	530	217
530	228	217
228	400	4094
400	228	4095
228	414	4473
414	228	4473
228	391	772
391	228	772
228	563	674
563	228	674
228	329	1947
329	228	1947
228	388	2745
388	228	2745
229	384	1856
384	229	1857
229	556	1626
556	229	1627
230	246	1487
246	230	1487
230	442	3313
442	230	3313
230	538	1967
538	230	1967
231	248	988
248	231	988
231	309	3761
309	231	3762
231	398	171
398	231	171
231	611	3933
611	231	3933
231	313	2789
313	231	2790
232	267	4412
267	232	4413
232	327	3510
327	232	3510
232	306	2186
306	232	2187
232	418	4724
418	232	4724
232	458	4429
458	232	4430
232	464	4629
464	232	4630
233	380	3880
380	233	3881
234	319	3228
319	234	3228
234	236	4461
236	234	4461
234	642	3653
642	234	3654
234	372	1487
372	234	1487
235	426	4001
426	235	4001
235	390	3468
390	235	3468
235	237	760
237	235	760
235	767	2918
767	235	2919
236	418	2184
418	236	2184
236	536	3614
536	236	3614
236	265	4328
265	236	4328
236	399	2008
399	236	2008
236	315	4621
315	236	4621
236	347	4906
347	236	4907
236	254	1824
254	236	1825
236	267	3808
267	236	3808
237	395	2798
395	237	2799
237	379	2110
379	237	2110
238	358	3349
358	238	3349
238	304	3683
304	238	3683
238	312	4127
312	238	4127
238	544	3987
544	238	3988
239	767	1379
767	239	1380
239	452	4000
452	239	4000
239	419	4087
419	239	4087
239	249	1340
249	239	1340
239	350	1889
350	239	1890
239	388	3451
388	239	3451
240	397	526
397	240	527
240	722	3979
722	240	3979
241	788	2493
788	241	2494
241	758	3033
758	241	3033
241	617	4371
617	241	4371
241	434	2657
434	241	2658
242	555	3888
555	242	3889
242	502	3768
502	242	3769
242	262	3805
262	242	3805
242	359	4016
359	242	4016
242	410	4854
410	242	4855
242	310	1398
310	242	1399
243	261	4899
261	243	4900
243	810	2676
810	243	2676
243	428	379
428	243	379
243	406	3773
406	243	3773
243	616	386
616	243	387
243	753	3040
753	243	3041
245	307	4140
307	245	4140
245	419	3961
419	245	3961
245	616	1078
616	245	1079
245	274	332
274	245	332
245	257	1014
257	245	1014
246	499	4495
499	246	4496
246	552	4483
552	246	4484
246	455	3964
455	246	3964
246	680	4221
680	246	4221
246	298	1053
298	246	1054
246	324	1428
324	246	1428
247	556	4669
556	247	4670
247	257	119
257	247	120
247	427	4299
427	247	4299
248	279	2040
279	248	2040
248	433	717
433	248	717
249	342	1367
342	249	1367
249	519	3640
519	249	3641
249	336	3424
336	249	3424
249	389	4107
389	249	4107
251	650	2685
650	251	2685
251	579	75
579	251	75
251	461	4529
461	251	4529
251	690	934
690	251	935
251	693	3783
693	251	3784
251	451	4436
451	251	4437
251	585	1029
585	251	1029
252	388	305
388	252	305
253	510	3591
510	253	3591
253	386	72
386	253	73
255	299	4945
299	255	4946
255	363	4554
363	255	4555
255	536	2798
536	255	2799
255	259	3951
259	255	3951
255	313	3183
313	255	3184
255	284	1096
284	255	1097
256	399	4196
399	256	4196
256	747	4554
747	256	4554
256	339	4386
339	256	4386
256	551	1999
551	256	2000
256	522	1824
522	256	1824
256	441	3262
441	256	3262
256	426	693
426	256	693
256	293	4973
293	256	4974
256	273	486
273	256	487
257	368	4948
368	257	4948
257	429	566
429	257	566
257	448	4198
448	257	4198
257	401	4390
401	257	4391
257	327	3954
327	257	3954
258	657	1105
657	258	1105
258	507	296
507	258	297
258	316	2769
316	258	2770
258	430	4929
430	258	4929
258	566	2324
566	258	2324
259	376	3155
376	259	3156
259	565	1972
565	259	1972
259	402	1224
402	259	1224
259	544	4329
544	259	4329
260	576	4831
576	260	4831
260	312	4313
312	260	4313
260	350	567
350	260	567
260	326	3371
326	260	3372
261	337	2694
337	261	2694
261	759	1213
759	261	1214
261	641	3752
641	261	3753
262	290	3220
290	262	3221
263	585	4845
585	263	4846
263	419	3972
419	263	3972
263	305	2016
305	263	2017
263	653	1803
653	263	1803
263	308	3760
308	263	3761
264	602	3193
602	264	3194
264	299	2586
299	264	2586
264	290	4479
290	264	4479
264	293	4596
293	264	4596
264	574	4567
574	264	4567
266	441	257
441	266	258
266	313	2281
313	266	2281
267	570	2970
570	267	2971
267	368	1322
368	267	1322
267	839	4471
839	267	4471
267	410	3513
410	267	3514
267	301	3511
301	267	3511
267	458	1929
458	267	1929
268	273	1946
273	268	1946
268	504	403
504	268	403
268	375	3017
375	268	3017
269	349	2738
349	269	2739
269	530	3728
530	269	3728
269	353	3060
353	269	3061
269	374	4205
374	269	4205
269	368	4005
368	269	4006
269	397	4110
397	269	4110
269	332	3761
332	269	3761
269	446	3514
446	269	3514
269	449	2800
449	269	2801
270	504	3559
504	270	3560
270	734	290
734	270	290
271	777	1811
777	271	1811
271	702	1142
702	271	1143
271	440	4349
440	271	4349
272	338	3680
338	272	3680
272	369	4288
369	272	4289
272	417	3973
417	272	3974
272	391	1049
391	272	1049
273	440	4271
440	273	4272
274	414	4760
414	274	4760
275	559	2267
559	275	2267
275	537	1669
537	275	1669
275	449	1322
449	275	1322
275	671	3951
671	275	3951
275	393	3625
393	275	3625
276	280	3850
280	276	3851
276	292	1134
292	276	1135
276	428	2854
428	276	2855
276	545	2181
545	276	2182
276	400	4228
400	276	4229
276	341	3409
341	276	3410
276	331	3766
331	276	3767
276	724	2552
724	276	2552
276	531	4999
531	276	5000
276	414	3886
414	276	3887
277	456	4767
456	277	4768
277	477	2369
477	277	2369
277	331	1132
331	277	1132
277	285	1466
285	277	1466
278	306	3564
306	278	3564
278	409	1556
409	278	1557
278	348	2364
348	278	2365
278	401	3801
401	278	3802
279	436	4587
436	279	4587
279	565	4273
565	279	4273
280	385	576
385	280	576
280	450	1452
450	280	1453
280	320	4665
320	280	4665
280	436	389
436	280	389
280	484	4547
484	280	4547
280	345	2357
345	280	2358
281	455	2980
455	281	2980
281	709	2789
709	281	2789
281	313	4240
313	281	4240
281	388	2018
388	281	2018
281	348	613
348	281	613
281	536	1864
536	281	1865
281	382	2582
382	281	2582
282	321	4114
321	282	4115
283	658	4174
658	283	4174
283	570	1205
570	283	1206
283	315	4573
315	283	4573
283	380	3842
380	283	3842
283	347	946
347	283	946
284	383	4300
383	284	4300
284	317	1223
317	284	1223
284	776	4292
776	284	4293
285	358	4306
358	285	4307
285	387	1244
387	285	1245
286	712	2083
712	286	2084
286	306	3787
306	286	3788
286	360	942
360	286	942
286	396	4470
396	286	4470
286	432	2554
432	286	2554
286	308	764
308	286	765
286	810	4547
810	286	4548
286	295	3878
295	286	3878
288	336	4203
336	288	4204
288	799	3806
799	288	3807
288	323	4448
323	288	4448
288	332	307
332	288	307
288	327	3746
327	288	3746
290	377	3700
377	290	3700
290	360	2747
360	290	2748
290	334	2317
334	290	2318
290	345	4509
345	290	4509
290	320	2868
320	290	2868
291	360	1926
360	291	1926
291	315	2777
315	291	2777
291	404	3413
404	291	3413
291	431	4462
431	291	4463
291	519	4483
519	291	4483
292	293	243
293	292	244
292	350	2486
350	292	2487
292	327	1713
327	292	1713
292	388	4038
388	292	4039
293	801	208
801	293	209
293	349	3596
349	293	3597
295	383	4729
383	295	4729
295	333	1230
333	295	1231
295	409	2366
409	295	2367
296	331	4795
331	296	4796
296	429	2679
429	296	2680
296	434	2976
434	296	2976
297	345	4529
345	297	4530
297	441	3228
441	297	3228
298	634	2393
634	298	2393
298	322	1500
322	298	1500
298	341	4497
341	298	4498
298	377	431
377	298	431
298	429	4189
429	298	4189
298	428	4201
428	298	4202
299	442	3560
442	299	3560
299	326	4356
326	299	4357
299	734	4367
734	299	4367
299	438	3837
438	299	3837
300	307	3641
307	300	3641
300	416	2368
416	300	2369
300	430	780
430	300	780
300	327	3862
327	300	3862
300	384	4028
384	300	4028
300	617	3311
617	300	3312
300	353	1026
353	300	1027
301	708	2278
708	301	2278
301	377	2716
377	301	2717
302	356	3560
356	302	3561
302	396	1831
396	302	1831
302	336	3755
336	302	3755
304	337	2755
337	304	2755
304	311	1175
311	304	1176
306	370	4331
370	306	4332
306	409	2924
409	306	2924
306	391	4139
391	306	4140
308	502	1009
502	308	1009
308	760	4558
760	308	4558
308	441	4054
441	308	4055
308	734	4690
734	308	4691
308	360	1546
360	308	1547
309	346	2494
346	309	2494
309	481	446
481	309	446
309	396	1700
396	309	1700
310	324	4504
324	310	4504
310	484	2313
484	310	2313
310	364	4928
364	310	4928
310	381	778
381	310	779
310	319	2722
319	310	2723
311	386	4179
386	311	4180
311	481	4241
481	311	4241
313	325	4472
325	313	4472
314	407	4673
407	314	4674
314	721	4756
721	314	4757
314	573	3105
573	314	3106
314	585	4134
585	314	4134
314	406	4037
406	314	4037
315	799	1963
799	315	1964
315	407	4472
407	315	4473
317	680	1128
680	317	1128
317	721	504
721	317	505
317	404	3675
404	317	3675
317	719	3898
719	317	3899
318	417	3543
417	318	3543
318	702	4328
702	318	4328
318	426	3674
426	318	3674
318	411	4720
411	318	4721
318	342	3065
342	318	3065
318	456	4325
456	318	4326
318	441	4274
441	318	4274
318	423	1243
423	318	1243
318	384	1527
384	318	1528
318	699	3747
699	318	3747
319	386	2869
386	319	2870
319	345	1669
345	319	1669
319	652	3701
652	319	3701
321	721	4728
721	321	4729
321	393	4613
393	321	4614
321	363	3796
363	321	3797
321	657	2396
657	321	2396
322	410	3110
410	322	3110
322	783	2027
783	322	2028
322	329	1847
329	322	1847
322	421	1330
421	322	1330
322	447	4101
447	322	4101
322	442	2104
442	322	2104
322	440	2571
440	322	2572
322	369	1249
369	322	1249
323	366	1411
366	323	1411
325	353	573
353	325	573
325	341	3992
341	325	3993
325	570	4745
570	325	4745
325	354	4306
354	325	4306
325	332	3702
332	325	3703
326	432	4218
432	326	4219
326	355	52
355	326	52
326	364	2251
364	326	2252
328	579	4103
579	328	4104
329	372	203
372	329	203
329	617	1502
617	329	1503
330	396	1436
396	330	1436
330	418	3904
418	330	3904
330	424	3839
424	330	3839
330	363	3620
363	330	3621
330	627	3715
627	330	3715
330	385	2175
385	330	2176
330	435	3571
435	330	3571
330	519	4019
519	330	4019
331	416	3939
416	331	3940
331	339	3728
339	331	3729
331	347	1394
347	331	1394
332	712	3805
712	332	3805
333	675	3884
675	333	3885
333	442	2821
442	333	2821
333	426	4854
426	333	4854
333	337	4556
337	333	4557
333	340	3848
340	333	3849
333	849	3969
849	333	3970
333	769	1798
769	333	1798
334	386	4934
386	334	4935
334	335	3587
335	334	3588
334	653	4220
653	334	4221
334	355	2905
355	334	2905
335	636	1538
636	335	1538
335	424	4063
424	335	4064
335	376	3179
376	335	3179
336	719	145
719	336	146
336	799	4510
799	336	4510
336	379	1973
379	336	1973
336	341	4824
341	336	4824
336	761	1572
761	336	1572
336	416	4823
416	336	4824
337	625	1589
625	337	1589
338	377	4518
377	338	4519
338	421	3560
421	338	3560
338	391	1122
391	338	1122
338	601	4033
601	338	4034
339	801	3659
801	339	3659
339	357	4578
357	339	4579
339	417	4642
417	339	4642
340	455	1670
455	340	1671
340	415	3816
415	340	3816
340	570	968
570	340	969
340	403	520
403	340	520
340	719	2098
719	340	2099
340	450	3218
450	340	3218
340	347	4799
347	340	4799
341	417	2315
417	341	2315
341	406	2656
406	341	2656
341	381	2114
381	341	2115
342	422	210
422	342	210
342	445	552
445	342	552
343	446	2311
446	343	2311
343	418	4491
418	343	4491
344	374	3118
374	344	3119
344	448	942
448	344	943
344	429	1425
429	344	1425
344	418	4806
418	344	4807
348	378	4069
378	348	4069
348	559	2145
559	348	2146
349	406	3286
406	349	3286
349	401	3393
401	349	3394
349	438	1672
438	349	1672
349	370	4202
370	349	4203
353	484	4050
484	353	4051
353	362	916
362	353	916
353	395	2613
395	353	2614
353	374	1234
374	353	1235
353	392	1588
392	353	1589
354	490	4919
490	354	4919
354	355	2750
355	354	2750
354	370	4915
370	354	4915
354	364	4295
364	354	4295
354	675	2030
675	354	2030
354	403	3642
403	354	3643
354	435	3675
435	354	3675
354	431	2732
431	354	2732
355	424	3701
424	355	3702
355	397	2118
397	355	2118
355	448	2195
448	355	2196
355	776	4199
776	355	4200
356	425	1048
425	356	1049
356	450	1271
450	356	1272
356	360	4831
360	356	4831
357	423	2485
423	357	2486
357	410	2833
410	357	2833
358	559	4582
559	358	4582
358	432	3181
432	358	3181
358	434	3986
434	358	3987
358	386	410
386	358	411
360	378	3458
378	360	3459
360	382	1882
382	360	1883
361	385	1627
385	361	1628
361	552	1538
552	361	1538
361	383	3713
383	361	3714
361	806	2931
806	361	2931
361	413	973
413	361	973
362	518	4647
518	362	4647
362	426	4454
426	362	4454
362	386	4859
386	362	4860
362	616	4778
616	362	4778
362	369	3826
369	362	3826
362	423	4613
423	362	4613
364	398	4238
398	364	4239
364	407	4395
407	364	4396
364	440	1203
440	364	1204
364	573	4721
573	364	4721
366	394	4982
394	366	4982
366	429	4570
429	366	4571
366	718	2652
718	366	2652
366	404	2325
404	366	2326
367	446	2063
446	367	2064
367	402	3379
402	367	3380
367	400	4864
400	367	4864
367	403	4894
403	367	4894
367	573	2997
573	367	2998
367	433	3195
433	367	3195
367	394	3331
394	367	3331
369	702	4255
702	369	4256
369	410	4063
410	369	4063
369	375	1111
375	369	1112
369	391	2043
391	369	2043
370	384	1248
384	370	1248
371	400	1164
400	371	1165
371	465	504
465	371	505
371	670	2507
670	371	2507
371	375	4654
375	371	4654
371	760	3613
760	371	3614
373	391	4142
391	373	4142
373	404	4918
404	373	4918
373	442	300
442	373	301
373	385	3692
385	373	3693
373	760	4683
760	373	4684
373	384	167
384	373	168
373	377	1713
377	373	1714
373	699	4425
699	373	4425
373	438	1761
438	373	1761
373	571	4110
571	373	4111
374	424	2284
424	374	2284
374	396	4946
396	374	4947
374	435	1969
435	374	1970
375	400	3760
400	375	3760
375	437	1926
437	375	1926
376	484	136
484	376	137
376	396	839
396	376	839
378	379	1721
379	378	1721
378	430	816
430	378	816
378	761	1617
761	378	1618
378	679	2728
679	378	2729
378	415	3205
415	378	3206
379	731	390
731	379	391
379	442	3479
442	379	3480
380	437	4352
437	380	4353
380	411	3514
411	380	3514
381	413	2300
413	381	2301
381	425	4278
425	381	4279
382	398	4677
398	382	4677
382	418	3809
418	382	3809
383	421	934
421	383	935
383	402	4913
402	383	4913
383	426	1261
426	383	1261
383	785	4884
785	383	4885
384	395	4314
395	384	4314
385	670	3431
670	385	3432
385	683	3974
683	385	3975
385	679	4738
679	385	4739
385	434	4693
434	385	4694
385	436	3638
436	385	3639
388	430	4611
430	388	4612
388	601	2222
601	388	2223
388	658	1176
658	388	1177
391	413	3887
413	391	3887
391	574	701
574	391	702
392	424	881
424	392	882
392	431	4804
431	392	4804
392	402	1324
402	392	1325
393	425	4019
425	393	4019
395	707	4806
707	395	4806
395	428	1784
428	395	1784
395	433	4128
433	395	4129
395	421	4406
421	395	4407
395	441	508
441	395	509
398	441	4287
441	398	4288
399	446	3854
446	399	3854
399	448	3857
448	399	3857
399	718	4901
718	399	4902
399	427	4740
427	399	4741
399	438	1770
438	399	1770
400	427	254
427	400	254
401	731	4338
731	401	4339
401	571	4072
571	401	4072
401	450	4818
450	401	4819
401	440	4249
440	401	4250
401	424	1303
424	401	1303
401	426	4862
426	401	4862
402	407	3861
407	402	3861
402	539	3722
539	402	3722
402	413	4554
413	402	4554
404	490	1027
490	404	1027
404	456	346
456	404	347
404	440	2429
440	404	2430
404	429	4091
429	404	4092
407	435	324
435	407	325
407	427	81
427	407	82
407	707	4555
707	407	4555
411	434	2105
434	411	2106
411	423	3200
423	411	3200
411	425	3532
425	411	3532
411	675	757
675	411	757
411	679	1927
679	411	1927
413	629	4359
629	413	4360
413	539	4196
539	413	4197
414	447	3478
447	414	3479
415	787	4126
787	415	4127
415	785	3574
785	415	3575
417	422	3895
422	417	3895
417	425	4213
425	417	4213
417	427	3730
427	417	3730
417	435	4631
435	417	4631
417	426	4898
426	417	4899
421	434	742
434	421	743
422	446	1659
446	422	1660
422	431	3819
431	422	3820
422	428	4949
428	422	4950
422	430	1783
430	422	1783
422	425	4672
425	422	4673
423	658	4223
658	423	4223
425	434	2434
434	425	2435
427	428	1506
428	427	1506
427	431	2974
431	427	2974
427	435	2290
435	427	2291
427	436	3947
436	427	3948
428	447	2456
447	428	2456
428	434	1916
434	428	1917
428	435	192
435	428	193
430	431	1348
431	430	1349
430	442	3509
442	430	3510
430	436	3626
436	430	3627
433	731	1835
731	433	1835
433	447	1023
447	433	1023
433	629	4339
629	433	4339
433	435	266
435	433	267
433	439	4583
439	433	4583
434	439	4115
439	434	4116
434	450	1157
450	434	1157
435	436	110
436	435	111
436	448	2871
448	436	2872
438	439	3249
439	438	3249
438	447	3558
447	438	3558
439	450	2477
450	439	2477
