200	2814
2	2
2	3
5	8
3	6
4	6
2	3
2	2
4	8
4	8
5	10
3	5
4	6
5	9
2	2
2	2
4	6
4	8
2	2
3	5
2	2
3	5
4	8
4	7
5	10
5	9
4	6
2	2
4	7
3	5
4	8
5	10
5	8
3	4
2	2
4	8
3	4
4	7
5	8
5	10
3	5
2	4
5	10
4	8
5	8
4	7
2	2
4	7
5	9
3	4
3	5
5	8
3	6
2	4
3	4
3	5
2	3
3	6
5	10
5	10
2	2
5	10
4	6
4	6
3	4
5	10
3	6
3	4
2	2
5	10
2	2
4	6
3	5
3	4
5	10
4	6
3	6
5	10
2	2
5	8
5	8
5	9
2	3
2	2
4	8
5	9
4	7
4	8
4	8
5	10
5	9
2	4
3	4
3	5
4	6
4	7
5	9
3	5
5	9
3	4
3	5
4	6
3	6
3	4
2	3
2	3
4	7
5	9
2	2
4	6
3	6
5	10
4	8
4	6
5	10
4	7
5	9
2	3
2	3
4	8
2	3
2	2
3	4
2	2
3	5
2	2
4	8
5	10
2	4
2	3
3	4
5	9
4	7
2	3
4	8
3	5
3	5
3	6
2	3
4	7
5	9
4	7
5	10
4	7
2	3
5	10
3	5
2	3
4	7
3	4
3	6
3	6
5	10
2	3
2	3
3	4
4	7
2	3
4	7
4	7
5	9
2	4
3	6
3	5
2	3
2	2
5	10
3	5
2	3
5	10
3	5
2	3
5	9
2	2
2	3
2	2
3	5
3	4
2	3
5	9
3	6
3	5
3	6
5	9
5	10
4	7
2	3
4	8
5	10
3	4
5	9
3	6
4	6
4	7
5	9
5	8
3	6
5	10
4	7
3	5
5	9
1	69	1576
69	1	1576
1	26	3215
26	1	3216
1	132	4339
132	1	4339
1	10	848
10	1	849
1	116	1869
116	1	1870
1	140	4410
140	1	4410
1	114	4948
114	1	4948
1	61	3494
61	1	3495
1	38	3622
38	1	3622
1	108	2797
108	1	2798
1	143	2379
143	1	2380
1	148	2413
148	1	2413
1	51	3803
51	1	3804
1	195	4456
195	1	4457
1	191	2862
191	1	2863
1	200	1360
200	1	1361
1	131	359
131	1	359
1	159	3263
159	1	3263
1	5	4361
5	1	4362
1	135	4387
135	1	4387
2	107	4857
107	2	4857
2	20	1222
20	2	1222
2	104	4827
104	2	4828
2	69	4388
69	2	4389
2	59	2924
59	2	2924
2	172	4346
172	2	4346
2	114	3869
114	2	3870
2	92	326
92	2	327
2	182	2641
182	2	2641
2	161	773
161	2	774
2	48	4342
48	2	4342
2	61	2102
61	2	2102
2	25	4325
25	2	4326
2	151	4905
151	2	4905
2	166	892
166	2	892
2	197	4458
197	2	4458
2	32	4278
32	2	4278
2	144	2062
144	2	2063
2	181	3850
181	2	3851
2	97	4028
97	2	4029
3	175	4894
175	3	4894
3	155	4095
155	3	4095
3	26	2833
26	3	2834
3	57	1865
57	3	1865
3	53	2297
53	3	2298
3	58	432
58	3	432
3	15	3999
15	3	4000
3	20	2728
20	3	2729
3	68	1551
68	3	1551
3	99	4605
99	3	4606
3	142	2256
142	3	2256
3	32	2964
32	3	2965
3	8	4279
8	3	4280
3	74	4884
74	3	4885
3	158	4918
158	3	4919
3	37	4902
37	3	4902
3	113	831
113	3	831
3	59	67
59	3	67
3	17	118
17	3	118
3	124	3883
124	3	3883
4	90	4894
90	4	4894
4	25	4062
25	4	4063
4	73	4408
73	4	4408
4	6	4732
6	4	4733
4	109	4008
109	4	4008
4	5	4770
5	4	4770
4	60	4670
60	4	4671
4	190	4952
190	4	4953
4	138	3674
138	4	3674
4	39	4879
39	4	4880
4	75	3789
75	4	3789
4	149	3395
149	4	3396
4	56	4837
56	4	4837
4	119	2185
119	4	2186
4	128	4420
128	4	4421
4	83	4628
83	4	4628
4	46	4048
46	4	4048
4	160	4320
160	4	4320
4	53	3956
53	4	3956
4	50	2921
50	4	2922
5	157	3367
157	5	3368
5	148	1894
148	5	1894
5	144	1768
144	5	1768
5	34	3991
34	5	3991
5	141	3097
141	5	3097
5	91	4459
91	5	4460
5	24	4364
24	5	4364
5	67	3995
67	5	3995
5	35	2245
35	5	2246
5	59	334
59	5	335
5	65	4706
65	5	4707
5	73	3619
73	5	3619
5	181	2374
181	5	2375
5	39	916
39	5	917
5	100	4386
100	5	4386
5	96	4285
96	5	4285
5	129	4397
129	5	4398
5	150	3396
150	5	3396
6	177	1923
177	6	1924
6	19	1011
19	6	1011
6	131	4627
131	6	4628
6	136	4409
136	6	4410
6	166	346
166	6	347
6	59	2881
59	6	2881
6	48	3546
48	6	3547
6	61	4449
61	6	4449
6	112	4744
112	6	4744
6	45	4635
45	6	4635
6	13	4582
13	6	4582
6	156	483
156	6	483
6	130	3499
130	6	3500
6	167	4346
167	6	4346
6	39	4327
39	6	4328
6	168	4339
168	6	4340
6	188	4543
188	6	4544
6	190	4856
190	6	4857
6	132	1794
132	6	1794
7	108	4426
108	7	4426
7	63	3049
63	7	3050
7	137	3414
137	7	3414
7	192	3994
192	7	3994
7	82	2976
82	7	2977
7	196	183
196	7	184
7	37	1785
37	7	1785
7	79	4092
79	7	4093
7	124	3195
124	7	3196
7	81	590
81	7	591
7	139	3899
139	7	3900
7	77	4103
77	7	4103
7	56	1718
56	7	1719
7	17	3322
17	7	3322
7	85	2916
85	7	2917
7	165	2251
165	7	2252
7	53	4740
53	7	4741
7	76	4421
76	7	4422
7	102	1194
102	7	1195
7	68	1574
68	7	1574
8	20	501
20	8	502
8	92	1519
92	8	1519
8	91	3356
91	8	3356
8	182	389
182	8	390
8	28	4711
28	8	4712
8	43	4213
43	8	4214
8	129	2728
129	8	2728
8	160	1573
160	8	1573
8	194	4101
194	8	4101
8	141	2741
141	8	2742
8	64	2370
64	8	2370
8	115	4567
115	8	4568
8	17	1401
17	8	1401
8	27	860
27	8	860
8	72	1945
72	8	1946
8	34	3617
34	8	3617
8	164	4622
164	8	4623
8	189	3911
189	8	3912
8	90	4822
90	8	4823
9	142	2836
142	9	2837
9	140	1300
140	9	1301
9	37	314
37	9	314
9	77	4112
77	9	4112
9	181	4279
181	9	4280
9	63	3781
63	9	3781
9	175	4998
175	9	4998
9	116	4359
116	9	4359
9	25	1378
25	9	1379
9	156	4690
156	9	4690
9	197	4945
197	9	4945
9	191	1214
191	9	1215
9	169	4867
169	9	4867
9	12	1337
12	9	1337
9	17	4689
17	9	4689
9	196	3785
196	9	3785
9	19	1700
19	9	1700
9	39	3029
39	9	3029
9	118	3625
118	9	3625
9	99	1624
99	9	1624
10	73	2223
73	10	2223
10	111	3801
111	10	3801
10	76	2780
76	10	2780
10	131	4509
131	10	4510
10	50	2457
50	10	2457
10	64	798
64	10	799
10	67	4795
67	10	4796
10	96	4726
96	10	4727
10	196	3589
196	10	3589
10	197	1402
197	10	1402
10	185	4344
185	10	4345
10	190	1276
190	10	1276
10	103	561
103	10	562
10	61	4661
61	10	4661
10	68	4101
68	10	4101
10	156	4856
156	10	4857
10	130	2382
130	10	2382
10	109	4167
109	10	4168
10	98	2886
98	10	2886
11	20	4705
20	11	4706
11	176	3834
176	11	3835
11	140	3627
140	11	3627
11	97	4587
97	11	4587
11	198	1022
198	11	1022
11	68	2169
68	11	2170
11	183	966
183	11	967
11	78	4777
78	11	4778
11	121	3232
121	11	3233
11	96	4410
96	11	4410
11	134	3044
134	11	3044
11	151	3892
151	11	3893
11	89	4796
89	11	4797
11	186	1353
186	11	1353
11	18	2624
18	11	2624
11	43	4983
43	11	4984
11	161	2067
161	11	2068
11	145	3872
145	11	3873
11	88	4283
88	11	4283
11	123	1316
123	11	1317
12	47	3974
47	12	3974
12	67	4598
67	12	4598
12	181	4660
181	12	4660
12	135	1741
135	12	1741
12	145	1081
145	12	1082
12	191	3948
191	12	3949
12	96	201
96	12	202
12	121	1014
121	12	1015
12	120	4303
120	12	4303
12	155	4789
155	12	4790
12	128	516
128	12	516
12	60	4505
60	12	4505
12	81	4358
81	12	4358
12	125	4961
125	12	4961
12	73	4409
73	12	4409
12	123	4015
123	12	4016
12	140	4516
140	12	4516
12	158	3886
158	12	3886
12	156	2981
156	12	2981
13	81	2994
81	13	2995
13	24	4649
24	13	4650
13	181	3858
181	13	3859
13	44	4895
44	13	4895
13	36	4180
36	13	4181
13	67	2105
67	13	2106
13	47	4669
47	13	4670
13	130	2914
130	13	2914
13	199	1660
199	13	1660
13	75	4342
75	13	4343
13	68	3796
68	13	3796
13	40	4288
40	13	4289
13	73	3672
73	13	3672
13	19	1215
19	13	1215
13	84	425
84	13	426
13	196	1496
196	13	1496
13	149	478
149	13	478
13	170	1900
170	13	1900
13	90	1881
90	13	1881
14	76	1964
76	14	1965
14	46	1903
46	14	1904
14	100	3119
100	14	3120
14	183	575
183	14	575
14	98	3568
98	14	3568
14	88	4087
88	14	4087
14	64	3158
64	14	3159
14	120	161
120	14	162
14	137	4358
137	14	4358
14	126	1155
126	14	1156
14	167	3711
167	14	3711
14	115	1841
115	14	1842
14	135	4466
135	14	4467
14	103	4056
103	14	4056
14	170	2690
170	14	2691
14	146	309
146	14	309
14	72	3227
72	14	3228
14	128	3350
128	14	3350
14	112	4496
112	14	4496
14	177	4240
177	14	4240
15	172	1187
172	15	1188
15	76	1287
76	15	1288
15	108	2657
108	15	2658
15	196	2174
196	15	2174
15	99	4810
99	15	4810
15	153	4582
153	15	4583
15	111	3946
111	15	3946
15	171	1647
171	15	1648
15	130	4983
130	15	4984
15	62	1320
62	15	1321
15	150	2205
150	15	2206
15	185	4429
185	15	4430
15	106	1464
106	15	1465
15	123	1629
123	15	1630
15	36	1621
36	15	1622
15	43	4903
43	15	4904
15	109	3026
109	15	3026
15	44	4644
44	15	4645
15	165	4948
165	15	4948
16	58	1407
58	16	1407
16	34	4578
34	16	4578
16	120	1958
120	16	1958
16	165	3938
165	16	3938
16	33	3106
33	16	3107
16	114	650
114	16	651
16	127	1076
127	16	1077
16	199	4227
199	16	4228
16	147	3474
147	16	3475
16	132	4989
132	16	4989
16	135	3910
135	16	3910
16	167	1881
167	16	1881
16	152	494
152	16	495
16	98	2443
98	16	2443
16	197	4477
197	16	4477
16	44	4642
44	16	4643
16	172	4010
172	16	4011
16	56	2982
56	16	2982
16	146	1483
146	16	1484
16	134	3996
134	16	3996
17	65	4129
65	17	4129
17	23	4886
23	17	4886
17	116	3030
116	17	3031
17	186	4353
186	17	4354
17	178	2688
178	17	2689
17	54	3932
54	17	3932
17	69	4809
69	17	4809
17	124	1994
124	17	1995
17	198	4097
198	17	4097
17	34	4768
34	17	4768
17	157	4973
157	17	4973
17	147	1637
147	17	1637
17	31	4983
31	17	4984
17	176	2802
176	17	2802
17	39	2225
39	17	2226
17	120	2347
120	17	2348
18	19	3691
19	18	3692
18	50	4348
50	18	4348
18	168	4546
168	18	4547
18	115	4715
115	18	4715
18	116	1405
116	18	1406
18	145	4485
145	18	4485
18	59	4912
59	18	4913
18	197	3879
197	18	3879
18	77	1019
77	18	1019
18	190	4737
190	18	4737
18	130	770
130	18	771
18	172	3630
172	18	3631
18	126	4347
126	18	4348
18	179	2686
179	18	2687
18	144	4415
144	18	4415
18	166	4752
166	18	4752
18	124	2906
124	18	2906
18	78	2030
78	18	2030
18	161	1360
161	18	1361
19	187	1058
187	19	1058
19	90	678
90	19	679
19	138	4776
138	19	4777
19	130	278
130	19	279
19	136	426
136	19	426
19	145	4986
145	19	4986
19	166	4926
166	19	4927
19	40	3711
40	19	3712
19	85	1825
85	19	1826
19	140	1494
140	19	1494
19	82	4104
82	19	4104
19	23	3652
23	19	3653
19	70	3179
70	19	3180
19	97	4032
97	19	4032
19	172	2299
172	19	2300
19	152	2317
152	19	2318
20	150	3496
150	20	3496
20	181	4116
181	20	4116
20	112	4561
112	20	4562
20	61	276
61	20	277
20	187	2282
187	20	2282
20	67	3811
67	20	3811
20	155	1429
155	20	1429
20	160	4573
160	20	4573
20	49	3717
49	20	3718
20	140	3506
140	20	3507
20	23	3947
23	20	3948
20	169	4170
169	20	4170
20	21	1438
21	20	1438
20	164	1150
164	20	1151
20	104	3930
104	20	3930
20	30	511
30	20	512
21	142	2966
142	21	2966
21	55	717
55	21	718
21	111	1079
111	21	1080
21	47	257
47	21	257
21	164	2890
164	21	2891
21	167	2009
167	21	2009
21	180	4745
180	21	4746
21	104	3553
104	21	3553
21	157	4050
157	21	4050
21	186	2778
186	21	2778
21	145	415
145	21	415
21	194	3726
194	21	3727
21	72	4392
72	21	4393
21	49	3572
49	21	3572
21	137	4645
137	21	4645
21	96	1928
96	21	1928
21	86	2278
86	21	2279
22	99	3786
99	22	3787
22	103	3081
103	22	3081
22	65	1283
65	22	1283
22	169	170
169	22	171
22	176	4916
176	22	4916
22	178	2647
178	22	2648
22	56	4219
56	22	4220
22	147	1267
147	22	1267
22	43	4916
43	22	4916
22	101	1730
101	22	1731
22	32	86
32	22	86
22	192	1807
192	22	1808
22	93	551
93	22	552
22	53	2483
53	22	2484
22	67	4694
67	22	4694
23	32	3220
32	23	3221
23	183	3722
183	23	3722
23	185	3025
185	23	3025
23	45	4090
45	23	4090
23	73	4601
73	23	4601
23	41	4707
41	23	4707
23	62	3800
62	23	3801
23	169	4832
169	23	4833
23	44	4952
44	23	4952
23	125	711
125	23	712
23	71	753
71	23	754
23	104	2378
104	23	2379
23	69	2143
69	23	2143
23	43	4172
43	23	4173
23	160	1977
160	23	1977
23	149	3609
149	23	3609
24	131	4372
131	24	4372
24	121	1485
121	24	1486
24	103	1056
103	24	1057
24	156	129
156	24	129
24	63	4065
63	24	4066
24	99	4902
99	24	4903
24	68	241
68	24	241
24	114	4993
114	24	4993
24	71	1363
71	24	1364
24	87	856
87	24	857
24	165	3845
165	24	3845
24	80	3613
80	24	3613
24	104	884
104	24	884
24	144	816
144	24	817
25	112	4988
112	25	4989
25	173	4473
173	25	4474
25	139	4098
139	25	4098
25	35	3997
35	25	3998
25	127	283
127	25	284
25	113	2036
113	25	2037
25	68	4233
68	25	4233
25	94	3608
94	25	3609
25	108	1327
108	25	1328
25	134	4688
134	25	4688
25	38	4489
38	25	4489
25	86	3308
86	25	3308
26	96	2849
96	26	2850
26	43	4943
43	26	4944
26	92	3070
92	26	3070
26	166	2546
166	26	2547
26	75	1768
75	26	1768
26	61	3556
61	26	3556
26	113	4584
113	26	4584
26	90	2804
90	26	2804
26	29	4693
29	26	4694
26	110	3709
110	26	3710
26	126	813
126	26	814
26	40	2486
40	26	2486
26	86	2911
86	26	2912
26	64	3386
64	26	3386
26	162	4360
162	26	4360
26	101	1172
101	26	1172
26	148	2159
148	26	2160
27	99	2445
99	27	2445
27	152	3744
152	27	3744
27	86	4996
86	27	4996
27	30	4888
30	27	4889
27	47	2531
47	27	2531
27	163	3420
163	27	3420
27	169	4254
169	27	4255
27	80	4519
80	27	4519
27	172	2736
172	27	2737
27	58	2192
58	27	2192
27	136	4850
136	27	4850
27	46	4231
46	27	4232
27	96	3412
96	27	3412
27	28	3867
28	27	3868
27	77	4081
77	27	4081
28	34	589
34	28	590
28	57	510
57	28	511
28	60	4886
60	28	4887
28	92	582
92	28	582
28	77	3882
77	28	3882
28	54	3762
54	28	3762
28	78	733
78	28	733
28	113	4986
113	28	4986
28	116	3233
116	28	3233
28	93	1033
93	28	1034
28	192	259
192	28	260
28	163	4769
163	28	4770
28	164	3116
164	28	3116
28	125	1446
125	28	1446
28	51	150
51	28	150
28	45	4592
45	28	4592
29	88	148
88	29	149
29	48	4868
48	29	4868
29	51	2730
51	29	2731
29	70	1699
70	29	1700
29	127	1297
127	29	1297
29	187	2178
187	29	2178
29	50	4801
50	29	4802
29	135	3786
135	29	3786
29	177	3320
177	29	3321
29	57	4965
57	29	4966
29	145	4618
145	29	4619
29	156	1335
156	29	1335
29	141	4620
141	29	4620
29	137	4919
137	29	4920
30	78	3129
78	30	3130
30	187	3048
187	30	3048
30	163	1658
163	30	1659
30	40	4459
40	30	4460
30	51	2433
51	30	2433
30	131	4395
131	30	4395
30	97	3442
97	30	3443
30	111	3995
111	30	3996
30	64	4017
64	30	4018
30	158	3842
158	30	3842
30	100	4163
100	30	4163
30	46	258
46	30	259
30	146	4551
146	30	4551
30	130	4776
130	30	4777
31	88	3128
88	31	3128
31	112	2023
112	31	2024
31	51	1415
51	31	1415
31	45	2432
45	31	2433
31	44	2904
44	31	2904
31	153	2428
153	31	2428
31	125	1990
125	31	1991
31	199	4121
199	31	4122
31	101	4421
101	31	4422
31	158	1175
158	31	1175
31	200	4948
200	31	4949
31	127	2499
127	31	2500
31	180	4078
180	31	4078
31	124	4561
124	31	4562
31	131	1087
131	31	1088
31	159	1688
159	31	1689
31	155	3562
155	31	3562
31	56	4056
56	31	4057
32	44	4060
44	32	4061
32	97	1560
97	32	1561
32	59	4967
59	32	4968
32	193	2063
193	32	2063
32	90	2648
90	32	2649
32	133	2661
133	32	2662
32	76	2471
76	32	2471
32	188	4008
188	32	4009
32	113	4198
113	32	4199
32	75	2878
75	32	2878
32	52	2223
52	32	2223
32	81	4254
81	32	4254
32	137	3176
137	32	3176
33	159	1221
159	33	1222
33	138	2530
138	33	2531
33	38	3843
38	33	3844
33	136	3780
136	33	3781
33	86	4551
86	33	4551
33	166	1680
166	33	1680
33	152	4459
152	33	4459
33	80	4488
80	33	4489
33	122	3370
122	33	3370
33	125	3079
125	33	3080
33	198	3795
198	33	3796
33	47	3351
47	33	3352
33	165	3624
165	33	3625
33	81	2045
81	33	2045
33	131	3782
131	33	3783
33	199	2369
199	33	2369
33	129	3298
129	33	3298
33	89	4570
89	33	4571
34	66	2697
66	34	2697
34	57	3801
57	34	3801
34	194	4935
194	34	4935
34	121	4268
121	34	4269
34	135	3813
135	34	3814
34	119	3827
119	34	3828
34	178	4576
178	34	4577
34	170	2924
170	34	2924
34	78	3650
78	34	3651
34	46	4303
46	34	4303
34	99	2716
99	34	2717
34	162	3761
162	34	3761
35	85	1114
85	35	1115
35	135	3790
135	35	3791
35	131	1957
131	35	1957
35	170	4470
170	35	4470
35	144	2124
144	35	2125
35	137	1745
137	35	1746
35	175	174
175	35	174
35	113	4616
113	35	4616
35	110	4388
110	35	4389
35	140	3690
140	35	3690
35	163	880
163	35	881
35	36	4899
36	35	4899
35	104	4392
104	35	4392
35	111	146
111	35	146
35	159	4427
159	35	4427
35	130	4513
130	35	4513
36	200	1936
200	36	1936
36	104	670
104	36	671
36	108	4173
108	36	4174
36	193	4127
193	36	4128
36	192	2522
192	36	2523
36	156	787
156	36	787
36	136	2577
136	36	2577
36	91	245
91	36	246
36	148	4479
148	36	4479
36	64	3528
64	36	3528
36	189	3330
189	36	3330
36	70	4414
70	36	4415
36	166	1680
166	36	1680
36	66	3631
66	36	3632
37	58	4412
58	37	4413
37	82	4931
82	37	4931
37	60	869
60	37	869
37	97	4204
97	37	4204
37	134	4630
134	37	4630
37	93	1874
93	37	1875
37	107	3178
107	37	3178
37	81	184
81	37	184
37	152	1624
152	37	1624
37	74	1227
74	37	1227
37	171	2314
171	37	2314
37	179	4181
179	37	4181
37	155	4602
155	37	4603
37	56	741
56	37	741
37	126	4600
126	37	4601
38	134	4238
134	38	4239
38	77	4345
77	38	4345
38	101	4932
101	38	4932
38	166	3119
166	38	3119
38	81	1450
81	38	1450
38	183	2643
183	38	2643
38	46	3703
46	38	3703
38	198	1337
198	38	1338
38	40	846
40	38	847
38	43	4523
43	38	4523
38	184	1016
184	38	1017
38	67	59
67	38	59
38	131	3261
131	38	3261
38	52	2233
52	38	2234
38	168	154
168	38	154
39	52	1864
52	39	1864
39	132	4126
132	39	4126
39	109	2699
109	39	2699
39	131	349
131	39	349
39	71	3876
71	39	3876
39	47	561
47	39	561
39	79	4431
79	39	4432
39	168	3148
168	39	3148
39	167	4334
167	39	4335
39	110	4199
110	39	4199
39	93	3578
93	39	3578
39	59	3494
59	39	3495
40	69	4181
69	40	4181
40	42	1611
42	40	1611
40	72	3475
72	40	3476
40	176	929
176	40	929
40	149	1948
149	40	1948
40	157	4925
157	40	4925
40	102	4020
102	40	4020
40	103	2819
103	40	2819
40	124	3760
124	40	3761
40	180	4272
180	40	4272
40	50	4012
50	40	4013
40	171	3907
171	40	3908
40	89	3162
89	40	3162
40	51	4102
51	40	4103
41	62	4597
62	41	4598
41	104	4767
104	41	4768
41	59	2939
59	41	2940
41	145	97
145	41	98
41	173	889
173	41	890
41	189	1460
189	41	1460
41	165	4959
165	41	4960
41	43	2334
43	41	2334
41	157	1491
157	41	1491
41	95	4983
95	41	4984
41	123	2546
123	41	2547
41	110	4563
110	41	4564
41	46	795
46	41	795
41	169	2124
169	41	2124
41	159	2952
159	41	2953
41	76	4992
76	41	4993
42	140	4887
140	42	4887
42	52	4356
52	42	4357
42	168	4753
168	42	4754
42	152	4852
152	42	4853
42	176	1491
176	42	1491
42	88	4231
88	42	4232
42	43	4877
43	42	4878
42	194	4608
194	42	4608
42	97	3196
97	42	3196
42	58	1715
58	42	1716
42	89	3001
89	42	3002
42	171	3927
171	42	3927
42	115	1564
115	42	1565
42	154	3873
154	42	3873
42	100	1350
100	42	1350
43	183	4188
183	43	4189
43	102	1549
102	43	1550
43	91	4684
91	43	4684
43	154	4643
154	43	4643
43	168	4214
168	43	4215
43	58	3612
58	43	3613
43	69	2522
69	43	2523
43	107	4771
107	43	4771
44	127	1330
127	44	1331
44	112	4405
112	44	4405
44	45	4596
45	44	4597
44	109	3951
109	44	3952
44	81	4178
81	44	4178
44	87	145
87	44	146
44	183	4839
183	44	4840
44	200	3656
200	44	3656
44	111	4354
111	44	4354
44	167	2462
167	44	2462
44	165	1329
165	44	1330
44	173	2600
173	44	2600
44	150	1656
150	44	1657
45	62	3793
62	45	3794
45	65	3883
65	45	3883
45	90	2155
90	45	2156
45	107	3289
107	45	3290
45	127	4780
127	45	4780
45	183	829
183	45	830
45	72	4316
72	45	4317
45	174	1298
174	45	1298
45	194	3299
194	45	3299
45	102	2210
102	45	2211
45	96	263
96	45	264
45	130	1940
130	45	1940
46	156	1485
156	46	1485
46	122	2402
122	46	2403
46	173	2652
173	46	2653
46	89	2677
89	46	2677
46	83	4370
83	46	4371
46	76	2407
76	46	2408
46	175	4336
175	46	4336
46	121	3866
121	46	3866
46	141	3692
141	46	3693
46	100	1267
100	46	1267
47	177	3523
177	47	3524
47	107	2664
107	47	2665
47	104	4895
104	47	4896
47	173	3509
173	47	3509
47	125	1280
125	47	1280
47	56	4709
56	47	4710
47	74	2045
74	47	2046
47	144	4628
144	47	4628
47	73	4828
73	47	4828
47	166	3752
166	47	3753
48	95	3230
95	48	3231
48	56	4810
56	48	4810
48	125	3828
125	48	3829
48	127	4000
127	48	4000
48	94	4307
94	48	4307
48	54	4911
54	48	4912
48	175	3998
175	48	3999
48	139	3689
139	48	3690
48	192	1469
192	48	1469
48	161	3766
161	48	3767
48	99	1947
99	48	1947
48	117	3824
117	48	3824
49	177	4534
177	49	4534
49	65	1332
65	49	1332
49	134	416
134	49	416
49	54	1065
54	49	1066
49	148	3686
148	49	3687
49	114	1835
114	49	1836
49	135	1073
135	49	1074
49	92	4775
92	49	4776
49	110	4327
110	49	4327
49	192	4701
192	49	4701
49	89	4451
89	49	4452
49	184	3674
184	49	3674
49	50	3368
50	49	3369
49	132	733
132	49	734
50	106	2268
106	50	2268
50	89	4105
89	50	4106
50	147	4307
147	50	4308
50	164	3968
164	50	3968
50	97	2720
97	50	2721
50	67	2412
67	50	2413
50	96	1835
96	50	1836
50	77	1459
77	50	1459
50	135	4275
135	50	4276
50	126	1827
126	50	1828
50	122	4432
122	50	4433
50	130	4432
130	50	4433
50	172	2442
172	50	2443
51	151	4531
151	51	4532
51	178	2904
178	51	2904
51	112	1182
112	51	1183
51	124	2467
124	51	2467
51	172	4488
172	51	4488
51	189	3799
189	51	3800
51	74	3798
74	51	3799
51	162	4511
162	51	4511
51	68	4747
68	51	4748
51	127	1796
127	51	1796
51	70	2437
70	51	2438
51	59	1950
59	51	1950
51	128	4340
128	51	4340
52	126	4117
126	52	4117
52	136	4802
136	52	4803
52	134	3921
134	52	3921
52	58	2708
58	52	2708
52	110	2779
110	52	2779
52	154	2155
154	52	2155
52	118	4341
118	52	4342
52	131	3842
131	52	3842
52	56	1925
56	52	1925
52	123	1740
123	52	1741
52	125	3497
125	52	3498
52	72	2713
72	52	2713
53	82	3668
82	53	3669
53	163	3832
163	53	3832
53	132	3993
132	53	3994
53	172	231
172	53	232
53	178	3930
178	53	3930
53	177	245
177	53	246
53	144	4586
144	53	4587
53	141	4780
141	53	4780
53	65	1594
65	53	1595
53	151	4602
151	53	4603
53	120	3533
120	53	3533
53	54	4217
54	53	4218
53	169	2490
169	53	2491
53	133	1504
133	53	1504
54	124	4692
124	54	4692
54	194	1990
194	54	1991
54	131	4680
131	54	4681
54	158	2980
158	54	2981
54	154	4143
154	54	4143
54	134	4107
134	54	4108
54	135	1132
135	54	1133
54	58	4099
58	54	4100
54	115	4847
115	54	4847
54	80	1194
80	54	1194
54	166	3854
166	54	3854
54	175	3076
175	54	3076
54	82	4665
82	54	4666
55	150	3478
150	55	3479
55	57	2334
57	55	2334
55	89	4729
89	55	4729
55	183	2794
183	55	2795
55	84	1385
84	55	1385
55	189	1334
189	55	1335
55	165	3638
165	55	3639
55	194	2640
194	55	2641
55	108	2130
108	55	2130
55	65	4350
65	55	4351
55	83	4829
83	55	4829
55	100	240
100	55	240
55	106	945
106	55	945
55	155	4638
155	55	4638
55	145	3871
145	55	3871
55	101	3663
101	55	3664
56	63	4131
63	56	4131
56	91	4328
91	56	4329
56	68	3319
68	56	3319
56	154	2494
154	56	2495
56	87	2147
87	56	2148
56	117	2500
117	56	2500
56	189	4478
189	56	4479
56	104	2602
104	56	2603
56	92	4170
92	56	4171
56	132	4213
132	56	4213
57	171	3599
171	57	3599
57	156	75
156	57	75
57	72	3630
72	57	3630
57	120	2851
120	57	2851
57	152	3959
152	57	3960
57	67	3781
67	57	3782
57	154	4818
154	57	4818
57	133	3788
133	57	3789
57	174	3973
174	57	3973
57	161	4203
161	57	4204
57	158	3162
158	57	3162
57	71	4480
71	57	4480
58	130	3663
130	58	3663
58	87	4451
87	58	4452
58	109	1808
109	58	1808
58	97	3751
97	58	3751
58	86	3737
86	58	3738
58	110	1283
110	58	1284
58	80	4399
80	58	4399
59	96	438
96	59	439
59	93	4578
93	59	4578
59	150	2733
150	59	2734
59	104	4912
104	59	4913
59	87	1735
87	59	1736
59	86	4173
86	59	4173
59	73	2398
73	59	2398
59	72	4423
72	59	4423
60	200	2274
200	60	2275
60	64	3785
64	60	3785
60	77	4893
77	60	4894
60	146	3858
146	60	3859
60	108	1164
108	60	1165
60	85	4088
85	60	4089
60	88	4630
88	60	4630
60	163	4965
163	60	4965
60	139	4049
139	60	4049
60	155	315
155	60	316
60	147	1491
147	60	1491
61	156	1409
156	61	1409
61	155	4438
155	61	4438
61	140	855
140	61	856
61	176	1612
176	61	1613
61	65	2568
65	61	2568
61	129	4702
129	61	4702
61	158	3697
158	61	3697
61	177	64
177	61	64
61	90	2723
90	61	2724
61	192	2087
192	61	2087
61	193	3688
193	61	3688
61	103	3845
103	61	3845
62	172	3104
172	62	3105
62	77	1367
77	62	1368
62	144	1847
144	62	1847
62	124	3510
124	62	3511
62	136	482
136	62	482
62	102	2700
102	62	2700
62	145	4926
145	62	4926
62	86	1481
86	62	1481
62	174	3792
174	62	3793
62	163	3833
163	62	3834
62	129	1775
129	62	1776
62	119	4958
119	62	4958
62	192	118
192	62	118
62	93	4070
93	62	4071
63	160	3594
160	63	3594
63	189	4308
189	63	4309
63	114	3538
114	63	3539
63	87	4699
87	63	4699
63	157	835
157	63	835
63	179	4146
179	63	4146
63	171	3414
171	63	3415
63	141	4214
141	63	4215
63	172	4542
172	63	4542
63	142	611
142	63	612
63	64	2553
64	63	2553
63	136	846
136	63	846
64	158	1453
158	64	1453
64	179	89
179	64	89
64	65	1098
65	64	1099
64	82	4718
82	64	4718
64	141	4410
141	64	4410
64	129	3483
129	64	3484
64	81	2598
81	64	2599
64	139	1420
139	64	1421
64	167	4103
167	64	4103
64	88	2943
88	64	2944
65	178	1801
178	65	1802
65	79	4463
79	65	4464
65	147	1536
147	65	1537
65	67	780
67	65	780
65	77	1710
77	65	1710
65	82	4770
82	65	4771
66	74	3075
74	66	3075
66	108	2230
108	66	2230
66	163	4399
163	66	4400
66	141	732
141	66	733
66	128	1779
128	66	1779
66	93	4429
93	66	4430
66	174	706
174	66	707
66	177	2541
177	66	2542
66	91	4681
91	66	4681
66	165	4240
165	66	4240
66	146	1295
146	66	1296
66	69	3796
69	66	3796
66	154	3174
154	66	3174
66	70	2228
70	66	2228
66	151	3799
151	66	3800
66	144	2784
144	66	2785
66	92	1231
92	66	1232
67	107	4245
107	67	4245
67	133	2783
133	67	2783
67	105	3152
105	67	3152
67	97	4796
97	67	4797
67	147	4382
147	67	4382
67	155	3679
155	67	3679
68	133	4935
133	68	4935
68	137	4762
137	68	4762
68	121	2973
121	68	2974
68	162	3764
162	68	3764
68	119	4627
119	68	4628
68	69	1987
69	68	1988
68	102	3616
102	68	3617
68	87	2299
87	68	2300
68	103	2931
103	68	2931
68	120	4676
120	68	4677
69	144	4260
144	69	4260
69	107	4232
107	69	4233
69	132	3386
132	69	3386
69	138	4805
138	69	4806
69	76	4659
76	69	4660
69	189	3543
189	69	3544
69	159	2629
159	69	2630
70	128	2683
128	70	2683
70	124	4167
124	70	4168
70	170	2420
170	70	2421
70	149	2664
149	70	2665
70	177	4236
177	70	4237
70	115	1688
115	70	1688
70	75	3768
75	70	3769
70	143	2798
143	70	2799
70	155	610
155	70	611
70	129	4099
129	70	4100
70	146	4100
146	70	4100
71	138	4172
138	71	4172
71	101	4215
101	71	4215
71	154	1720
154	71	1721
71	89	4457
89	71	4458
71	107	4183
107	71	4184
71	86	3205
86	71	3206
71	80	3507
80	71	3508
71	177	2974
177	71	2974
71	92	4456
92	71	4457
71	144	127
144	71	128
71	147	4205
147	71	4206
71	77	4238
77	71	4239
72	99	4833
99	72	4833
72	88	3702
88	72	3703
72	110	1461
110	72	1462
72	168	3785
168	72	3786
72	91	4525
91	72	4525
72	149	4314
149	72	4315
72	77	4917
77	72	4917
72	169	3920
169	72	3921
72	155	159
155	72	160
73	170	361
170	73	362
73	79	3293
79	73	3293
73	91	4616
91	73	4616
73	101	4080
101	73	4080
73	76	4078
76	73	4079
73	134	4447
134	73	4447
73	154	4627
154	73	4628
73	144	4946
144	73	4946
73	175	2378
175	73	2379
73	173	3502
173	73	3502
74	127	1770
127	74	1771
74	154	2488
154	74	2489
74	170	1366
170	74	1366
74	76	1132
76	74	1132
74	179	3910
179	74	3911
74	126	3519
126	74	3519
74	174	881
174	74	882
74	119	4565
119	74	4566
74	132	4752
132	74	4752
74	115	4218
115	74	4218
75	150	1752
150	75	1752
75	118	4051
118	75	4051
75	159	4995
159	75	4995
75	160	1900
160	75	1901
75	111	1382
111	75	1383
75	99	2962
99	75	2963
75	173	3913
173	75	3914
75	88	4902
88	75	4902
75	79	3062
79	75	3063
75	167	3830
167	75	3830
76	179	3121
179	76	3121
76	87	4722
87	76	4722
76	157	1010
157	76	1010
76	128	4879
128	76	4879
76	110	4111
110	76	4111
76	170	4775
170	76	4775
76	92	4891
92	76	4891
76	169	4562
169	76	4562
76	114	2295
114	76	2296
77	148	4175
148	77	4176
77	151	3495
151	77	3496
77	78	4740
78	77	4740
77	84	1027
84	77	1027
77	150	4590
150	77	4591
77	90	1548
90	77	1548
78	92	3979
92	78	3980
78	147	647
147	78	648
78	81	1780
81	78	1780
78	160	2802
160	78	2802
78	175	1084
175	78	1084
78	100	3693
100	78	3694
78	130	1170
130	78	1170
78	120	2736
120	78	2737
78	168	3069
168	78	3069
79	142	1623
142	79	1624
79	102	1207
102	79	1208
79	110	2296
110	79	2297
79	100	1611
100	79	1612
79	130	4427
130	79	4427
79	94	4758
94	79	4759
79	86	3706
86	79	3707
79	83	1688
83	79	1689
79	155	59
155	79	59
79	151	4067
151	79	4067
79	95	2719
95	79	2720
79	97	4007
97	79	4007
80	112	4572
112	80	4573
80	90	4287
90	80	4288
80	160	4207
160	80	4208
80	89	1266
89	80	1267
80	140	2156
140	80	2156
80	128	4169
128	80	4169
80	120	4915
120	80	4915
80	134	3814
134	80	3815
80	180	657
180	80	658
81	168	4512
168	81	4513
81	99	2376
99	81	2377
81	161	2611
161	81	2612
81	110	4262
110	81	4262
81	109	2376
109	81	2376
81	148	4633
148	81	4634
81	139	3300
139	81	3300
81	108	2541
108	81	2541
82	162	4601
162	82	4602
82	158	953
158	82	953
82	121	4033
121	82	4034
82	142	4703
142	82	4703
82	163	4283
163	82	4284
82	114	1488
114	82	1488
82	169	4535
169	82	4535
82	85	3228
85	82	3228
83	159	153
159	83	153
83	175	2097
175	83	2098
83	169	4330
169	83	4331
83	138	4814
138	83	4814
83	149	3448
149	83	3448
83	113	4587
113	83	4588
83	85	4551
85	83	4551
83	134	2711
134	83	2711
83	128	3590
128	83	3590
83	111	2373
111	83	2373
83	130	2658
130	83	2658
83	88	4167
88	83	4167
83	120	286
120	83	286
83	98	3023
98	83	3024
84	97	2909
97	84	2909
84	153	3202
153	84	3202
84	101	4672
101	84	4673
84	113	2134
113	84	2134
84	105	4078
105	84	4079
84	152	3675
152	84	3675
84	179	3728
179	84	3728
84	94	1866
94	84	1866
84	175	3588
175	84	3589
84	89	1723
89	84	1723
84	114	1125
114	84	1125
84	139	3416
139	84	3416
84	143	4029
143	84	4030
84	176	2752
176	84	2752
85	152	3541
152	85	3541
85	159	1894
159	85	1895
85	178	3842
178	85	3843
85	137	4426
137	85	4426
85	147	4511
147	85	4511
85	95	724
95	85	724
85	142	4740
142	85	4741
85	141	1430
141	85	1430
85	93	3779
93	85	3779
86	153	4128
153	86	4128
86	158	3723
158	86	3724
86	173	4694
173	86	4695
86	161	3585
161	86	3586
86	175	3076
175	86	3077
86	91	3745
91	86	3746
86	131	3827
131	86	3828
86	164	4025
164	86	4026
87	125	2493
125	87	2494
87	91	4209
91	87	4210
87	180	1257
180	87	1257
87	129	3079
129	87	3079
87	178	4855
178	87	4856
87	90	4373
90	87	4374
87	133	3480
133	87	3481
88	120	1766
120	88	1767
88	178	604
178	88	605
88	119	3037
119	88	3037
88	145	2286
145	88	2287
88	122	4012
122	88	4012
88	173	3893
173	88	3894
88	149	2632
149	88	2633
88	150	4093
150	88	4094
88	95	2451
95	88	2452
89	119	1744
119	89	1744
89	118	996
118	89	996
89	160	1548
160	89	1548
89	99	1798
99	89	1798
89	153	3129
153	89	3130
90	120	356
120	90	356
90	167	121
167	90	121
90	113	4245
113	90	4246
90	102	3916
102	90	3916
91	170	2889
170	91	2890
91	146	1522
146	91	1523
91	174	4454
174	91	4454
91	126	1141
126	91	1141
91	134	4148
134	91	4148
92	148	3616
148	92	3617
92	153	3981
153	92	3982
92	121	1845
121	92	1846
92	118	1898
118	92	1898
92	179	2736
179	92	2737
93	110	4761
110	93	4761
93	152	2772
152	93	2773
93	160	1439
160	93	1439
93	164	974
164	93	975
93	117	3843
117	93	3844
93	102	2097
102	93	2098
93	173	1492
173	93	1492
94	115	4772
115	94	4773
94	162	3886
162	94	3886
94	140	4583
140	94	4584
94	129	3716
129	94	3716
94	108	3497
108	94	3497
94	141	4898
141	94	4899
94	177	3511
177	94	3511
94	101	1733
101	94	1733
94	133	1044
133	94	1044
94	157	4522
157	94	4522
94	135	2974
135	94	2974
94	165	2889
165	94	2890
94	107	336
107	94	337
94	110	359
110	94	360
94	100	3829
100	94	3830
95	114	3801
114	95	3802
95	128	673
128	95	673
95	120	4122
120	95	4122
95	167	3893
167	95	3893
95	166	1437
166	95	1438
95	113	3112
113	95	3113
95	139	1849
139	95	1850
95	160	2900
160	95	2901
95	99	3794
99	95	3794
95	175	1449
175	95	1450
95	169	4506
169	95	4507
95	170	1205
170	95	1205
96	113	2546
113	96	2546
96	162	377
162	96	377
96	109	63
109	96	63
96	114	2263
114	96	2264
96	111	1915
111	96	1915
97	169	4865
169	97	4866
97	98	814
98	97	814
97	123	4967
123	97	4967
97	176	4137
176	97	4138
97	127	3871
127	97	3872
97	162	381
162	97	381
97	147	4927
147	97	4928
98	114	4047
114	98	4048
98	178	1913
178	98	1914
98	132	1297
132	98	1297
98	173	3821
173	98	3821
98	174	1426
174	98	1427
98	128	3453
128	98	3453
98	146	4858
146	98	4859
98	136	3949
136	98	3949
98	117	1840
117	98	1841
98	162	229
162	98	229
98	138	1995
138	98	1995
98	177	2329
177	98	2330
98	111	1954
111	98	1955
98	107	2782
107	98	2782
99	171	136
171	99	136
99	170	1572
170	99	1572
99	121	1029
121	99	1030
99	147	4944
147	99	4945
99	142	1305
142	99	1306
100	176	3333
176	100	3334
100	110	466
110	100	466
100	120	2834
120	100	2834
100	108	4361
108	100	4361
100	101	4591
101	100	4591
100	164	1595
164	100	1596
101	114	2789
114	101	2790
102	136	4970
136	102	4970
102	125	2098
125	102	2099
102	107	4565
107	102	4566
103	131	1762
131	103	1763
103	106	3235
106	103	3235
103	152	4913
152	103	4914
103	153	4380
153	103	4380
103	139	3433
139	103	3434
103	115	4192
115	103	4193
103	177	4229
177	103	4229
105	164	127
164	105	127
105	143	189
143	105	189
105	150	3580
150	105	3580
105	170	3964
170	105	3964
105	140	2883
140	105	2883
105	180	3207
180	105	3207
105	137	4820
137	105	4821
105	123	2821
123	105	2821
105	159	2493
159	105	2494
105	112	3746
112	105	3747
106	126	3902
126	106	3903
106	164	3803
164	106	3803
106	107	1796
107	106	1796
106	115	3508
115	106	3509
106	177	2090
177	106	2090
106	175	4272
175	106	4273
106	128	3896
128	106	3897
108	149	899
149	108	900
108	157	3633
157	108	3633
109	146	4417
146	109	4418
109	176	762
176	109	762
109	178	3799
178	109	3800
109	140	4299
140	109	4299
109	126	153
126	109	154
109	174	1388
174	109	1389
111	117	4690
117	111	4690
111	157	4912
157	111	4912
111	152	1390
152	111	1391
111	118	4106
118	111	4106
112	167	2436
167	112	2436
112	153	4388
153	112	4389
112	150	1745
150	112	1745
112	132	2354
132	112	2354
114	179	4063
179	114	4064
115	179	3690
179	115	3690
115	178	2845
178	115	2846
115	173	2801
173	115	2802
116	171	3205
171	116	3206
116	141	1546
141	116	1546
116	163	2164
163	116	2165
116	129	1343
129	116	1343
116	146	3792
146	116	3793
116	123	2365
123	116	2366
116	159	4263
159	116	4264
116	122	429
122	116	430
116	161	4955
161	116	4955
117	178	4724
178	117	4724
117	143	2515
143	117	2515
117	148	3049
148	117	3050
117	161	2341
161	117	2342
117	164	1703
164	117	1703
117	151	4059
151	117	4060
117	153	4193
153	117	4193
117	118	4948
118	117	4949
118	151	4804
151	118	4805
118	139	4154
139	118	4155
118	138	4518
138	118	4518
118	133	3580
133	118	3580
118	137	3921
137	118	3921
118	129	3593
129	118	3594
118	174	3667
174	118	3668
119	122	921
122	119	921
119	180	774
180	119	774
119	148	1751
148	119	1752
121	125	1809
125	121	1809
122	159	3905
159	122	3906
122	133	230
133	122	230
122	166	1797
166	122	1797
122	148	4215
148	122	4216
122	147	4025
147	122	4025
122	173	1479
173	122	1480
123	133	1764
133	123	1764
123	126	1207
126	123	1208
123	170	4248
170	123	4248
125	143	2469
143	125	2470
125	126	2708
126	125	2709
125	139	343
139	125	344
126	164	1243
164	126	1244
128	156	2365
156	128	2366
129	147	4602
147	129	4603
129	180	306
180	129	307
133	179	1646
179	133	1646
133	159	2250
159	133	2250
133	148	3193
148	133	3193
137	157	3990
157	137	3991
137	143	4635
143	137	4636
137	175	1806
175	137	1807
138	153	3689
153	138	3690
138	170	4382
170	138	4382
139	178	359
178	139	359
142	157	4773
157	142	4773
142	171	3545
171	142	3546
142	174	2097
174	142	2098
143	180	4256
180	143	4256
143	149	4614
149	143	4615
143	151	2124
151	143	2125
143	161	2012
161	143	2012
143	168	998
168	143	999
146	179	383
179	146	383
146	149	4189
149	146	4189
148	168	3190
168	148	3190
149	159	1995
159	149	1995
151	168	2763
168	151	2764
151	176	4199
176	151	4199
151	153	4947
153	151	4947
151	167	4743
167	151	4743
160	168	4721
168	160	4722
160	171	1920
171	160	1920
162	180	2557
180	162	2558
162	174	1839
174	162	1840
162	176	4114
176	162	4114
167	176	3075
176	167	3075
174	180	3299
180	174	3299
