200	2820
2	2
2	2
5	5
3	3
4	4
2	2
2	2
4	4
4	4
5	5
3	3
4	4
5	5
2	2
2	2
4	4
4	4
2	2
3	3
2	2
3	3
4	4
4	4
5	5
5	5
4	4
2	2
4	4
3	3
4	4
5	5
5	5
3	3
2	2
4	4
3	3
4	4
5	5
5	5
3	3
2	2
5	5
4	4
5	5
4	4
2	2
4	4
5	5
3	3
3	3
5	5
3	3
2	2
3	3
3	3
2	2
3	3
5	5
5	5
2	2
5	5
4	4
4	4
3	3
5	5
3	3
3	3
2	2
5	5
2	2
4	4
3	3
3	3
5	5
4	4
3	3
5	5
2	2
5	5
5	5
5	5
2	2
2	2
4	4
5	5
4	4
4	4
4	4
5	5
5	5
2	2
3	3
3	3
4	4
4	4
5	5
3	3
5	5
3	3
3	3
4	4
3	3
3	3
2	2
2	2
4	4
5	5
2	2
4	4
3	3
5	5
4	4
4	4
5	5
4	4
5	5
2	2
2	2
4	4
2	2
2	2
3	3
2	2
3	3
2	2
4	4
5	5
2	2
2	2
3	3
5	5
4	4
2	2
4	4
3	3
3	3
3	3
2	2
4	4
5	5
4	4
5	5
4	4
2	2
5	5
3	3
2	2
4	4
3	3
3	3
3	3
5	5
2	2
2	2
3	3
4	4
2	2
4	4
4	4
5	5
2	2
3	3
3	3
2	2
2	2
5	5
3	3
2	2
5	5
3	3
2	2
5	5
2	2
2	2
2	2
3	3
3	3
2	2
5	5
3	3
3	3
3	3
5	5
5	5
4	4
2	2
4	4
5	5
3	3
5	5
3	3
4	4
4	4
5	5
5	5
3	3
5	5
4	4
3	3
5	5
1	6	1591
6	1	1592
1	4	1332
4	1	1332
1	189	3500
189	1	3501
1	164	544
164	1	545
1	126	2309
126	1	2310
1	63	4464
63	1	4464
1	11	4027
11	1	4028
1	188	2131
188	1	2131
1	123	4651
123	1	4651
1	78	2242
78	1	2243
1	158	1879
158	1	1880
1	144	1059
144	1	1060
1	116	3569
116	1	3570
1	127	4801
127	1	4802
1	9	1700
9	1	1700
1	18	1272
18	1	1273
1	124	432
124	1	433
1	187	1061
187	1	1061
1	28	3713
28	1	3713
1	159	4223
159	1	4224
2	17	4543
17	2	4544
2	132	1407
132	2	1407
2	162	3944
162	2	3945
2	118	4803
118	2	4803
2	192	3356
192	2	3356
2	50	3884
50	2	3884
2	112	4045
112	2	4045
2	55	796
55	2	796
2	157	1449
157	2	1449
2	70	450
70	2	450
2	181	3878
181	2	3879
2	107	1263
107	2	1263
2	62	3724
62	2	3724
2	135	4741
135	2	4742
2	187	115
187	2	116
2	110	3760
110	2	3760
2	102	4430
102	2	4431
2	115	1150
115	2	1150
2	83	3948
83	2	3948
2	159	4637
159	2	4638
3	46	3933
46	3	3933
3	164	4904
164	3	4904
3	99	1857
99	3	1857
3	68	1207
68	3	1208
3	180	2079
180	3	2080
3	51	518
51	3	519
3	153	4741
153	3	4741
3	88	3046
88	3	3047
3	48	2378
48	3	2378
3	53	3721
53	3	3721
3	89	3438
89	3	3439
3	174	3275
174	3	3275
3	17	4659
17	3	4660
3	22	4066
22	3	4067
3	126	3724
126	3	3724
3	96	3789
96	3	3789
3	181	504
181	3	504
3	125	969
125	3	969
3	112	901
112	3	902
3	98	3679
98	3	3679
4	107	3557
107	4	3558
4	26	4990
26	4	4990
4	57	4751
57	4	4752
4	160	4912
160	4	4913
4	117	4306
117	4	4307
4	91	4925
91	4	4926
4	116	4748
116	4	4749
4	60	4378
60	4	4378
4	14	4747
14	4	4747
4	171	3952
171	4	3953
4	67	4681
67	4	4681
4	45	2373
45	4	2374
4	103	4046
103	4	4047
4	49	1941
49	4	1941
4	8	3896
8	4	3897
4	68	4983
68	4	4984
4	71	4758
71	4	4759
4	119	3587
119	4	3588
4	139	4946
139	4	4946
5	49	2795
49	5	2795
5	78	3175
78	5	3176
5	75	3262
75	5	3263
5	10	2513
10	5	2514
5	108	4315
108	5	4316
5	16	2059
16	5	2060
5	9	4603
9	5	4604
5	81	3896
81	5	3896
5	186	4719
186	5	4720
5	11	1424
11	5	1425
5	146	256
146	5	257
5	65	3779
65	5	3780
5	74	4100
74	5	4100
5	119	1570
119	5	1571
5	8	857
8	5	858
5	42	4877
42	5	4878
5	160	4073
160	5	4074
5	26	4399
26	5	4399
5	197	2778
197	5	2779
5	92	2729
92	5	2729
6	168	2338
168	6	2338
6	198	4782
198	6	4782
6	106	4538
106	6	4539
6	169	992
169	6	993
6	160	1354
160	6	1354
6	150	4678
150	6	4678
6	50	4743
50	6	4744
6	74	3759
74	6	3760
6	183	4656
183	6	4657
6	65	4086
65	6	4087
6	116	883
116	6	883
6	180	1388
180	6	1389
6	12	4728
12	6	4729
6	82	4101
82	6	4101
6	159	4065
159	6	4066
6	171	4935
171	6	4936
6	111	4748
111	6	4748
6	110	2996
110	6	2996
6	95	3928
95	6	3928
7	142	3252
142	7	3253
7	56	2059
56	7	2060
7	63	4002
63	7	4003
7	101	1746
101	7	1746
7	37	442
37	7	442
7	178	1711
178	7	1711
7	28	4470
28	7	4471
7	200	1769
200	7	1769
7	117	278
117	7	279
7	10	4376
10	7	4377
7	73	4074
73	7	4075
7	72	1266
72	7	1266
7	145	2501
145	7	2501
7	104	1453
104	7	1454
7	103	1785
103	7	1785
7	161	3899
161	7	3900
7	113	3955
113	7	3956
7	14	2345
14	7	2346
7	141	3377
141	7	3377
7	39	526
39	7	526
8	170	2045
170	8	2045
8	188	1076
188	8	1077
8	67	789
67	8	789
8	35	3911
35	8	3912
8	183	4917
183	8	4918
8	96	2565
96	8	2565
8	82	1074
82	8	1075
8	130	3734
130	8	3734
8	41	1009
41	8	1009
8	50	2465
50	8	2466
8	18	3858
18	8	3859
8	70	2125
70	8	2126
8	9	529
9	8	530
8	187	3275
187	8	3276
8	186	4432
186	8	4433
8	195	4931
195	8	4932
8	58	3724
58	8	3724
8	53	4518
53	8	4518
9	14	2358
14	9	2359
9	136	1880
136	9	1880
9	175	658
175	9	658
9	73	4944
73	9	4944
9	115	3899
115	9	3899
9	78	4620
78	9	4620
9	191	3650
191	9	3651
9	186	4171
186	9	4172
9	55	3225
55	9	3225
9	68	4644
68	9	4645
9	173	4434
173	9	4435
9	161	1434
161	9	1435
9	17	4594
17	9	4595
9	144	1661
144	9	1662
9	37	3786
37	9	3786
9	84	4415
84	9	4415
9	134	1436
134	9	1437
10	97	1609
97	10	1609
10	167	4101
167	10	4101
10	26	1863
26	10	1863
10	70	3272
70	10	3272
10	138	4964
138	10	4964
10	165	2670
165	10	2670
10	71	4674
71	10	4674
10	17	3081
17	10	3081
10	186	311
186	10	312
10	80	3557
80	10	3558
10	180	3909
180	10	3910
10	66	4217
66	10	4217
10	184	1969
184	10	1970
10	20	4821
20	10	4821
10	14	2688
14	10	2689
10	141	122
141	10	122
10	172	4942
172	10	4942
10	54	4861
54	10	4861
11	89	4748
89	11	4748
11	158	1405
158	11	1406
11	50	4050
50	11	4050
11	96	2170
96	11	2170
11	64	4748
64	11	4749
11	172	4586
172	11	4587
11	184	3725
184	11	3726
11	133	3760
133	11	3760
11	82	3197
82	11	3197
11	32	3006
32	11	3007
11	37	343
37	11	344
11	175	4177
175	11	4177
11	51	1597
51	11	1597
11	34	4593
34	11	4594
11	198	1364
198	11	1364
11	116	3624
116	11	3625
11	189	4565
189	11	4565
11	144	1580
144	11	1581
12	191	3463
191	12	3464
12	193	4663
193	12	4663
12	179	1328
179	12	1329
12	120	4817
120	12	4817
12	96	4419
96	12	4420
12	27	2664
27	12	2665
12	100	4670
100	12	4671
12	138	4496
138	12	4496
12	136	4444
136	12	4444
12	116	2217
116	12	2217
12	82	2910
82	12	2911
12	152	4790
152	12	4790
12	40	703
40	12	704
12	44	1513
44	12	1513
12	189	4889
189	12	4889
12	162	4191
162	12	4191
12	130	916
130	12	916
12	123	4737
123	12	4737
12	28	3892
28	12	3893
13	194	4686
194	13	4686
13	149	3572
149	13	3573
13	75	3816
75	13	3816
13	191	4202
191	13	4203
13	41	3636
41	13	3637
13	179	2153
179	13	2153
13	137	1144
137	13	1144
13	71	3967
71	13	3968
13	168	4530
168	13	4530
13	153	4928
153	13	4929
13	200	3666
200	13	3667
13	193	1696
193	13	1696
13	64	3727
64	13	3728
13	198	1449
198	13	1449
13	27	2338
27	13	2339
13	189	4940
189	13	4940
13	176	4288
176	13	4288
13	124	4402
124	13	4403
13	156	4342
156	13	4342
13	161	3342
161	13	3342
14	85	670
85	14	671
14	84	1731
84	14	1732
14	114	454
114	14	455
14	64	1152
64	14	1152
14	48	1760
48	14	1760
14	86	1097
86	14	1097
14	73	3420
73	14	3421
14	106	1331
106	14	1331
14	107	118
107	14	119
14	89	4264
89	14	4264
14	160	4548
160	14	4549
14	143	2056
143	14	2056
14	25	834
25	14	835
14	124	4198
124	14	4198
14	55	1208
55	14	1208
14	155	4486
155	14	4487
15	130	2862
130	15	2862
15	179	4107
179	15	4108
15	102	3958
102	15	3959
15	81	2233
81	15	2234
15	97	565
97	15	566
15	83	2290
83	15	2290
15	89	2733
89	15	2733
15	20	4574
20	15	4574
15	174	3910
174	15	3911
15	150	2698
150	15	2699
15	110	1580
110	15	1581
15	108	1988
108	15	1988
15	124	1299
124	15	1300
15	185	4921
185	15	4922
15	126	3586
126	15	3586
15	47	4033
47	15	4033
15	56	1017
56	15	1018
15	44	4182
44	15	4182
15	155	1408
155	15	1409
15	129	1548
129	15	1549
16	65	4259
65	16	4260
16	178	2452
178	16	2453
16	180	2985
180	16	2986
16	77	2122
77	16	2123
16	151	3800
151	16	3801
16	82	1229
82	16	1230
16	71	4141
71	16	4141
16	165	4158
165	16	4159
16	183	2837
183	16	2837
16	145	4713
145	16	4713
16	25	3229
25	16	3229
16	103	4493
103	16	4493
16	182	2519
182	16	2520
16	95	821
95	16	821
16	33	1231
33	16	1231
16	158	4130
158	16	4130
16	175	1656
175	16	1656
16	133	3577
133	16	3577
16	78	3581
78	16	3581
17	167	2379
167	17	2379
17	133	802
133	17	802
17	57	2044
57	17	2044
17	63	4354
63	17	4355
17	103	4155
103	17	4155
17	42	4499
42	17	4499
17	80	2417
80	17	2418
17	192	3267
192	17	3267
17	177	4229
177	17	4230
17	176	4172
176	17	4173
17	19	4553
19	17	4554
17	157	2318
157	17	2319
17	148	4415
148	17	4415
17	82	1632
82	17	1632
17	143	4946
143	17	4946
17	35	3613
35	17	3614
18	101	1637
101	18	1638
18	132	4759
132	18	4759
18	43	4500
43	18	4500
18	41	3915
41	18	3916
18	197	2358
197	18	2359
18	157	4341
157	18	4342
18	24	1537
24	18	1537
18	28	3170
28	18	3171
18	72	3053
72	18	3053
18	199	4230
199	18	4231
18	111	4326
111	18	4326
18	156	4223
156	18	4224
18	120	4069
120	18	4069
18	29	1120
29	18	1121
18	46	4616
46	18	4617
18	125	4769
125	18	4769
18	92	3970
92	18	3970
18	103	1893
103	18	1893
19	78	4817
78	19	4818
19	169	1211
169	19	1211
19	112	4342
112	19	4342
19	86	3607
86	19	3608
19	36	1062
36	19	1062
19	90	4042
90	19	4042
19	110	3978
110	19	3978
19	141	3036
141	19	3036
19	29	3020
29	19	3020
19	106	2014
106	19	2015
19	48	2263
48	19	2263
19	26	839
26	19	839
19	143	4429
143	19	4429
19	190	906
190	19	907
19	162	69
162	19	70
19	27	4905
27	19	4906
19	164	4029
164	19	4029
19	174	4831
174	19	4832
19	83	1897
83	19	1897
20	64	1999
64	20	2000
20	173	3927
173	20	3928
20	85	4254
85	20	4255
20	79	3122
79	20	3123
20	110	3836
110	20	3837
20	54	2967
54	20	2968
20	25	1620
25	20	1621
20	157	1971
157	20	1972
20	188	4178
188	20	4178
20	140	4496
140	20	4497
20	164	930
164	20	931
20	149	2911
149	20	2911
20	31	4815
31	20	4815
20	176	2605
176	20	2606
20	191	3589
191	20	3589
20	77	4815
77	20	4816
20	92	4368
92	20	4369
20	184	4713
184	20	4714
21	85	3707
85	21	3708
21	68	3442
68	21	3443
21	131	1891
131	21	1892
21	186	4799
186	21	4799
21	48	385
48	21	385
21	88	3437
88	21	3438
21	199	315
199	21	315
21	86	1744
86	21	1744
21	120	708
120	21	709
21	38	1528
38	21	1529
21	56	1471
56	21	1471
21	26	4838
26	21	4838
21	92	4388
92	21	4388
21	162	4922
162	21	4922
21	133	3257
133	21	3257
21	82	430
82	21	431
21	72	4559
72	21	4559
21	167	4005
167	21	4005
21	98	4774
98	21	4775
22	117	3984
117	22	3984
22	63	3234
63	22	3235
22	45	1669
45	22	1670
22	103	4943
103	22	4943
22	193	1854
193	22	1854
22	49	1723
49	22	1724
22	73	619
73	22	620
22	28	3780
28	22	3780
22	119	1045
119	22	1045
22	168	4093
168	22	4094
22	120	1685
120	22	1685
22	48	4754
48	22	4754
22	101	1378
101	22	1378
22	176	482
176	22	483
22	151	3465
151	22	3465
22	95	345
95	22	346
22	89	2971
89	22	2972
23	110	3511
110	23	3512
23	98	3170
98	23	3170
23	79	4375
79	23	4376
23	152	2935
152	23	2936
23	148	4448
148	23	4449
23	97	3973
97	23	3974
23	62	4614
62	23	4614
23	109	3853
109	23	3853
23	180	4377
180	23	4377
23	126	3951
126	23	3951
23	71	949
71	23	949
23	92	417
92	23	417
23	111	1934
111	23	1934
23	37	2334
37	23	2335
23	42	4420
42	23	4421
23	173	2585
173	23	2586
23	103	3848
103	23	3848
23	47	4148
47	23	4148
24	98	3388
98	24	3389
24	75	2011
75	24	2012
24	27	571
27	24	571
24	101	4226
101	24	4227
24	132	4360
132	24	4361
24	131	154
131	24	155
24	130	3622
130	24	3622
24	73	1573
73	24	1573
24	88	864
88	24	864
24	104	4200
104	24	4201
24	66	4870
66	24	4871
24	111	967
111	24	967
24	118	319
118	24	319
24	84	4947
84	24	4948
24	30	4655
30	24	4655
24	51	3975
51	24	3976
25	66	3630
66	25	3631
25	156	257
156	25	257
25	120	1695
120	25	1695
25	59	4506
59	25	4507
25	31	4118
31	25	4119
25	161	2911
161	25	2912
25	115	3654
115	25	3654
25	98	4531
98	25	4531
25	40	3341
40	25	3342
25	143	2773
143	25	2774
25	165	3748
165	25	3749
25	200	3189
200	25	3189
26	53	2725
53	26	2725
26	75	1502
75	26	1502
26	140	3715
140	26	3716
26	151	4198
151	26	4198
26	43	3327
43	26	3328
26	47	4391
47	26	4392
26	152	3911
152	26	3912
26	174	990
174	26	991
26	128	2246
128	26	2246
26	113	3007
113	26	3008
27	61	2253
61	27	2254
27	108	4627
108	27	4628
27	151	1890
151	27	1890
27	48	1039
48	27	1040
27	102	1649
102	27	1650
27	177	3749
177	27	3750
27	101	4984
101	27	4984
27	37	3990
37	27	3990
27	83	2103
83	27	2104
27	75	3282
75	27	3282
27	147	3616
147	27	3616
28	38	4872
38	28	4873
28	89	1537
89	28	1538
28	156	3243
156	28	3244
28	49	3773
49	28	3774
28	65	4443
65	28	4444
28	32	1962
32	28	1962
28	90	3814
90	28	3815
28	98	4551
98	28	4552
28	152	950
152	28	951
28	86	139
86	28	139
28	113	4389
113	28	4389
29	125	878
125	29	878
29	103	4773
103	29	4774
29	159	4194
159	29	4194
29	45	441
45	29	441
29	54	4869
54	29	4870
29	154	2024
154	29	2024
29	66	2112
66	29	2112
29	82	529
82	29	529
29	188	3699
188	29	3700
29	87	1828
87	29	1828
29	163	3350
163	29	3351
29	32	830
32	29	830
29	64	3582
64	29	3582
29	124	391
124	29	392
29	89	4997
89	29	4998
29	94	1046
94	29	1047
29	115	1258
115	29	1259
30	199	3332
199	30	3332
30	33	1065
33	30	1065
30	164	4066
164	30	4067
30	34	3741
34	30	3742
30	107	1720
107	30	1720
30	35	4245
35	30	4246
30	40	3654
40	30	3655
30	43	2408
43	30	2408
30	66	4646
66	30	4647
30	100	4455
100	30	4456
30	139	2882
139	30	2883
30	188	2664
188	30	2664
30	119	2442
119	30	2442
30	77	4801
77	30	4802
30	160	2310
160	30	2310
30	89	4649
89	30	4650
30	200	2052
200	30	2053
31	145	4726
145	31	4726
31	155	4311
155	31	4311
31	83	4780
83	31	4780
31	119	4267
119	31	4267
31	37	297
37	31	298
31	124	4199
124	31	4199
31	105	4322
105	31	4322
31	47	2559
47	31	2560
31	182	2326
182	31	2327
31	63	2578
63	31	2579
31	169	2458
169	31	2459
31	135	3468
135	31	3468
31	40	1750
40	31	1750
31	127	2218
127	31	2218
32	73	4757
73	32	4757
32	122	4306
122	32	4307
32	129	1455
129	32	1455
32	62	4066
62	32	4066
32	42	2288
42	32	2288
32	130	4558
130	32	4558
32	72	4688
72	32	4689
32	78	2215
78	32	2216
32	70	2077
70	32	2077
32	36	3573
36	32	3573
32	148	4080
148	32	4081
32	75	3636
75	32	3637
32	56	3312
56	32	3313
32	164	4074
164	32	4075
32	127	1980
127	32	1980
33	35	2158
35	33	2159
33	44	2930
44	33	2930
33	139	2224
139	33	2224
33	51	3925
51	33	3925
33	42	3867
42	33	3867
33	104	3359
104	33	3359
33	131	1950
131	33	1951
33	194	4238
194	33	4238
33	117	2762
117	33	2763
33	125	1809
125	33	1809
33	143	1740
143	33	1740
33	79	3867
79	33	3868
33	109	3532
109	33	3533
33	41	4397
41	33	4397
33	48	1281
48	33	1282
33	34	4455
34	33	4455
33	118	4594
118	33	4594
34	144	2748
144	34	2749
34	64	1452
64	34	1452
34	149	4618
149	34	4618
34	171	2980
171	34	2980
34	137	4686
137	34	4686
34	131	1799
131	34	1799
34	94	4400
94	34	4400
34	103	2210
103	34	2211
34	167	1798
167	34	1799
34	95	3726
95	34	3726
34	67	1776
67	34	1777
34	106	4847
106	34	4848
34	77	4431
77	34	4432
34	117	4648
117	34	4648
34	74	3831
74	34	3831
35	100	4218
100	35	4218
35	166	3792
166	35	3792
35	174	2429
174	35	2430
35	125	4249
125	35	4250
35	154	4408
154	35	4409
35	88	2744
88	35	2745
35	65	4074
65	35	4075
35	71	1350
71	35	1351
35	45	3682
45	35	3683
35	176	2309
176	35	2309
35	93	4307
93	35	4308
36	59	1247
59	36	1248
36	57	1956
57	36	1956
36	151	131
151	36	132
36	62	4282
62	36	4283
36	61	4522
61	36	4522
36	194	4792
194	36	4792
36	170	807
170	36	808
36	122	4224
122	36	4224
36	51	4223
51	36	4224
36	141	643
141	36	643
36	126	3911
126	36	3911
36	68	4856
68	36	4856
36	162	2558
162	36	2558
36	146	756
146	36	757
36	174	3513
174	36	3513
36	132	4340
132	36	4340
37	121	2614
121	37	2615
37	96	983
96	37	984
37	53	2331
53	37	2332
37	61	888
61	37	888
37	104	4976
104	37	4976
37	86	4191
86	37	4191
37	97	1529
97	37	1530
37	125	3899
125	37	3899
37	168	1227
168	37	1227
37	126	3855
126	37	3856
38	158	4097
158	38	4098
38	143	3856
143	38	3857
38	147	124
147	38	125
38	171	4708
171	38	4708
38	178	4472
178	38	4473
38	184	1428
184	38	1429
38	155	2940
155	38	2941
38	118	373
118	38	373
38	75	2360
75	38	2360
38	81	2506
81	38	2507
38	170	1345
170	38	1345
38	162	3780
162	38	3781
38	56	4833
56	38	4833
38	157	951
157	38	951
38	120	4227
120	38	4228
39	95	4841
95	39	4842
39	165	4781
165	39	4782
39	117	4996
117	39	4997
39	193	1698
193	39	1698
39	177	2884
177	39	2884
39	168	2279
168	39	2279
39	180	4161
180	39	4161
39	137	3312
137	39	3312
39	57	879
57	39	879
39	67	4490
67	39	4491
39	63	1053
63	39	1053
39	151	563
151	39	563
39	139	2663
139	39	2664
39	74	1092
74	39	1093
39	146	557
146	39	557
40	137	3482
137	40	3482
40	47	4327
47	40	4328
40	103	1060
103	40	1061
40	109	302
109	40	303
40	88	3988
88	40	3989
40	122	592
122	40	592
40	93	4602
93	40	4602
40	134	1501
134	40	1501
40	48	3886
48	40	3887
40	82	3850
82	40	3850
40	70	3590
70	40	3590
40	54	2171
54	40	2172
40	96	4198
96	40	4199
40	116	3100
116	40	3100
41	142	1717
142	41	1718
41	172	798
172	41	798
41	149	2037
149	41	2038
41	117	3680
117	41	3680
41	44	3871
44	41	3871
41	84	2931
84	41	2931
41	156	4167
156	41	4167
41	175	4321
175	41	4321
41	77	4964
77	41	4965
41	47	4608
47	41	4609
41	66	1542
66	41	1542
41	64	4184
64	41	4185
41	119	3884
119	41	3885
41	107	4047
107	41	4047
41	98	2928
98	41	2929
42	109	246
109	42	247
42	174	780
174	42	781
42	144	1417
144	42	1417
42	65	4236
65	42	4236
42	78	2492
78	42	2492
42	139	2097
139	42	2098
42	157	3978
157	42	3978
42	170	1326
170	42	1327
42	84	4187
84	42	4188
42	77	550
77	42	551
42	87	1668
87	42	1669
42	102	1795
102	42	1795
42	186	3858
186	42	3858
43	166	4880
166	43	4881
43	94	4399
94	43	4400
43	113	4126
113	43	4127
43	154	3553
154	43	3554
43	112	1298
112	43	1299
43	142	4934
142	43	4935
43	147	4878
147	43	4878
43	174	3875
174	43	3876
43	62	1327
62	43	1328
43	127	2190
127	43	2191
43	158	1554
158	43	1554
43	88	4375
88	43	4375
43	136	1785
136	43	1786
43	66	4361
66	43	4361
44	89	2829
89	44	2830
44	152	3970
152	44	3971
44	73	1764
73	44	1765
44	102	4409
102	44	4409
44	186	3968
186	44	3968
44	198	4674
198	44	4674
44	168	3768
168	44	3769
44	105	3448
105	44	3449
44	63	4053
63	44	4053
44	181	2490
181	44	2491
44	110	3579
110	44	3580
44	138	3994
138	44	3994
44	173	3769
173	44	3770
44	178	4019
178	44	4019
44	127	95
127	44	95
45	128	4087
128	45	4087
45	180	3516
180	45	3517
45	125	4567
125	45	4568
45	136	2573
136	45	2574
45	176	1938
176	45	1938
45	131	2550
131	45	2550
45	156	2206
156	45	2206
45	68	4540
68	45	4541
45	141	3945
141	45	3946
45	178	2135
178	45	2136
45	52	1220
52	45	1220
45	146	4802
146	45	4802
45	171	613
171	45	614
46	99	4878
99	46	4878
46	193	2040
193	46	2041
46	120	3018
120	46	3019
46	115	1846
115	46	1847
46	132	893
132	46	894
46	128	1550
128	46	1551
46	139	2703
139	46	2704
46	190	1261
190	46	1262
46	174	1715
174	46	1715
46	197	3475
197	46	3476
46	122	4262
122	46	4263
46	154	2959
154	46	2960
46	149	4805
149	46	4806
46	47	4114
47	46	4114
46	161	4452
161	46	4453
46	53	2695
53	46	2695
46	151	4006
151	46	4007
47	121	1851
121	47	1852
47	162	4966
162	47	4966
47	112	3785
112	47	3785
47	135	2606
135	47	2606
47	182	3622
182	47	3622
47	164	3181
164	47	3182
47	102	4177
102	47	4177
47	66	3767
66	47	3768
47	133	4552
133	47	4553
47	129	3305
129	47	3306
47	82	4297
82	47	4297
47	68	4773
68	47	4774
48	196	3935
196	48	3935
48	69	4154
69	48	4154
48	164	4618
164	48	4619
48	117	4374
117	48	4374
48	137	4958
137	48	4958
48	150	1014
150	48	1014
48	112	3673
112	48	3673
49	190	2851
190	49	2851
49	140	3777
140	49	3777
49	90	4618
90	49	4619
49	61	1112
61	49	1113
49	121	691
121	49	691
49	147	2343
147	49	2343
49	108	4193
108	49	4194
49	179	2169
179	49	2169
49	77	2357
77	49	2357
49	177	4934
177	49	4934
49	66	4426
66	49	4427
49	173	4464
173	49	4464
49	163	3871
163	49	3872
49	58	3903
58	49	3903
49	117	2875
117	49	2876
50	80	873
80	50	873
50	99	2040
99	50	2040
50	165	4549
165	50	4549
50	181	4711
181	50	4712
50	111	3639
111	50	3640
50	143	3154
143	50	3154
50	133	1542
133	50	1542
50	88	2748
88	50	2748
50	76	1389
76	50	1389
50	57	3885
57	50	3886
50	63	3345
63	50	3345
51	149	4958
149	51	4959
51	88	4610
88	51	4610
51	52	1175
52	51	1175
51	102	4756
102	51	4757
51	111	1415
111	51	1416
51	181	3316
181	51	3317
51	154	2826
154	51	2827
51	83	4730
83	51	4731
51	144	4736
144	51	4737
51	86	4492
86	51	4492
51	179	4953
179	51	4954
51	145	4491
145	51	4491
51	184	2594
184	51	2594
51	136	3163
136	51	3163
52	178	1100
178	52	1100
52	109	4813
109	52	4814
52	59	4799
59	52	4800
52	150	3739
150	52	3739
52	164	4016
164	52	4017
52	79	1186
79	52	1186
52	136	1410
136	52	1411
52	97	3382
97	52	3383
52	112	3997
112	52	3997
52	77	4410
77	52	4410
52	173	3446
173	52	3447
52	72	2198
72	52	2199
52	54	2128
54	52	2129
52	174	2084
174	52	2084
52	190	4193
190	52	4194
52	162	4439
162	52	4440
53	92	3714
92	53	3714
53	118	711
118	53	712
53	121	4457
121	53	4458
53	148	994
148	53	994
53	138	4255
138	53	4256
53	171	4201
171	53	4202
53	144	3348
144	53	3348
53	83	4369
83	53	4369
53	147	4096
147	53	4097
53	68	3748
68	53	3748
54	140	2634
140	54	2635
54	57	3238
57	54	3238
54	100	4752
100	54	4752
54	77	1436
77	54	1437
54	69	4094
69	54	4095
54	162	2886
162	54	2887
54	105	4773
105	54	4774
54	157	4936
157	54	4936
54	158	1479
158	54	1479
54	136	4657
136	54	4658
54	76	4799
76	54	4800
54	143	2542
143	54	2542
54	129	3655
129	54	3656
55	76	2280
76	55	2281
55	139	4663
139	55	4663
55	131	3464
131	55	3464
55	165	267
165	55	267
55	113	3690
113	55	3690
55	159	2710
159	55	2711
55	186	2845
186	55	2846
55	136	2937
136	55	2938
55	105	3643
105	55	3644
55	126	1569
126	55	1570
55	166	3376
166	55	3376
55	91	3702
91	55	3702
56	72	3721
72	56	3722
56	96	375
96	56	376
56	78	528
78	56	529
56	92	4479
92	56	4480
56	144	3993
144	56	3994
56	165	4819
165	56	4819
56	180	4355
180	56	4355
56	154	4824
154	56	4824
56	171	2495
171	56	2496
56	109	2530
109	56	2531
56	83	2737
83	56	2737
56	86	2500
86	56	2500
56	117	3539
117	56	3539
57	105	2179
105	57	2179
57	141	4810
141	57	4810
57	148	3836
148	57	3837
57	67	4964
67	57	4965
57	134	646
134	57	647
57	170	3795
170	57	3795
57	175	1911
175	57	1911
57	63	3986
63	57	3986
57	103	4155
103	57	4155
57	160	4715
160	57	4715
58	86	3637
86	58	3638
58	121	4529
121	58	4530
58	159	4889
159	58	4890
58	162	2952
162	58	2952
58	90	4084
90	58	4085
58	69	4704
69	58	4705
58	111	4642
111	58	4643
58	72	3186
72	58	3186
58	79	3918
79	58	3919
58	124	3726
124	58	3727
58	65	3024
65	58	3025
58	129	3595
129	58	3596
58	83	891
83	58	891
58	92	4483
92	58	4484
58	152	3057
152	58	3058
58	149	4227
149	58	4228
58	123	2041
123	58	2041
59	125	3772
125	59	3772
59	151	2628
151	59	2629
59	176	4485
176	59	4485
59	97	2529
97	59	2529
59	200	3913
200	59	3914
59	161	3600
161	59	3600
59	169	4359
169	59	4359
59	85	2346
85	59	2346
59	119	3655
119	59	3655
59	166	4147
166	59	4147
59	140	4317
140	59	4318
59	168	4069
168	59	4069
60	153	730
153	60	730
60	95	3099
95	60	3100
60	71	2364
71	60	2364
60	87	4088
87	60	4089
60	174	754
174	60	755
60	101	3064
101	60	3064
60	141	1363
141	60	1363
60	115	4259
115	60	4260
60	147	4839
147	60	4840
60	181	211
181	60	211
60	118	1835
118	60	1836
60	157	2802
157	60	2803
60	132	3640
132	60	3641
60	139	3792
139	60	3793
60	85	2313
85	60	2313
60	148	1643
148	60	1643
61	125	2710
125	61	2711
61	137	4007
137	61	4008
61	90	512
90	61	513
61	91	2317
91	61	2318
61	197	4801
197	61	4801
61	156	1968
156	61	1968
61	154	3837
154	61	3838
61	110	4415
110	61	4416
61	130	1887
130	61	1887
61	136	4791
136	61	4792
61	94	363
94	61	364
61	144	4095
144	61	4095
62	184	4187
184	62	4188
62	146	3907
146	62	3907
62	111	4627
111	62	4628
62	81	3891
81	62	3892
62	99	396
99	62	397
62	152	4310
152	62	4311
62	104	1672
104	62	1672
62	85	4385
85	62	4385
62	180	4704
180	62	4704
62	115	769
115	62	770
63	97	2650
97	63	2651
63	94	182
94	63	183
63	134	2877
134	63	2878
63	102	954
102	63	954
63	164	3013
164	63	3014
63	128	4097
128	63	4097
63	180	4303
180	63	4303
63	147	1033
147	63	1033
63	184	2324
184	63	2324
63	140	3440
140	63	3441
64	132	3833
132	64	3834
64	114	2773
114	64	2774
64	80	1911
80	64	1911
64	133	3627
133	64	3627
64	115	2647
115	64	2647
64	161	769
161	64	769
64	179	1204
179	64	1205
64	138	4966
138	64	4967
64	88	1675
88	64	1675
64	151	2109
151	64	2110
64	154	3767
154	64	3767
64	150	598
150	64	599
65	179	2115
179	65	2115
65	76	3790
76	65	3791
65	176	833
176	65	833
65	85	2112
85	65	2112
65	158	4194
158	65	4195
65	107	3831
107	65	3831
65	138	1861
138	65	1861
65	159	4864
159	65	4865
66	118	1297
118	66	1298
66	170	3203
170	66	3204
66	144	4684
144	66	4684
66	84	1402
84	66	1403
66	112	3427
112	66	3427
66	113	4897
113	66	4897
66	105	1476
105	66	1477
66	197	2890
197	66	2890
66	81	4038
81	66	4038
67	101	3778
101	67	3779
67	146	4757
146	67	4758
67	178	4690
178	67	4690
67	73	4363
73	67	4363
67	114	2359
114	67	2359
67	106	4403
106	67	4403
67	169	4076
169	67	4077
67	87	2481
87	67	2481
67	100	4055
100	67	4055
67	77	1627
77	67	1628
67	131	2279
131	67	2280
68	163	3604
163	68	3605
68	95	4201
95	68	4202
68	172	4368
172	68	4368
68	144	2672
144	68	2673
68	154	4990
154	68	4990
68	71	3637
71	68	3637
68	86	4448
86	68	4449
69	85	1361
85	69	1362
69	151	2330
151	69	2330
69	76	4893
76	69	4893
69	108	3230
108	69	3230
69	100	1725
100	69	1726
69	177	4828
177	69	4829
69	153	2109
153	69	2110
69	137	4208
137	69	4209
69	95	1307
95	69	1308
69	179	1687
179	69	1687
69	175	3535
175	69	3536
69	130	4901
130	69	4901
69	96	3829
96	69	3829
69	112	4163
112	69	4164
69	180	1065
180	69	1066
69	142	4074
142	69	4075
70	108	4062
108	70	4062
70	153	3405
153	70	3405
70	162	4418
162	70	4419
70	166	3094
166	70	3095
70	175	3888
175	70	3889
70	168	249
168	70	250
70	113	4516
113	70	4517
70	165	4092
165	70	4093
70	156	4462
156	70	4462
70	169	4200
169	70	4201
70	132	3454
132	70	3454
70	138	4766
138	70	4766
70	75	4939
75	70	4940
70	143	4440
143	70	4440
71	161	4134
161	71	4134
71	102	4090
102	71	4090
71	178	941
178	71	941
71	169	188
169	71	189
71	140	2827
140	71	2828
71	151	3633
151	71	3634
71	193	4645
193	71	4646
71	200	4080
200	71	4081
72	119	4295
119	72	4296
72	130	4720
130	72	4720
72	87	4441
87	72	4441
72	166	2490
166	72	2491
72	134	3647
134	72	3648
72	156	1449
156	72	1450
72	149	1900
149	72	1901
72	193	2885
193	72	2886
72	88	3494
88	72	3495
72	147	4708
147	72	4708
72	106	4267
106	72	4268
73	173	221
173	73	222
73	104	4658
104	73	4658
73	140	4630
140	73	4631
73	128	3884
128	73	3885
73	148	2645
148	73	2645
73	101	4037
101	73	4037
73	111	4407
111	73	4408
73	155	1842
155	73	1842
74	84	3198
84	74	3199
74	127	2370
127	74	2370
74	99	3951
99	74	3952
74	105	4376
105	74	4377
74	130	3229
130	74	3229
74	136	4205
136	74	4205
74	123	2696
123	74	2697
74	82	3672
82	74	3672
74	131	1573
131	74	1574
74	110	4330
110	74	4330
74	107	4377
107	74	4378
74	115	4535
115	74	4536
74	138	4124
138	74	4124
74	197	4165
197	74	4166
75	76	2837
76	75	2837
75	140	4824
140	75	4825
75	182	3109
182	75	3109
75	121	4768
121	75	4768
75	113	1213
113	75	1213
75	126	3888
126	75	3889
75	156	1963
156	75	1963
76	147	4193
147	76	4193
76	110	771
110	76	772
76	139	1690
139	76	1691
76	121	3115
121	76	3115
76	132	1173
132	76	1174
76	118	3767
118	76	3768
76	153	2753
153	76	2754
76	107	2363
107	76	2363
76	157	1206
157	76	1207
76	102	1616
102	76	1617
77	122	1350
122	77	1351
77	160	2068
160	77	2069
77	157	1874
157	77	1875
77	120	4970
120	77	4970
77	177	3916
177	77	3916
77	93	3559
93	77	3559
77	153	3037
153	77	3038
77	111	248
111	77	249
77	193	4789
193	77	4790
78	91	1659
91	78	1660
78	96	4637
96	78	4638
78	98	4221
98	78	4222
78	120	4598
120	78	4598
78	118	3559
118	78	3559
78	82	2947
82	78	2948
78	169	2066
169	78	2066
79	94	4668
94	79	4669
79	104	4657
104	79	4658
79	87	4009
87	79	4010
79	116	145
116	79	145
79	114	4862
114	79	4863
79	91	2791
91	79	2791
79	159	3422
159	79	3423
79	108	4752
108	79	4753
79	141	2534
141	79	2534
79	135	4170
135	79	4170
80	133	1355
133	80	1355
80	169	2508
169	80	2509
80	137	4762
137	80	4763
80	176	85
176	80	85
80	123	4179
123	80	4179
80	110	3766
110	80	3767
80	197	4776
197	80	4776
80	89	3179
89	80	3180
80	151	4189
151	80	4189
80	113	3497
113	80	3497
80	104	236
104	80	236
80	121	2741
121	80	2741
80	107	4093
107	80	4094
80	95	4660
95	80	4660
81	133	2319
133	81	2319
81	94	4921
94	81	4921
81	118	4453
118	81	4453
81	98	2744
98	81	2744
81	170	4771
170	81	4771
81	85	3089
85	81	3090
81	96	1846
96	81	1847
81	180	4826
180	81	4827
81	200	91
200	81	92
81	138	1317
138	81	1318
81	166	2533
166	81	2533
82	141	2908
141	82	2908
82	138	4589
138	82	4590
82	147	3401
147	82	3402
82	160	4649
160	82	4650
82	146	4833
146	82	4833
83	119	3563
119	83	3564
83	97	2393
97	83	2394
83	145	3671
145	83	3672
83	154	1955
154	83	1955
83	87	2872
87	83	2873
83	152	2151
152	83	2151
83	122	4835
122	83	4835
83	176	2547
176	83	2548
83	148	3910
148	83	3911
84	97	2836
97	84	2836
84	144	4723
144	84	4724
84	99	3846
99	84	3846
84	142	3808
142	84	3808
84	166	906
166	84	906
84	152	3736
152	84	3737
84	158	1997
158	84	1998
84	106	3747
106	84	3747
84	98	3702
98	84	3702
84	100	4113
100	84	4113
84	154	3668
154	84	3668
84	146	4712
146	84	4712
85	140	1906
140	85	1907
85	105	3781
105	85	3781
85	106	4561
106	85	4561
85	97	4362
97	85	4363
85	196	2792
196	85	2792
85	91	3559
91	85	3559
85	125	1987
125	85	1988
85	104	2417
104	85	2418
86	147	3754
147	86	3754
86	99	3875
99	86	3875
86	148	1062
148	86	1063
86	114	1828
114	86	1828
86	146	778
146	86	778
86	143	2896
143	86	2896
86	119	1090
119	86	1091
86	117	4187
117	86	4188
87	115	3929
115	87	3930
87	169	2512
169	87	2513
87	161	4859
161	87	4860
87	146	2375
146	87	2375
87	159	1169
159	87	1169
87	148	143
148	87	143
87	150	2278
150	87	2278
87	160	1302
160	87	1302
87	172	1826
172	87	1826
87	176	668
176	87	668
88	121	307
121	88	307
88	166	3535
166	88	3535
88	165	4865
165	88	4866
88	122	2565
122	88	2565
88	171	2203
171	88	2203
88	99	4858
99	88	4858
88	98	2908
98	88	2909
89	172	4164
172	89	4165
89	144	4010
144	89	4010
89	105	4148
105	89	4149
89	143	2815
143	89	2816
89	166	1204
166	89	1204
89	173	3447
173	89	3447
89	104	3746
104	89	3747
90	121	1036
121	90	1036
90	170	2036
170	90	2036
90	134	103
134	90	103
90	163	4370
163	90	4370
90	141	2910
141	90	2910
90	158	3184
158	90	3185
90	120	4934
120	90	4934
90	148	4688
148	90	4689
90	97	4329
97	90	4329
90	155	3527
155	90	3528
90	178	3211
178	90	3211
90	93	3975
93	90	3975
90	91	4164
91	90	4165
91	98	1607
98	91	1607
91	122	1571
122	91	1571
91	132	4950
132	91	4950
91	141	2139
141	91	2139
91	145	2963
145	91	2964
91	121	644
121	91	644
91	131	173
131	91	173
91	109	4365
109	91	4366
92	157	4326
157	92	4326
92	155	182
155	92	183
92	165	4963
165	92	4963
92	97	3894
97	92	3894
92	163	3064
163	92	3064
92	102	1945
102	92	1945
92	108	2164
108	92	2164
92	101	3224
101	92	3225
92	184	3938
184	92	3939
92	126	2025
126	92	2025
92	178	4728
178	92	4728
93	121	1067
121	93	1067
93	178	2818
178	93	2819
93	117	167
117	93	167
93	160	393
160	93	394
93	115	3095
115	93	3096
93	169	2064
169	93	2064
93	166	4531
166	93	4531
93	108	398
108	93	399
93	141	4378
141	93	4379
93	165	3653
165	93	3653
93	98	4243
98	93	4244
93	112	703
112	93	704
93	126	3843
126	93	3844
94	95	4372
95	94	4372
94	179	3383
179	94	3383
94	124	1203
124	94	1203
94	131	3900
131	94	3901
94	139	2760
139	94	2761
94	150	1157
150	94	1158
94	156	4897
156	94	4898
94	171	4701
171	94	4701
94	113	2852
113	94	2853
94	128	676
128	94	676
94	115	2169
115	94	2169
95	97	2045
97	95	2046
95	145	2463
145	95	2464
95	100	2319
100	95	2319
95	166	482
166	95	483
95	150	3050
150	95	3050
96	172	2847
172	96	2848
96	118	4850
118	96	4850
96	112	2792
112	96	2793
96	134	2838
134	96	2839
96	160	822
160	96	822
96	107	2434
107	96	2435
96	165	4762
165	96	4763
96	119	4302
119	96	4302
97	163	1176
163	97	1177
97	132	2996
132	97	2996
98	150	4359
150	98	4359
98	101	2842
101	98	2842
98	157	4339
157	98	4339
98	171	2975
171	98	2976
98	106	2959
106	98	2960
99	108	4868
108	99	4868
99	105	4256
105	99	4256
99	157	1778
157	99	1779
99	170	3857
170	99	3857
99	145	4101
145	99	4101
99	156	804
156	99	804
99	140	141
140	99	142
100	148	4403
148	100	4404
100	155	3959
155	100	3959
100	173	3417
173	100	3417
100	197	1407
197	100	1407
100	128	4142
128	100	4142
100	179	1065
179	100	1066
100	145	1492
145	100	1492
100	124	4849
124	100	4849
100	106	3542
106	100	3543
101	152	4725
152	101	4725
101	105	2356
105	101	2357
105	132	4816
132	105	4816
105	142	2986
142	105	2987
105	115	4833
115	105	4834
108	171	4791
171	108	4791
108	150	472
150	108	472
109	122	4454
122	109	4455
109	123	4157
123	109	4157
109	149	864
149	109	864
109	173	4378
173	109	4379
109	133	4460
133	109	4461
109	176	227
176	109	227
109	150	1784
150	109	1784
112	120	4696
120	112	4697
113	123	4999
123	113	4999
114	120	1881
120	114	1882
114	122	4226
122	114	4227
114	138	3816
138	114	3816
114	162	4900
162	114	4901
114	155	2816
155	114	2817
114	177	2679
177	114	2679
116	128	4204
128	116	4205
116	168	4833
168	116	4833
116	169	2401
169	116	2402
116	196	3151
196	116	3151
118	179	1684
179	118	1684
118	156	2344
156	118	2344
118	175	2419
175	118	2420
119	161	2844
161	119	2845
119	200	3827
200	119	3828
119	140	2492
140	119	2493
121	126	4408
126	121	4409
121	153	496
153	121	497
122	148	4537
148	122	4538
122	142	3528
142	122	3529
122	172	1519
172	122	1519
123	130	1615
130	123	1616
123	172	2368
172	123	2368
123	161	2844
161	123	2844
123	124	4032
124	123	4033
123	149	3710
149	123	3711
123	197	4703
197	123	4704
124	153	4666
153	124	4666
124	175	4610
175	124	4611
124	150	4232
150	124	4232
124	177	4007
177	124	4008
126	148	4247
148	126	4247
126	155	4392
155	126	4393
126	130	4283
130	126	4283
127	162	422
162	127	423
127	135	465
135	127	466
127	167	1344
167	127	1344
127	131	1617
131	127	1618
127	166	4880
166	127	4880
127	160	107
160	127	108
128	150	3391
150	128	3392
128	171	4433
171	128	4434
128	170	3590
170	128	3590
128	160	1687
160	128	1688
128	138	2009
138	128	2010
128	155	2834
155	128	2834
129	171	4663
171	129	4664
129	175	3439
175	129	3440
129	158	2647
158	129	2647
129	133	394
133	129	395
129	149	2162
149	129	2162
129	153	2323
153	129	2324
130	162	3586
162	130	3587
130	170	590
170	130	591
131	169	2831
169	131	2831
131	159	2721
159	131	2722
131	156	2896
156	131	2897
133	158	3845
158	133	3846
134	161	4782
161	134	4783
134	137	1189
137	134	1190
134	135	3762
135	134	3763
134	163	57
163	134	57
134	168	287
168	134	287
134	170	4650
170	134	4651
134	142	4086
142	134	4087
135	169	3427
169	135	3427
135	142	3801
142	135	3801
135	163	4870
163	135	4870
135	177	1186
177	135	1186
135	196	2406
196	135	2407
135	175	425
175	135	425
135	161	866
161	135	867
135	168	4256
168	135	4256
137	172	2167
172	137	2167
137	145	1729
145	137	1729
142	153	1958
153	142	1958
145	166	4641
166	145	4641
145	170	3616
170	145	3616
145	153	4343
153	145	4344
153	177	3623
177	153	3623
163	196	1479
196	163	1479
163	176	2853
176	163	2853
167	175	2077
175	167	2077
167	168	4036
168	167	4036
167	176	2247
176	167	2248
167	172	1679
172	167	1679
167	177	3996
177	167	3996
172	177	4893
177	172	4893
172	175	3463
175	172	3463
