900	5262
2	2
2	2
5	5
3	3
4	4
2	2
2	2
4	4
4	4
5	5
3	3
4	4
5	5
2	2
2	2
4	4
4	4
2	2
3	3
2	2
3	3
4	4
4	4
5	5
5	5
4	4
2	2
4	4
3	3
4	4
5	5
5	5
3	3
2	2
4	4
3	3
4	4
5	5
5	5
3	3
2	2
5	5
4	4
5	5
4	4
2	2
4	4
5	5
3	3
3	3
5	5
3	3
2	2
3	3
3	3
2	2
3	3
5	5
5	5
2	2
5	5
4	4
4	4
3	3
5	5
3	3
3	3
2	2
5	5
2	2
4	4
3	3
3	3
5	5
4	4
3	3
5	5
2	2
5	5
5	5
5	5
2	2
2	2
4	4
5	5
4	4
4	4
4	4
5	5
5	5
2	2
3	3
3	3
4	4
4	4
5	5
3	3
5	5
3	3
3	3
4	4
3	3
3	3
2	2
2	2
4	4
5	5
2	2
4	4
3	3
5	5
4	4
4	4
5	5
4	4
5	5
2	2
2	2
4	4
2	2
2	2
3	3
2	2
3	3
2	2
4	4
5	5
2	2
2	2
3	3
5	5
4	4
2	2
4	4
3	3
3	3
3	3
2	2
4	4
5	5
4	4
5	5
4	4
2	2
5	5
3	3
2	2
4	4
3	3
3	3
3	3
5	5
2	2
2	2
3	3
4	4
2	2
4	4
4	4
5	5
2	2
3	3
3	3
2	2
2	2
5	5
3	3
2	2
5	5
3	3
2	2
5	5
2	2
2	2
2	2
3	3
3	3
2	2
5	5
3	3
3	3
3	3
5	5
5	5
4	4
2	2
4	4
5	5
3	3
5	5
3	3
4	4
4	4
5	5
5	5
3	3
5	5
4	4
3	3
5	5
4	4
4	4
5	5
5	5
5	5
3	3
4	4
4	4
2	2
3	3
4	4
5	5
3	3
4	4
5	5
4	4
5	5
4	4
4	4
2	2
5	5
4	4
3	3
2	2
4	4
3	3
4	4
4	4
2	2
5	5
5	5
5	5
4	4
2	2
3	3
5	5
2	2
3	3
3	3
4	4
5	5
3	3
3	3
5	5
3	3
2	2
5	5
2	2
4	4
4	4
2	2
2	2
5	5
4	4
3	3
3	3
4	4
4	4
2	2
5	5
4	4
5	5
2	2
2	2
5	5
4	4
2	2
2	2
2	2
3	3
5	5
5	5
3	3
3	3
4	4
3	3
5	5
5	5
3	3
3	3
2	2
2	2
2	2
5	5
2	2
5	5
2	2
3	3
4	4
2	2
5	5
2	2
5	5
3	3
2	2
2	2
2	2
4	4
4	4
5	5
4	4
5	5
4	4
4	4
2	2
4	4
2	2
3	3
4	4
2	2
5	5
4	4
4	4
4	4
3	3
4	4
2	2
2	2
3	3
5	5
5	5
4	4
4	4
3	3
2	2
4	4
3	3
4	4
4	4
3	3
3	3
3	3
3	3
3	3
3	3
3	3
3	3
2	2
3	3
3	3
4	4
4	4
4	4
4	4
4	4
5	5
3	3
5	5
3	3
3	3
4	4
4	4
3	3
4	4
5	5
2	2
4	4
3	3
4	4
4	4
5	5
2	2
3	3
4	4
4	4
5	5
3	3
5	5
2	2
5	5
4	4
3	3
5	5
2	2
2	2
4	4
4	4
3	3
4	4
5	5
5	5
4	4
3	3
5	5
2	2
2	2
3	3
2	2
2	2
5	5
5	5
4	4
3	3
2	2
4	4
4	4
2	2
4	4
3	3
2	2
3	3
4	4
4	4
4	4
4	4
3	3
5	5
3	3
4	4
3	3
2	2
2	2
4	4
5	5
2	2
2	2
2	2
2	2
4	4
3	3
2	2
3	3
3	3
4	4
3	3
2	2
3	3
5	5
4	4
4	4
4	4
3	3
2	2
5	5
4	4
2	2
5	5
2	2
3	3
3	3
4	4
4	4
4	4
4	4
2	2
2	2
5	5
2	2
3	3
4	4
4	4
2	2
4	4
5	5
3	3
5	5
5	5
3	3
3	3
3	3
5	5
5	5
2	2
5	5
4	4
3	3
3	3
4	4
2	2
2	2
2	2
4	4
2	2
2	2
4	4
3	3
2	2
4	4
3	3
5	5
2	2
5	5
2	2
2	2
3	3
5	5
5	5
3	3
3	3
5	5
3	3
4	4
4	4
4	4
5	5
2	2
2	2
2	2
4	4
4	4
4	4
3	3
2	2
2	2
4	4
2	2
4	4
2	2
2	2
4	4
2	2
5	5
3	3
4	4
5	5
2	2
4	4
4	4
3	3
2	2
3	3
4	4
5	5
2	2
3	3
5	5
3	3
3	3
3	3
4	4
2	2
2	2
3	3
5	5
5	5
3	3
2	2
2	2
4	4
2	2
4	4
2	2
5	5
3	3
3	3
3	3
4	4
4	4
5	5
5	5
5	5
4	4
3	3
5	5
4	4
3	3
4	4
3	3
3	3
2	2
2	2
3	3
3	3
3	3
2	2
2	2
5	5
4	4
4	4
5	5
2	2
4	4
3	3
3	3
2	2
3	3
2	2
5	5
3	3
2	2
3	3
4	4
3	3
2	2
5	5
2	2
5	5
5	5
2	2
4	4
2	2
3	3
3	3
4	4
5	5
5	5
4	4
3	3
5	5
4	4
2	2
2	2
2	2
5	5
2	2
4	4
5	5
2	2
2	2
2	2
4	4
4	4
3	3
3	3
4	4
3	3
2	2
2	2
3	3
3	3
5	5
5	5
3	3
2	2
4	4
2	2
5	5
4	4
5	5
3	3
2	2
4	4
3	3
3	3
5	5
5	5
5	5
5	5
3	3
2	2
5	5
4	4
3	3
5	5
4	4
5	5
4	4
4	4
2	2
5	5
5	5
2	2
2	2
3	3
2	2
2	2
4	4
2	2
4	4
5	5
4	4
4	4
4	4
4	4
2	2
2	2
4	4
3	3
2	2
2	2
5	5
2	2
3	3
4	4
2	2
2	2
4	4
5	5
4	4
2	2
4	4
5	5
5	5
3	3
4	4
5	5
5	5
4	4
4	4
4	4
3	3
2	2
5	5
4	4
3	3
4	4
4	4
4	4
2	2
4	4
4	4
4	4
3	3
4	4
4	4
3	3
2	2
4	4
4	4
2	2
2	2
4	4
3	3
2	2
2	2
2	2
3	3
4	4
4	4
4	4
5	5
5	5
4	4
3	3
4	4
4	4
3	3
3	3
3	3
4	4
4	4
3	3
4	4
3	3
4	4
4	4
5	5
2	2
3	3
4	4
5	5
5	5
4	4
5	5
4	4
2	2
2	2
5	5
3	3
4	4
2	2
5	5
3	3
5	5
3	3
5	5
4	4
2	2
3	3
4	4
3	3
2	2
5	5
2	2
3	3
3	3
3	3
5	5
3	3
3	3
2	2
4	4
3	3
2	2
2	2
5	5
5	5
3	3
3	3
5	5
2	2
2	2
2	2
2	2
3	3
3	3
5	5
3	3
3	3
4	4
3	3
2	2
5	5
5	5
5	5
5	5
5	5
2	2
4	4
2	2
5	5
4	4
5	5
3	3
5	5
4	4
3	3
5	5
4	4
5	5
3	3
4	4
4	4
5	5
3	3
2	2
4	4
4	4
5	5
2	2
4	4
5	5
3	3
2	2
2	2
3	3
2	2
4	4
4	4
5	5
5	5
5	5
4	4
5	5
5	5
3	3
2	2
3	3
3	3
4	4
2	2
2	2
2	2
3	3
4	4
2	2
3	3
5	5
4	4
4	4
5	5
3	3
5	5
5	5
3	3
2	2
3	3
3	3
3	3
3	3
4	4
5	5
3	3
2	2
2	2
2	2
5	5
3	3
2	2
5	5
5	5
2	2
2	2
2	2
3	3
4	4
3	3
4	4
3	3
3	3
3	3
4	4
3	3
2	2
4	4
5	5
4	4
3	3
5	5
5	5
5	5
3	3
2	2
3	3
4	4
4	4
4	4
5	5
3	3
3	3
1	749	4270
749	1	4270
1	377	4703
377	1	4703
1	563	3752
563	1	3752
1	87	3042
87	1	3043
1	546	1008
546	1	1008
1	782	4155
782	1	4156
1	267	4759
267	1	4759
1	221	4529
221	1	4530
1	111	4930
111	1	4930
1	814	3287
814	1	3288
1	344	3945
344	1	3946
1	380	4720
380	1	4720
2	108	4276
108	2	4276
2	436	2809
436	2	2810
2	735	3173
735	2	3173
2	251	2260
251	2	2261
2	476	2506
476	2	2507
2	332	4610
332	2	4611
2	389	4308
389	2	4309
2	531	4724
531	2	4725
2	234	2267
234	2	2268
2	562	2083
562	2	2084
2	437	4588
437	2	4588
2	201	1250
201	2	1250
2	638	4306
638	2	4306
2	544	2408
544	2	2409
2	308	787
308	2	788
2	883	2657
883	2	2658
3	472	3526
472	3	3526
3	384	1639
384	3	1639
3	369	371
369	3	372
3	754	4672
754	3	4673
3	577	4986
577	3	4987
3	862	2082
862	3	2083
3	618	1244
618	3	1245
3	595	4706
595	3	4706
3	374	4795
374	3	4796
3	778	4121
778	3	4122
3	771	3863
771	3	3863
3	92	3736
92	3	3736
3	394	4562
394	3	4563
3	574	4195
574	3	4196
3	517	4135
517	3	4135
3	231	2698
231	3	2698
3	547	3181
547	3	3181
4	259	3159
259	4	3160
4	269	4522
269	4	4522
4	700	3735
700	4	3736
4	864	1635
864	4	1636
4	544	4376
544	4	4377
4	231	3796
231	4	3797
4	329	4491
329	4	4491
4	758	2594
758	4	2594
4	235	1944
235	4	1944
4	861	4104
861	4	4104
4	154	4687
154	4	4688
4	731	2719
731	4	2719
4	640	1990
640	4	1990
5	577	758
577	5	758
5	178	4308
178	5	4309
5	669	3732
669	5	3732
5	357	4644
357	5	4645
5	109	3851
109	5	3851
5	265	4493
265	5	4494
5	165	1381
165	5	1381
5	500	3719
500	5	3719
5	259	3537
259	5	3537
5	413	3846
413	5	3846
5	853	1486
853	5	1486
5	311	1065
311	5	1066
6	496	3985
496	6	3986
6	381	4632
381	6	4633
6	734	4114
734	6	4114
6	570	1547
570	6	1548
6	510	474
510	6	475
6	322	4109
322	6	4110
6	32	4440
32	6	4441
6	295	3381
295	6	3382
6	705	4601
705	6	4602
6	74	3785
74	6	3785
6	245	3610
245	6	3610
6	418	4038
418	6	4038
6	522	4827
522	6	4827
6	117	579
117	6	579
6	762	4238
762	6	4239
7	834	4186
834	7	4186
7	533	4789
533	7	4790
7	749	4947
749	7	4948
7	314	2430
314	7	2430
7	263	1482
263	7	1482
7	311	2318
311	7	2318
7	211	1779
211	7	1779
7	26	615
26	7	616
7	34	1417
34	7	1418
7	325	2521
325	7	2522
7	103	4428
103	7	4428
7	780	2172
780	7	2172
7	581	1159
581	7	1159
7	671	388
671	7	389
8	770	3739
770	8	3740
8	823	3651
823	8	3651
8	620	1056
620	8	1056
8	828	2021
828	8	2021
8	831	4057
831	8	4057
8	35	2584
35	8	2585
8	124	4581
124	8	4582
8	420	1201
420	8	1202
8	491	1424
491	8	1424
8	515	4451
515	8	4452
8	321	2707
321	8	2708
8	59	1740
59	8	1741
8	224	4717
224	8	4717
8	526	4162
526	8	4163
9	233	4635
233	9	4635
9	622	3907
622	9	3907
9	491	3897
491	9	3897
9	891	3552
891	9	3553
9	270	4332
270	9	4333
9	67	3429
67	9	3430
9	379	3847
379	9	3848
9	535	4146
535	9	4147
9	423	3940
423	9	3941
9	688	2772
688	9	2772
9	526	4616
526	9	4617
9	832	978
832	9	979
9	142	1508
142	9	1509
9	625	1294
625	9	1295
9	822	4044
822	9	4044
9	145	1708
145	9	1709
10	101	173
101	10	174
10	143	1953
143	10	1953
10	59	4130
59	10	4130
10	264	2002
264	10	2003
10	437	990
437	10	991
10	860	4462
860	10	4462
10	349	3688
349	10	3689
10	844	4281
844	10	4281
10	178	2039
178	10	2040
10	449	1617
449	10	1617
10	391	3495
391	10	3496
10	185	3288
185	10	3289
10	521	1958
521	10	1958
10	389	1128
389	10	1129
10	388	3757
388	10	3758
11	136	1507
136	11	1507
11	409	4551
409	11	4551
11	556	3502
556	11	3503
11	586	3838
586	11	3838
11	230	247
230	11	248
11	802	1115
802	11	1115
11	434	2837
434	11	2837
11	658	821
658	11	822
11	336	675
336	11	676
11	352	4662
352	11	4663
11	371	4246
371	11	4247
11	351	4299
351	11	4299
12	269	4867
269	12	4867
12	550	1384
550	12	1384
12	268	2213
268	12	2214
12	480	4731
480	12	4731
12	284	2734
284	12	2735
12	300	4874
300	12	4875
12	658	1840
658	12	1840
12	450	499
450	12	500
12	364	4811
364	12	4811
12	189	3559
189	12	3560
12	27	4710
27	12	4710
12	462	4970
462	12	4970
12	788	4824
788	12	4824
12	14	2396
14	12	2396
12	276	1537
276	12	1538
12	676	2033
676	12	2034
13	656	2124
656	13	2124
13	633	1947
633	13	1947
13	57	1538
57	13	1539
13	261	3803
261	13	3803
13	636	461
636	13	461
13	47	1950
47	13	1950
13	638	3496
638	13	3497
13	192	4320
192	13	4321
13	215	4427
215	13	4427
13	879	1554
879	13	1555
13	507	4073
507	13	4074
13	319	446
319	13	447
13	663	3096
663	13	3096
14	52	4732
52	14	4733
14	522	4112
522	14	4112
14	204	3952
204	14	3953
14	675	3107
675	14	3108
14	815	4819
815	14	4820
14	255	1067
255	14	1068
14	790	3913
790	14	3914
14	424	4923
424	14	4923
14	25	1003
25	14	1004
14	421	2397
421	14	2397
14	657	2630
657	14	2630
14	454	4658
454	14	4658
14	694	4592
694	14	4593
14	606	3622
606	14	3622
14	260	1695
260	14	1695
14	685	4947
685	14	4948
14	769	3038
769	14	3038
14	579	3908
579	14	3909
15	209	2930
209	15	2930
15	272	2825
272	15	2825
15	558	3866
558	15	3867
15	58	1269
58	15	1269
15	181	3093
181	15	3093
15	259	4293
259	15	4293
15	768	1711
768	15	1712
15	352	1158
352	15	1158
15	525	3824
525	15	3825
15	230	2521
230	15	2521
15	98	3873
98	15	3873
15	668	4637
668	15	4637
15	51	4911
51	15	4912
16	117	4808
117	16	4808
16	729	4114
729	16	4114
16	575	4997
575	16	4998
16	803	3287
803	16	3288
16	62	674
62	16	675
16	216	1276
216	16	1276
16	640	4001
640	16	4001
16	42	4619
42	16	4619
16	327	2893
327	16	2894
16	209	2831
209	16	2831
16	238	2025
238	16	2025
16	180	2704
180	16	2705
16	798	4071
798	16	4071
16	859	4105
859	16	4105
16	654	2419
654	16	2420
17	755	4151
755	17	4151
17	369	2811
369	17	2812
17	886	4611
886	17	4611
17	552	4825
552	17	4826
17	122	2447
122	17	2447
17	38	4675
38	17	4676
17	45	3880
45	17	3881
17	46	1809
46	17	1810
17	464	4741
464	17	4742
17	530	4536
530	17	4537
17	293	2534
293	17	2535
17	259	1181
259	17	1182
17	640	3646
640	17	3646
17	350	4636
350	17	4636
17	582	3324
582	17	3324
17	718	1786
718	17	1787
18	600	4118
600	18	4119
18	746	981
746	18	981
18	856	2980
856	18	2980
18	206	1256
206	18	1256
18	135	4636
135	18	4636
18	195	3757
195	18	3757
18	404	4960
404	18	4961
18	138	366
138	18	366
18	453	4233
453	18	4234
18	737	2837
737	18	2838
18	424	4860
424	18	4860
18	108	975
108	18	975
18	40	3994
40	18	3994
18	232	1871
232	18	1871
19	288	3823
288	19	3823
19	244	1612
244	19	1612
19	31	2310
31	19	2311
19	617	4564
617	19	4565
19	680	4391
680	19	4392
19	300	930
300	19	931
19	238	3445
238	19	3445
19	124	1857
124	19	1858
19	551	2591
551	19	2591
19	798	3548
798	19	3549
19	216	3961
216	19	3961
19	221	4790
221	19	4791
19	337	4582
337	19	4583
19	754	4310
754	19	4310
19	227	1544
227	19	1544
19	133	720
133	19	720
19	816	835
816	19	836
19	261	4365
261	19	4366
20	717	1059
717	20	1060
20	217	3517
217	20	3517
20	748	4068
748	20	4068
20	685	299
685	20	299
20	138	4843
138	20	4844
20	115	4416
115	20	4416
20	190	3521
190	20	3521
20	809	1405
809	20	1406
20	433	1712
433	20	1713
20	250	1782
250	20	1782
20	127	3753
127	20	3753
20	678	4980
678	20	4980
20	543	4133
543	20	4133
20	37	4162
37	20	4163
21	764	1791
764	21	1791
21	230	4053
230	21	4054
21	264	1401
264	21	1401
21	410	4788
410	21	4788
21	241	3143
241	21	3143
21	767	4417
767	21	4418
21	558	4691
558	21	4692
21	300	3821
300	21	3821
21	545	3287
545	21	3288
21	876	3772
876	21	3772
21	720	2609
720	21	2609
21	140	2053
140	21	2054
21	105	4522
105	21	4523
21	587	4577
587	21	4577
21	845	4884
845	21	4885
22	411	1034
411	22	1035
22	854	2944
854	22	2944
22	241	4916
241	22	4916
22	505	4477
505	22	4478
22	597	3502
597	22	3503
22	747	1744
747	22	1744
22	511	1208
511	22	1208
22	806	2379
806	22	2379
22	395	1695
395	22	1696
22	750	207
750	22	207
22	717	1230
717	22	1230
22	560	3402
560	22	3402
22	100	2716
100	22	2716
22	417	4576
417	22	4577
23	627	4729
627	23	4730
23	244	4270
244	23	4271
23	350	3119
350	23	3119
23	775	1734
775	23	1734
23	774	1890
774	23	1890
23	250	2705
250	23	2706
23	263	2747
263	23	2748
23	143	4873
143	23	4874
23	207	3702
207	23	3702
23	662	4637
662	23	4638
23	31	3766
31	23	3767
23	307	3480
307	23	3480
23	560	3938
560	23	3938
23	554	3701
554	23	3701
23	874	3585
874	23	3585
23	369	1715
369	23	1716
24	423	4545
423	24	4545
24	116	240
116	24	240
24	249	2307
249	24	2307
24	134	3996
134	24	3997
24	771	4137
771	24	4138
24	340	1182
340	24	1183
24	643	457
643	24	458
24	72	4670
72	24	4671
24	795	1181
795	24	1182
24	431	3292
431	24	3292
24	318	2411
318	24	2412
24	670	2098
670	24	2099
25	65	1168
65	25	1168
25	188	674
188	25	674
25	344	2753
344	25	2753
25	153	439
153	25	439
25	715	4546
715	25	4546
25	381	3527
381	25	3528
25	114	1931
114	25	1931
25	340	4802
340	25	4803
25	696	3586
696	25	3586
25	736	3225
736	25	3226
25	683	4487
683	25	4487
25	624	2903
624	25	2903
25	389	3798
389	25	3799
26	482	1690
482	26	1691
26	505	1114
505	26	1115
26	186	1535
186	26	1535
26	58	2188
58	26	2189
26	92	3822
92	26	3823
26	190	3899
190	26	3900
26	350	4194
350	26	4194
26	741	2913
741	26	2914
26	34	4334
34	26	4335
26	207	1083
207	26	1083
26	155	3130
155	26	3131
26	372	3330
372	26	3330
26	76	3191
76	26	3192
26	448	3808
448	26	3809
26	873	3597
873	26	3597
26	714	2725
714	26	2726
26	664	796
664	26	796
26	274	337
274	26	337
27	432	4712
432	27	4713
27	490	1696
490	27	1696
27	396	2838
396	27	2838
27	55	4050
55	27	4050
27	225	3719
225	27	3720
27	570	4943
570	27	4943
27	598	4533
598	27	4533
27	674	2541
674	27	2542
27	106	847
106	27	848
27	421	4927
421	27	4928
27	639	4046
639	27	4046
27	424	1637
424	27	1638
27	763	1355
763	27	1355
27	667	4997
667	27	4997
27	175	3871
175	27	3872
27	340	4768
340	27	4768
27	282	3631
282	27	3632
28	252	443
252	28	444
28	329	395
329	28	396
28	568	1382
568	28	1383
28	777	4039
777	28	4040
28	226	4421
226	28	4421
28	146	2151
146	28	2151
28	539	2994
539	28	2995
28	215	3568
215	28	3568
28	274	3249
274	28	3249
28	596	4359
596	28	4359
28	156	3122
156	28	3122
28	829	3433
829	28	3434
28	510	447
510	28	447
28	422	319
422	28	319
28	244	313
244	28	313
28	641	4221
641	28	4221
28	155	1237
155	28	1237
29	597	4590
597	29	4591
29	199	2411
199	29	2412
29	110	4565
110	29	4566
29	399	1687
399	29	1687
29	441	4233
441	29	4233
29	161	749
161	29	749
29	681	2461
681	29	2461
29	363	3203
363	29	3203
29	51	1237
51	29	1238
29	626	2341
626	29	2342
29	773	4290
773	29	4290
29	616	427
616	29	427
29	691	4011
691	29	4012
29	259	3924
259	29	3925
29	515	3592
515	29	3592
29	116	2766
116	29	2766
29	345	4446
345	29	4446
29	470	3838
470	29	3839
30	871	1210
871	30	1211
30	774	4497
774	30	4497
30	247	4444
247	30	4445
30	165	3260
165	30	3261
30	801	3170
801	30	3170
30	59	4545
59	30	4546
30	635	3193
635	30	3193
30	889	1380
889	30	1380
30	490	91
490	30	92
30	599	4871
599	30	4872
30	366	1331
366	30	1332
30	401	3552
401	30	3552
30	437	3432
437	30	3433
30	226	4641
226	30	4642
30	209	3667
209	30	3668
30	375	3970
375	30	3971
30	734	3774
734	30	3775
31	770	4594
770	31	4594
31	421	3926
421	31	3927
31	353	2761
353	31	2762
31	180	2164
180	31	2165
31	742	3427
742	31	3427
31	306	4947
306	31	4947
31	530	4135
530	31	4136
31	473	3774
473	31	3774
31	314	3674
314	31	3675
31	233	2434
233	31	2435
31	623	2622
623	31	2623
31	608	3149
608	31	3150
32	97	3139
97	32	3139
32	523	1649
523	32	1649
32	447	4623
447	32	4624
32	538	981
538	32	981
32	113	2413
113	32	2414
32	612	1299
612	32	1300
32	85	3518
85	32	3519
32	231	4994
231	32	4995
32	62	4400
62	32	4401
32	66	4332
66	32	4333
32	661	3862
661	32	3863
32	218	3764
218	32	3765
32	720	1568
720	32	1568
32	851	2259
851	32	2259
32	120	4211
120	32	4212
32	483	759
483	32	760
33	429	3928
429	33	3929
33	125	4156
125	33	4156
33	485	277
485	33	277
33	575	2210
575	33	2210
33	367	2074
367	33	2074
33	101	4152
101	33	4153
33	148	2672
148	33	2673
33	468	3234
468	33	3235
33	894	1296
894	33	1296
33	62	4831
62	33	4832
33	652	2775
652	33	2776
33	749	1147
749	33	1147
33	875	4753
875	33	4753
33	511	1032
511	33	1032
33	705	3308
705	33	3308
33	350	3641
350	33	3641
33	116	1641
116	33	1642
33	794	2077
794	33	2077
34	100	4773
100	34	4773
34	154	4515
154	34	4516
34	377	1086
377	34	1086
34	63	3033
63	34	3033
34	572	2956
572	34	2957
34	651	1616
651	34	1617
34	821	2251
821	34	2252
34	503	3567
503	34	3568
34	327	3374
327	34	3374
34	568	4142
568	34	4142
35	319	2690
319	35	2691
35	428	4590
428	35	4591
35	545	3124
545	35	3125
35	426	65
426	35	66
35	233	4403
233	35	4403
35	347	4862
347	35	4863
35	87	4915
87	35	4916
35	779	4022
779	35	4022
35	670	3514
670	35	3514
35	801	1415
801	35	1415
35	838	3690
838	35	3690
35	385	4113
385	35	4114
35	285	3944
285	35	3944
35	393	3808
393	35	3808
35	673	2896
673	35	2897
35	493	4373
493	35	4374
35	497	4447
497	35	4447
36	469	954
469	36	955
36	520	1377
520	36	1378
36	379	1373
379	36	1373
36	205	2310
205	36	2311
36	53	4819
53	36	4820
36	131	4087
131	36	4088
36	830	4276
830	36	4277
36	51	2146
51	36	2146
36	292	4818
292	36	4819
36	106	3982
106	36	3982
36	365	4613
365	36	4613
36	142	3831
142	36	3831
36	858	3525
858	36	3525
37	704	3876
704	37	3876
37	65	4586
65	37	4587
37	279	1569
279	37	1569
37	304	2384
304	37	2385
37	120	2858
120	37	2859
37	605	3987
605	37	3988
37	78	1958
78	37	1959
37	270	3613
270	37	3614
37	470	1189
470	37	1190
37	239	2232
239	37	2233
37	180	4963
180	37	4963
37	212	3854
212	37	3854
37	803	3551
803	37	3552
37	286	941
286	37	941
37	443	4041
443	37	4042
38	407	3879
407	38	3879
38	682	2582
682	38	2583
38	571	4819
571	38	4820
38	683	3717
683	38	3718
38	677	4104
677	38	4105
38	51	2565
51	38	2566
38	154	112
154	38	113
38	336	4962
336	38	4962
38	512	4050
512	38	4050
38	352	2061
352	38	2062
38	479	4072
479	38	4073
38	48	3601
48	38	3601
38	451	4839
451	38	4840
38	208	486
208	38	487
39	203	4228
203	39	4228
39	634	4167
634	39	4167
39	847	1467
847	39	1467
39	437	3836
437	39	3837
39	356	468
356	39	468
39	789	4124
789	39	4124
39	587	4767
587	39	4768
39	166	1915
166	39	1915
39	746	1831
746	39	1832
39	474	4740
474	39	4741
39	223	4402
223	39	4403
39	572	4133
572	39	4133
39	560	1183
560	39	1184
39	530	4920
530	39	4920
39	289	4596
289	39	4597
40	366	3812
366	40	3813
40	287	4259
287	40	4260
40	391	4891
391	40	4891
40	96	1648
96	40	1649
40	606	2681
606	40	2682
40	667	3759
667	40	3759
40	207	2720
207	40	2720
40	795	1912
795	40	1912
40	373	4543
373	40	4543
40	643	4942
643	40	4942
40	702	3502
702	40	3503
40	882	4290
882	40	4290
40	673	925
673	40	926
40	582	3957
582	40	3958
40	123	3886
123	40	3886
40	92	2614
92	40	2615
40	107	2080
107	40	2081
41	540	4741
540	41	4742
41	224	992
224	41	993
41	240	4010
240	41	4010
41	162	1035
162	41	1035
41	618	3595
618	41	3596
41	900	3279
900	41	3280
41	387	2186
387	41	2187
41	309	3090
309	41	3090
41	324	901
324	41	902
41	670	2193
670	41	2194
41	299	2807
299	41	2807
41	82	4389
82	41	4390
41	245	4346
245	41	4346
41	474	2550
474	41	2551
41	264	1855
264	41	1855
41	179	821
179	41	821
41	222	4713
222	41	4714
42	410	1375
410	42	1376
42	583	4783
583	42	4784
42	579	3707
579	42	3708
42	165	1225
165	42	1226
42	72	473
72	42	473
42	559	3955
559	42	3955
42	597	3141
597	42	3141
42	195	2214
195	42	2214
42	200	95
200	42	96
42	264	4041
264	42	4042
42	199	2172
199	42	2173
42	386	4772
386	42	4772
42	855	3600
855	42	3601
42	580	1416
580	42	1417
42	90	1024
90	42	1025
43	415	4605
415	43	4605
43	92	2790
92	43	2791
43	159	2031
159	43	2032
43	662	2422
662	43	2423
43	523	2690
523	43	2691
43	320	4164
320	43	4164
43	48	3584
48	43	3585
43	356	3503
356	43	3504
43	73	4735
73	43	4735
43	127	456
127	43	457
43	80	3256
80	43	3256
43	413	4964
413	43	4964
43	157	4597
157	43	4597
43	57	1248
57	43	1249
43	268	1922
268	43	1923
43	727	207
727	43	207
43	104	101
104	43	101
43	289	273
289	43	273
44	606	1705
606	44	1705
44	68	2102
68	44	2102
44	295	1635
295	44	1635
44	122	192
122	44	192
44	460	610
460	44	610
44	724	2283
724	44	2284
44	759	1063
759	44	1063
44	208	1239
208	44	1239
44	513	2354
513	44	2355
44	721	3854
721	44	3854
44	262	88
262	44	89
44	898	4250
898	44	4250
44	866	4573
866	44	4574
44	899	198
899	44	198
44	712	3180
712	44	3181
45	811	1816
811	45	1816
45	631	2341
631	45	2342
45	320	4646
320	45	4647
45	702	1713
702	45	1714
45	574	3442
574	45	3443
45	46	299
46	45	300
45	57	1777
57	45	1777
45	757	4029
757	45	4030
45	194	3613
194	45	3613
45	477	4054
477	45	4055
45	675	401
675	45	402
45	642	510
642	45	511
45	421	2698
421	45	2698
45	705	2621
705	45	2622
45	459	4019
459	45	4020
45	765	4749
765	45	4749
46	468	2305
468	46	2305
46	451	2879
451	46	2879
46	277	3041
277	46	3041
46	650	2198
650	46	2198
46	529	4286
529	46	4287
46	168	4329
168	46	4329
46	293	4741
293	46	4742
46	150	4785
150	46	4786
46	725	3980
725	46	3980
46	441	1441
441	46	1442
47	95	2255
95	47	2255
47	489	3356
489	47	3356
47	678	4996
678	47	4997
47	230	4356
230	47	4356
47	94	3915
94	47	3915
47	698	4621
698	47	4621
47	429	650
429	47	651
47	341	4215
341	47	4216
47	842	3719
842	47	3719
47	549	4165
549	47	4165
47	132	4651
132	47	4652
47	48	4480
48	47	4480
47	765	4545
765	47	4546
47	274	482
274	47	483
47	385	792
385	47	792
47	325	2409
325	47	2410
47	742	4449
742	47	4449
47	808	176
808	47	176
48	880	4635
880	48	4636
48	684	4784
684	48	4784
48	881	3266
881	48	3267
48	260	4269
260	48	4270
48	248	1534
248	48	1535
48	800	4502
800	48	4502
48	424	2750
424	48	2750
48	395	1256
395	48	1256
48	451	2926
451	48	2927
48	888	4612
888	48	4613
49	114	2432
114	49	2433
49	610	4542
610	49	4542
49	670	4306
670	49	4306
49	230	4330
230	49	4330
49	656	1565
656	49	1566
49	592	2802
592	49	2802
49	203	3928
203	49	3928
49	733	3644
733	49	3645
49	349	4118
349	49	4119
49	402	205
402	49	205
49	669	4494
669	49	4494
49	378	3668
378	49	3669
49	445	4922
445	49	4922
49	560	3666
560	49	3667
50	327	675
327	50	676
50	100	3914
100	50	3914
50	793	4430
793	50	4431
50	402	4709
402	50	4710
50	576	2671
576	50	2672
50	722	4746
722	50	4747
50	772	1880
772	50	1880
50	286	2525
286	50	2526
50	487	3031
487	50	3031
50	346	2379
346	50	2379
50	573	4339
573	50	4340
50	478	1998
478	50	1999
50	550	3635
550	50	3635
50	732	2794
732	50	2794
50	126	1013
126	50	1014
50	314	4164
314	50	4165
50	323	4736
323	50	4737
50	395	4496
395	50	4496
51	114	4735
114	51	4735
51	325	3044
325	51	3045
51	659	4230
659	51	4231
51	471	4438
471	51	4438
51	731	2414
731	51	2414
51	412	1881
412	51	1882
51	59	3829
59	51	3830
51	763	3516
763	51	3517
51	379	904
379	51	904
51	797	3315
797	51	3316
51	719	4994
719	51	4995
51	265	3191
265	51	3192
51	288	3188
288	51	3189
51	542	1838
542	51	1839
51	186	4726
186	51	4727
52	63	4332
63	52	4332
52	703	3873
703	52	3873
52	166	4672
166	52	4672
52	392	3560
392	52	3560
52	591	752
591	52	752
52	413	2853
413	52	2853
52	121	680
121	52	680
52	468	3635
468	52	3636
52	268	4133
268	52	4133
52	541	3033
541	52	3033
52	649	2841
649	52	2841
52	621	858
621	52	859
52	59	4525
59	52	4526
52	82	3918
82	52	3919
52	272	4621
272	52	4622
52	509	1481
509	52	1482
52	278	4761
278	52	4761
52	226	4390
226	52	4391
53	762	1545
762	53	1546
53	887	1384
887	53	1385
53	690	4681
690	53	4682
53	218	3525
218	53	3525
53	659	2585
659	53	2586
53	213	2397
213	53	2398
53	786	4262
786	53	4262
53	60	3527
60	53	3527
53	194	2596
194	53	2596
53	93	1282
93	53	1282
53	290	3626
290	53	3627
54	234	4697
234	54	4697
54	401	4455
401	54	4456
54	680	1769
680	54	1769
54	402	3609
402	54	3610
54	365	2590
365	54	2591
54	488	4588
488	54	4588
54	704	3800
704	54	3800
54	587	4500
587	54	4500
54	568	3197
568	54	3197
54	455	4128
455	54	4128
54	869	692
869	54	692
54	66	3127
66	54	3128
54	512	4250
512	54	4251
54	370	1507
370	54	1507
54	287	3055
287	54	3056
55	385	81
385	55	82
55	414	3755
414	55	3756
55	592	3147
592	55	3148
55	610	1748
610	55	1748
55	213	4915
213	55	4915
55	310	2846
310	55	2847
55	561	3588
561	55	3589
55	179	3243
179	55	3243
55	231	4006
231	55	4007
55	247	1704
247	55	1704
55	78	3538
78	55	3539
55	491	2551
491	55	2552
56	115	3100
115	56	3101
56	402	1680
402	56	1681
56	336	4203
336	56	4204
56	269	1399
269	56	1399
56	635	4807
635	56	4808
56	486	1504
486	56	1505
56	329	2976
329	56	2976
56	602	3708
602	56	3708
56	262	3199
262	56	3200
56	412	1568
412	56	1568
56	126	3089
126	56	3090
56	593	4483
593	56	4483
56	441	2802
441	56	2802
56	709	4502
709	56	4503
56	490	2178
490	56	2179
57	163	4727
163	57	4727
57	263	3017
263	57	3018
57	475	231
475	57	232
57	787	3578
787	57	3579
57	784	4623
784	57	4624
57	747	3606
747	57	3607
57	165	3570
165	57	3571
57	226	4854
226	57	4854
57	518	4537
518	57	4538
58	220	2829
220	58	2830
58	669	4195
669	58	4196
58	92	4523
92	58	4524
58	792	2038
792	58	2038
58	190	3349
190	58	3350
58	543	1577
543	58	1577
58	705	1315
705	58	1315
58	301	2976
301	58	2977
58	765	3992
765	58	3993
58	710	1570
710	58	1570
58	110	4583
110	58	4584
58	340	4941
340	58	4941
58	311	2447
311	58	2448
58	423	4309
423	58	4310
58	276	2807
276	58	2807
58	522	4319
522	58	4319
58	349	1144
349	58	1144
59	731	1157
731	59	1158
59	421	489
421	59	489
59	317	1561
317	59	1562
59	852	3480
852	59	3481
59	286	579
286	59	580
59	310	2037
310	59	2038
59	152	4700
152	59	4700
59	679	2757
679	59	2758
59	393	4805
393	59	4805
59	102	1055
102	59	1055
59	615	1299
615	59	1299
59	304	2063
304	59	2063
60	418	3256
418	60	3257
60	384	3700
384	60	3701
60	310	1006
310	60	1006
60	504	2420
504	60	2420
60	897	4846
897	60	4847
60	367	4786
367	60	4786
60	609	3464
609	60	3464
60	583	4211
583	60	4212
60	431	1682
431	60	1683
60	371	3964
371	60	3965
60	100	3688
100	60	3689
60	696	3980
696	60	3981
60	331	4925
331	60	4925
60	836	4929
836	60	4929
60	381	1044
381	60	1044
61	575	4794
575	61	4794
61	459	4036
459	61	4036
61	139	3902
139	61	3902
61	644	4188
644	61	4189
61	223	3995
223	61	3995
61	176	4464
176	61	4464
61	390	3550
390	61	3550
61	440	4341
440	61	4341
61	624	1170
624	61	1171
61	812	2092
812	61	2093
61	612	3592
612	61	3592
61	711	3811
711	61	3812
61	685	4752
685	61	4753
61	387	422
387	61	422
61	764	3533
764	61	3534
61	138	4378
138	61	4378
61	547	3147
547	61	3148
61	64	4959
64	61	4960
61	427	4100
427	61	4101
62	559	3583
559	62	3583
62	840	331
840	62	331
62	712	4780
712	62	4780
62	192	4350
192	62	4351
62	648	3789
648	62	3790
62	733	4492
733	62	4492
62	250	4502
250	62	4502
62	617	171
617	62	172
62	723	1864
723	62	1865
63	502	187
502	63	187
63	538	4880
538	63	4881
63	136	2884
136	63	2884
63	82	3808
82	63	3808
63	411	1824
411	63	1824
63	586	2112
586	63	2112
63	390	1504
390	63	1505
63	231	2291
231	63	2291
63	278	3972
278	63	3973
63	522	2928
522	63	2928
63	654	3390
654	63	3391
63	604	4315
604	63	4316
64	514	4713
514	64	4713
64	282	3811
282	64	3811
64	119	3426
119	64	3426
64	374	4798
374	64	4798
64	715	2973
715	64	2973
64	98	4311
98	64	4311
64	124	3356
124	64	3357
64	647	4776
647	64	4777
64	439	3620
439	64	3620
64	637	534
637	64	535
64	846	1412
846	64	1412
64	635	3795
635	64	3795
64	799	1317
799	64	1318
65	136	3865
136	65	3865
65	646	4689
646	65	4689
65	490	4521
490	65	4522
65	315	2931
315	65	2931
65	174	4773
174	65	4774
65	374	349
374	65	350
65	189	2735
189	65	2735
65	259	725
259	65	725
65	397	4859
397	65	4859
65	172	3240
172	65	3240
66	260	2845
260	66	2846
66	133	3104
133	66	3104
66	441	2394
441	66	2395
66	431	3988
431	66	3988
66	519	1295
519	66	1295
66	528	2120
528	66	2120
66	192	4766
192	66	4767
66	330	4821
330	66	4821
66	695	2209
695	66	2210
66	655	2400
655	66	2400
66	546	456
546	66	456
66	108	758
108	66	758
66	625	816
625	66	816
66	256	3770
256	66	3771
66	532	3617
532	66	3618
66	392	4622
392	66	4622
66	790	1661
790	66	1661
67	363	1625
363	67	1626
67	300	4633
300	67	4634
67	495	4404
495	67	4405
67	411	2644
411	67	2645
67	224	3864
224	67	3865
67	561	2552
561	67	2553
67	402	4153
402	67	4154
67	313	4511
313	67	4511
67	399	3451
399	67	3451
67	335	4343
335	67	4344
67	213	4170
213	67	4170
67	863	1445
863	67	1446
67	689	3688
689	67	3688
67	500	4696
500	67	4697
68	72	943
72	68	944
68	344	1466
344	68	1466
68	820	4735
820	68	4736
68	437	254
437	68	254
68	578	339
578	68	340
68	345	2528
345	68	2528
68	97	2739
97	68	2739
68	446	4590
446	68	4590
68	439	3985
439	68	3985
68	776	2628
776	68	2629
68	168	3721
168	68	3722
68	325	4630
325	68	4631
68	656	4767
656	68	4767
68	280	2101
280	68	2101
68	774	4002
774	68	4003
68	582	4067
582	68	4068
68	470	3973
470	68	3973
68	257	1450
257	68	1450
69	628	3540
628	69	3540
69	108	2684
108	69	2684
69	805	1302
805	69	1302
69	393	4124
393	69	4125
69	573	4113
573	69	4114
69	398	4942
398	69	4943
69	577	1169
577	69	1169
69	356	4170
356	69	4171
69	771	4929
771	69	4929
69	629	105
629	69	105
69	419	3701
419	69	3701
69	441	2110
441	69	2111
69	349	3788
349	69	3789
70	257	3838
257	70	3838
70	240	3938
240	70	3938
70	896	3824
896	70	3825
70	386	4718
386	70	4718
70	622	1982
622	70	1983
70	449	3317
449	70	3317
70	745	3295
745	70	3296
70	218	4519
218	70	4520
70	659	4430
659	70	4431
70	578	2966
578	70	2967
70	448	3803
448	70	3804
70	394	4165
394	70	4166
70	440	4995
440	70	4995
70	402	4645
402	70	4645
70	632	4889
632	70	4889
70	708	600
708	70	600
70	145	2344
145	70	2344
71	443	1414
443	71	1415
71	848	4594
848	71	4594
71	395	1047
395	71	1048
71	275	2501
275	71	2502
71	311	4546
311	71	4546
71	525	3824
525	71	3825
71	810	3850
810	71	3851
71	642	3083
642	71	3084
71	657	242
657	71	242
71	534	749
534	71	750
71	144	594
144	71	595
71	218	3121
218	71	3122
71	437	3352
437	71	3353
71	537	64
537	71	64
71	73	524
73	71	525
71	749	3645
749	71	3646
72	432	4484
432	72	4484
72	197	991
197	72	991
72	819	4616
819	72	4616
72	367	3141
367	72	3142
72	144	4327
144	72	4327
72	230	50
230	72	51
72	327	3773
327	72	3774
72	135	882
135	72	883
72	256	750
256	72	751
72	359	426
359	72	427
72	628	2471
628	72	2471
72	414	4623
414	72	4623
72	758	2187
758	72	2187
72	453	834
453	72	834
72	180	4761
180	72	4762
73	194	3483
194	73	3483
73	88	3769
88	73	3770
73	181	4032
181	73	4032
73	818	2165
818	73	2165
73	710	1798
710	73	1799
73	89	1220
89	73	1220
73	747	2227
747	73	2227
73	722	3890
722	73	3891
73	625	3409
625	73	3409
73	374	2883
374	73	2883
73	511	4419
511	73	4419
73	209	1981
209	73	1982
73	210	3939
210	73	3939
73	326	3605
326	73	3605
73	568	3553
568	73	3553
73	212	193
212	73	194
74	209	4921
209	74	4921
74	675	3624
675	74	3625
74	99	3895
99	74	3896
74	193	3756
193	74	3757
74	166	1885
166	74	1886
74	479	4944
479	74	4945
74	433	4346
433	74	4346
74	155	3607
155	74	3608
74	188	3978
188	74	3979
74	868	4570
868	74	4571
74	235	2505
235	74	2505
74	517	3269
517	74	3269
75	437	3267
437	75	3268
75	465	3914
465	75	3914
75	210	387
210	75	388
75	458	1816
458	75	1816
75	251	3307
251	75	3307
75	267	3501
267	75	3501
75	203	2289
203	75	2290
75	230	3304
230	75	3305
75	578	3982
578	75	3982
75	81	3686
81	75	3687
75	700	3826
700	75	3826
75	726	375
726	75	376
76	780	1998
780	76	1998
76	525	1518
525	76	1519
76	675	3918
675	76	3918
76	297	2546
297	76	2546
76	841	3768
841	76	3768
76	186	1862
186	76	1862
76	504	3979
504	76	3980
76	91	4993
91	76	4993
76	209	4815
209	76	4815
76	555	3756
555	76	3757
76	250	2999
250	76	2999
76	104	2228
104	76	2229
76	877	1433
877	76	1433
76	149	3978
149	76	3979
77	546	1998
546	77	1998
77	485	3491
485	77	3492
77	91	3936
91	77	3936
77	442	3964
442	77	3965
77	278	3101
278	77	3101
77	162	1287
162	77	1287
77	281	4443
281	77	4443
77	301	2634
301	77	2634
77	756	2488
756	77	2488
77	375	4574
375	77	4574
77	405	2344
405	77	2344
77	839	1534
839	77	1535
77	531	4668
531	77	4669
77	320	392
320	77	393
77	201	4428
201	77	4429
77	228	4255
228	77	4255
77	156	1556
156	77	1557
77	663	252
663	77	252
77	196	945
196	77	946
78	429	3567
429	78	3568
78	147	3444
147	78	3445
78	610	4540
610	78	4541
78	120	4217
120	78	4217
78	96	3979
96	78	3980
78	154	4804
154	78	4805
78	359	2660
359	78	2660
78	430	3743
430	78	3744
78	112	4446
112	78	4446
78	85	4087
85	78	4087
78	134	4078
134	78	4079
78	466	1887
466	78	1887
78	623	2010
623	78	2011
78	766	167
766	78	168
79	655	3680
655	79	3680
79	213	4277
213	79	4278
79	321	3570
321	79	3571
79	407	4619
407	79	4619
79	569	3866
569	79	3867
79	895	554
895	79	555
79	356	1323
356	79	1323
79	313	3673
313	79	3673
79	392	4624
392	79	4625
79	189	3843
189	79	3843
79	191	1700
191	79	1701
79	389	1976
389	79	1976
79	536	4158
536	79	4159
79	112	3616
112	79	3617
79	556	3567
556	79	3568
79	435	228
435	79	228
79	615	4762
615	79	4763
79	208	1180
208	79	1180
79	746	1318
746	79	1318
80	263	669
263	80	670
80	318	4936
318	80	4936
80	417	110
417	80	111
80	195	629
195	80	629
80	740	4742
740	80	4743
80	282	4767
282	80	4768
80	139	4199
139	80	4200
80	617	4126
617	80	4127
80	611	3762
611	80	3763
80	377	4561
377	80	4561
80	416	3916
416	80	3916
80	376	2479
376	80	2480
80	405	4492
405	80	4493
80	217	4342
217	80	4342
80	130	2889
130	80	2889
80	344	1670
344	80	1670
81	757	568
757	81	569
81	404	1752
404	81	1752
81	278	4992
278	81	4993
81	704	1559
704	81	1559
81	614	437
614	81	438
81	262	2369
262	81	2370
81	429	3553
429	81	3553
81	475	1406
475	81	1407
81	564	4304
564	81	4305
81	354	3525
354	81	3526
81	884	2585
884	81	2586
81	365	4693
365	81	4694
81	158	1036
158	81	1037
82	747	3754
747	82	3755
82	97	1328
97	82	1329
82	813	1749
813	82	1750
82	454	2733
454	82	2733
82	791	1480
791	82	1481
82	403	4568
403	82	4569
82	486	1522
486	82	1522
82	169	4783
169	82	4784
82	504	4009
504	82	4009
82	826	3773
826	82	3774
82	799	4087
799	82	4088
82	499	4365
499	82	4366
83	388	4283
388	83	4283
83	537	4100
537	83	4101
83	304	4002
304	83	4002
83	322	1917
322	83	1918
83	772	4057
772	83	4058
83	289	3943
289	83	3943
83	366	4926
366	83	4927
83	180	3210
180	83	3210
83	190	4503
190	83	4503
83	169	4196
169	83	4197
83	611	4538
611	83	4538
83	721	4441
721	83	4441
83	724	2565
724	83	2565
83	142	2758
142	83	2759
83	428	3477
428	83	3478
84	517	637
517	84	637
84	437	4190
437	84	4191
84	449	1994
449	84	1995
84	206	3654
206	84	3655
84	237	3978
237	84	3978
84	281	4774
281	84	4775
84	371	3864
371	84	3864
84	445	4756
445	84	4757
84	460	203
460	84	204
84	497	4299
497	84	4299
84	144	2337
144	84	2338
84	867	2490
867	84	2490
84	837	4749
837	84	4750
84	576	1587
576	84	1588
84	843	4639
843	84	4639
84	734	493
734	84	494
84	740	1748
740	84	1748
84	590	2332
590	84	2333
85	290	4692
290	85	4692
85	167	4277
167	85	4278
85	562	4186
562	85	4186
85	122	1702
122	85	1702
85	655	3997
655	85	3997
85	638	4969
638	85	4969
85	267	4110
267	85	4111
85	351	1438
351	85	1438
85	789	3489
789	85	3490
85	733	3970
733	85	3970
85	139	3892
139	85	3892
85	165	4718
165	85	4718
85	676	1388
676	85	1388
85	197	351
197	85	352
85	752	4826
752	85	4826
86	744	4342
744	86	4342
86	693	291
693	86	292
86	440	4935
440	86	4935
86	318	4979
318	86	4980
86	114	4766
114	86	4766
86	707	4630
707	86	4631
86	244	4580
244	86	4580
86	471	2955
471	86	2956
86	312	2402
312	86	2403
86	504	2965
504	86	2966
86	362	3756
362	86	3757
86	305	3965
305	86	3966
86	824	1702
824	86	1702
86	666	1485
666	86	1485
86	538	413
538	86	413
86	136	2902
136	86	2903
86	421	4327
421	86	4328
86	593	1222
593	86	1223
86	358	2021
358	86	2022
87	706	4150
706	87	4150
87	216	4036
216	87	4036
87	459	1324
459	87	1325
87	243	4084
243	87	4085
87	268	2367
268	87	2367
87	272	97
272	87	97
87	484	3791
484	87	3791
87	693	3032
693	87	3032
87	497	2383
497	87	2384
87	321	2945
321	87	2946
87	206	2626
206	87	2626
87	413	3701
413	87	3701
88	116	4655
116	88	4655
88	293	4690
293	88	4690
88	343	2086
343	88	2087
88	389	1022
389	88	1022
88	287	1814
287	88	1814
88	386	4037
386	88	4037
88	553	4950
553	88	4950
88	205	2513
205	88	2514
88	640	1968
640	88	1969
88	517	1692
517	88	1693
88	542	4717
542	88	4717
88	566	1170
566	88	1171
88	273	3651
273	88	3651
88	279	4781
279	88	4782
89	137	4809
137	89	4809
89	90	1160
90	89	1160
89	518	2410
518	89	2410
89	407	2958
407	89	2958
89	548	2304
548	89	2305
89	850	2265
850	89	2265
89	282	537
282	89	537
89	805	2110
805	89	2111
89	189	3546
189	89	3547
89	436	3556
436	89	3557
89	296	3806
296	89	3806
89	214	1660
214	89	1661
89	757	4199
757	89	4200
89	269	4220
269	89	4220
89	117	1506
117	89	1506
89	132	112
132	89	113
90	713	892
713	90	893
90	650	2288
650	90	2289
90	767	4808
767	90	4809
90	790	159
790	90	160
90	340	2856
340	90	2856
90	400	4465
400	90	4465
90	402	2171
402	90	2172
90	588	4778
588	90	4779
90	378	3108
378	90	3109
90	212	659
212	90	660
90	520	769
520	90	769
90	221	1222
221	90	1222
90	636	4006
636	90	4006
90	561	4480
561	90	4480
90	466	3096
466	90	3096
90	455	4875
455	90	4876
91	219	1985
219	91	1985
91	277	4331
277	91	4331
91	443	4194
443	91	4194
93	96	1407
96	93	1407
93	236	2935
236	93	2936
93	100	4275
100	93	4276
93	630	2339
630	93	2340
93	421	3947
421	93	3947
93	183	3829
183	93	3829
93	724	1954
724	93	1954
93	356	3754
356	93	3755
93	99	4241
99	93	4241
94	108	4337
108	94	4337
94	260	3188
260	94	3188
94	432	4685
432	94	4685
94	304	4994
304	94	4994
94	665	3988
665	94	3989
94	445	4578
445	94	4578
94	191	3668
191	94	3669
94	760	3715
760	94	3716
95	311	4870
311	95	4870
95	220	4784
220	95	4784
95	246	2497
246	95	2498
95	346	1191
346	95	1191
96	381	2825
381	96	2825
96	251	3092
251	96	3092
96	382	1833
382	96	1834
96	199	2738
199	96	2738
96	112	3772
112	96	3773
97	315	1053
315	97	1054
97	318	3534
318	97	3534
97	404	3852
404	97	3853
97	679	389
679	97	389
97	369	4075
369	97	4076
97	122	2591
122	97	2591
97	498	876
498	97	876
98	448	3285
448	98	3286
98	118	3880
118	98	3881
98	268	2126
268	98	2127
98	196	3689
196	98	3690
98	743	3514
743	98	3515
98	565	2269
565	98	2270
98	366	3098
366	98	3098
98	865	2448
865	98	2449
99	229	4050
229	99	4050
99	236	4129
236	99	4130
99	540	1718
540	99	1719
99	643	4055
643	99	4055
99	172	3379
172	99	3380
100	173	4686
173	100	4686
101	321	1888
321	101	1889
101	334	2936
334	101	2937
101	482	4785
482	101	4785
101	480	4462
480	101	4463
102	237	2577
237	102	2578
102	601	2497
601	102	2497
102	653	2163
653	102	2163
102	356	4198
356	102	4199
102	326	2347
326	102	2348
102	136	2321
136	102	2321
102	225	3405
225	102	3406
102	334	3156
334	102	3156
102	364	3928
364	102	3928
102	193	3663
193	102	3663
103	437	4038
437	103	4038
103	478	303
478	103	304
103	623	4342
623	103	4342
103	356	1789
356	103	1790
103	400	4990
400	103	4990
103	216	2674
216	103	2674
103	113	4106
113	103	4107
103	148	4313
148	103	4314
103	211	4064
211	103	4064
104	751	1040
751	104	1041
104	346	1797
346	104	1797
104	137	4135
137	104	4136
104	164	4832
164	104	4833
104	487	1196
487	104	1196
104	174	1172
174	104	1173
104	190	4040
190	104	4041
104	572	1945
572	104	1945
104	431	3692
431	104	3693
105	827	1801
827	105	1802
105	408	508
408	105	509
105	320	4684
320	105	4685
105	179	3399
179	105	3399
105	508	4941
508	105	4941
105	778	2492
778	105	2492
105	893	4563
893	105	4564
105	555	776
555	105	777
106	436	4906
436	106	4907
106	686	4562
686	106	4563
106	187	2212
187	106	2213
107	111	1993
111	107	1994
107	713	356
713	107	356
107	692	1299
692	107	1300
107	165	4903
165	107	4904
109	320	4286
320	109	4286
109	576	2254
576	109	2254
109	456	1906
456	109	1906
109	643	210
643	109	211
109	479	4542
479	109	4542
109	750	4696
750	109	4696
109	235	2707
235	109	2708
109	243	2867
243	109	2867
110	228	1181
228	110	1181
110	345	2021
345	110	2021
110	296	3671
296	110	3671
110	456	4160
456	110	4161
110	534	4442
534	110	4442
110	737	4673
737	110	4673
110	125	2683
125	110	2683
110	528	3364
528	110	3365
111	433	3715
433	111	3716
111	437	3627
437	111	3628
111	385	3680
385	111	3680
111	233	3513
233	111	3513
111	278	800
278	111	800
111	789	2553
789	111	2553
111	389	341
389	111	341
111	387	3840
387	111	3841
111	244	3504
244	111	3505
112	224	4315
224	112	4315
112	632	4200
632	112	4200
112	385	1746
385	112	1747
113	804	2380
804	113	2381
113	536	3654
536	113	3654
113	234	4668
234	113	4669
113	429	4386
429	113	4386
113	270	1984
270	113	1984
113	253	4006
253	113	4006
113	148	4220
148	113	4221
113	355	3227
355	113	3228
113	793	1740
793	113	1740
114	306	3611
306	114	3612
114	509	4731
509	114	4732
114	115	4165
115	114	4165
114	594	3621
594	114	3621
114	214	4506
214	114	4506
114	127	1398
127	114	1399
115	745	4834
745	115	4834
115	184	2360
184	115	2360
115	686	4292
686	115	4292
115	427	4767
427	115	4768
115	352	3567
352	115	3567
116	308	3814
308	116	3814
116	599	4667
599	116	4667
116	396	1008
396	116	1009
116	269	3401
269	116	3402
116	716	1251
716	116	1252
117	323	2795
323	117	2796
117	394	2492
394	117	2493
117	825	994
825	117	994
117	177	3886
177	117	3887
117	402	2792
402	117	2792
117	390	3683
390	117	3683
118	493	576
493	118	577
118	557	2632
557	118	2632
118	363	3773
363	118	3773
118	796	3184
796	118	3184
118	301	2325
301	118	2326
119	591	1227
591	119	1228
119	381	3511
381	119	3512
119	610	1415
610	119	1416
119	242	1490
242	119	1490
120	524	4167
524	120	4168
120	546	4717
546	120	4717
120	203	4897
203	120	4898
120	638	1665
638	120	1665
120	599	3624
599	120	3624
121	153	4410
153	121	4410
121	299	1816
299	121	1816
121	617	1150
617	121	1150
121	350	2359
350	121	2360
121	345	3400
345	121	3400
121	540	1147
540	121	1148
121	275	1598
275	121	1598
121	188	713
188	121	714
121	767	4232
767	121	4232
121	416	3989
416	121	3990
122	399	4747
399	122	4748
122	393	4942
393	122	4942
122	226	828
226	122	829
122	237	4528
237	122	4529
122	410	3951
410	122	3952
123	532	4002
532	123	4003
123	241	669
241	123	670
123	391	4936
391	123	4936
123	870	4084
870	123	4085
123	231	4108
231	123	4109
124	230	778
230	124	779
124	372	1482
372	124	1483
124	167	498
167	124	498
124	320	3766
320	124	3767
124	514	4804
514	124	4804
124	682	4738
682	124	4739
124	341	4202
341	124	4203
124	169	87
169	124	87
125	132	4635
132	125	4636
125	289	2870
289	125	2871
125	285	1694
285	125	1694
125	449	3598
449	125	3599
125	207	3737
207	125	3738
125	742	3195
742	125	3195
125	533	975
533	125	975
125	604	1270
604	125	1271
125	191	2119
191	125	2120
126	724	4931
724	126	4931
126	280	4107
280	126	4108
126	155	3500
155	126	3501
126	731	1681
731	126	1681
126	557	3921
557	126	3922
126	567	4202
567	126	4202
126	299	3666
299	126	3666
126	142	4307
142	126	4308
126	163	4900
163	126	4901
127	398	1743
398	127	1744
127	567	1312
567	127	1313
127	672	3414
672	127	3415
127	518	3881
518	127	3882
128	295	3661
295	128	3662
128	375	4402
375	128	4403
128	238	614
238	128	615
128	171	4636
171	128	4636
128	178	4529
178	128	4530
128	872	4789
872	128	4789
128	817	2645
817	128	2645
129	274	4369
274	129	4369
129	564	1389
564	129	1390
129	605	4132
605	129	4133
129	197	4548
197	129	4549
129	527	2154
527	129	2155
129	404	2518
404	129	2519
129	728	3860
728	129	3861
129	641	4022
641	129	4022
129	366	1903
366	129	1903
129	448	2000
448	129	2000
130	296	4617
296	130	4618
130	405	1721
405	130	1722
130	217	2092
217	130	2092
130	340	4017
340	130	4018
130	267	4456
267	130	4456
131	566	4408
566	131	4408
131	412	2066
412	131	2067
131	353	3917
353	131	3917
131	452	4526
452	131	4526
131	304	3622
304	131	3622
131	234	4731
234	131	4732
131	415	4151
415	131	4152
131	151	4110
151	131	4111
131	273	4995
273	131	4995
131	687	1345
687	131	1345
132	540	2499
540	132	2500
132	387	534
387	132	535
132	716	905
716	132	906
132	141	1919
141	132	1920
132	766	4738
766	132	4739
132	242	2986
242	132	2987
132	501	2910
501	132	2910
133	413	4413
413	133	4414
133	400	3612
400	133	3612
133	300	703
300	133	704
133	449	4603
449	133	4604
133	780	4513
780	133	4513
133	310	2339
310	133	2340
134	793	4753
793	134	4753
134	179	1901
179	134	1901
134	442	2213
442	134	2214
134	349	4322
349	134	4323
134	300	4156
300	134	4157
134	185	4937
185	134	4938
134	330	3778
330	134	3779
134	607	1047
607	134	1047
134	142	1895
142	134	1895
135	553	1969
553	135	1970
135	760	2805
760	135	2806
135	137	3831
137	135	3831
135	420	1905
420	135	1905
135	250	3990
250	135	3991
136	603	2689
603	136	2689
136	423	4487
423	136	4487
136	810	4357
810	136	4358
136	165	3586
165	136	3587
136	216	3513
216	136	3514
136	259	1432
259	136	1433
137	302	4596
302	137	4597
137	344	546
344	137	546
137	447	1684
447	137	1685
137	305	1450
305	137	1451
137	312	4786
312	137	4786
137	313	4432
313	137	4432
137	232	1788
232	137	1788
138	714	689
714	138	690
138	346	2730
346	138	2730
138	266	4381
266	138	4382
138	159	65
159	138	66
138	224	3847
224	138	3847
138	426	4074
426	138	4075
138	148	2134
148	138	2135
139	740	1472
740	139	1473
139	156	2779
156	139	2780
140	440	3407
440	140	3407
140	227	3116
227	140	3117
140	781	3692
781	140	3692
140	312	3659
312	140	3659
141	783	3340
783	141	3340
141	565	1604
565	141	1604
141	168	4106
168	141	4106
141	498	4336
498	141	4337
141	752	4370
752	141	4371
141	231	1408
231	141	1408
141	538	4669
538	141	4670
141	673	3353
673	141	3353
141	282	4790
282	141	4791
142	342	4745
342	142	4746
142	369	4459
369	142	4460
142	478	4110
478	142	4110
142	186	3217
186	142	3218
142	320	1648
320	142	1649
142	238	3244
238	142	3244
143	439	3782
439	143	3783
143	335	1376
335	143	1376
143	481	4036
481	143	4036
143	290	608
290	143	609
144	772	4363
772	144	4363
144	449	3104
449	144	3104
145	272	4969
272	145	4970
145	512	2169
512	145	2170
145	310	4546
310	145	4546
145	287	2684
287	145	2684
145	193	4730
193	145	4730
145	527	2878
527	145	2879
145	444	1487
444	145	1487
146	272	1530
272	146	1531
146	758	4217
758	146	4218
146	232	1394
232	146	1395
146	689	2307
689	146	2308
146	737	1520
737	146	1521
146	687	3765
687	146	3765
146	630	3939
630	146	3940
146	433	2635
433	146	2635
146	183	4936
183	146	4936
146	512	3287
512	146	3287
147	152	4085
152	147	4086
147	464	3349
464	147	3350
147	340	3550
340	147	3550
147	323	4366
323	147	4367
147	728	3370
728	147	3371
147	195	2187
195	147	2187
147	336	211
336	147	211
148	342	3627
342	148	3627
148	702	4699
702	148	4700
149	700	4793
700	149	4794
149	582	1902
582	149	1903
149	293	4108
293	149	4109
149	273	2057
273	149	2057
149	314	4350
314	149	4351
149	237	3942
237	149	3942
150	320	1408
320	150	1409
150	783	222
783	150	222
150	381	2723
381	150	2724
150	808	4850
808	150	4850
150	160	1045
160	150	1046
150	162	2187
162	150	2187
150	223	700
223	150	701
150	291	2241
291	150	2241
151	227	4358
227	151	4358
151	223	4743
223	151	4744
151	709	4104
709	151	4105
151	360	3480
360	151	3480
151	216	2500
216	151	2500
152	407	3461
407	152	3461
152	461	1729
461	152	1729
152	732	2034
732	152	2034
152	249	3428
249	152	3429
152	326	3246
326	152	3246
152	397	3308
397	152	3309
152	386	3274
386	152	3274
152	484	854
484	152	855
153	307	4779
307	153	4780
153	611	2258
611	153	2259
153	286	4966
286	153	4967
153	271	2287
271	153	2288
153	790	3850
790	153	3851
153	337	4268
337	153	4269
153	330	4529
330	153	4530
153	385	4266
385	153	4267
154	168	4179
168	154	4179
154	721	3811
721	154	3812
155	351	1289
351	155	1290
156	414	3907
414	156	3908
156	169	3810
169	156	3811
156	329	1114
329	156	1114
156	228	2732
228	156	2732
156	360	3103
360	156	3103
156	193	4098
193	156	4099
156	379	2536
379	156	2537
157	235	3349
235	157	3350
157	492	2974
492	157	2974
157	246	1109
246	157	1109
157	296	2392
296	157	2393
157	375	1121
375	157	1121
157	613	4556
613	157	4556
157	405	1604
405	157	1604
157	244	998
244	157	998
157	281	4948
281	157	4949
157	240	2406
240	157	2406
158	687	2675
687	158	2675
158	257	3706
257	158	3707
158	250	3021
250	158	3022
158	763	4868
763	158	4869
158	565	2326
565	158	2327
158	332	3613
332	158	3614
159	285	177
285	159	178
159	175	3808
175	159	3808
159	436	538
436	159	539
159	168	4018
168	159	4018
159	743	4354
743	159	4355
160	263	1164
263	160	1164
160	324	1026
324	160	1027
160	414	3767
414	160	3768
160	409	3068
409	160	3069
160	228	4976
228	160	4977
160	351	3424
351	160	3424
160	222	2076
222	160	2076
161	631	4624
631	161	4624
161	593	4410
593	161	4411
161	374	4826
374	161	4826
161	181	4726
181	161	4726
162	230	459
230	162	460
162	297	602
297	162	603
162	492	2495
492	162	2495
162	285	4520
285	162	4520
162	227	1185
227	162	1186
162	338	3334
338	162	3335
162	531	3315
531	162	3315
162	577	925
577	162	926
163	252	1263
252	163	1264
163	220	2211
220	163	2212
163	355	4463
355	163	4463
163	745	4252
745	163	4252
163	599	4686
599	163	4687
163	680	4138
680	163	4138
163	488	4838
488	163	4838
163	315	2438
315	163	2439
163	425	1271
425	163	1271
164	301	3718
301	164	3718
164	180	1775
180	164	1775
164	580	3796
580	164	3796
164	355	3840
355	164	3840
166	210	1462
210	166	1463
166	730	3545
730	166	3545
166	446	2586
446	166	2586
166	201	2282
201	166	2283
167	559	4037
559	167	4037
167	294	4663
294	167	4663
167	287	4386
287	167	4386
167	425	4869
425	167	4869
168	260	3772
260	168	3772
168	316	655
316	168	655
168	336	1986
336	168	1987
168	671	1807
671	168	1808
168	408	1797
408	168	1798
168	665	1908
665	168	1909
169	402	4190
402	169	4190
169	431	4895
431	169	4895
170	580	3870
580	170	3870
170	706	65
706	170	66
170	682	1553
682	170	1554
170	302	1840
302	170	1840
170	337	2509
337	170	2510
170	194	1228
194	170	1228
170	403	719
403	170	720
171	274	830
274	171	831
171	764	2919
764	171	2919
171	266	866
266	171	867
171	782	4660
782	171	4661
172	645	4035
645	172	4036
172	279	179
279	172	180
172	258	4271
258	172	4271
172	776	2387
776	172	2388
172	708	4278
708	172	4278
172	660	4042
660	172	4042
173	414	772
414	173	773
173	627	3488
627	173	3488
173	377	4460
377	173	4460
173	340	4786
340	173	4787
173	701	4647
701	173	4647
173	304	4370
304	173	4371
174	307	570
307	174	571
174	309	1635
309	174	1635
174	432	1101
432	174	1102
174	201	2967
201	174	2967
174	745	4206
745	174	4206
175	593	4850
593	175	4851
175	341	3536
341	175	3537
175	178	4215
178	175	4215
176	368	1222
368	176	1222
176	259	1362
259	176	1362
176	319	3514
319	176	3514
176	772	1179
772	176	1180
176	226	642
226	176	643
176	394	4400
394	176	4401
176	557	395
557	176	395
176	390	1070
390	176	1071
177	386	3751
386	177	3752
177	364	4565
364	177	4565
177	346	4731
346	177	4731
177	184	4964
184	177	4964
177	246	4409
246	177	4410
177	295	2335
295	177	2335
177	358	3985
358	177	3985
177	448	2403
448	177	2403
177	461	3591
461	177	3591
178	305	2714
305	178	2715
178	330	2241
330	178	2241
179	211	108
211	179	108
179	627	4681
627	179	4681
179	730	1801
730	179	1802
179	639	1490
639	179	1490
179	466	4602
466	179	4603
181	417	2129
417	181	2130
181	264	3858
264	181	3858
181	476	1849
476	181	1849
181	407	2729
407	181	2729
181	198	2522
198	181	2522
181	692	3117
692	181	3117
181	405	2800
405	181	2800
181	300	3846
300	181	3847
182	252	3947
252	182	3947
182	459	4955
459	182	4956
182	443	3718
443	182	3719
182	639	207
639	182	208
182	206	4023
206	182	4024
182	487	4805
487	182	4805
183	373	4355
373	183	4356
183	351	2341
351	183	2342
183	338	4989
338	183	4989
183	463	112
463	183	113
183	778	4496
778	183	4496
183	408	2731
408	183	2732
183	528	2606
528	183	2606
183	334	4563
334	183	4564
183	417	2708
417	183	2709
184	427	3507
427	184	3507
184	192	3774
192	184	3774
184	619	2185
619	184	2186
184	422	3870
422	184	3870
184	666	3728
666	184	3728
184	419	621
419	184	621
184	487	3842
487	184	3843
185	857	4768
857	185	4769
185	404	1728
404	185	1728
185	298	2366
298	185	2366
185	403	4013
403	185	4014
185	446	1714
446	185	1714
185	204	3082
204	185	3082
186	609	4900
609	186	4900
186	739	1060
739	186	1060
186	352	3573
352	186	3574
186	288	3769
288	186	3769
187	518	2531
518	187	2532
187	676	3818
676	187	3818
187	245	4501
245	187	4502
187	440	3192
440	187	3193
188	411	1276
411	188	1276
188	501	1092
501	188	1092
189	249	1660
249	189	1661
189	673	4550
673	189	4551
189	405	4096
405	189	4096
189	259	4328
259	189	4328
190	380	3071
380	190	3072
190	488	3998
488	190	3998
191	506	4649
506	191	4649
191	419	4953
419	191	4954
191	333	4536
333	191	4536
191	434	4562
434	191	4562
192	360	1435
360	192	1435
192	548	1354
548	192	1354
192	805	1068
805	192	1069
192	387	1274
387	192	1275
193	440	4591
440	193	4592
193	555	4505
555	193	4505
193	483	1942
483	193	1942
193	195	4059
195	193	4059
193	501	4110
501	193	4111
194	343	3490
343	194	3491
194	301	1964
301	194	1965
194	693	3873
693	194	3873
194	382	4411
382	194	4412
194	450	4679
450	194	4680
195	255	4730
255	195	4731
195	730	2537
730	195	2538
195	363	4050
363	195	4050
195	394	2389
394	195	2389
196	434	1533
434	196	1533
196	267	2315
267	196	2315
196	319	4031
319	196	4031
197	345	4983
345	197	4983
197	206	1564
206	197	1564
197	451	253
451	197	254
197	729	4910
729	197	4910
197	661	3715
661	197	3716
198	343	1728
343	198	1728
198	795	3608
795	198	3608
198	332	3145
332	198	3146
198	391	3911
391	198	3911
198	345	489
345	198	489
198	457	3194
457	198	3195
198	539	1334
539	198	1335
199	355	4561
355	199	4562
199	363	4839
363	199	4839
199	341	4914
341	199	4915
199	232	306
232	199	307
199	242	3893
242	199	3894
199	400	345
400	199	345
199	403	1824
403	199	1825
200	548	3216
548	200	3217
200	393	2358
393	200	2358
200	223	4484
223	200	4485
200	219	3891
219	200	3891
200	807	3771
807	200	3771
200	447	2516
447	200	2516
200	307	3958
307	200	3958
201	372	3033
372	201	3033
202	499	2623
499	202	2624
202	393	481
393	202	481
202	331	4223
331	202	4224
202	391	2813
391	202	2814
202	552	2877
552	202	2878
202	804	3797
804	202	3797
202	375	4346
375	202	4346
203	387	4553
387	203	4553
203	365	2469
365	203	2469
203	452	4616
452	203	4617
203	223	2476
223	203	2476
203	878	1155
878	203	1155
203	353	921
353	203	922
204	226	3749
226	204	3749
204	351	3952
351	204	3952
204	376	620
376	204	620
205	288	4513
288	205	4514
205	298	4597
298	205	4598
205	316	1670
316	205	1670
205	833	3350
833	205	3350
205	662	4335
662	205	4336
205	414	739
414	205	740
206	348	4169
348	206	4169
206	808	2001
808	206	2002
206	376	4195
376	206	4196
206	391	4186
391	206	4187
206	286	3641
286	206	3642
207	279	4431
279	207	4431
207	307	3154
307	207	3155
207	696	1892
696	207	1892
207	461	4923
461	207	4924
207	584	419
584	207	419
207	524	4153
524	207	4154
208	303	156
303	208	156
208	722	4416
722	208	4417
208	549	105
549	208	106
208	607	3282
607	208	3282
208	485	4816
485	208	4816
208	332	4622
332	208	4623
208	752	4436
752	208	4436
209	348	4877
348	209	4877
209	446	2724
446	209	2725
210	465	4790
465	210	4790
210	592	4349
592	210	4349
211	289	2962
289	211	2962
211	234	987
234	211	987
211	680	3940
680	211	3941
211	371	2585
371	211	2585
211	885	4477
885	211	4477
211	305	4192
305	211	4193
211	500	1154
500	211	1154
212	329	126
329	212	126
212	338	2934
338	212	2934
212	415	2229
415	212	2230
212	240	2085
240	212	2085
212	397	1384
397	212	1385
212	332	1233
332	212	1234
212	681	1807
681	212	1808
213	271	2781
271	213	2781
213	345	620
345	213	620
213	267	4232
267	213	4233
213	364	290
364	213	291
213	314	4407
314	213	4407
213	354	2744
354	213	2745
213	216	4556
216	213	4557
214	302	4373
302	214	4374
214	309	1316
309	214	1316
214	407	4848
407	214	4849
214	354	4022
354	214	4022
214	738	3547
738	214	3548
214	488	4092
488	214	4092
215	849	1697
849	215	1698
215	411	3691
411	215	3691
215	666	3721
666	215	3721
215	288	3364
288	215	3364
216	378	4776
378	216	4776
216	726	3234
726	216	3235
217	279	190
279	217	190
217	619	1988
619	217	1988
217	265	2401
265	217	2402
217	272	382
272	217	383
218	365	4765
365	218	4765
218	726	2838
726	218	2839
218	391	3733
391	218	3733
218	407	4821
407	218	4822
218	296	2532
296	218	2532
218	545	4972
545	218	4973
219	249	3306
249	219	3306
219	341	2012
341	219	2012
219	542	2557
542	219	2557
219	660	4044
660	219	4045
219	443	4758
443	219	4758
219	403	4719
403	219	4720
219	231	2209
231	219	2210
219	327	4494
327	219	4495
219	757	4216
757	219	4216
220	456	1362
456	220	1362
220	291	1854
291	220	1855
220	345	3042
345	220	3043
220	261	501
261	220	501
220	397	3938
397	220	3938
220	412	2058
412	220	2058
220	374	2593
374	220	2593
221	631	4740
631	221	4741
221	367	1548
367	221	1548
221	317	3781
317	221	3782
221	681	3891
681	221	3892
221	237	4129
237	221	4129
221	338	3914
338	221	3915
221	352	4157
352	221	4158
222	312	3181
312	222	3182
222	785	4139
785	222	4139
222	279	2300
279	222	2300
222	649	545
649	222	545
223	279	4809
279	223	4810
223	752	318
752	223	319
223	284	1544
284	223	1545
224	649	780
649	224	780
224	395	4625
395	224	4626
224	436	2747
436	224	2747
224	739	808
739	224	808
225	306	2832
306	225	2833
225	393	4491
393	225	4492
225	449	3729
449	225	3729
225	448	4098
448	225	4098
226	316	4029
316	226	4030
226	343	2499
343	226	2500
226	255	2581
255	226	2581
226	341	4219
341	226	4220
227	250	669
250	227	670
227	271	4389
271	227	4390
227	439	3164
439	227	3164
227	304	566
304	227	567
227	425	3010
425	227	3011
228	248	3860
248	228	3860
228	250	1192
250	228	1192
229	262	4641
262	229	4641
229	412	1696
412	229	1697
229	603	2391
603	229	2392
229	290	4439
290	229	4439
229	233	242
233	229	242
229	666	3723
666	229	3724
232	344	4364
344	232	4364
232	384	3339
384	232	3340
232	455	611
455	232	611
232	317	3820
317	232	3820
232	449	416
449	232	417
232	804	3852
804	232	3852
232	258	4601
258	232	4601
233	318	3483
318	233	3484
233	319	4805
319	233	4805
233	450	2507
450	233	2508
233	743	1976
743	233	1977
233	270	3759
270	233	3759
234	455	4890
455	234	4890
235	318	4229
318	235	4229
235	661	1444
661	235	1445
235	308	2302
308	235	2303
235	324	3468
324	235	3469
235	701	1502
701	235	1503
235	443	4499
443	235	4499
235	342	194
342	235	195
236	325	4402
325	236	4402
236	305	129
305	236	129
236	328	4883
328	236	4884
236	476	3922
476	236	3922
236	514	4303
514	236	4304
236	270	1563
270	236	1563
237	406	547
406	237	548
237	262	2777
262	237	2778
238	663	4434
663	238	4434
238	407	2572
407	238	2572
238	363	1827
363	238	1828
238	239	1220
239	238	1221
238	761	1770
761	238	1771
238	404	4449
404	238	4449
238	390	4649
390	238	4650
239	250	3635
250	239	3636
239	271	851
271	239	852
239	247	1889
247	239	1889
239	663	2626
663	239	2626
240	720	2832
720	240	2833
240	612	4720
612	240	4721
240	590	2792
590	240	2792
240	613	3685
613	240	3686
241	280	4960
280	241	4961
241	687	1216
687	241	1217
241	312	1162
312	241	1162
241	310	3636
310	241	3636
241	365	2391
365	241	2391
242	412	3445
412	242	3445
242	780	3707
780	242	3707
242	341	3572
341	242	3572
242	310	4217
310	242	4218
242	753	510
753	242	510
242	359	2274
359	242	2274
243	549	2799
549	243	2800
243	316	3020
316	243	3021
243	400	4784
400	243	4785
243	266	4681
266	243	4682
243	485	3856
485	243	3856
243	730	1595
730	243	1596
243	401	2522
401	243	2522
243	347	342
347	243	342
243	523	1747
523	243	1747
245	273	2308
273	245	2309
245	426	4320
426	245	4320
245	442	2695
442	245	2696
245	835	3919
835	245	3919
245	417	3613
417	245	3614
246	693	3681
693	246	3682
246	398	3631
398	246	3632
246	420	3509
420	246	3510
246	293	2468
293	246	2468
246	337	4143
337	246	4143
246	266	698
266	246	699
246	494	2713
494	246	2713
247	387	1592
387	247	1593
247	389	3588
389	247	3589
247	383	4385
383	247	4385
247	261	4976
261	247	4976
247	345	4214
345	247	4215
247	520	807
520	247	807
247	251	4602
251	247	4602
248	704	3508
704	248	3508
248	714	3335
714	248	3336
248	308	1120
308	248	1120
248	580	1113
580	248	1114
248	301	3995
301	248	3996
249	315	4392
315	249	4393
249	516	4469
516	249	4470
249	776	3121
776	249	3121
249	425	2217
425	249	2217
249	732	3093
732	249	3094
249	890	4686
890	249	4687
251	542	2966
542	251	2966
251	523	4661
523	251	4661
251	506	2364
506	251	2365
252	359	3543
359	252	3543
252	312	4219
312	252	4219
252	334	3821
334	252	3822
252	701	3170
701	252	3171
253	438	3142
438	253	3142
253	442	1135
442	253	1136
253	383	3696
383	253	3697
253	415	1471
415	253	1471
253	348	3191
348	253	3191
253	533	4278
533	253	4278
253	273	3939
273	253	3939
253	751	3998
751	253	3998
253	480	58
480	253	59
254	316	2093
316	254	2094
254	345	4375
345	254	4376
254	353	941
353	254	941
254	255	3997
255	254	3998
254	414	2091
414	254	2091
254	699	1211
699	254	1211
254	294	2402
294	254	2402
255	796	4925
796	255	4925
255	467	2181
467	255	2181
255	412	357
412	255	357
256	291	1032
291	256	1032
256	613	1438
613	256	1438
256	274	4485
274	256	4485
256	791	4356
791	256	4356
256	590	1906
590	256	1906
256	325	3913
325	256	3914
256	443	4110
443	256	4111
256	302	649
302	256	650
256	338	4132
338	256	4133
257	305	2656
305	257	2657
257	330	3624
330	257	3624
257	603	3943
603	257	3943
257	396	3236
396	257	3237
257	360	3012
360	257	3013
258	269	4152
269	258	4152
258	355	541
355	258	542
258	314	4111
314	258	4112
258	604	1724
604	258	1724
258	372	919
372	258	919
258	567	3646
567	258	3647
259	362	4173
362	259	4173
259	484	4292
484	259	4292
261	449	3831
449	261	3832
261	506	4408
506	261	4408
262	432	883
432	262	884
262	344	4340
344	262	4340
262	419	4834
419	262	4835
262	322	1160
322	262	1161
264	425	2469
425	264	2469
264	378	4651
378	264	4651
264	415	2930
415	264	2930
264	533	1898
533	264	1898
264	514	3333
514	264	3333
265	358	1697
358	265	1698
265	465	4091
465	265	4091
265	385	4469
385	265	4469
265	364	983
364	265	983
265	392	2721
392	265	2721
265	338	1172
338	265	1173
265	324	4319
324	265	4320
266	545	951
545	266	952
266	297	3862
297	266	3862
266	362	3909
362	266	3910
266	649	2165
649	266	2165
267	398	1084
398	267	1085
267	400	4999
400	267	4999
267	447	2476
447	267	2477
267	362	2676
362	267	2676
267	494	4094
494	267	4094
269	347	2933
347	269	2934
269	434	2388
434	269	2389
269	301	2217
301	269	2217
271	315	4232
315	271	4233
271	433	700
433	271	701
271	368	4993
368	271	4994
271	392	3708
392	271	3709
271	353	4646
353	271	4647
271	791	3581
791	271	3581
271	280	4873
280	271	4874
273	292	4968
292	273	4968
273	476	4657
476	273	4657
273	585	1587
585	273	1588
273	398	348
398	273	349
273	362	3907
362	273	3908
274	368	3785
368	274	3786
274	298	3167
298	274	3168
274	315	2375
315	274	2376
274	317	3278
317	274	3279
274	400	2392
400	274	2392
275	359	4851
359	275	4851
275	763	3361
763	275	3361
275	467	3660
467	275	3660
275	326	1247
326	275	1247
275	342	3113
342	275	3113
276	384	3924
384	276	3925
276	328	3173
328	276	3174
276	419	3929
419	276	3929
276	714	1605
714	276	1605
276	385	4599
385	276	4599
276	403	4021
403	276	4021
277	302	3620
302	277	3621
277	691	3166
691	277	3167
277	371	3208
371	277	3208
277	439	709
439	277	710
277	391	2071
391	277	2071
277	342	4206
342	277	4206
279	310	2097
310	279	2097
279	295	4618
295	279	4619
279	494	795
494	279	796
279	323	1976
323	279	1977
280	396	4897
396	280	4897
280	333	3792
333	280	3792
281	331	3569
331	281	3570
281	738	4457
738	281	4457
281	397	3539
397	281	3539
281	388	1597
388	281	1597
281	288	3531
288	281	3531
281	366	4814
366	281	4814
283	584	2302
584	283	2302
283	379	4184
379	283	4184
283	434	1907
434	283	1907
283	567	262
567	283	262
283	371	3667
371	283	3668
283	759	3580
759	283	3581
283	377	4318
377	283	4318
283	385	4026
385	283	4026
283	348	4739
348	283	4740
283	389	4172
389	283	4172
283	761	1732
761	283	1733
284	285	4131
285	284	4132
284	382	4286
382	284	4287
284	424	3222
424	284	3223
284	380	1066
380	284	1066
286	401	3781
401	286	3781
287	329	2469
329	287	2469
287	445	480
445	287	480
287	720	4760
720	287	4760
288	378	3800
378	288	3800
288	447	4973
447	288	4974
288	298	4292
298	288	4293
289	447	1382
447	289	1383
289	366	2196
366	289	2196
289	739	1498
739	289	1498
289	401	1718
401	289	1719
289	418	3203
418	289	3204
290	337	3613
337	290	3614
290	428	1742
428	290	1743
290	376	1481
376	290	1482
291	665	2452
665	291	2453
291	438	3343
438	291	3344
291	392	279
392	291	280
291	380	3903
380	291	3904
292	360	3844
360	292	3845
292	380	4958
380	292	4959
292	422	4862
422	292	4862
292	467	4155
467	292	4156
292	409	657
409	292	657
292	424	2383
424	292	2383
292	516	4386
516	292	4387
292	397	90
397	292	90
292	367	2864
367	292	2864
294	697	2405
697	294	2406
294	347	3775
347	294	3775
294	360	3915
360	294	3916
294	355	3985
355	294	3986
294	306	4882
306	294	4882
294	323	3148
323	294	3148
294	753	3585
753	294	3586
296	407	3846
407	296	3846
296	434	3532
434	296	3533
296	299	4169
299	296	4170
296	334	2227
334	296	2227
296	446	4816
446	296	4816
297	315	3580
315	297	3581
297	302	3144
302	297	3145
298	321	4564
321	298	4564
298	400	4107
400	298	4107
299	305	4666
305	299	4666
302	330	4038
330	302	4038
302	371	3187
371	302	3187
302	753	4179
753	302	4180
303	337	3944
337	303	3944
303	584	4049
584	303	4049
303	412	3468
412	303	3469
303	807	1765
807	303	1766
304	810	4469
810	304	4469
304	406	1368
406	304	1369
304	426	342
426	304	343
305	334	4630
334	305	4630
305	383	1197
383	305	1197
305	419	4614
419	305	4614
306	321	2383
321	306	2384
306	398	3993
398	306	3993
306	342	2971
342	306	2972
306	405	4552
405	306	4552
306	373	4962
373	306	4962
306	358	1874
358	306	1874
306	415	4274
415	306	4275
308	723	4133
723	308	4134
308	810	4382
810	308	4382
308	326	3988
326	308	3989
308	401	2227
401	308	2228
308	405	4309
405	308	4310
308	397	702
397	308	703
308	314	252
314	308	253
309	351	1627
351	309	1628
309	420	1244
420	309	1244
309	439	4908
439	309	4909
309	355	1304
355	309	1304
309	344	3192
344	309	3192
309	391	1111
391	309	1111
310	322	475
322	310	476
310	373	910
373	310	910
310	393	2059
393	310	2059
312	691	3726
691	312	3727
312	422	3099
422	312	3099
313	391	311
391	313	311
313	424	2999
424	313	2999
313	444	3657
444	313	3658
313	738	4887
738	313	4888
313	359	3452
359	313	3453
313	427	1626
427	313	1627
314	377	2939
377	314	2940
315	327	1961
327	315	1961
315	442	3860
442	315	3861
315	428	4942
428	315	4942
316	408	451
408	316	451
316	360	3282
360	316	3283
316	395	3130
395	316	3130
316	366	2422
366	316	2423
316	372	3707
372	316	3707
316	406	2626
406	316	2626
317	396	4056
396	317	4057
317	456	3996
456	317	3997
317	660	3013
660	317	3013
319	380	4112
380	319	4113
319	422	4935
422	319	4936
319	347	1550
347	319	1550
319	382	3500
382	319	3500
319	418	1860
418	319	1861
319	796	1718
796	319	1718
322	426	4328
426	322	4328
322	323	1703
323	322	1703
322	384	1214
384	322	1214
323	405	3920
405	323	3921
323	389	2699
389	323	2700
323	332	2741
332	323	2741
324	367	3525
367	324	3526
324	364	2339
364	324	2340
324	404	3902
404	324	3903
324	353	394
353	324	395
324	363	1565
363	324	1565
324	585	2974
585	324	2975
324	338	1184
338	324	1184
326	356	1089
356	326	1090
326	410	4298
410	326	4298
326	331	3258
331	326	3259
326	500	795
500	326	795
326	377	4722
377	326	4722
326	383	4307
383	326	4307
327	423	4026
423	327	4026
327	441	4688
441	327	4688
327	368	4204
368	327	4205
327	434	3822
434	327	3823
328	356	4823
356	328	4824
328	357	3804
357	328	3804
328	354	1231
354	328	1231
328	422	3567
422	328	3567
328	333	3633
333	328	3634
328	448	4581
448	328	4581
328	531	1347
531	328	1347
328	329	1974
329	328	1975
328	408	3067
408	328	3068
330	448	1582
448	330	1583
330	407	3791
407	330	3792
330	441	4589
441	330	4590
330	404	2550
404	330	2551
331	358	1669
358	331	1669
331	343	2217
343	331	2217
331	345	4360
345	331	4360
331	789	3845
789	331	3846
331	372	1725
372	331	1726
333	439	3445
439	333	3446
333	348	2656
348	333	2657
334	619	1958
619	334	1959
334	353	770
353	334	770
334	609	2955
609	334	2956
334	371	4746
371	334	4747
334	335	3531
335	334	3531
335	398	3894
398	335	3895
335	418	4222
418	335	4222
335	422	3144
422	335	3145
335	796	4506
796	335	4507
335	442	4477
442	335	4478
335	342	662
342	335	662
338	363	1477
363	338	1478
338	614	3803
614	338	3804
339	388	1913
388	339	1914
339	383	4934
383	339	4934
339	807	2322
807	339	2323
339	435	3543
435	339	3544
339	347	2123
347	339	2123
339	614	4007
614	339	4007
339	645	3249
645	339	3250
339	391	2057
391	339	2058
341	354	744
354	341	745
341	357	2748
357	341	2749
341	585	222
585	341	222
341	438	3082
438	341	3082
342	370	2063
370	342	2063
342	415	2442
415	342	2442
343	438	71
438	343	72
343	619	418
619	343	418
343	612	4879
612	343	4880
343	892	4123
892	343	4123
344	614	1534
614	344	1535
347	423	3599
423	347	3600
348	395	4226
395	348	4226
348	393	4983
393	348	4983
348	386	731
386	348	732
353	409	4573
409	353	4574
353	405	3109
405	353	3109
353	697	4676
697	353	4676
354	446	4594
446	354	4594
354	382	3171
382	354	3172
354	420	4061
420	354	4061
354	395	4267
395	354	4268
354	397	4750
397	354	4750
355	382	4278
382	355	4279
356	423	4645
423	356	4645
357	427	3269
427	357	3269
357	368	2404
368	357	2404
358	524	3630
524	358	3630
358	368	265
368	358	266
358	441	71
441	358	72
358	645	4961
645	358	4962
358	433	1468
433	358	1468
358	434	3866
434	358	3866
359	406	4466
406	359	4467
359	396	2323
396	359	2324
359	386	4193
386	359	4193
359	360	4769
360	359	4770
359	383	830
383	359	831
360	366	4701
366	360	4702
361	370	3887
370	361	3888
361	428	4768
428	361	4768
361	373	4093
373	361	4093
361	407	4001
407	361	4002
361	399	1422
399	361	1423
361	502	769
502	361	770
361	444	4790
444	361	4791
361	697	4756
697	361	4756
361	645	3704
645	361	3704
362	389	3965
389	362	3965
362	589	178
589	362	179
362	435	3663
435	362	3664
362	444	4744
444	362	4745
363	691	3634
691	363	3635
363	388	4933
388	363	4934
363	448	2382
448	363	2383
364	389	668
389	364	668
364	396	2444
396	364	2444
364	367	4503
367	364	4503
364	382	103
382	364	103
364	418	962
418	364	962
366	367	3987
367	366	3988
367	524	1526
524	367	1526
367	467	1852
467	367	1853
367	372	3992
372	367	3992
368	398	935
398	368	935
370	434	1759
434	370	1759
370	446	4585
446	370	4585
370	439	4675
439	370	4675
370	403	1783
403	370	1783
370	397	4225
397	370	4226
370	416	3576
416	370	3576
370	382	4506
382	370	4507
370	438	4801
438	370	4802
372	409	4746
409	372	4747
372	406	3829
406	372	3830
372	388	4169
388	372	4169
372	400	3071
400	372	3071
373	420	4914
420	373	4915
373	378	4344
378	373	4344
373	384	3964
384	373	3964
376	807	1167
807	376	1168
376	386	3688
386	376	3689
376	438	4487
438	376	4487
377	422	3336
422	377	3337
377	427	2135
427	377	2135
378	433	1266
433	378	1266
378	396	2904
396	378	2905
378	422	4625
422	378	4625
378	445	1246
445	378	1247
382	435	2586
435	382	2586
382	398	314
398	382	315
383	384	1216
384	383	1216
386	738	3915
738	386	3916
386	444	4876
444	386	4876
388	450	3161
450	388	3162
388	415	1712
415	388	1713
388	416	4222
416	388	4223
388	406	741
406	388	741
388	435	4492
435	388	4492
399	444	4887
444	399	4887
399	415	2362
415	399	2363
399	416	134
416	399	135
400	420	1200
420	400	1200
400	428	1776
428	400	1777
403	439	4265
439	403	4265
405	439	2618
439	405	2618
406	410	4753
410	406	4753
406	409	3628
409	406	3629
406	445	2361
445	406	2362
406	430	2127
430	406	2128
409	410	3994
410	409	3994
409	420	2412
420	409	2413
409	416	3917
416	409	3917
409	430	3856
430	409	3856
409	444	1447
444	409	1448
416	435	3882
435	416	3882
416	434	4224
434	416	4224
416	589	4724
589	416	4725
420	435	2714
435	420	2715
423	445	2756
445	423	2757
423	435	4560
435	423	4561
423	433	3296
433	423	3297
430	435	4067
435	430	4067
430	434	76
434	430	76
433	444	3631
444	433	3631
433	438	2627
438	433	2627
433	450	2340
450	433	2340
435	445	3942
445	435	3942
