200	2824
2	2
2	2
5	5
3	3
4	4
2	2
2	2
4	4
4	4
5	5
3	3
4	4
5	5
2	2
2	2
4	4
4	4
2	2
3	3
2	2
3	3
4	4
4	4
5	5
5	5
4	4
2	2
4	4
3	3
4	4
5	5
5	5
3	3
2	2
4	4
3	3
4	4
5	5
5	5
3	3
2	2
5	5
4	4
5	5
4	4
2	2
4	4
5	5
3	3
3	3
5	5
3	3
2	2
3	3
3	3
2	2
3	3
5	5
5	5
2	2
5	5
4	4
4	4
3	3
5	5
3	3
3	3
2	2
5	5
2	2
4	4
3	3
3	3
5	5
4	4
3	3
5	5
2	2
5	5
5	5
5	5
2	2
2	2
4	4
5	5
4	4
4	4
4	4
5	5
5	5
2	2
3	3
3	3
4	4
4	4
5	5
3	3
5	5
3	3
3	3
4	4
3	3
3	3
2	2
2	2
4	4
5	5
2	2
4	4
3	3
5	5
4	4
4	4
5	5
4	4
5	5
2	2
2	2
4	4
2	2
2	2
3	3
2	2
3	3
2	2
4	4
5	5
2	2
2	2
3	3
5	5
4	4
2	2
4	4
3	3
3	3
3	3
2	2
4	4
5	5
4	4
5	5
4	4
2	2
5	5
3	3
2	2
4	4
3	3
3	3
3	3
5	5
2	2
2	2
3	3
4	4
2	2
4	4
4	4
5	5
2	2
3	3
3	3
2	2
2	2
5	5
3	3
2	2
5	5
3	3
2	2
5	5
2	2
2	2
2	2
3	3
3	3
2	2
5	5
3	3
3	3
3	3
5	5
5	5
4	4
2	2
4	4
5	5
3	3
5	5
3	3
4	4
4	4
5	5
5	5
3	3
5	5
4	4
3	3
5	5
1	195	2291
195	1	2291
1	58	1181
58	1	1182
1	106	4525
106	1	4525
1	172	899
172	1	899
1	90	3426
90	1	3427
1	184	4807
184	1	4808
1	192	3976
192	1	3976
1	101	2362
101	1	2363
1	6	3672
6	1	3673
1	44	1765
44	1	1766
1	51	2648
51	1	2648
1	102	3307
102	1	3308
1	95	4520
95	1	4520
1	183	3913
183	1	3913
1	64	2570
64	1	2570
1	55	3424
55	1	3424
1	53	447
53	1	448
1	66	1882
66	1	1883
1	137	4777
137	1	4778
1	45	3850
45	1	3851
2	125	4961
125	2	4961
2	152	3412
152	2	3412
2	119	3677
119	2	3677
2	74	4489
74	2	4489
2	150	1235
150	2	1235
2	169	4088
169	2	4089
2	106	4600
106	2	4600
2	14	105
14	2	105
2	13	1302
13	2	1303
2	3	723
3	2	724
2	36	3815
36	2	3816
2	113	1538
113	2	1538
2	160	4339
160	2	4340
2	68	4750
68	2	4751
2	42	192
42	2	193
2	161	4318
161	2	4318
2	28	4132
28	2	4133
2	12	3168
12	2	3169
2	170	4459
170	2	4460
2	7	4882
7	2	4882
3	140	4547
140	3	4548
3	69	4530
69	3	4530
3	106	3394
106	3	3395
3	195	1941
195	3	1941
3	134	2352
134	3	2352
3	118	397
118	3	397
3	73	4552
73	3	4552
3	187	1280
187	3	1281
3	190	2762
190	3	2763
3	83	3522
83	3	3522
3	138	3228
138	3	3229
3	39	1643
39	3	1644
3	25	3703
25	3	3703
3	56	4618
56	3	4618
3	194	4348
194	3	4349
3	113	4199
113	3	4200
3	175	914
175	3	915
3	31	798
31	3	798
3	18	413
18	3	414
4	118	3533
118	4	3533
4	37	3823
37	4	3824
4	101	3552
101	4	3553
4	162	4487
162	4	4488
4	132	3904
132	4	3905
4	106	4962
106	4	4962
4	76	3678
76	4	3678
4	133	4857
133	4	4857
4	137	4305
137	4	4305
4	46	4436
46	4	4437
4	179	4829
179	4	4829
4	125	4658
125	4	4658
4	13	3359
13	4	3360
4	150	4434
150	4	4434
4	10	2012
10	4	2012
4	135	3838
135	4	3839
4	82	4924
82	4	4924
4	31	4692
31	4	4692
4	110	4715
110	4	4715
4	26	4813
26	4	4813
5	90	1546
90	5	1547
5	66	2197
66	5	2197
5	191	2635
191	5	2635
5	118	3009
118	5	3009
5	99	4676
99	5	4676
5	19	1886
19	5	1886
5	39	4719
39	5	4719
5	100	3920
100	5	3921
5	170	4457
170	5	4458
5	46	3025
46	5	3026
5	136	611
136	5	611
5	30	4512
30	5	4513
5	133	4590
133	5	4590
5	85	1320
85	5	1320
5	120	217
120	5	218
5	76	4200
76	5	4200
5	36	3907
36	5	3907
5	200	4509
200	5	4510
5	86	248
86	5	249
5	68	2716
68	5	2716
6	168	3248
168	6	3249
6	199	4419
199	6	4420
6	106	3887
106	6	3888
6	169	510
169	6	511
6	160	1492
160	6	1493
6	150	4840
150	6	4841
6	50	4742
50	6	4743
6	74	4330
74	6	4330
6	183	4402
183	6	4402
6	65	4853
65	6	4854
6	116	96
116	6	97
6	180	1849
180	6	1850
6	12	4733
12	6	4734
6	82	4143
82	6	4144
6	159	4898
159	6	4898
6	171	4973
171	6	4974
6	111	4015
111	6	4016
6	110	3030
110	6	3031
6	95	4772
95	6	4772
7	83	1515
83	7	1516
7	85	1677
85	7	1678
7	162	4295
162	7	4295
7	184	1036
184	7	1036
7	99	326
99	7	326
7	172	2500
172	7	2500
7	27	3643
27	7	3643
7	57	588
57	7	589
7	199	389
199	7	389
7	153	3620
153	7	3620
7	197	4834
197	7	4835
7	80	2086
80	7	2086
7	24	2147
24	7	2147
7	92	1870
92	7	1871
7	131	3380
131	7	3380
7	72	3773
72	7	3774
7	55	4816
55	7	4816
7	52	1405
52	7	1405
7	106	2851
106	7	2852
8	163	417
163	8	418
8	156	2877
156	8	2877
8	74	1628
74	8	1628
8	53	557
53	8	557
8	71	4372
71	8	4372
8	94	4839
94	8	4840
8	182	2975
182	8	2976
8	11	2686
11	8	2687
8	131	4106
131	8	4106
8	84	2859
84	8	2860
8	110	2242
110	8	2243
8	56	4770
56	8	4771
8	29	2901
29	8	2902
8	57	611
57	8	611
8	185	2862
185	8	2862
8	162	4861
162	8	4862
8	158	4692
158	8	4693
8	139	4158
139	8	4159
8	178	4850
178	8	4851
8	144	2194
144	8	2195
9	89	2187
89	9	2188
9	157	81
157	9	81
9	10	4084
10	9	4085
9	159	4666
159	9	4666
9	75	4298
75	9	4299
9	58	4843
58	9	4843
9	68	4360
68	9	4361
9	172	1543
172	9	1544
9	16	4060
16	9	4061
9	195	3693
195	9	3693
9	97	2875
97	9	2875
9	95	3631
95	9	3632
9	72	1128
72	9	1128
9	11	4941
11	9	4942
9	193	4886
193	9	4886
9	116	3057
116	9	3058
9	165	1453
165	9	1454
9	122	4447
122	9	4448
9	171	1953
171	9	1954
9	200	3221
200	9	3222
10	164	4995
164	10	4996
10	170	1069
170	10	1069
10	80	4788
80	10	4789
10	169	1679
169	10	1679
10	137	154
137	10	155
10	151	3752
151	10	3753
10	28	4963
28	10	4963
10	23	3579
23	10	3580
10	47	1605
47	10	1605
10	97	4232
97	10	4232
10	81	1466
81	10	1467
10	106	640
106	10	640
10	153	4446
153	10	4447
10	185	3954
185	10	3955
10	56	4979
56	10	4980
10	101	1041
101	10	1041
10	38	4434
38	10	4435
10	67	3034
67	10	3034
11	89	3640
89	11	3640
11	160	4534
160	11	4534
11	14	4026
14	11	4026
11	200	3782
200	11	3782
11	58	2418
58	11	2419
11	147	1426
147	11	1426
11	86	99
86	11	100
11	136	4955
136	11	4955
11	195	1017
195	11	1018
11	77	4375
77	11	4376
11	126	1544
126	11	1544
11	73	3522
73	11	3523
11	79	3875
79	11	3875
11	62	3053
62	11	3054
11	174	1124
174	11	1125
11	161	4441
161	11	4442
11	142	1705
142	11	1706
11	15	3680
15	11	3680
12	143	3883
143	12	3884
12	24	3255
24	12	3255
12	75	4178
75	12	4179
12	38	4397
38	12	4397
12	162	4001
162	12	4001
12	52	2899
52	12	2900
12	35	2658
35	12	2658
12	43	4189
43	12	4190
12	56	848
56	12	848
12	197	3450
197	12	3451
12	82	4151
82	12	4151
12	98	3781
98	12	3781
12	20	129
20	12	129
12	173	3858
173	12	3858
12	176	4843
176	12	4844
12	170	4650
170	12	4650
12	62	4838
62	12	4839
12	79	3523
79	12	3524
13	81	3845
81	13	3845
13	24	3723
24	13	3723
13	181	3122
181	13	3123
13	44	3250
44	13	3251
13	36	4801
36	13	4802
13	67	4091
67	13	4091
13	47	4324
47	13	4324
13	130	4545
130	13	4546
13	199	1294
199	13	1294
13	75	4916
75	13	4916
13	68	1894
68	13	1894
13	40	1482
40	13	1483
13	73	4334
73	13	4334
13	19	4932
19	13	4933
13	84	4786
84	13	4787
13	196	4035
196	13	4036
13	149	2330
149	13	2331
13	170	510
170	13	510
14	76	1340
76	14	1340
14	46	359
46	14	359
14	100	2246
100	14	2246
14	184	1780
184	14	1781
14	98	2502
98	14	2502
14	88	1286
88	14	1286
14	64	1190
64	14	1190
14	120	755
120	14	755
14	137	4718
137	14	4718
14	126	4327
126	14	4328
14	167	3133
167	14	3134
14	115	976
115	14	976
14	135	4869
135	14	4869
14	103	2247
103	14	2248
14	170	4796
170	14	4796
14	146	2420
146	14	2420
14	72	3652
72	14	3653
14	128	3984
128	14	3984
15	138	2673
138	15	2673
15	30	817
30	15	817
15	49	1029
49	15	1030
15	56	2260
56	15	2261
15	123	4247
123	15	4247
15	69	4579
69	15	4580
15	156	2182
156	15	2182
15	102	2319
102	15	2319
15	145	2815
145	15	2816
15	196	2892
196	15	2892
15	96	4834
96	15	4835
15	164	4088
164	15	4088
15	200	4059
200	15	4059
15	74	3089
74	15	3089
15	71	4384
71	15	4384
15	186	3452
186	15	3452
15	132	3016
132	15	3016
15	176	3523
176	15	3524
15	184	3423
184	15	3424
16	123	2349
123	16	2350
16	58	1487
58	16	1488
16	74	3776
74	16	3777
16	46	3137
46	16	3138
16	48	4046
48	16	4047
16	68	3850
68	16	3850
16	96	3380
96	16	3380
16	34	4648
34	16	4649
16	172	3289
172	16	3290
16	37	4885
37	16	4885
16	47	2966
47	16	2967
16	87	689
87	16	689
16	67	2534
67	16	2534
16	31	3523
31	16	3523
16	60	1616
60	16	1616
16	21	3959
21	16	3960
16	130	4106
130	16	4107
16	65	3330
65	16	3330
16	53	753
53	16	754
17	148	2486
148	17	2486
17	49	4941
49	17	4941
17	71	4536
71	17	4537
17	79	4431
79	17	4431
17	147	2161
147	17	2161
17	138	2214
138	17	2215
17	134	4324
134	17	4324
17	72	4700
72	17	4700
17	28	3610
28	17	3611
17	193	3330
193	17	3331
17	23	4244
23	17	4244
17	61	1350
61	17	1351
17	33	4545
33	17	4546
17	151	4663
151	17	4663
17	78	2830
78	17	2831
17	40	3550
40	17	3551
17	80	4470
80	17	4471
17	118	3697
118	17	3697
17	141	2594
141	17	2594
17	112	3903
112	17	3904
18	44	1099
44	18	1099
18	113	3131
113	18	3131
18	83	1794
83	18	1794
18	56	3846
56	18	3846
18	95	3891
95	18	3892
18	160	4458
160	18	4459
18	141	4248
141	18	4248
18	133	1042
133	18	1042
18	40	4856
40	18	4856
18	70	4365
70	18	4365
18	29	4072
29	18	4072
18	190	3420
190	18	3420
18	126	4581
126	18	4582
18	24	1936
24	18	1936
18	179	4994
179	18	4995
18	48	4833
48	18	4833
18	59	1498
59	18	1499
18	21	4354
21	18	4355
18	47	4797
47	18	4798
19	200	1971
200	19	1971
19	177	2205
177	19	2205
19	81	2521
81	19	2522
19	172	1048
172	19	1048
19	83	558
83	19	558
19	29	3797
29	19	3797
19	32	241
32	19	242
19	179	963
179	19	963
19	130	4342
130	19	4343
19	54	4301
54	19	4301
19	114	3678
114	19	3678
19	71	1748
71	19	1749
19	53	2705
53	19	2705
19	30	3772
30	19	3772
19	76	4106
76	19	4106
19	139	2520
139	19	2521
19	87	4991
87	19	4991
19	155	2688
155	19	2689
20	150	1615
150	20	1616
20	181	1999
181	20	1999
20	112	4120
112	20	4120
20	61	3674
61	20	3675
20	188	595
188	20	596
20	67	1208
67	20	1208
20	155	3619
155	20	3620
20	160	1913
160	20	1913
20	49	3801
49	20	3801
20	140	3508
140	20	3509
20	23	4888
23	20	4889
20	169	4410
169	20	4411
20	21	3538
21	20	3539
20	164	1568
164	20	1568
20	104	2966
104	20	2966
20	30	4390
30	20	4391
20	200	336
200	20	336
20	34	1096
34	20	1097
20	122	311
122	20	312
21	192	1815
192	21	1815
21	166	891
166	21	891
21	190	1472
190	21	1473
21	22	2532
22	21	2532
21	95	3950
95	21	3951
21	133	4341
133	21	4341
21	99	4968
99	21	4968
21	59	1970
59	21	1970
21	51	270
51	21	270
21	98	4622
98	21	4623
21	75	4143
75	21	4143
21	46	4869
46	21	4870
21	109	4649
109	21	4650
21	81	2548
81	21	2549
21	29	2553
29	21	2553
21	170	4347
170	21	4348
22	97	2251
97	22	2251
22	112	1808
112	22	1808
22	124	759
124	22	760
22	146	4457
146	22	4457
22	45	1438
45	22	1438
22	162	3890
162	22	3890
22	73	3259
73	22	3259
22	163	4024
163	22	4024
22	50	1400
50	22	1401
22	38	291
38	22	291
22	123	1770
123	22	1771
22	184	497
184	22	497
22	152	2154
152	22	2154
22	32	4730
32	22	4731
22	39	2995
39	22	2995
22	51	4992
51	22	4993
22	55	2363
55	22	2364
22	34	4590
34	22	4590
23	153	4350
153	23	4350
23	79	4750
79	23	4750
23	67	4826
67	23	4827
23	102	4172
102	23	4173
23	122	4514
122	23	4514
23	57	818
57	23	818
23	161	412
161	23	412
23	28	1242
28	23	1242
23	162	2387
162	23	2387
23	117	4470
117	23	4471
23	29	1426
29	23	1427
23	49	3994
49	23	3994
23	134	4800
134	23	4800
24	123	2284
123	24	2284
24	39	3484
39	24	3484
24	49	521
49	24	522
24	40	4944
40	24	4945
24	120	3975
120	24	3976
24	191	87
191	24	88
24	192	4425
192	24	4426
24	154	1957
154	24	1957
24	103	919
103	24	920
24	155	4602
155	24	4603
24	43	4423
43	24	4424
24	175	836
175	24	837
24	38	65
38	24	65
25	66	4553
66	25	4553
25	156	4968
156	25	4968
25	120	3592
120	25	3592
25	59	3503
59	25	3503
25	31	817
31	25	817
25	161	3300
161	25	3300
25	115	4342
115	25	4343
25	98	4581
98	25	4582
25	40	3397
40	25	3398
25	143	3968
143	25	3969
25	165	3582
165	25	3583
25	198	1967
198	25	1967
25	73	2676
73	25	2677
25	167	4866
167	25	4867
25	127	1158
127	25	1159
25	39	2269
39	25	2269
25	110	2436
110	25	2437
26	53	4840
53	26	4841
26	75	3544
75	26	3544
26	140	2139
140	26	2140
26	151	3633
151	26	3634
26	43	4915
43	26	4916
26	47	427
47	26	427
26	152	1433
152	26	1434
26	174	1909
174	26	1909
26	128	2171
128	26	2172
26	113	4660
113	26	4661
26	150	1012
150	26	1012
26	40	1724
40	26	1725
26	143	1861
143	26	1861
26	63	4418
63	26	4419
26	189	4591
189	26	4591
26	36	3683
36	26	3684
26	185	2685
185	26	2686
27	61	2965
61	27	2965
27	108	3721
108	27	3722
27	151	4664
151	27	4665
27	48	1032
48	27	1033
27	102	2380
102	27	2381
27	177	4005
177	27	4005
27	101	3935
101	27	3935
27	37	2301
37	27	2301
27	83	3818
83	27	3818
27	75	3932
75	27	3933
27	147	735
147	27	735
27	116	280
116	27	281
27	142	4551
142	27	4552
27	143	875
143	27	876
27	189	4932
189	27	4933
27	55	4162
55	27	4163
27	131	240
131	27	240
28	38	3741
38	28	3741
28	89	3035
89	28	3035
28	156	2189
156	28	2190
28	49	984
49	28	985
28	65	3827
65	28	3827
28	32	2383
32	28	2383
28	90	2508
90	28	2509
28	98	783
98	28	784
28	152	4093
152	28	4094
28	86	232
86	28	232
28	113	4991
113	28	4991
29	125	2423
125	29	2423
29	103	2500
103	29	2500
29	159	3487
159	29	3487
29	45	2281
45	29	2281
29	54	3820
54	29	3821
29	154	4563
154	29	4563
29	66	1529
66	29	1529
29	82	4607
82	29	4608
29	187	4866
187	29	4866
29	87	2273
87	29	2274
29	163	3851
163	29	3852
29	32	4468
32	29	4468
29	64	3472
64	29	3472
29	124	2769
124	29	2769
30	198	2680
198	30	2681
30	33	4580
33	30	4580
30	164	3282
164	30	3282
30	34	4219
34	30	4219
30	107	2838
107	30	2838
30	35	4803
35	30	4803
30	40	3528
40	30	3528
30	43	4286
43	30	4286
30	66	3530
66	30	3531
30	100	294
100	30	294
30	139	3829
139	30	3830
31	67	3860
67	31	3860
31	173	2930
173	31	2931
31	104	2571
104	31	2571
31	98	1274
98	31	1275
31	155	3027
155	31	3027
31	123	1548
123	31	1548
31	84	1059
84	31	1060
31	95	1945
95	31	1945
31	47	4363
47	31	4363
31	32	4333
32	31	4334
31	57	3278
57	31	3278
31	82	4897
82	31	4897
31	160	2836
160	31	2837
31	90	4971
90	31	4972
32	54	4534
54	32	4534
32	37	2816
37	32	2816
32	141	1549
141	32	1550
32	151	4500
151	32	4501
32	100	3715
100	32	3715
32	128	3796
128	32	3796
32	35	3387
35	32	3387
32	50	4201
50	32	4201
32	138	2113
138	32	2113
32	144	2352
144	32	2353
32	172	2915
172	32	2916
32	121	1150
121	32	1151
32	69	4856
69	32	4856
32	111	4308
111	32	4309
33	170	1509
170	33	1510
33	65	2320
65	33	2321
33	98	4381
98	33	4381
33	124	2412
124	33	2413
33	130	2002
130	33	2003
33	50	3230
50	33	3230
33	139	3765
139	33	3766
33	46	3524
46	33	3524
33	117	4317
117	33	4317
33	108	2669
108	33	2669
33	36	3932
36	33	3932
33	68	4513
68	33	4514
33	122	2192
122	33	2192
34	146	1117
146	34	1118
34	84	4318
84	34	4319
34	83	2251
83	34	2252
34	57	4335
57	34	4336
34	64	1483
64	34	1484
34	43	4198
43	34	4198
34	151	3319
151	34	3319
34	101	1609
101	34	1610
34	48	3588
48	34	3589
34	128	1294
128	34	1294
34	92	4002
92	34	4003
34	174	4201
174	34	4201
34	176	4571
176	34	4571
35	165	4578
165	35	4579
35	100	3915
100	35	3915
35	66	4823
66	35	4824
35	119	1035
119	35	1035
35	50	3589
50	35	3590
35	65	3847
65	35	3848
35	107	2810
107	35	2810
35	140	3967
140	35	3968
35	172	1090
172	35	1091
35	60	4275
60	35	4275
35	181	2234
181	35	2234
35	129	4674
129	35	4674
35	106	2690
106	35	2691
35	52	2979
52	35	2979
35	81	122
81	35	123
35	180	3776
180	35	3776
36	49	4693
49	36	4694
36	79	3534
79	36	3535
36	146	117
146	36	118
36	184	4597
184	36	4597
36	71	3927
71	36	3927
36	170	926
170	36	926
36	140	3773
140	36	3774
36	162	3814
162	36	3815
36	102	2236
102	36	2237
36	115	359
115	36	360
36	47	3671
47	36	3672
36	66	4214
66	36	4214
36	97	1334
97	36	1335
37	97	858
97	37	859
37	188	2183
188	37	2184
37	52	829
52	37	829
37	62	4720
62	37	4721
37	40	3903
40	37	3903
37	136	3039
136	37	3040
37	65	4632
65	37	4633
37	82	1135
82	37	1135
37	171	3664
171	37	3665
37	186	4858
186	37	4859
37	175	3884
175	37	3884
37	168	525
168	37	526
38	143	3795
143	38	3795
38	69	4977
69	38	4977
38	52	1684
52	38	1685
38	80	1851
80	38	1851
38	144	631
144	38	631
38	42	1460
42	38	1461
38	44	3349
44	38	3349
38	130	2381
130	38	2381
38	184	3699
184	38	3700
38	100	3976
100	38	3976
38	146	690
146	38	690
38	176	4220
176	38	4220
38	129	3831
129	38	3832
39	118	3909
118	39	3910
39	139	3951
139	39	3952
39	94	2118
94	39	2118
39	68	2982
68	39	2983
39	158	1254
158	39	1254
39	169	4230
169	39	4231
39	185	3137
185	39	3137
39	174	580
174	39	581
39	117	4357
117	39	4358
39	41	3178
41	39	3179
39	141	158
141	39	159
39	107	1905
107	39	1905
39	166	1914
166	39	1915
40	151	705
151	40	706
40	73	3243
73	40	3243
40	68	3567
68	40	3568
40	154	3468
154	40	3469
40	192	586
192	40	587
40	101	3525
101	40	3526
40	188	55
188	40	56
40	48	4141
48	40	4141
41	164	3305
164	41	3306
41	122	4961
122	41	4961
41	97	4663
97	41	4664
41	96	4811
96	41	4811
41	72	3285
72	41	3285
41	178	4354
178	41	4355
41	55	1037
55	41	1038
41	170	2134
170	41	2134
41	80	325
80	41	325
41	139	4001
139	41	4002
41	180	4212
180	41	4213
41	126	4196
126	41	4197
41	94	1490
94	41	1490
41	102	4087
102	41	4088
41	192	4357
192	41	4357
41	136	3954
136	41	3955
42	87	4977
87	42	4978
42	107	2289
107	42	2290
42	151	3678
151	42	3679
42	137	3619
137	42	3620
42	145	4527
145	42	4528
42	44	2794
44	42	2795
42	165	926
165	42	927
42	148	226
148	42	226
42	91	2342
91	42	2343
42	195	4456
195	42	4457
42	186	1208
186	42	1209
42	84	2688
84	42	2688
42	66	4407
66	42	4407
42	72	1547
72	42	1548
43	153	3704
153	43	3705
43	139	691
139	43	692
43	110	1720
110	43	1720
43	152	2665
152	43	2665
43	45	3552
45	43	3552
43	159	3799
159	43	3800
43	168	4746
168	43	4747
43	74	3965
74	43	3966
43	94	4664
94	43	4664
43	115	3037
115	43	3038
43	118	3648
118	43	3649
44	106	4384
106	44	4384
44	89	3673
89	44	3674
44	67	2637
67	44	2638
44	168	3340
168	44	3340
44	68	1104
68	44	1105
44	70	4322
70	44	4323
44	159	3188
159	44	3188
44	100	4259
100	44	4260
44	196	1202
196	44	1203
44	160	4607
160	44	4608
44	71	1665
71	44	1665
44	88	4454
88	44	4454
44	153	4998
153	44	4999
44	111	3969
111	44	3969
45	80	4727
80	45	4728
45	193	1843
193	45	1843
45	76	4158
76	45	4159
45	51	2237
51	45	2238
45	173	4625
173	45	4625
45	120	3819
120	45	3819
45	104	3760
104	45	3761
45	70	4358
70	45	4359
45	142	199
142	45	200
45	124	3732
124	45	3733
45	83	4218
83	45	4219
45	119	4770
119	45	4770
45	178	2341
178	45	2342
45	172	3047
172	45	3047
45	96	1499
96	45	1499
46	87	1798
87	46	1798
46	132	4363
132	46	4363
46	136	4221
136	46	4221
46	177	2930
177	46	2930
46	69	1956
69	46	1957
46	180	3897
180	46	3897
46	164	664
164	46	665
46	72	4419
72	46	4419
46	74	1819
74	46	1819
46	186	1911
186	46	1911
46	135	3062
135	46	3063
46	71	520
71	46	520
46	141	3357
141	46	3358
47	127	1265
127	47	1265
47	138	2753
138	47	2753
47	107	2875
107	47	2876
47	79	1848
79	47	1849
47	60	4427
60	47	4427
47	158	1149
158	47	1149
47	160	4354
160	47	4355
47	67	4208
67	47	4208
47	144	3669
144	47	3670
47	111	2289
111	47	2289
47	109	4474
109	47	4474
47	68	1601
68	47	1601
48	112	4976
112	48	4976
48	162	4182
162	48	4182
48	92	2796
92	48	2797
48	147	3747
147	48	3748
48	164	2032
164	48	2032
48	154	3873
154	48	3873
48	60	4905
60	48	4906
48	113	4847
113	48	4847
48	133	3162
133	48	3162
48	75	4466
75	48	4466
49	115	4495
115	49	4496
49	150	4451
150	49	4452
49	134	4867
134	49	4867
49	180	3857
180	49	3857
49	109	3803
109	49	3804
49	98	4082
98	49	4082
49	82	3177
82	49	3178
49	189	4546
189	49	4547
49	91	2179
91	49	2180
49	185	4021
185	49	4021
49	178	3810
178	49	3811
50	156	1811
156	50	1811
50	176	132
176	50	132
50	173	1140
173	50	1140
50	185	3579
185	50	3579
50	115	3025
115	50	3026
50	150	3336
150	50	3337
50	140	4674
140	50	4674
50	128	3960
128	50	3961
50	86	4585
86	50	4585
50	107	4998
107	50	4998
51	176	4082
176	51	4083
51	87	3060
87	51	3060
51	137	248
137	51	248
51	125	1692
125	51	1693
51	156	3954
156	51	3954
51	159	3898
159	51	3898
51	92	3860
92	51	3861
51	139	2787
139	51	2787
51	78	1060
78	51	1060
51	103	2211
103	51	2212
51	62	1339
62	51	1339
52	88	4267
88	52	4267
52	197	1798
197	52	1798
52	65	4758
65	52	4759
52	75	4805
75	52	4805
52	152	1987
152	52	1988
52	68	4438
68	52	4438
52	60	3138
60	52	3138
52	147	1479
147	52	1480
52	66	3176
66	52	3177
52	131	4271
131	52	4272
53	102	4332
102	53	4332
53	109	4696
109	53	4696
53	133	4842
133	53	4842
53	177	4898
177	53	4898
53	89	2756
89	53	2757
53	76	2536
76	53	2536
53	100	1399
100	53	1399
53	134	4903
134	53	4904
53	161	4536
161	53	4536
53	78	4333
78	53	4333
54	170	4556
170	54	4556
54	123	3096
123	54	3097
54	75	1441
75	54	1441
54	151	1106
151	54	1106
54	85	3855
85	54	3856
54	74	3594
74	54	3595
54	149	1571
149	54	1571
54	109	2957
109	54	2958
54	96	1863
96	54	1864
54	126	1002
126	54	1002
54	82	4251
82	54	4251
54	100	3857
100	54	3857
55	96	3969
96	55	3969
55	98	211
98	55	212
55	137	4943
137	55	4944
55	177	771
177	55	771
55	90	4250
90	55	4250
55	128	3661
128	55	3662
55	65	1230
65	55	1230
55	94	3952
94	55	3953
55	102	4443
102	55	4443
55	126	3791
126	55	3792
55	163	1584
163	55	1584
55	117	1316
117	55	1317
55	79	3887
79	55	3888
55	161	1485
161	55	1485
56	98	3697
98	56	3698
56	168	2469
168	56	2470
56	134	4296
134	56	4297
56	197	3930
197	56	3930
56	70	2091
70	56	2092
56	103	4873
103	56	4873
56	133	4356
133	56	4357
56	178	1483
178	56	1484
56	90	3977
90	56	3977
56	136	1454
136	56	1455
56	154	4588
154	56	4589
57	193	1816
193	57	1816
57	93	817
93	57	818
57	98	4730
98	57	4730
57	115	1353
115	57	1354
57	121	2529
121	57	2529
57	107	2997
107	57	2997
57	142	3774
142	57	3775
57	133	2606
133	57	2606
57	197	3210
197	57	3211
57	158	4916
158	57	4916
57	151	4148
151	57	4149
57	75	588
75	57	588
57	67	294
67	57	295
57	95	4453
95	57	4453
58	133	4453
133	58	4454
58	80	4416
80	58	4417
58	173	3540
173	58	3541
58	142	4816
142	58	4816
58	139	1260
139	58	1260
58	125	3049
125	58	3049
58	106	2429
106	58	2429
58	110	2500
110	58	2500
58	61	4796
61	58	4797
58	75	2810
75	58	2811
58	189	4307
189	58	4307
58	121	3522
121	58	3522
58	117	4161
117	58	4161
58	87	670
87	58	670
58	90	3774
90	58	3775
59	146	1831
146	59	1831
59	60	4911
60	59	4912
59	144	4718
144	59	4718
59	133	3852
133	59	3853
59	161	4008
161	59	4008
59	169	3925
169	59	3925
59	163	3681
163	59	3681
59	81	2393
81	59	2394
59	67	4511
67	59	4512
59	95	3761
95	59	3761
59	97	3715
97	59	3716
59	72	2629
72	59	2630
60	77	4154
77	60	4155
60	120	4431
120	60	4431
60	144	2156
144	60	2156
60	125	4462
125	60	4462
60	149	763
149	60	763
60	67	3938
67	60	3939
60	72	2111
72	60	2112
60	99	3652
99	60	3653
60	65	1264
65	60	1264
60	167	4330
167	60	4330
60	177	1787
177	60	1788
61	74	3801
74	61	3802
61	158	3468
158	61	3469
61	66	4780
66	61	4781
61	113	3821
113	61	3821
61	147	4110
147	61	4110
61	62	2864
62	61	2864
61	82	3896
82	61	3896
61	68	4252
68	61	4252
61	170	4624
170	61	4625
61	71	4460
71	61	4461
61	93	176
93	61	176
61	116	2328
116	61	2328
61	136	2571
136	61	2571
61	102	4794
102	61	4795
61	146	244
146	61	244
62	103	3162
103	62	3162
62	163	1398
163	62	1398
62	171	4481
171	62	4482
62	79	4497
79	62	4497
62	142	218
142	62	218
62	160	2235
160	62	2236
62	80	2730
80	62	2730
62	139	4899
139	62	4899
62	126	3965
126	62	3966
62	180	3027
180	62	3028
62	90	2074
90	62	2074
63	145	2513
145	63	2514
63	70	4212
70	63	4212
63	116	107
116	63	107
63	113	3357
113	63	3358
63	179	4604
179	63	4604
63	127	3161
127	63	3162
63	156	3666
156	63	3667
63	110	4486
110	63	4486
63	108	1701
108	63	1701
63	66	4039
66	63	4039
63	73	381
73	63	381
63	107	3545
107	63	3546
63	72	4589
72	63	4590
63	178	4504
178	63	4504
63	114	4049
114	63	4050
64	173	4589
173	64	4589
64	109	63
109	64	63
64	93	4667
93	64	4667
64	149	1503
149	64	1503
64	175	4267
175	64	4268
64	188	3535
188	64	3535
64	76	115
76	64	115
64	141	2898
141	64	2899
64	77	811
77	64	812
64	105	3384
105	64	3384
64	110	439
110	64	440
64	167	3412
167	64	3413
64	72	4647
72	64	4647
65	171	3767
171	65	3768
65	92	1943
92	65	1944
65	150	1782
150	65	1782
65	79	1636
79	65	1636
65	95	4676
95	65	4676
65	149	2028
149	65	2029
65	90	3409
90	65	3410
65	121	3721
121	65	3722
66	98	1920
98	66	1921
66	169	84
169	66	85
66	90	2599
90	66	2599
66	130	4457
130	66	4457
66	167	3435
167	66	3436
66	144	2898
144	66	2899
67	104	3800
104	67	3801
67	132	569
132	67	570
67	130	3302
130	67	3302
67	176	3514
176	67	3514
67	116	307
116	67	308
68	172	1556
172	68	1556
68	158	3884
158	68	3885
68	121	4138
121	68	4138
68	162	1123
162	68	1123
69	79	4995
79	69	4995
69	123	1329
123	69	1330
69	171	1041
171	69	1041
69	136	3936
136	69	3936
69	160	3372
160	69	3373
69	75	1179
75	69	1179
69	104	3918
104	69	3919
69	92	1118
92	69	1118
69	176	2890
176	69	2890
69	156	3768
156	69	3769
70	91	4627
91	70	4627
70	76	3958
76	70	3958
70	94	4928
94	70	4928
70	83	4276
83	70	4277
70	131	1412
131	70	1413
70	110	4776
110	70	4776
70	115	4041
115	70	4041
70	82	1337
82	70	1337
70	96	3859
96	70	3860
70	105	2251
105	70	2251
70	137	1529
137	70	1530
70	152	4422
152	70	4423
70	139	4391
139	70	4391
71	124	4592
124	71	4592
71	111	3383
111	71	3384
71	138	4050
138	71	4051
71	133	4713
133	71	4713
71	117	4954
117	71	4954
71	112	1430
112	71	1430
71	121	2851
121	71	2852
71	74	4190
74	71	4190
72	154	1317
154	72	1317
72	196	3170
196	72	3170
72	85	4869
85	72	4869
72	169	1065
169	72	1066
72	138	4995
138	72	4995
72	180	3186
180	72	3186
73	160	1350
160	73	1350
73	176	4069
176	73	4070
73	118	4082
118	73	4082
73	150	4438
150	73	4438
73	142	4506
142	73	4507
73	77	3279
77	73	3279
73	140	3937
140	73	3938
73	193	4195
193	73	4195
73	141	3462
141	73	3463
73	112	4549
112	73	4549
73	104	1978
104	73	1978
74	179	4596
179	74	4597
74	155	607
155	74	607
74	103	4283
103	74	4283
74	90	3850
90	74	3851
74	83	4593
83	74	4594
75	166	3702
166	75	3702
75	145	2462
145	75	2463
75	171	4523
171	75	4523
76	159	3726
159	76	3727
76	155	4400
155	76	4401
76	165	3597
165	76	3598
76	176	3881
176	76	3882
76	88	199
88	76	200
76	118	184
118	76	184
76	104	2091
104	76	2091
76	90	3833
90	76	3834
77	192	3982
192	77	3982
77	104	4173
104	77	4173
77	167	3845
167	77	3845
77	122	4585
122	77	4586
77	170	4599
170	77	4599
77	107	1409
107	77	1410
77	130	4322
130	77	4322
77	137	1991
137	77	1991
77	189	2088
189	77	2088
77	85	3354
85	77	3354
77	119	2587
119	77	2587
77	99	4419
99	77	4419
77	175	4747
175	77	4748
78	172	801
172	78	801
78	156	4943
156	78	4943
78	141	4583
141	78	4584
78	196	3916
196	78	3916
78	164	1922
164	78	1922
78	147	4404
147	78	4404
78	133	3911
133	78	3911
78	155	2667
155	78	2668
78	114	1092
114	78	1093
78	99	2762
99	78	2762
78	93	4321
93	78	4321
78	189	3996
189	78	3997
78	100	2598
100	78	2598
78	80	4708
80	78	4708
78	110	2735
110	78	2735
79	126	3928
126	79	3928
79	82	2474
82	79	2475
79	99	3682
99	79	3682
79	157	4278
157	79	4279
79	147	4657
147	79	4657
79	124	4430
124	79	4431
79	127	4495
127	79	4495
80	123	3164
123	80	3164
80	127	3653
127	80	3654
80	179	1405
179	80	1405
80	104	4289
104	80	4290
80	108	2641
108	80	2641
80	169	4716
169	80	4716
80	114	3422
114	80	3423
81	84	4316
84	81	4316
81	103	170
103	81	171
81	93	2538
93	81	2539
81	114	1432
114	81	1432
81	173	1442
173	81	1442
81	112	4602
112	81	4602
81	171	1982
171	81	1982
81	109	2553
109	81	2553
81	140	3369
140	81	3370
81	163	1202
163	81	1202
82	163	3043
163	82	3043
82	92	1053
92	82	1053
82	113	2562
113	82	2563
82	175	4952
175	82	4953
82	98	4548
98	82	4549
82	114	4140
114	82	4141
83	111	1021
111	83	1022
83	90	537
90	83	537
83	146	4265
146	83	4265
83	189	3282
189	83	3283
83	89	4382
89	83	4383
83	110	3592
110	83	3592
83	87	4518
87	83	4518
83	161	4513
161	83	4513
83	149	1147
149	83	1147
84	135	2419
135	84	2419
84	136	3513
136	84	3513
84	90	3563
90	84	3563
84	117	4575
117	84	4575
84	103	976
103	84	976
84	154	3910
154	84	3910
84	151	2966
151	84	2966
84	173	2639
173	84	2640
84	88	4285
88	84	4286
84	152	3110
152	84	3110
84	129	3534
129	84	3534
85	154	1995
154	85	1995
85	193	1207
193	85	1207
85	151	4548
151	85	4549
85	95	554
95	85	554
85	127	4874
127	85	4875
85	167	4837
167	85	4837
85	109	4003
109	85	4004
85	159	1423
159	85	1424
85	108	4451
108	85	4452
85	88	2648
88	85	2648
85	136	682
136	85	683
85	90	1322
90	85	1323
85	164	4996
164	85	4997
86	139	3757
139	86	3758
86	159	2568
159	86	2568
86	192	4513
192	86	4514
86	138	4490
138	86	4491
86	186	1775
186	86	1776
86	163	3586
163	86	3587
86	137	3138
137	86	3138
86	180	3145
180	86	3145
86	87	3732
87	86	3732
86	114	549
114	86	550
86	117	3108
117	86	3108
86	118	2329
118	86	2329
87	107	1560
107	87	1560
87	147	4770
147	87	4770
87	103	2154
103	87	2154
87	118	3657
118	87	3658
87	148	4008
148	87	4008
87	99	4878
99	87	4878
87	126	1481
126	87	1481
87	157	4217
157	87	4217
87	91	1801
91	87	1802
88	130	2058
130	88	2059
88	129	1050
129	88	1050
88	137	4645
137	88	4645
88	178	1670
178	88	1671
88	134	4645
134	88	4645
88	113	3031
113	88	3032
88	101	4257
101	88	4258
88	158	4071
158	88	4071
88	162	3674
162	88	3674
89	114	690
114	89	690
89	146	4367
146	89	4367
89	141	3240
141	89	3241
89	128	4537
128	89	4537
89	132	4956
132	89	4957
89	103	3939
103	89	3940
89	111	3925
111	89	3926
89	156	3598
156	89	3599
89	93	2480
93	89	2481
89	130	4383
130	89	4383
89	155	3865
155	89	3865
90	93	3570
93	90	3570
90	171	1278
171	90	1278
90	104	3754
104	90	3755
90	144	2689
144	90	2690
91	109	2035
109	91	2036
91	123	3742
123	91	3742
91	107	4307
107	91	4307
91	102	1164
102	91	1164
91	175	2721
175	91	2721
91	131	545
131	91	546
91	146	1931
146	91	1932
91	157	2991
157	91	2991
91	118	3552
118	91	3552
91	100	4510
100	91	4510
91	172	1688
172	91	1688
91	117	4814
117	91	4815
91	130	1009
130	91	1010
91	159	1868
159	91	1869
91	96	665
96	91	666
92	171	2722
171	92	2723
92	98	1709
98	92	1710
92	145	1429
145	92	1430
92	148	507
148	92	508
92	94	730
94	92	730
92	180	4952
180	92	4953
92	103	3867
103	92	3868
92	120	3292
120	92	3292
92	118	1302
118	92	1303
92	151	4993
151	92	4993
92	156	3492
156	92	3493
92	104	3648
104	92	3649
93	117	4391
117	93	4392
93	177	4959
177	93	4960
93	114	1967
114	93	1968
93	137	1293
137	93	1294
93	179	3112
179	93	3112
93	173	4193
173	93	4194
93	132	1472
132	93	1473
93	101	2950
101	93	2951
93	161	748
161	93	749
93	116	4279
116	93	4280
94	127	1600
127	94	1600
94	168	3004
168	94	3004
94	96	3789
96	94	3789
94	157	3964
157	94	3965
94	150	4947
150	94	4948
94	126	4615
126	94	4615
94	197	2544
197	94	2544
94	146	3824
146	94	3824
94	101	4655
101	94	4656
95	129	1536
129	95	1536
95	131	1560
131	95	1561
95	172	4830
172	95	4831
95	153	3389
153	95	3389
95	197	1626
197	95	1626
95	158	631
158	95	631
95	104	699
104	95	700
95	143	3805
143	95	3806
95	109	4341
109	95	4341
96	121	950
121	96	950
96	168	3927
168	96	3928
96	145	4106
145	96	4106
96	196	1997
196	96	1997
96	107	2201
107	96	2202
96	178	2052
178	96	2052
96	101	1997
101	96	1997
96	127	4415
127	96	4415
97	104	3367
104	97	3367
97	100	4981
100	97	4981
97	148	2752
148	97	2752
97	159	2700
159	97	2701
97	138	898
138	97	899
97	147	782
147	97	782
97	179	1585
179	97	1586
97	115	2956
115	97	2957
97	145	4449
145	97	4449
97	118	916
118	97	916
98	144	4461
144	98	4462
98	167	4136
167	98	4137
98	161	4180
161	98	4181
98	164	782
164	98	783
99	196	4981
196	99	4981
99	164	4287
164	99	4288
99	122	2087
122	99	2088
99	169	2776
169	99	2776
99	120	4241
120	99	4242
99	111	3453
111	99	3454
99	130	2889
130	99	2890
99	105	4477
105	99	4477
100	140	4524
140	100	4525
100	118	1096
118	100	1097
100	130	523
130	100	524
101	197	1207
197	101	1208
101	145	1132
145	101	1133
104	135	3253
135	104	3254
105	142	3123
142	105	3124
105	145	273
145	105	274
105	172	1816
172	105	1817
105	130	2740
130	105	2741
105	144	4909
144	105	4909
105	156	2057
156	105	2057
105	115	1613
115	105	1614
105	111	555
111	105	556
105	153	2258
153	105	2259
105	117	4866
117	105	4867
108	128	3915
128	108	3915
108	138	3308
138	108	3309
108	142	2522
142	108	2522
108	162	3817
162	108	3818
108	127	1644
127	108	1645
108	132	4927
132	108	4927
108	141	3027
141	108	3027
108	140	2647
140	108	2648
109	134	3673
134	109	3673
109	136	4611
136	109	4612
109	127	1445
127	109	1445
111	120	3678
120	111	3679
111	174	3597
174	111	3597
111	140	918
140	111	918
112	150	530
150	112	531
112	143	3707
143	112	3708
112	116	4309
116	112	4310
112	119	3316
119	112	3316
112	141	2537
141	112	2538
112	132	4335
132	112	4335
114	163	1376
163	114	1377
115	163	3260
163	115	3261
115	116	4272
116	115	4273
116	167	4887
167	116	4887
116	148	3748
148	116	3748
116	142	1059
142	116	1059
116	125	4401
125	116	4402
119	156	1550
156	119	1551
119	164	4275
164	119	4276
119	149	4667
149	119	4667
119	188	970
188	119	971
119	132	3685
132	119	3685
119	140	4000
140	119	4001
119	150	909
150	119	909
119	131	4889
131	119	4889
120	179	4305
179	120	4306
120	162	473
162	120	474
120	171	2435
171	120	2435
120	157	3683
157	120	3684
121	142	4989
142	121	4989
121	165	1860
165	121	1860
121	171	4528
171	121	4528
121	162	3844
162	121	3845
121	179	4773
179	121	4774
122	152	2314
152	122	2315
122	123	2701
123	122	2701
122	150	4147
150	122	4147
122	141	3823
141	122	3823
123	125	3318
125	123	3318
124	159	3422
159	124	3422
124	157	3464
157	124	3464
124	136	3171
136	124	3172
124	127	1396
127	124	1397
124	142	1041
142	124	1041
124	180	4047
180	124	4047
124	135	2639
135	124	2640
125	167	4886
167	125	4886
125	137	579
137	125	580
125	164	3732
164	125	3732
125	154	4268
154	125	4268
125	165	1210
165	125	1210
125	143	1976
143	125	1976
127	177	3193
177	127	3193
127	159	2793
159	127	2794
127	171	3701
171	127	3701
128	143	4198
143	128	4198
128	135	3868
135	128	3869
128	179	4400
179	128	4400
128	145	3695
145	128	3695
129	163	4136
163	129	4136
129	166	4207
166	129	4207
129	158	4496
158	129	4496
129	131	4677
131	129	4677
129	178	3721
178	129	3721
129	174	427
174	129	428
129	151	302
151	129	302
131	172	1713
172	131	1714
131	149	2749
149	131	2749
131	148	3852
148	131	3853
131	188	3026
188	131	3026
131	166	1257
166	131	1258
132	166	4111
166	132	4111
132	144	3725
144	132	3726
134	165	1776
165	134	1776
134	154	2332
154	134	2333
134	157	3336
157	134	3337
135	153	4985
153	135	4986
135	179	1315
179	135	1316
135	180	2994
180	135	2995
135	157	305
157	135	306
135	145	1055
145	135	1055
136	166	1437
166	136	1437
140	167	4631
167	140	4632
142	174	394
174	142	394
142	148	2434
148	142	2434
143	157	3435
157	143	3436
143	165	1495
165	143	1495
143	153	3660
153	143	3660
143	155	4372
155	143	4372
143	177	2209
177	143	2210
148	173	4406
173	148	4406
148	163	730
163	148	730
148	157	766
157	148	767
148	158	4370
158	148	4371
149	152	3964
152	149	3964
149	175	2491
175	149	2491
149	163	4619
163	149	4619
149	167	4470
167	149	4470
152	153	1441
153	152	1442
152	177	1898
177	152	1898
152	157	599
157	152	599
153	166	287
166	153	287
153	165	3973
165	153	3974
154	155	1382
155	154	1382
154	177	2021
177	154	2022
154	173	2967
173	154	2968
155	165	3944
165	155	3945
155	175	3785
175	155	3786
155	174	4290
174	155	4290
155	188	4714
188	155	4715
157	173	1219
173	157	1220
157	158	3054
158	157	3055
165	177	2648
177	165	2649
166	175	3572
175	166	3572
166	168	1754
168	166	1755
168	178	2175
178	168	2176
168	175	4371
175	168	4372
174	175	4400
175	174	4401
174	177	2804
177	174	2804
174	178	3812
178	174	3812
175	177	3351
177	175	3351
