200	2800
2	2
2	2
5	5
3	3
4	4
2	2
2	2
4	4
4	4
5	5
3	3
4	4
5	5
2	2
2	2
4	4
4	4
2	2
3	3
2	2
3	3
4	4
4	4
5	5
5	5
4	4
2	2
4	4
3	3
4	4
5	5
5	5
3	3
2	2
4	4
3	3
4	4
5	5
5	5
3	3
2	2
5	5
4	4
5	5
4	4
2	2
4	4
5	5
3	3
3	3
5	5
3	3
2	2
3	3
3	3
2	2
3	3
5	5
5	5
2	2
5	5
4	4
4	4
3	3
5	5
3	3
3	3
2	2
5	5
2	2
4	4
3	3
3	3
5	5
4	4
3	3
5	5
2	2
5	5
5	5
5	5
2	2
2	2
4	4
5	5
4	4
4	4
4	4
5	5
5	5
2	2
3	3
3	3
4	4
4	4
5	5
3	3
5	5
3	3
3	3
4	4
3	3
3	3
2	2
2	2
4	4
5	5
2	2
4	4
3	3
5	5
4	4
4	4
5	5
4	4
5	5
2	2
2	2
4	4
2	2
2	2
3	3
2	2
3	3
2	2
4	4
5	5
2	2
2	2
3	3
5	5
4	4
2	2
4	4
3	3
3	3
3	3
2	2
4	4
5	5
4	4
5	5
4	4
2	2
5	5
3	3
2	2
4	4
3	3
3	3
3	3
5	5
2	2
2	2
3	3
4	4
2	2
4	4
4	4
5	5
2	2
3	3
3	3
2	2
2	2
5	5
3	3
2	2
5	5
3	3
2	2
5	5
2	2
2	2
2	2
3	3
3	3
2	2
5	5
3	3
3	3
3	3
5	5
5	5
4	4
2	2
4	4
5	5
3	3
5	5
3	3
4	4
4	4
5	5
5	5
3	3
5	5
4	4
3	3
5	5
1	119	3364
119	1	3364
1	68	2017
68	1	2018
1	117	3721
117	1	3722
1	16	601
16	1	601
1	189	2823
189	1	2824
1	33	3771
33	1	3771
1	186	4041
186	1	4042
1	116	1917
116	1	1917
1	88	4457
88	1	4458
1	146	2630
146	1	2630
1	191	1193
191	1	1193
1	154	3388
154	1	3389
1	39	4916
39	1	4917
1	181	4315
181	1	4315
1	114	1718
114	1	1718
1	151	2352
151	1	2352
1	21	973
21	1	973
1	8	2511
8	1	2511
1	149	4660
149	1	4661
1	67	4295
67	1	4296
2	46	4734
46	2	4735
2	148	2255
148	2	2255
2	121	3937
121	2	3937
2	174	3803
174	2	3804
2	198	2106
198	2	2107
2	97	4519
97	2	4519
2	135	3766
135	2	3766
2	124	686
124	2	686
2	57	3078
57	2	3079
2	19	123
19	2	123
2	139	4803
139	2	4804
2	164	2110
164	2	2110
2	167	4455
167	2	4455
2	86	4891
86	2	4891
2	130	448
130	2	449
2	94	4033
94	2	4034
2	70	3588
70	2	3589
2	165	3284
165	2	3284
2	66	3503
66	2	3504
2	20	4190
20	2	4190
3	18	4864
18	3	4865
3	46	3789
46	3	3790
3	35	3251
35	3	3251
3	148	2779
148	3	2780
3	44	1984
44	3	1984
3	32	820
32	3	820
3	99	4572
99	3	4573
3	127	3345
127	3	3345
3	133	2934
133	3	2934
3	25	3678
25	3	3678
3	38	3002
38	3	3002
3	96	3185
96	3	3185
3	10	4371
10	3	4372
3	196	4390
196	3	4390
3	135	3729
135	3	3730
3	111	3991
111	3	3992
3	4	481
4	3	482
3	120	332
120	3	332
3	24	3149
24	3	3150
3	88	4969
88	3	4969
4	130	4678
130	4	4679
4	140	3845
140	4	3845
4	50	4580
50	4	4581
4	169	4075
169	4	4076
4	171	4489
171	4	4490
4	127	4054
127	4	4055
4	159	4930
159	4	4931
4	21	4916
21	4	4917
4	100	4902
100	4	4903
4	190	4310
190	4	4311
4	87	4377
87	4	4377
4	110	2981
110	4	2981
4	57	4031
57	4	4032
4	143	3081
143	4	3082
4	92	4464
92	4	4464
4	10	3763
10	4	3763
4	47	3532
47	4	3533
4	27	4033
27	4	4033
4	182	4554
182	4	4554
5	116	1743
116	5	1743
5	45	1609
45	5	1609
5	183	2418
183	5	2418
5	20	2438
20	5	2438
5	80	4555
80	5	4556
5	182	2992
182	5	2992
5	17	4874
17	5	4874
5	89	4591
89	5	4592
5	74	4050
74	5	4051
5	153	2387
153	5	2387
5	107	976
107	5	977
5	67	3530
67	5	3530
5	128	4815
128	5	4815
5	37	3199
37	5	3200
5	48	3045
48	5	3046
5	122	3815
122	5	3816
5	11	3569
11	5	3569
5	130	4843
130	5	4843
5	84	1488
84	5	1488
5	38	1179
38	5	1180
6	51	3177
51	6	3178
6	114	3924
114	6	3925
6	141	3901
141	6	3901
6	21	319
21	6	320
6	74	2029
74	6	2029
6	197	3578
197	6	3578
6	118	3698
118	6	3698
6	195	4114
195	6	4115
6	153	4707
153	6	4708
6	29	4464
29	6	4464
6	17	3339
17	6	3339
6	55	2450
55	6	2450
6	15	4528
15	6	4529
6	22	3755
22	6	3755
6	121	4610
121	6	4610
6	188	3527
188	6	3528
6	189	4485
189	6	4486
6	89	2417
89	6	2418
6	164	4725
164	6	4726
6	39	3042
39	6	3043
7	66	2552
66	7	2553
7	186	4372
186	7	4372
7	117	1118
117	7	1119
7	17	91
17	7	91
7	69	2388
69	7	2389
7	63	4468
63	7	4469
7	13	2978
13	7	2979
7	16	319
16	7	320
7	50	4336
50	7	4336
7	115	4619
115	7	4619
7	58	2005
58	7	2005
7	116	1289
116	7	1289
7	122	3026
122	7	3026
7	132	3057
132	7	3057
7	157	4950
157	7	4951
7	29	3726
29	7	3727
7	149	2657
149	7	2657
7	72	1966
72	7	1966
7	82	105
82	7	106
7	21	3330
21	7	3330
8	48	2689
48	8	2689
8	47	659
47	8	660
8	106	3952
106	8	3952
8	171	3538
171	8	3539
8	154	2370
154	8	2371
8	133	1438
133	8	1439
8	50	3663
50	8	3664
8	65	3485
65	8	3485
8	134	2852
134	8	2852
8	101	4065
101	8	4066
8	145	1349
145	8	1350
8	199	836
199	8	836
8	81	2232
81	8	2232
8	79	3718
79	8	3719
8	92	4157
92	8	4157
8	192	3610
192	8	3610
8	95	4898
95	8	4899
8	132	2717
132	8	2718
8	23	1965
23	8	1965
9	67	318
67	9	318
9	104	4976
104	9	4976
9	54	4391
54	9	4392
9	123	4862
123	9	4862
9	36	4857
36	9	4858
9	81	4202
81	9	4202
9	165	2477
165	9	2478
9	29	4136
29	9	4137
9	66	4068
66	9	4068
9	125	1515
125	9	1515
9	156	3658
156	9	3658
9	47	1710
47	9	1711
9	26	3930
26	9	3931
9	63	4787
63	9	4787
9	171	1085
171	9	1085
9	40	2250
40	9	2250
9	181	4923
181	9	4923
9	61	3006
61	9	3007
9	189	2757
189	9	2757
9	57	4314
57	9	4315
10	19	3474
19	10	3474
10	27	3784
27	10	3784
10	89	2014
89	10	2015
10	126	619
126	10	619
10	66	4230
66	10	4230
10	87	1061
87	10	1061
10	115	3918
115	10	3919
10	185	1803
185	10	1804
10	102	4457
102	10	4457
10	76	3138
76	10	3139
10	124	966
124	10	966
10	69	4531
69	10	4532
10	165	4972
165	10	4973
10	199	3975
199	10	3975
10	200	1152
200	10	1152
10	15	3920
15	10	3921
10	50	2885
50	10	2886
10	179	4497
179	10	4498
11	134	4336
134	11	4336
11	186	4356
186	11	4356
11	61	4188
61	11	4188
11	94	1404
94	11	1404
11	14	3007
14	11	3007
11	159	650
159	11	650
11	73	4030
73	11	4030
11	59	1510
59	11	1511
11	142	3682
142	11	3682
11	155	2436
155	11	2437
11	17	4446
17	11	4447
11	41	3572
41	11	3573
11	114	1280
114	11	1281
11	132	2225
132	11	2225
11	50	3696
50	11	3696
11	95	2112
95	11	2112
11	19	3551
19	11	3551
11	158	4263
158	11	4264
11	200	2863
200	11	2863
12	153	3524
153	12	3524
12	29	4021
29	12	4022
12	38	3972
38	12	3972
12	194	3175
194	12	3176
12	16	1170
16	12	1170
12	109	3648
109	12	3649
12	45	637
45	12	637
12	159	3388
159	12	3389
12	40	4724
40	12	4725
12	53	4355
53	12	4356
12	23	947
23	12	948
12	126	3763
126	12	3764
12	147	4656
147	12	4656
12	190	4995
190	12	4995
12	34	3823
34	12	3824
12	149	4109
149	12	4110
12	51	3561
51	12	3562
12	43	3753
43	12	3754
12	107	3390
107	12	3390
12	187	1720
187	12	1720
13	128	4106
128	13	4106
13	100	4513
100	13	4514
13	28	4003
28	13	4004
13	68	3737
68	13	3738
13	147	2997
147	13	2998
13	83	4419
83	13	4420
13	53	1178
53	13	1178
13	171	1715
171	13	1716
13	190	4454
190	13	4455
13	78	3925
78	13	3926
13	145	4789
145	13	4789
13	55	4746
55	13	4747
13	88	1036
88	13	1036
13	89	567
89	13	567
13	120	2884
120	13	2885
13	35	876
35	13	876
13	42	2318
42	13	2319
13	143	2005
143	13	2005
13	87	2440
87	13	2441
14	41	1075
41	14	1075
14	181	3087
181	14	3087
14	17	834
17	14	835
14	36	3827
36	14	3828
14	145	4040
145	14	4041
14	122	2105
122	14	2106
14	46	623
46	14	624
14	142	4109
142	14	4109
14	74	1833
74	14	1833
14	65	4794
65	14	4794
14	168	99
168	14	100
14	66	4544
66	14	4545
14	38	3784
38	14	3784
14	119	3441
119	14	3441
14	149	137
149	14	138
14	81	1422
81	14	1423
14	53	2728
53	14	2729
14	188	4202
188	14	4203
14	114	3876
114	14	3877
15	37	2952
37	15	2953
15	175	2372
175	15	2373
15	131	1340
131	15	1341
15	142	2661
142	15	2661
15	65	4523
65	15	4524
15	145	3882
145	15	3882
15	81	3899
81	15	3899
15	122	1582
122	15	1583
15	41	4003
41	15	4003
15	52	3252
52	15	3252
15	96	2212
96	15	2212
15	121	4870
121	15	4871
15	50	2997
50	15	2998
15	48	2228
48	15	2229
15	64	2253
64	15	2254
15	184	3971
184	15	3972
15	21	1171
21	15	1171
15	159	4654
159	15	4654
16	62	4083
62	16	4084
16	83	3277
83	16	3277
16	170	4852
170	16	4852
16	112	2463
112	16	2463
16	94	3559
94	16	3559
16	136	1656
136	16	1656
16	162	188
162	16	189
16	131	1278
131	16	1279
16	126	4727
126	16	4727
16	137	1332
137	16	1333
16	40	3725
40	16	3725
16	164	3860
164	16	3861
16	89	1170
89	16	1171
16	103	361
103	16	362
16	198	1458
198	16	1458
16	138	4723
138	16	4724
16	159	3758
159	16	3759
17	119	4392
119	17	4393
17	104	2232
104	17	2233
17	37	2076
37	17	2077
17	138	4452
138	17	4453
17	168	4959
168	17	4960
17	47	3766
47	17	3767
17	147	2869
147	17	2870
17	178	4999
178	17	5000
17	141	1115
141	17	1115
17	23	4272
23	17	4272
17	142	3679
142	17	3679
17	43	1586
43	17	1587
17	46	4371
46	17	4371
17	116	4904
116	17	4904
17	175	3792
175	17	3792
18	188	1154
188	18	1154
18	139	4728
139	18	4728
18	53	2646
53	18	2646
18	190	1253
190	18	1254
18	154	2872
154	18	2873
18	171	4516
171	18	4516
18	63	4147
63	18	4148
18	149	4821
149	18	4822
18	132	4405
132	18	4406
18	156	1427
156	18	1427
18	158	3634
158	18	3634
18	40	4557
40	18	4557
18	163	4108
163	18	4108
18	106	3116
106	18	3117
18	178	3733
178	18	3734
18	71	653
71	18	654
18	94	4527
94	18	4528
18	128	4857
128	18	4857
18	176	3184
176	18	3185
19	158	3885
158	19	3886
19	120	3854
120	19	3855
19	107	2560
107	19	2561
19	180	1106
180	19	1106
19	68	2723
68	19	2724
19	159	3140
159	19	3140
19	89	690
89	19	690
19	64	4169
64	19	4170
19	167	729
167	19	730
19	85	860
85	19	860
19	131	4108
131	19	4109
19	103	4728
103	19	4729
19	84	3638
84	19	3639
19	190	3109
190	19	3109
19	88	2890
88	19	2890
19	41	4729
41	19	4730
19	95	4624
95	19	4624
20	101	1527
101	20	1528
20	165	4130
165	20	4130
20	141	2167
141	20	2168
20	53	2686
53	20	2686
20	177	1903
177	20	1903
20	109	4850
109	20	4851
20	176	3517
176	20	3518
20	115	725
115	20	725
20	139	1227
139	20	1228
20	160	3515
160	20	3515
20	104	1920
104	20	1920
20	39	4012
39	20	4012
20	95	3814
95	20	3815
20	62	4639
62	20	4639
20	57	4035
57	20	4036
20	59	3726
59	20	3727
20	100	1644
100	20	1644
20	138	2120
138	20	2121
21	175	4810
175	21	4811
21	73	439
73	21	439
21	79	2016
79	21	2016
21	112	509
112	21	510
21	177	2266
177	21	2267
21	76	796
76	21	796
21	164	1183
164	21	1183
21	114	2731
114	21	2731
21	54	4082
54	21	4082
21	132	3900
132	21	3901
21	51	4021
51	21	4021
21	154	2432
154	21	2433
21	57	318
57	21	318
22	165	3944
165	22	3944
22	71	4097
71	22	4098
22	144	4559
144	22	4559
22	152	3649
152	22	3650
22	44	1579
44	22	1580
22	133	1763
133	22	1763
22	23	3946
23	22	3946
22	146	1671
146	22	1671
22	168	1664
168	22	1664
22	169	215
169	22	216
22	123	4289
123	22	4290
22	93	3071
93	22	3071
22	131	4595
131	22	4596
22	83	2223
83	22	2223
22	156	4774
156	22	4775
22	174	3148
174	22	3148
22	111	752
111	22	753
22	74	1705
74	22	1705
23	162	376
162	23	377
23	66	3080
66	23	3080
23	35	4291
35	23	4292
23	142	1464
142	23	1464
23	96	4173
96	23	4173
23	60	2910
60	23	2911
23	93	4575
93	23	4575
23	120	4926
120	23	4926
23	49	4027
49	23	4028
23	110	3551
110	23	3551
23	194	4470
194	23	4470
23	59	4475
59	23	4476
24	137	138
137	24	138
24	167	448
167	24	449
24	39	1502
39	24	1503
24	185	1354
185	24	1354
24	115	4279
115	24	4280
24	72	2662
72	24	2663
24	38	4974
38	24	4975
24	133	4650
133	24	4651
24	30	1949
30	24	1949
24	122	1467
122	24	1467
24	146	445
146	24	445
24	68	4262
68	24	4263
24	43	4566
43	24	4566
24	75	551
75	24	551
24	145	4255
145	24	4255
24	109	1883
109	24	1883
24	110	278
110	24	278
25	70	3852
70	25	3853
25	80	4197
80	25	4198
25	123	342
123	25	342
25	108	81
108	25	82
25	149	4113
149	25	4113
25	71	4460
71	25	4460
25	195	4877
195	25	4877
25	157	4188
157	25	4189
25	85	684
85	25	685
25	90	1401
90	25	1401
25	101	3758
101	25	3758
25	186	4722
186	25	4722
25	146	1500
146	25	1501
25	144	3663
144	25	3663
25	66	4362
66	25	4362
25	49	2207
49	25	2208
26	193	1067
193	26	1067
26	99	4588
99	26	4588
26	106	3215
106	26	3216
26	145	1612
145	26	1613
26	192	2845
192	26	2846
26	176	3866
176	26	3867
26	174	4495
174	26	4495
26	152	1566
152	26	1567
26	171	4341
171	26	4341
26	62	4865
62	26	4865
26	113	322
113	26	323
26	157	1940
157	26	1941
26	185	3385
185	26	3385
26	71	1237
71	26	1237
26	135	4768
135	26	4769
26	146	1533
146	26	1533
26	109	3261
109	26	3261
26	48	3205
48	26	3206
27	31	3870
31	27	3870
27	150	3965
150	27	3965
27	144	4561
144	27	4562
27	61	1571
61	27	1572
27	39	1784
39	27	1784
27	196	3787
196	27	3788
27	145	4325
145	27	4326
27	135	2811
135	27	2812
27	161	2873
161	27	2874
27	43	4377
43	27	4378
27	192	4918
192	27	4919
27	180	1232
180	27	1233
27	143	4237
143	27	4238
27	102	4922
102	27	4922
27	54	351
54	27	352
27	197	488
197	27	488
28	106	3900
106	28	3901
28	112	499
112	28	499
28	150	4988
150	28	4989
28	58	4603
58	28	4603
28	81	483
81	28	484
28	38	4072
38	28	4073
28	34	3223
34	28	3223
28	146	2145
146	28	2146
28	100	537
100	28	538
28	31	4024
31	28	4025
28	88	374
88	28	374
28	111	2704
111	28	2705
28	122	771
122	28	771
28	187	4341
187	28	4342
28	119	329
119	28	330
28	185	4446
185	28	4447
28	68	2442
68	28	2443
29	122	1549
122	29	1549
29	82	2929
82	29	2930
29	84	2169
84	29	2170
29	123	4248
123	29	4249
29	99	3986
99	29	3987
29	56	2733
56	29	2734
29	51	4433
51	29	4433
29	198	3803
198	29	3803
29	112	2441
112	29	2441
29	111	3573
111	29	3573
29	175	4541
175	29	4541
30	138	1096
138	30	1096
30	78	1489
78	30	1489
30	139	3197
139	30	3197
30	101	4659
101	30	4659
30	68	2845
68	30	2845
30	63	4602
63	30	4603
30	153	2530
153	30	2530
30	40	4561
40	30	4561
30	156	4582
156	30	4582
30	117	4164
117	30	4165
30	44	4007
44	30	4008
30	132	355
132	30	356
30	50	4475
50	30	4476
30	73	3610
73	30	3610
31	71	3239
71	31	3240
31	105	1659
105	31	1659
31	126	1070
126	31	1071
31	100	1626
100	31	1627
31	146	3330
146	31	3330
31	66	2733
66	31	2733
31	116	1893
116	31	1894
31	61	4832
61	31	4833
31	118	4235
118	31	4235
31	40	1184
40	31	1185
31	55	3538
55	31	3538
31	124	1582
124	31	1583
31	36	4440
36	31	4440
31	52	4433
52	31	4433
31	74	3357
74	31	3358
31	91	2807
91	31	2808
31	107	4502
107	31	4502
32	159	4408
159	32	4409
32	187	4784
187	32	4785
32	127	2660
127	32	2660
32	172	3853
172	32	3854
32	136	1309
136	32	1310
32	37	2951
37	32	2952
32	147	3030
147	32	3031
32	33	1348
33	32	1348
32	48	3961
48	32	3962
32	175	4137
175	32	4138
32	105	3426
105	32	3426
32	141	2363
141	32	2363
32	52	4491
52	32	4492
32	85	891
85	32	891
32	102	2733
102	32	2733
32	177	1509
177	32	1510
33	48	4529
48	33	4529
33	58	4223
58	33	4224
33	66	4232
66	33	4233
33	120	3261
120	33	3261
33	73	3918
73	33	3918
33	93	4276
93	33	4277
33	112	2323
112	33	2323
33	44	3230
44	33	3231
33	167	4967
167	33	4968
33	140	1997
140	33	1997
33	158	3544
158	33	3544
33	198	1189
198	33	1190
33	39	4725
39	33	4726
33	49	2314
49	33	2314
33	197	1193
197	33	1193
33	134	3707
134	33	3708
34	171	2758
171	34	2758
34	162	4789
162	34	4790
34	139	3911
139	34	3912
34	188	3896
188	34	3897
34	62	4469
62	34	4469
34	115	4799
115	34	4800
34	111	4594
111	34	4594
34	168	2758
168	34	2758
34	163	4740
163	34	4741
34	147	4691
147	34	4691
34	108	1758
108	34	1759
34	185	4191
185	34	4192
34	143	1667
143	34	1668
34	55	4302
55	34	4302
34	70	2588
70	34	2588
35	49	3874
49	35	3874
35	86	3431
86	35	3432
35	78	2117
78	35	2118
35	47	64
47	35	64
35	38	4166
38	35	4166
35	163	4949
163	35	4950
35	106	4356
106	35	4356
35	68	400
68	35	401
35	178	4885
178	35	4886
35	143	3544
143	35	3544
35	52	585
52	35	585
35	109	3646
109	35	3646
35	150	3859
150	35	3859
36	110	1013
110	36	1014
36	174	582
174	36	582
36	54	3685
54	36	3685
36	87	4738
87	36	4739
36	183	1314
183	36	1314
36	188	847
188	36	847
36	88	1451
88	36	1452
36	138	878
138	36	878
36	143	4962
143	36	4963
36	83	4334
83	36	4335
36	123	1944
123	36	1945
36	72	4974
72	36	4975
36	113	3130
113	36	3131
37	76	4700
76	37	4700
37	139	4048
139	37	4048
37	195	3875
195	37	3875
37	63	548
63	37	549
37	93	4915
93	37	4916
37	134	4323
134	37	4323
37	74	1424
74	37	1425
37	116	1216
116	37	1217
37	177	101
177	37	101
37	73	2941
73	37	2941
37	120	3496
120	37	3496
37	163	2700
163	37	2701
37	99	4815
99	37	4816
37	158	4487
158	37	4487
37	57	365
57	37	366
38	91	4996
91	38	4996
38	161	3585
161	38	3586
38	102	3618
102	38	3619
38	155	4081
155	38	4082
38	172	3132
172	38	3133
38	159	2310
159	38	2310
38	160	1584
160	38	1585
38	185	4448
185	38	4449
38	92	2145
92	38	2146
38	63	599
63	38	600
38	124	4401
124	38	4401
39	127	2601
127	39	2601
39	58	465
58	39	465
39	68	2730
68	39	2731
39	188	3460
188	39	3461
39	67	964
67	39	965
39	55	3167
55	39	3167
39	76	4341
76	39	4341
39	120	1551
120	39	1551
39	60	385
60	39	386
39	72	3633
72	39	3634
40	145	565
145	40	565
40	192	4904
192	40	4904
40	195	98
195	40	98
40	143	4686
143	40	4687
40	56	4196
56	40	4196
40	197	3602
197	40	3603
40	175	3388
175	40	3388
40	118	4400
118	40	4401
40	124	3450
124	40	3450
41	173	1923
173	41	1923
41	130	446
130	41	446
41	161	1413
161	41	1414
41	80	4935
80	41	4936
41	109	4573
109	41	4573
41	89	1648
89	41	1649
41	85	4061
85	41	4062
41	53	3509
53	41	3509
41	105	4364
105	41	4365
41	68	4117
68	41	4117
41	58	3295
58	41	3296
41	72	4799
72	41	4800
41	126	4686
126	41	4687
42	62	4246
62	42	4246
42	138	1780
138	42	1781
42	72	956
72	42	957
42	178	881
178	42	882
42	103	3243
103	42	3244
42	161	3744
161	42	3744
42	58	3316
58	42	3317
42	75	2687
75	42	2687
42	50	3672
50	42	3672
42	160	3226
160	42	3227
42	151	4963
151	42	4963
42	69	4939
69	42	4940
42	59	1297
59	42	1298
42	76	1294
76	42	1295
42	118	4673
118	42	4674
42	126	3787
126	42	3787
42	82	4737
82	42	4738
43	173	3938
173	43	3939
43	168	4864
168	43	4864
43	165	1931
165	43	1931
43	140	4731
140	43	4731
43	106	4557
106	43	4557
43	63	4006
63	43	4006
43	51	3291
51	43	3291
43	138	1174
138	43	1175
43	76	2568
76	43	2568
43	59	3640
59	43	3640
43	123	1776
123	43	1776
43	129	3722
129	43	3722
43	128	1710
128	43	1710
44	115	4046
115	44	4047
44	169	1729
169	44	1729
44	150	3657
150	44	3657
44	78	4743
78	44	4743
44	67	4582
67	44	4582
44	99	4489
99	44	4490
44	164	2826
164	44	2827
44	82	3950
82	44	3950
44	130	2884
130	44	2884
44	157	4307
157	44	4308
44	104	4187
104	44	4188
44	155	4294
155	44	4295
44	152	4283
152	44	4283
44	196	416
196	44	417
45	150	1708
150	45	1709
45	112	4875
112	45	4876
45	180	4380
180	45	4381
45	161	2031
161	45	2032
45	117	3466
117	45	3466
45	126	2192
126	45	2193
45	114	1132
114	45	1133
45	135	4745
135	45	4745
45	69	4234
69	45	4234
45	148	2958
148	45	2959
45	167	1245
167	45	1245
45	56	4835
56	45	4836
45	72	588
72	45	589
45	73	4092
73	45	4093
45	83	2828
83	45	2828
45	92	2291
92	45	2292
45	50	1912
50	45	1913
46	151	806
151	46	807
46	54	2471
54	46	2471
46	120	2063
120	46	2064
46	153	1975
153	46	1976
46	81	1095
81	46	1095
46	63	1180
63	46	1181
46	106	4248
106	46	4248
46	55	3469
55	46	3469
46	140	4278
140	46	4279
46	167	4079
167	46	4079
46	168	4900
168	46	4901
46	101	1818
101	46	1819
46	91	3906
91	46	3907
46	84	2561
84	46	2562
47	95	3584
95	47	3585
47	120	4526
120	47	4526
47	141	2584
141	47	2585
47	52	4590
52	47	4590
47	147	2146
147	47	2147
47	61	4122
61	47	4122
47	85	4101
85	47	4102
47	57	4449
57	47	4450
47	90	2304
90	47	2304
47	138	4698
138	47	4698
47	166	4435
166	47	4436
47	48	4947
48	47	4948
48	80	4843
80	48	4843
48	134	4194
134	48	4195
48	196	3650
196	48	3651
48	172	3508
172	48	3508
48	104	3304
104	48	3305
48	146	4701
146	48	4702
48	155	3397
155	48	3398
48	171	4628
171	48	4628
48	67	3815
67	48	3816
48	112	1125
112	48	1125
48	99	346
99	48	346
49	146	2578
146	49	2579
49	58	4289
58	49	4289
49	152	3476
152	49	3477
49	85	1506
85	49	1506
49	62	4147
62	49	4148
49	156	4836
156	49	4836
49	141	4500
141	49	4500
49	134	3763
134	49	3763
49	69	4980
69	49	4980
49	82	3029
82	49	3029
49	108	398
108	49	399
49	144	359
144	49	360
49	70	3817
70	49	3818
49	87	4689
87	49	4690
50	102	4310
102	50	4311
50	177	3019
177	50	3019
50	109	1796
109	50	1797
50	152	2390
152	50	2390
50	79	2334
79	50	2335
50	125	4855
125	50	4855
50	194	2405
194	50	2405
50	114	4113
114	50	4113
51	90	4842
90	51	4842
51	65	3440
65	51	3440
51	73	3901
73	51	3902
51	138	3096
138	51	3097
51	62	1221
62	51	1221
51	105	3358
105	51	3359
51	155	4028
155	51	4029
51	193	3586
193	51	3586
51	63	3512
63	51	3513
51	98	4853
98	51	4853
51	130	4667
130	51	4667
51	129	1236
129	51	1236
51	118	3152
118	51	3152
51	68	1594
68	51	1594
52	74	4108
74	52	4109
52	169	4781
169	52	4781
52	120	4642
120	52	4642
52	137	4605
137	52	4606
52	86	2931
86	52	2932
52	131	1890
131	52	1890
52	121	1136
121	52	1136
52	114	3959
114	52	3960
52	81	4586
81	52	4587
52	183	3104
183	52	3104
53	139	3459
139	53	3460
53	87	3184
87	53	3185
53	173	2809
173	53	2809
53	162	4767
162	53	4768
53	113	3878
113	53	3879
53	142	4106
142	53	4106
53	148	382
148	53	383
53	117	4119
117	53	4120
53	101	578
101	53	579
54	149	3787
149	54	3787
54	118	4698
118	54	4698
54	144	2092
144	54	2093
54	193	3876
193	54	3876
54	132	3729
132	54	3730
54	96	3892
96	54	3893
54	58	1865
58	54	1866
54	61	2766
61	54	2767
54	162	4456
162	54	4457
54	153	2425
153	54	2425
55	95	4968
95	55	4968
55	137	2247
137	55	2248
55	58	3953
58	55	3953
55	192	4248
192	55	4248
55	130	2210
130	55	2210
55	152	4237
152	55	4238
55	144	4348
144	55	4348
55	153	2860
153	55	2861
55	94	3931
94	55	3932
55	104	2186
104	55	2186
56	129	4704
129	56	4705
56	133	1692
133	56	1692
56	149	2968
149	56	2968
56	144	4730
144	56	4730
56	89	3160
89	56	3161
56	73	2154
73	56	2155
56	67	2942
67	56	2943
56	114	4787
114	56	4787
56	166	2117
166	56	2117
56	165	3248
165	56	3248
56	58	3767
58	56	3767
56	106	3987
106	56	3987
56	79	397
79	56	397
56	105	921
105	56	921
57	62	4431
62	57	4432
57	172	3527
172	57	3527
57	98	3635
98	57	3636
57	142	3668
142	57	3669
57	65	4548
65	57	4549
57	141	1650
141	57	1650
57	111	2986
111	57	2987
57	66	2935
66	57	2935
58	194	2500
194	58	2500
58	134	4427
134	58	4428
58	107	2372
107	58	2373
58	183	4197
183	58	4198
58	66	3663
66	58	3663
58	126	4528
126	58	4529
58	168	694
168	58	695
58	152	4831
152	58	4831
58	111	2439
111	58	2439
59	164	4045
164	59	4046
59	175	3510
175	59	3511
59	177	3978
177	59	3978
59	141	3830
141	59	3830
59	132	4092
132	59	4092
59	149	4267
149	59	4267
59	142	2283
142	59	2284
59	161	4921
161	59	4921
59	172	4555
172	59	4555
59	179	4975
179	59	4976
60	126	2264
126	60	2264
60	68	3658
68	60	3658
60	85	4236
85	60	4236
60	174	2196
174	60	2196
60	121	4564
121	60	4564
60	156	264
156	60	264
60	142	4059
142	60	4059
60	176	1209
176	60	1209
60	146	4559
146	60	4559
60	102	3059
102	60	3059
60	173	4354
173	60	4355
60	112	3257
112	60	3257
60	128	4361
128	60	4361
60	81	2400
81	60	2400
60	72	4710
72	60	4711
61	134	4372
134	61	4372
61	166	4484
166	61	4484
61	167	1002
167	61	1002
61	71	4938
71	61	4939
61	123	4674
123	61	4674
61	163	3539
163	61	3539
61	74	3890
74	61	3891
61	87	542
87	61	543
61	78	1751
78	61	1751
62	160	3267
160	62	3268
62	87	4414
87	62	4414
62	102	433
102	62	434
62	78	3024
78	62	3024
62	169	3467
169	62	3468
62	149	4798
149	62	4799
62	109	4487
109	62	4487
62	133	506
133	62	506
62	135	2497
135	62	2498
62	72	3441
72	62	3442
63	123	3966
123	63	3966
63	180	4907
180	63	4908
63	69	2908
69	63	2909
63	141	3491
141	63	3491
63	173	1278
173	63	1279
63	70	4775
70	63	4775
63	85	890
85	63	890
63	158	3193
158	63	3194
63	175	4800
175	63	4800
64	73	3151
73	64	3152
64	105	4725
105	64	4725
64	77	3916
77	64	3916
64	106	3260
106	64	3261
64	136	4490
136	64	4491
64	114	993
114	64	993
64	90	4873
90	64	4874
64	164	4373
164	64	4374
64	74	3769
74	64	3769
64	99	3634
99	64	3634
64	84	3980
84	64	3981
64	194	663
194	64	663
64	68	4217
68	64	4217
65	152	1778
152	65	1779
65	173	4279
173	65	4279
65	78	4650
78	65	4651
65	130	334
130	65	334
65	109	1565
109	65	1566
65	106	871
106	65	871
65	164	1243
164	65	1244
65	116	447
116	65	447
65	135	2089
135	65	2089
65	178	3861
178	65	3861
65	80	3756
80	65	3757
65	138	2900
138	65	2900
66	74	2888
74	66	2888
66	97	3046
97	66	3047
66	171	4060
171	66	4060
66	100	2653
100	66	2654
66	153	1798
153	66	1798
66	165	3832
165	66	3832
66	175	2744
175	66	2744
66	110	535
110	66	535
67	104	2554
104	67	2554
67	87	4926
87	67	4927
67	92	2706
92	67	2706
67	176	1090
176	67	1091
67	161	3929
161	67	3929
67	174	860
174	67	860
67	126	2159
126	67	2159
67	122	4349
122	67	4350
67	108	786
108	67	787
67	96	1260
96	67	1260
67	74	4408
74	67	4408
68	128	4559
128	68	4559
68	99	1107
99	68	1107
68	115	3696
115	68	3696
69	122	1217
122	69	1217
69	170	3192
170	69	3193
69	154	4389
154	69	4389
69	157	1505
157	69	1505
69	113	3340
113	69	3340
69	111	4478
111	69	4479
69	136	3233
136	69	3234
69	160	2482
160	69	2483
69	151	4592
151	69	4593
69	121	4044
121	69	4045
70	142	4947
142	70	4948
70	185	4704
185	70	4705
70	157	3554
157	70	3555
70	116	1486
116	70	1487
70	141	4021
141	70	4022
70	160	4484
160	70	4485
70	83	3008
83	70	3009
70	80	3862
80	70	3862
70	102	2987
102	70	2987
70	151	1841
151	70	1841
70	168	4053
168	70	4053
70	183	4180
183	70	4180
70	129	4861
129	70	4862
71	141	3323
141	71	3324
71	143	3742
143	71	3743
71	86	4388
86	71	4388
71	180	3548
180	71	3549
71	117	2052
117	71	2053
71	193	1411
193	71	1411
71	154	3782
154	71	3783
71	170	2690
170	71	2690
71	110	2562
110	71	2562
71	197	4627
197	71	4627
72	170	1632
170	72	1632
72	162	4599
162	72	4600
72	89	2438
89	72	2438
72	166	782
166	72	782
72	78	4601
78	72	4601
72	97	4141
97	72	4142
72	123	4813
123	72	4814
72	127	4542
127	72	4543
72	168	1976
168	72	1976
72	131	4950
131	72	4951
73	142	4866
142	73	4866
73	135	2636
135	73	2637
73	171	4860
171	73	4860
73	116	3020
116	73	3021
73	123	4923
123	73	4923
73	76	70
76	73	70
73	111	3805
111	73	3805
74	140	4360
140	74	4361
74	111	3885
111	74	3886
74	110	4461
110	74	4461
74	107	2695
107	74	2696
74	103	4473
103	74	4474
74	163	4060
163	74	4060
74	78	3778
78	74	3778
74	92	4206
92	74	4207
75	179	4404
179	75	4405
75	117	649
117	75	650
75	87	283
87	75	284
75	100	3424
100	75	3424
75	177	4875
177	75	4876
75	169	4907
169	75	4908
75	151	4993
151	75	4993
75	81	3865
81	75	3866
75	160	4985
160	75	4986
75	126	4116
126	75	4116
75	173	1565
173	75	1565
75	178	3873
178	75	3873
75	162	1455
162	75	1456
76	89	1163
89	76	1163
76	104	1773
104	76	1773
76	124	1995
124	76	1995
76	108	4707
108	76	4708
76	93	4030
93	76	4030
76	79	127
79	76	128
76	116	4232
116	76	4233
76	145	3897
145	76	3897
76	136	4389
136	76	4389
77	94	3017
94	77	3018
77	124	3961
124	77	3961
77	147	4393
147	77	4394
77	104	2407
104	77	2408
77	139	3076
139	77	3077
77	107	1048
107	77	1048
77	122	3865
122	77	3865
77	133	4013
133	77	4014
77	169	3109
169	77	3109
77	156	4433
156	77	4434
77	126	2105
126	77	2106
77	160	3836
160	77	3837
77	106	1609
106	77	1610
77	153	4183
153	77	4183
77	148	4626
148	77	4626
78	132	4197
132	78	4197
78	139	4500
139	78	4501
78	85	4523
85	78	4524
78	82	2431
82	78	2432
78	101	3517
101	78	3517
78	145	1351
145	78	1351
78	94	3994
94	78	3994
79	95	2925
95	79	2925
79	145	4375
145	79	4375
79	96	2832
96	79	2833
79	84	4731
84	79	4732
79	169	487
169	79	487
79	174	2306
174	79	2307
79	83	2686
83	79	2686
79	149	3238
149	79	3239
79	127	3599
127	79	3599
79	176	1989
176	79	1989
79	102	2361
102	79	2362
80	166	1143
166	80	1143
80	98	3341
98	80	3342
80	159	1650
159	80	1650
80	108	2214
108	80	2214
80	107	1814
107	80	1814
80	148	4610
148	80	4610
80	139	4238
139	80	4238
80	106	4841
106	80	4842
80	168	2066
168	80	2066
81	141	338
141	81	338
81	85	4235
85	81	4236
81	172	2755
172	81	2756
81	86	3597
86	81	3597
81	144	4257
144	81	4258
81	122	3978
122	81	3979
81	157	4924
157	81	4924
81	162	3112
162	81	3113
81	159	3327
159	81	3328
81	185	4034
185	81	4035
82	197	4297
197	82	4297
82	89	3718
89	82	3718
82	177	654
177	82	654
82	117	4209
117	82	4210
82	110	1814
110	82	1814
82	170	3240
170	82	3241
82	109	3827
109	82	3828
82	141	3074
141	82	3075
82	87	3766
87	82	3766
82	100	2168
100	82	2169
82	139	2348
139	82	2348
83	106	3529
106	83	3529
83	89	710
89	83	710
83	99	4791
99	83	4792
83	159	4874
159	83	4874
83	105	4809
105	83	4810
83	130	2521
130	83	2521
83	131	4210
131	83	4211
83	124	2944
124	83	2945
84	108	363
108	84	364
84	145	1357
145	84	1358
84	85	4393
85	84	4394
84	175	3786
175	84	3787
84	161	3014
161	84	3014
84	157	4459
157	84	4459
84	115	4035
115	84	4036
84	88	2558
88	84	2558
84	136	4221
136	84	4222
84	178	1560
178	84	1560
84	94	1676
94	84	1676
85	115	4775
115	85	4776
85	114	452
114	85	453
85	109	3235
109	85	3235
85	178	3400
178	85	3400
85	110	1695
110	85	1695
86	113	3939
113	86	3939
86	102	1476
102	86	1476
86	143	4556
143	86	4557
86	115	4015
115	86	4016
86	105	4068
105	86	4069
86	93	2018
93	86	2018
86	165	4546
165	86	4546
86	147	2356
147	86	2356
86	87	2563
87	86	2563
86	89	3060
89	86	3061
86	130	4216
130	86	4217
86	162	1134
162	86	1135
87	161	3767
161	87	3767
87	153	1074
153	87	1074
87	162	4415
162	87	4415
87	130	4011
130	87	4011
87	121	4792
121	87	4792
88	180	851
180	88	851
88	140	3807
140	88	3808
88	110	2017
110	88	2017
88	137	4005
137	88	4005
88	134	4857
134	88	4857
88	118	4508
118	88	4508
88	174	3869
174	88	3870
88	113	4032
113	88	4032
89	154	2066
154	89	2066
89	178	4176
178	89	4176
89	110	4699
110	89	4699
89	104	4131
104	89	4132
89	193	1649
193	89	1649
89	131	4816
131	89	4817
90	167	2858
167	90	2859
90	151	1755
151	90	1755
90	145	4465
145	90	4466
90	144	4835
144	90	4836
90	124	1762
124	90	1762
90	100	1805
100	90	1806
90	92	614
92	90	614
90	104	3465
104	90	3466
90	176	1741
176	90	1741
90	136	4902
136	90	4903
90	95	3815
95	90	3815
90	166	2650
166	90	2651
90	159	4735
159	90	4735
90	114	3286
114	90	3286
90	197	2793
197	90	2794
91	152	607
152	91	607
91	104	1913
104	91	1914
91	170	1409
170	91	1409
91	95	2201
95	91	2201
91	146	929
146	91	930
91	94	534
94	91	535
91	148	4220
148	91	4221
91	153	3907
153	91	3908
91	107	1171
107	91	1171
91	160	2608
160	91	2609
91	159	4328
159	91	4329
91	144	2700
144	91	2700
91	117	4541
117	91	4541
92	133	4045
133	92	4046
92	112	4135
112	92	4136
92	98	3286
98	92	3287
92	104	2503
104	92	2503
92	161	1965
161	92	1966
92	137	4686
137	92	4687
92	165	1482
165	92	1482
92	169	2571
169	92	2572
92	95	805
95	92	806
92	159	4931
159	92	4932
93	130	1575
130	93	1575
93	169	2864
169	93	2864
93	136	3881
136	93	3881
93	95	4945
95	93	4946
93	131	4686
131	93	4686
93	105	3709
105	93	3709
93	154	3332
154	93	3333
93	118	3711
118	93	3711
93	196	3816
196	93	3816
94	116	2634
116	94	2635
94	124	3437
124	94	3438
94	107	3943
107	94	3943
94	134	3474
134	94	3475
94	132	1653
132	94	1653
94	137	253
137	94	253
94	136	557
136	94	557
94	163	4643
163	94	4644
94	127	3630
127	94	3631
95	109	781
109	95	782
95	99	4505
99	95	4506
95	134	4544
134	95	4545
95	110	1581
110	95	1582
95	150	2803
150	95	2803
95	153	2797
153	95	2797
96	100	2572
100	96	2573
96	196	4524
196	96	4524
96	137	1429
137	96	1429
96	149	3593
149	96	3594
96	134	2824
134	96	2825
96	168	2034
168	96	2034
96	121	368
121	96	368
96	180	934
180	96	935
96	174	1943
174	96	1944
96	153	1530
153	96	1531
96	147	4580
147	96	4581
96	140	727
140	96	727
97	140	4874
140	97	4874
97	178	3689
178	97	3690
97	164	3637
164	97	3637
97	147	406
147	97	406
97	135	4280
135	97	4281
97	105	3595
105	97	3596
97	138	2838
138	97	2838
97	174	3011
174	97	3012
97	101	4128
101	97	4129
97	106	3142
106	97	3143
97	172	2218
172	97	2219
97	162	3618
162	97	3618
97	131	3755
131	97	3755
97	180	2533
180	97	2534
98	136	738
136	98	738
98	173	1685
173	98	1685
98	148	3259
148	98	3259
98	164	1266
164	98	1267
98	105	1151
105	98	1152
98	176	741
176	98	742
98	158	2982
158	98	2983
98	121	2523
121	98	2524
98	122	3631
122	98	3631
98	117	2194
117	98	2194
98	156	3131
156	98	3131
98	153	515
153	98	516
99	165	2978
165	99	2979
99	107	4719
107	99	4720
99	128	4303
128	99	4304
99	127	1231
127	99	1231
99	119	1037
119	99	1037
99	118	4806
118	99	4806
99	149	2375
149	99	2375
100	109	4695
109	100	4695
100	157	2005
157	100	2005
100	169	1073
169	100	1074
100	163	4779
163	100	4779
100	112	4493
112	100	4494
100	129	1613
129	100	1614
100	179	4651
179	100	4651
101	119	4263
119	101	4263
101	161	371
161	101	371
101	177	734
177	101	734
101	112	3836
112	101	3837
101	176	4430
176	101	4431
101	160	1350
160	101	1351
103	149	2274
149	103	2274
103	109	4185
109	103	4186
103	161	3319
161	103	3319
103	117	1502
117	103	1503
103	194	4395
194	103	4396
103	160	4673
160	103	4674
103	152	4468
152	103	4469
104	150	1602
150	104	1603
105	165	3819
165	105	3819
105	174	2183
174	105	2184
105	133	3565
133	105	3566
108	196	4144
196	108	4144
108	165	918
165	108	918
108	170	3605
170	108	3606
108	126	3648
126	108	3648
108	124	212
124	108	212
108	166	4911
166	108	4911
112	167	4680
167	112	4680
113	124	941
124	113	941
113	129	2536
129	113	2537
113	179	4027
179	113	4028
113	151	3567
151	113	3568
113	140	2579
140	113	2579
113	176	3765
176	113	3766
113	161	3347
161	113	3348
113	169	3603
169	113	3603
114	131	1204
131	114	1205
116	160	2386
160	116	2386
116	128	3591
128	116	3592
116	125	3862
125	116	3863
117	119	1438
119	117	1438
118	156	1812
156	118	1813
118	135	1611
135	118	1612
118	167	1121
167	118	1122
118	172	2285
172	118	2286
119	164	3463
164	119	3463
119	144	3658
144	119	3658
119	143	3263
143	119	3263
119	179	4873
179	119	4874
121	127	756
127	121	757
121	178	3643
178	121	3643
121	180	4970
180	121	4971
121	193	2802
193	121	2802
124	167	1307
167	124	1308
125	138	2255
138	125	2256
125	140	1485
140	125	1486
125	128	4455
128	125	4456
125	144	4827
144	125	4828
125	170	3923
170	125	3924
125	158	4849
158	125	4849
125	150	4283
150	125	4283
125	163	4131
163	125	4132
125	137	4410
137	125	4411
127	180	4033
180	127	4033
127	133	4198
133	127	4198
127	158	4304
158	127	4305
128	150	135
150	128	136
128	163	2164
163	128	2165
129	137	1996
137	129	1996
129	178	3066
178	129	3067
129	131	4576
131	129	4576
129	133	866
133	129	866
131	151	1777
151	131	1778
133	174	3871
174	133	3872
134	164	3554
164	134	3555
137	163	2334
163	137	2335
137	172	1849
172	137	1850
137	151	3148
151	137	3148
138	180	3800
180	138	3800
138	143	2334
143	138	2335
140	150	2215
150	140	2216
143	166	380
166	143	380
143	173	2411
173	143	2411
144	178	1606
178	144	1606
147	158	4328
158	147	4328
147	165	329
165	147	329
147	180	184
180	147	184
148	193	1094
193	148	1094
148	180	2214
180	148	2214
148	151	4428
151	148	4429
148	196	4677
196	148	4677
148	155	3349
155	148	3350
148	154	4602
154	148	4602
151	179	3789
179	151	3789
154	173	527
173	154	527
154	170	4857
170	154	4858
154	156	4733
156	154	4733
154	193	1734
193	154	1734
154	196	4247
196	154	4247
155	172	4873
172	155	4873
155	163	1463
163	155	1463
155	177	1054
177	155	1055
155	158	178
158	155	179
155	166	758
166	155	758
155	156	4398
156	155	4399
157	179	1543
179	157	1543
164	173	2979
173	164	2979
166	170	1270
170	166	1271
166	173	4600
173	166	4601
166	174	4009
174	166	4010
166	179	4563
179	166	4564
