200	2820
2	2
2	3
5	8
3	6
4	6
2	3
2	2
4	8
4	8
5	10
3	5
4	6
5	9
2	2
2	2
4	6
4	8
2	2
3	5
2	2
3	5
4	8
4	7
5	10
5	9
4	6
2	2
4	7
3	5
4	8
5	10
5	8
3	4
2	2
4	8
3	4
4	7
5	8
5	10
3	5
2	4
5	10
4	8
5	8
4	7
2	2
4	7
5	9
3	4
3	5
5	8
3	6
2	4
3	4
3	5
2	3
3	6
5	10
5	10
2	2
5	10
4	6
4	6
3	4
5	10
3	6
3	4
2	2
5	10
2	2
4	6
3	5
3	4
5	10
4	6
3	6
5	10
2	2
5	8
5	8
5	9
2	3
2	2
4	8
5	9
4	7
4	8
4	8
5	10
5	9
2	4
3	4
3	5
4	6
4	7
5	9
3	5
5	9
3	4
3	5
4	6
3	6
3	4
2	3
2	3
4	7
5	9
2	2
4	6
3	6
5	10
4	8
4	6
5	10
4	7
5	9
2	3
2	3
4	8
2	3
2	2
3	4
2	2
3	5
2	2
4	8
5	10
2	4
2	3
3	4
5	9
4	7
2	3
4	8
3	5
3	5
3	6
2	3
4	7
5	9
4	7
5	10
4	7
2	3
5	10
3	5
2	3
4	7
3	4
3	6
3	6
5	10
2	3
2	3
3	4
4	7
2	3
4	7
4	7
5	9
2	4
3	6
3	5
2	3
2	2
5	10
3	5
2	3
5	10
3	5
2	3
5	9
2	2
2	3
2	2
3	5
3	4
2	3
5	9
3	6
3	5
3	6
5	9
5	10
4	7
2	3
4	8
5	10
3	4
5	9
3	6
4	6
4	7
5	9
5	8
3	6
5	10
4	7
3	5
5	9
1	54	1153
54	1	1153
1	77	1286
77	1	1286
1	63	3514
63	1	3514
1	130	133
130	1	133
1	111	2307
111	1	2308
1	103	4891
103	1	4892
1	73	3508
73	1	3509
1	151	2855
151	1	2855
1	161	4913
161	1	4914
1	131	1806
131	1	1806
1	66	2682
66	1	2683
1	29	3264
29	1	3264
1	145	4213
145	1	4213
1	127	3979
127	1	3979
1	92	1039
92	1	1039
1	59	1147
59	1	1148
1	179	353
179	1	354
1	96	2520
96	1	2520
1	152	3529
152	1	3530
1	189	3554
189	1	3555
2	188	4207
188	2	4208
2	38	3225
38	2	3225
2	128	3882
128	2	3883
2	177	3853
177	2	3854
2	184	2723
184	2	2723
2	43	3836
43	2	3837
2	58	3970
58	2	3970
2	39	999
39	2	1000
2	151	2458
151	2	2458
2	125	958
125	2	959
2	65	3748
65	2	3749
2	4	3020
4	2	3020
2	156	3550
156	2	3551
2	158	3834
158	2	3835
2	77	990
77	2	990
2	21	4166
21	2	4166
2	53	4844
53	2	4844
2	23	1395
23	2	1395
2	136	4306
136	2	4306
2	55	4624
55	2	4625
3	9	3953
9	3	3953
3	136	4769
136	3	4770
3	200	1841
200	3	1841
3	161	1837
161	3	1838
3	191	2714
191	3	2714
3	189	470
189	3	470
3	37	4362
37	3	4363
3	127	1334
127	3	1334
3	26	1403
26	3	1404
3	56	3594
56	3	3595
3	79	2379
79	3	2379
3	144	2499
144	3	2500
3	95	3987
95	3	3987
3	80	3842
80	3	3842
3	172	4440
172	3	4440
3	149	3673
149	3	3673
3	85	698
85	3	699
3	109	815
109	3	815
3	10	727
10	3	727
3	31	4873
31	3	4873
4	118	3866
118	4	3866
4	37	3871
37	4	3871
4	101	4793
101	4	4793
4	162	3568
162	4	3569
4	132	3915
132	4	3915
4	106	3535
106	4	3536
4	76	4294
76	4	4295
4	133	4860
133	4	4860
4	137	3686
137	4	3686
4	46	4648
46	4	4648
4	179	4643
179	4	4643
4	125	3232
125	4	3233
4	13	4849
13	4	4849
4	150	1276
150	4	1276
4	10	4669
10	4	4670
4	135	4404
135	4	4404
4	82	4663
82	4	4663
4	31	4317
31	4	4317
4	110	4557
110	4	4558
5	90	1956
90	5	1957
5	66	2190
66	5	2190
5	192	1162
192	5	1162
5	118	2281
118	5	2281
5	99	4262
99	5	4262
5	19	2430
19	5	2430
5	39	4842
39	5	4843
5	100	4483
100	5	4483
5	170	3937
170	5	3937
5	46	1965
46	5	1966
5	136	270
136	5	271
5	30	4361
30	5	4361
5	133	4487
133	5	4487
5	85	1655
85	5	1655
5	120	431
120	5	431
5	76	4703
76	5	4703
5	36	3517
36	5	3518
5	200	3606
200	5	3607
5	86	863
86	5	864
5	68	3137
68	5	3138
6	168	2043
168	6	2043
6	199	4731
199	6	4732
6	106	4331
106	6	4332
6	169	301
169	6	302
6	160	3319
160	6	3320
6	150	3577
150	6	3577
6	50	4320
50	6	4321
6	74	4453
74	6	4453
6	183	4937
183	6	4938
6	65	4186
65	6	4186
6	116	757
116	6	757
6	180	1290
180	6	1291
6	12	4768
12	6	4769
6	82	4394
82	6	4395
6	159	4938
159	6	4938
6	171	4762
171	6	4763
6	111	4734
111	6	4735
6	110	1433
110	6	1434
6	95	4509
95	6	4510
6	101	1825
101	6	1826
7	83	1104
83	7	1104
7	85	3764
85	7	3764
7	162	1819
162	7	1820
7	183	175
183	7	176
7	99	2693
99	7	2694
7	172	3859
172	7	3860
7	27	790
27	7	791
7	57	864
57	7	864
7	198	3622
198	7	3622
7	153	4044
153	7	4044
7	196	1463
196	7	1463
7	80	1484
80	7	1484
7	24	2105
24	7	2105
7	92	3428
92	7	3429
7	131	4485
131	7	4486
7	72	3691
72	7	3692
7	55	2902
55	7	2902
7	52	1479
52	7	1480
7	106	520
106	7	521
7	100	1607
100	7	1608
8	137	3492
137	8	3492
8	115	886
115	8	887
8	147	3532
147	8	3533
8	72	4873
72	8	4874
8	15	3004
15	8	3005
8	31	1236
31	8	1236
8	179	3686
179	8	3686
8	193	3261
193	8	3261
8	120	2017
120	8	2018
8	64	4793
64	8	4793
8	75	2519
75	8	2519
8	42	568
42	8	569
8	22	1872
22	8	1873
8	10	3842
10	8	3843
8	103	4576
103	8	4576
8	186	3934
186	8	3934
8	49	4269
49	8	4270
8	171	1442
171	8	1443
8	26	1302
26	8	1303
8	169	829
169	8	830
9	108	3791
108	9	3791
9	93	4089
93	9	4090
9	92	4958
92	9	4959
9	166	4327
166	9	4327
9	147	4961
147	9	4962
9	28	1307
28	9	1308
9	152	4754
152	9	4755
9	18	4370
18	9	4370
9	111	1458
111	9	1459
9	27	3672
27	9	3672
9	45	3011
45	9	3011
9	17	3986
17	9	3987
9	138	3825
138	9	3825
9	96	1275
96	9	1276
9	179	2897
179	9	2897
9	44	4608
44	9	4608
9	97	2339
97	9	2339
9	124	2466
124	9	2467
9	49	4073
49	9	4074
10	47	1817
47	10	1818
10	15	4197
15	10	4198
10	148	2755
148	10	2756
10	192	624
192	10	624
10	32	4859
32	10	4859
10	72	4660
72	10	4660
10	41	4750
41	10	4751
10	136	1678
136	10	1679
10	159	3875
159	10	3875
10	81	1514
81	10	1515
10	197	268
197	10	268
10	75	4323
75	10	4324
10	196	3952
196	10	3953
10	22	4010
22	10	4010
10	145	1700
145	10	1700
10	14	4819
14	10	4819
10	120	2081
120	10	2081
11	127	3690
127	11	3691
11	167	4219
167	11	4220
11	85	4656
85	11	4657
11	87	4952
87	11	4953
11	56	1945
56	11	1946
11	15	2522
15	11	2523
11	182	579
182	11	580
11	119	4433
119	11	4434
11	86	3058
86	11	3058
11	17	4171
17	11	4172
11	156	3301
156	11	3302
11	171	4818
171	11	4819
11	60	622
60	11	622
11	196	1922
196	11	1922
11	123	2690
123	11	2691
11	174	4111
174	11	4112
11	132	2966
132	11	2966
11	33	4368
33	11	4368
11	197	4012
197	11	4012
11	120	2245
120	11	2246
12	191	3529
191	12	3530
12	193	4703
193	12	4703
12	179	3873
179	12	3873
12	120	1802
120	12	1802
12	96	2519
96	12	2520
12	27	4624
27	12	4624
12	100	164
100	12	165
12	138	1611
138	12	1612
12	136	4467
136	12	4467
12	116	3845
116	12	3845
12	82	473
82	12	474
12	152	4055
152	12	4055
12	40	4167
40	12	4168
12	44	3864
44	12	3864
12	189	4349
189	12	4350
12	162	3628
162	12	3628
12	130	4291
130	12	4291
12	123	4882
123	12	4883
12	28	1419
28	12	1419
13	197	1924
197	13	1925
13	136	3999
136	13	4000
13	88	4586
88	13	4586
13	138	4829
138	13	4829
13	71	4560
71	13	4561
13	173	1503
173	13	1503
13	164	4182
164	13	4183
13	23	2532
23	13	2533
13	156	1976
156	13	1977
13	122	4631
122	13	4631
13	64	3640
64	13	3641
13	97	4172
97	13	4173
13	107	3792
107	13	3793
13	157	2025
157	13	2025
13	117	625
117	13	625
13	68	1743
68	13	1743
13	31	872
31	13	873
13	46	1150
46	13	1151
13	61	3063
61	13	3064
14	143	1011
143	14	1011
14	92	2288
92	14	2288
14	160	3093
160	14	3094
14	76	154
76	14	154
14	86	4950
86	14	4950
14	29	4253
29	14	4253
14	24	3432
24	14	3432
14	141	394
141	14	394
14	136	4262
136	14	4263
14	84	2814
84	14	2815
14	180	3843
180	14	3843
14	27	3071
27	14	3071
14	106	4113
106	14	4113
14	40	3958
40	14	3958
14	140	2011
140	14	2012
14	108	105
108	14	106
14	67	1401
67	14	1401
14	101	1155
101	14	1155
14	79	4789
79	14	4789
15	44	4511
44	15	4511
15	125	3087
125	15	3088
15	126	3348
126	15	3349
15	32	1816
32	15	1816
15	192	2270
192	15	2270
15	49	4894
49	15	4895
15	167	3707
167	15	3707
15	145	4007
145	15	4008
15	68	1304
68	15	1304
15	116	4276
116	15	4277
15	74	1127
74	15	1127
15	69	2848
69	15	2848
15	27	4207
27	15	4207
15	139	2575
139	15	2575
15	144	3206
144	15	3206
15	123	1262
123	15	1262
15	190	4062
190	15	4063
16	61	2804
61	16	2805
16	53	4096
53	16	4096
16	83	3856
83	16	3856
16	164	1016
164	16	1016
16	195	4629
195	16	4630
16	74	2957
74	16	2958
16	58	3844
58	16	3845
16	98	2133
98	16	2134
16	88	344
88	16	345
16	198	1560
198	16	1561
16	110	4542
110	16	4543
16	161	1681
161	16	1681
16	108	4599
108	16	4600
16	180	3972
180	16	3972
16	117	1528
117	16	1529
16	103	270
103	16	270
16	57	2975
57	16	2976
16	149	4724
149	16	4725
16	137	4109
137	16	4110
16	109	3566
109	16	3566
17	88	1991
88	17	1991
17	44	1163
44	17	1163
17	63	4410
63	17	4410
17	41	4810
41	17	4810
17	80	4346
80	17	4346
17	101	2427
101	17	2428
17	132	3910
132	17	3911
17	196	2596
196	17	2596
17	108	3679
108	17	3680
17	43	4669
43	17	4670
17	38	3287
38	17	3288
17	161	4596
161	17	4596
17	155	4927
155	17	4928
17	124	4131
124	17	4131
17	191	2903
191	17	2904
17	42	4046
42	17	4047
17	97	1756
97	17	1756
17	119	2099
119	17	2099
18	138	1161
138	18	1161
18	144	4306
144	18	4306
18	82	4713
82	18	4713
18	87	4341
87	18	4341
18	188	3749
188	18	3749
18	165	2034
165	18	2034
18	100	4337
100	18	4337
18	78	4279
78	18	4280
18	189	4225
189	18	4225
18	39	2600
39	18	2601
18	43	4923
43	18	4923
18	70	2389
70	18	2390
18	99	3758
99	18	3759
18	187	3876
187	18	3877
18	44	1051
44	18	1051
18	145	3512
145	18	3513
18	173	4128
173	18	4129
18	51	3417
51	18	3417
18	133	2789
133	18	2790
19	191	1796
191	19	1796
19	34	1131
34	19	1132
19	27	282
27	19	282
19	75	4659
75	19	4660
19	64	622
64	19	622
19	162	70
162	19	71
19	97	4658
97	19	4658
19	151	4235
151	19	4236
19	24	3743
24	19	3743
19	30	3188
30	19	3189
19	60	3373
60	19	3373
19	86	4579
86	19	4580
19	78	3503
78	19	3504
19	114	2659
114	19	2660
19	169	4138
169	19	4139
19	46	1630
46	19	1631
19	101	1688
101	19	1689
19	148	1813
148	19	1813
19	20	4649
20	19	4649
20	145	4472
145	20	4473
20	172	330
172	20	331
20	193	2700
193	20	2700
20	85	4825
85	20	4825
20	176	1815
176	20	1816
20	121	4244
121	20	4244
20	21	4510
21	20	4510
20	92	3686
92	20	3687
20	154	4994
154	20	4994
20	129	4031
129	20	4032
20	63	2885
63	20	2886
20	40	2577
40	20	2578
20	117	4291
117	20	4291
20	195	475
195	20	475
20	112	3434
112	20	3435
20	182	405
182	20	405
20	111	1577
111	20	1578
20	102	748
102	20	749
20	57	2310
57	20	2311
21	27	1208
27	21	1209
21	146	4269
146	21	4269
21	47	3583
47	21	3584
21	87	3644
87	21	3644
21	158	1257
158	21	1258
21	68	891
68	21	892
21	97	3617
97	21	3618
21	147	4463
147	21	4463
21	67	3544
67	21	3544
21	46	4145
46	21	4145
21	149	3178
149	21	3179
21	155	2855
155	21	2855
21	130	4716
130	21	4716
21	141	1208
141	21	1208
21	37	3462
37	21	3462
22	137	386
137	22	387
22	162	4326
162	22	4327
22	115	2063
115	22	2063
22	176	4777
176	22	4777
22	107	1296
107	22	1296
22	123	4039
123	22	4039
22	76	3169
76	22	3169
22	39	874
39	22	874
22	101	2535
101	22	2535
22	49	281
49	22	282
22	139	2650
139	22	2651
22	160	4494
160	22	4494
22	81	1246
81	22	1247
22	165	4749
165	22	4750
23	29	3373
29	23	3374
23	116	3709
116	23	3709
23	34	3686
34	23	3686
23	136	4944
136	23	4944
23	63	4257
63	23	4258
23	167	3660
167	23	3661
23	140	4854
140	23	4854
23	195	596
195	23	597
23	106	720
106	23	720
23	147	3030
147	23	3030
23	164	3451
164	23	3452
23	194	4217
194	23	4217
23	152	1778
152	23	1778
23	53	4165
53	23	4165
23	115	4779
115	23	4779
23	151	3483
151	23	3483
23	174	1997
174	23	1998
24	194	270
194	24	270
24	40	3635
40	24	3635
24	32	4398
32	24	4398
24	155	281
155	24	282
24	164	4860
164	24	4860
24	176	1411
176	24	1412
24	151	938
151	24	939
24	95	3685
95	24	3686
24	199	4977
199	24	4977
24	180	433
180	24	433
24	28	173
28	24	174
24	47	4916
47	24	4916
24	119	4367
119	24	4367
24	49	4098
49	24	4099
25	197	4167
197	25	4168
25	30	680
30	25	680
25	29	2478
29	25	2478
25	103	4261
103	25	4261
25	74	3514
74	25	3514
25	127	2857
127	25	2857
25	182	3564
182	25	3565
25	60	3636
60	25	3637
25	42	3493
42	25	3493
25	31	1045
31	25	1046
25	27	3885
27	25	3886
25	65	3373
65	25	3373
25	62	1827
62	25	1828
25	122	3277
122	25	3278
25	93	4367
93	25	4367
25	26	3555
26	25	3555
25	129	2416
129	25	2417
25	99	4304
99	25	4305
26	46	3530
46	26	3530
26	75	675
75	26	675
26	90	3247
90	26	3248
26	34	2168
34	26	2168
26	97	1119
97	26	1120
26	123	4833
123	26	4834
26	33	2577
33	26	2578
26	167	2880
167	26	2881
26	83	1950
83	26	1951
26	81	4241
81	26	4242
26	141	4872
141	26	4873
26	77	3797
77	26	3797
27	144	3174
144	27	3175
27	111	1452
111	27	1452
27	93	4748
93	27	4748
27	128	3586
128	27	3587
27	172	1106
172	27	1107
27	91	3448
91	27	3448
27	95	3698
95	27	3699
27	175	4007
175	27	4007
27	81	3427
81	27	3428
28	98	3933
98	28	3933
28	77	4308
77	28	4309
28	144	521
144	28	521
28	91	986
91	28	987
28	178	3927
178	28	3928
28	72	144
72	28	145
28	135	4788
135	28	4788
28	124	4297
124	28	4298
28	81	367
81	28	368
28	137	4750
137	28	4751
28	83	1230
83	28	1230
28	141	3310
141	28	3311
28	176	505
176	28	506
28	172	4486
172	28	4486
28	94	3370
94	28	3370
29	54	2408
54	29	2409
29	195	899
195	29	900
29	59	4589
59	29	4589
29	58	909
58	29	909
29	68	3885
68	29	3886
29	125	1433
125	29	1433
29	45	2069
45	29	2069
29	60	1882
60	29	1882
29	165	2639
165	29	2640
29	32	3510
32	29	3510
29	89	3720
89	29	3720
29	86	2081
86	29	2081
29	73	3927
73	29	3928
30	183	4344
183	30	4344
30	95	1279
95	30	1280
30	111	4095
111	30	4095
30	134	4711
134	30	4711
30	59	1481
59	30	1482
30	113	2748
113	30	2748
30	99	1581
99	30	1581
30	137	4818
137	30	4819
30	108	2478
108	30	2479
30	132	4116
132	30	4116
30	156	2911
156	30	2912
30	89	3973
89	30	3974
30	63	3965
63	30	3965
30	118	4942
118	30	4943
30	64	4531
64	30	4532
31	106	399
106	31	399
31	107	3747
107	31	3747
31	130	3808
130	31	3809
31	122	2400
122	31	2400
31	46	1286
46	31	1287
31	51	1599
51	31	1600
31	191	1679
191	31	1680
31	188	2714
188	31	2714
31	139	3253
139	31	3253
31	93	1124
93	31	1125
32	106	4287
106	32	4287
32	115	4327
115	32	4328
32	171	3149
171	32	3150
32	104	4961
104	32	4962
32	64	2637
64	32	2637
32	123	4531
123	32	4531
32	58	4278
58	32	4279
32	119	1153
119	32	1153
32	84	3153
84	32	3154
32	160	4259
160	32	4260
32	61	4404
61	32	4405
32	179	4473
179	32	4474
32	112	2676
112	32	2677
33	93	4656
93	33	4656
33	182	2122
182	33	2123
33	115	3497
115	33	3497
33	136	1217
136	33	1218
33	167	1553
167	33	1553
33	83	4021
83	33	4021
33	152	4241
152	33	4241
33	88	3277
88	33	3278
33	69	1151
69	33	1151
33	110	4177
110	33	4177
33	176	3303
176	33	3303
33	101	1349
101	33	1350
33	89	3024
89	33	3024
34	49	4616
49	34	4616
34	74	3899
74	34	3899
34	110	4296
110	34	4296
34	186	2697
186	34	2698
34	70	4014
70	34	4015
34	158	3577
158	34	3577
34	169	2712
169	34	2713
34	129	2209
129	34	2210
34	192	4993
192	34	4994
34	195	3354
195	34	3355
34	134	3896
134	34	3897
34	156	1559
156	34	1559
34	87	4017
87	34	4018
34	113	2207
113	34	2207
34	157	3166
157	34	3167
34	164	3826
164	34	3826
35	170	3450
170	35	3450
35	79	3570
79	35	3570
35	163	4770
163	35	4770
35	154	3567
154	35	3568
35	131	3844
131	35	3845
35	106	4106
106	35	4107
35	43	4070
43	35	4071
35	109	1731
109	35	1731
35	134	4132
134	35	4132
35	162	4163
162	35	4164
35	150	1560
150	35	1560
35	80	3757
80	35	3757
35	42	3398
42	35	3398
35	144	4451
144	35	4451
35	75	1636
75	35	1636
35	67	4560
67	35	4561
35	72	1899
72	35	1899
35	53	1652
53	35	1653
35	127	989
127	35	989
36	72	3782
72	36	3782
36	198	3608
198	36	3608
36	102	3768
102	36	3768
36	107	707
107	36	708
36	117	4195
117	36	4196
36	64	3980
64	36	3980
36	77	585
77	36	585
36	180	3553
180	36	3553
36	50	4437
50	36	4437
36	75	2647
75	36	2648
36	178	987
178	36	987
36	146	3977
146	36	3978
36	62	3826
62	36	3827
36	60	2831
60	36	2832
36	168	858
168	36	859
36	100	3489
100	36	3489
37	59	2237
59	37	2238
37	95	4157
95	37	4158
37	73	4616
73	37	4617
37	80	3160
80	37	3160
37	192	3856
192	37	3856
37	147	1127
147	37	1127
37	46	4037
46	37	4037
37	173	3818
173	37	3819
37	186	4895
186	37	4896
37	57	831
57	37	831
37	106	3916
106	37	3916
37	144	4395
144	37	4396
37	94	2315
94	37	2315
37	75	1464
75	37	1465
37	149	263
149	37	264
38	180	2923
180	38	2924
38	87	1097
87	38	1098
38	45	1349
45	38	1350
38	160	4765
160	38	4765
38	155	4019
155	38	4019
38	131	858
131	38	859
38	119	4340
119	38	4341
38	136	4014
136	38	4014
38	117	4713
117	38	4714
38	177	3764
177	38	3764
38	145	3057
145	38	3058
38	73	2608
73	38	2609
38	129	1586
129	38	1586
38	109	4014
109	38	4015
38	182	2426
182	38	2426
38	173	979
173	38	980
39	106	4176
106	39	4176
39	100	2789
100	39	2789
39	59	124
59	39	124
39	199	2929
199	39	2929
39	185	2944
185	39	2945
39	51	996
51	39	996
39	108	1997
108	39	1997
39	111	4200
111	39	4201
39	183	2393
183	39	2394
39	64	941
64	39	941
39	158	3897
158	39	3897
39	105	379
105	39	379
39	91	3921
91	39	3922
40	157	2383
157	40	2384
40	159	4381
159	40	4381
40	179	3767
179	40	3767
40	134	3552
134	40	3553
40	116	1526
116	40	1526
40	170	4738
170	40	4738
40	166	2592
166	40	2592
40	44	1995
44	40	1995
40	122	536
122	40	537
40	57	4719
57	40	4720
40	175	3945
175	40	3946
40	72	3548
72	40	3548
40	109	2145
109	40	2146
40	200	3686
200	40	3686
41	127	4416
127	41	4417
41	59	3854
59	41	3855
41	157	4431
157	41	4431
41	164	3384
164	41	3385
41	78	4401
78	41	4401
41	167	4135
167	41	4135
41	100	4268
100	41	4269
41	70	1116
70	41	1117
41	168	218
168	41	219
41	106	602
106	41	603
41	171	3114
171	41	3114
41	83	4505
83	41	4506
41	148	2373
148	41	2373
41	103	2026
103	41	2027
41	93	4242
93	41	4243
42	155	1065
155	42	1066
42	186	4151
186	42	4152
42	112	220
112	42	220
42	49	1082
49	42	1083
42	161	2343
161	42	2344
42	178	4784
178	42	4785
42	90	4950
90	42	4950
42	123	4775
123	42	4775
42	151	4224
151	42	4224
42	85	3713
85	42	3714
42	72	2316
72	42	2317
43	101	4567
101	43	4567
43	123	4072
123	43	4072
43	159	3689
159	43	3690
43	138	3302
138	43	3303
43	178	1363
178	43	1364
43	102	3368
102	43	3369
43	176	4015
176	43	4015
43	163	2615
163	43	2616
43	85	4209
85	43	4209
43	99	2658
99	43	2658
43	168	4062
168	43	4063
43	166	2250
166	43	2251
43	65	3530
65	43	3531
43	144	4145
144	43	4145
43	173	4193
173	43	4194
44	125	4190
125	44	4191
44	76	2305
76	44	2305
44	54	4068
54	44	4069
44	56	2568
56	44	2569
44	181	4881
181	44	4881
44	55	4442
55	44	4442
44	171	4374
171	44	4375
44	66	3813
66	44	3813
44	135	377
135	44	378
45	123	4223
123	45	4224
45	180	4914
180	45	4914
45	119	4108
119	45	4109
45	120	2632
120	45	2633
45	181	2986
181	45	2987
45	52	2288
52	45	2288
45	183	1653
183	45	1653
45	185	4970
185	45	4970
45	109	4744
109	45	4745
45	112	2846
112	45	2846
45	148	3342
148	45	3342
45	100	4023
100	45	4023
46	125	465
125	46	466
46	114	4678
114	46	4679
46	51	2712
51	46	2713
46	158	3063
158	46	3063
46	54	3363
54	46	3364
46	166	477
166	46	478
46	97	2966
97	46	2967
47	50	1443
50	47	1444
47	156	2310
156	47	2310
47	163	1560
163	47	1560
47	104	1695
104	47	1695
47	141	3844
141	47	3845
47	101	1682
101	47	1683
47	189	3920
189	47	3921
47	114	4023
114	47	4024
47	134	3797
134	47	3797
47	108	1757
108	47	1757
47	97	3790
97	47	3790
47	142	2602
142	47	2603
47	86	4009
86	47	4009
47	147	4524
147	47	4524
47	88	1842
88	47	1843
47	69	4687
69	47	4688
48	182	3000
182	48	3000
48	123	4825
123	48	4825
48	177	4557
177	48	4557
48	142	3933
142	48	3934
48	158	1068
158	48	1068
48	52	4529
52	48	4530
48	102	4616
102	48	4616
48	110	4373
110	48	4374
48	51	4603
51	48	4604
48	114	4472
114	48	4472
48	125	4428
125	48	4429
48	75	3627
75	48	3628
48	56	2418
56	48	2419
48	127	4772
127	48	4773
48	71	1716
71	48	1716
49	108	4677
108	49	4677
49	101	4958
101	49	4959
49	88	3064
88	49	3065
49	55	743
55	49	743
49	94	2041
94	49	2041
49	155	3694
155	49	3694
49	174	1874
174	49	1874
49	112	2322
112	49	2322
49	77	3600
77	49	3601
50	112	3926
112	50	3926
50	139	4042
139	50	4042
50	108	3962
108	50	3962
50	134	4896
134	50	4896
50	182	2877
182	50	2878
50	83	645
83	50	645
50	147	1236
147	50	1237
50	56	4405
56	50	4405
50	163	3685
163	50	3685
50	70	4910
70	50	4910
50	63	1435
63	50	1435
50	143	1284
143	50	1284
50	116	2804
116	50	2805
50	86	3394
86	50	3394
50	114	3525
114	50	3526
50	125	1854
125	50	1854
51	176	4963
176	51	4963
51	114	4847
114	51	4848
51	81	1857
81	51	1857
51	120	4437
120	51	4438
51	142	1100
142	51	1101
51	192	2990
192	51	2990
51	71	2730
71	51	2731
51	147	4981
147	51	4982
51	74	4735
74	51	4736
51	119	4913
119	51	4913
52	185	4441
185	52	4441
52	160	4068
160	52	4068
52	174	3060
174	52	3060
52	62	2831
62	52	2831
52	118	2479
118	52	2479
52	137	3802
137	52	3802
52	68	4249
68	52	4249
52	149	4020
149	52	4020
52	177	4315
177	52	4316
52	178	1875
178	52	1876
52	65	2564
65	52	2564
52	91	3031
91	52	3031
52	83	4483
83	52	4484
52	60	4169
60	52	4169
52	103	1873
103	52	1873
53	115	2461
115	53	2462
53	105	2378
105	53	2379
53	145	2070
145	53	2071
53	152	3826
152	53	3827
53	144	4224
144	53	4225
53	172	4181
172	53	4182
53	64	247
64	53	247
53	102	4807
102	53	4808
53	143	434
143	53	435
53	166	4188
166	53	4188
53	175	3551
175	53	3551
53	109	3424
109	53	3425
54	120	3695
120	54	3695
54	177	4382
177	54	4382
54	190	3938
190	54	3939
54	70	1265
70	54	1266
54	137	1920
137	54	1921
54	158	4510
158	54	4510
54	171	1418
171	54	1418
54	148	3518
148	54	3519
54	179	2494
179	54	2494
54	161	3518
161	54	3519
54	114	4156
114	54	4157
55	84	1494
84	55	1495
55	190	3982
190	55	3982
55	93	4579
93	55	4580
55	172	3051
172	55	3052
55	69	4786
69	55	4787
55	91	3312
91	55	3313
55	71	4297
71	55	4298
55	70	1938
70	55	1939
55	145	473
145	55	474
55	88	4052
88	55	4053
55	152	1980
152	55	1981
56	167	2908
167	56	2909
56	144	1691
144	56	1691
56	130	3679
130	56	3679
56	90	1161
90	56	1161
56	71	1682
71	56	1682
56	67	4131
67	56	4132
56	86	3918
86	56	3919
56	109	335
109	56	336
56	169	281
169	56	281
56	159	3651
159	56	3651
56	170	4850
170	56	4850
56	164	4293
164	56	4294
56	85	4890
85	56	4890
56	72	4279
72	56	4279
57	121	3066
121	57	3067
57	79	3080
79	57	3080
57	62	3479
62	57	3479
57	159	2500
159	57	2500
57	179	4310
179	57	4310
57	97	2247
97	57	2247
57	170	4313
170	57	4313
57	95	4154
95	57	4154
57	76	4429
76	57	4430
57	74	82
74	57	82
57	135	4052
135	57	4053
58	105	2805
105	58	2805
58	66	3971
66	58	3971
58	164	4690
164	58	4691
58	127	4338
127	58	4338
58	190	4322
190	58	4323
58	109	3717
109	58	3718
58	102	4163
102	58	4164
58	81	2290
81	58	2291
58	160	4730
160	58	4731
58	174	4009
174	58	4009
58	161	4751
161	58	4752
58	63	2611
63	58	2611
58	69	3959
69	58	3960
58	114	3846
114	58	3846
58	93	2582
93	58	2582
59	109	4800
109	59	4800
59	144	542
144	59	543
59	173	4903
173	59	4903
59	96	1257
96	59	1257
59	160	3689
160	59	3689
59	115	1807
115	59	1808
59	163	4301
163	59	4302
59	89	3060
89	59	3061
59	73	4621
73	59	4621
60	131	1965
131	60	1965
60	66	4698
66	60	4698
60	116	4944
116	60	4945
60	92	4446
92	60	4446
60	82	1293
82	60	1293
60	134	3960
134	60	3961
60	127	3981
127	60	3982
60	143	4842
143	60	4843
60	80	4715
80	60	4716
60	120	198
120	60	198
61	119	1235
119	61	1235
61	123	2184
123	61	2184
61	91	4412
91	61	4412
61	87	405
87	61	406
61	75	2514
75	61	2514
61	176	3248
176	61	3248
61	66	4976
66	61	4976
61	157	4864
157	61	4865
61	76	856
76	61	857
61	130	1065
130	61	1065
61	111	1162
111	61	1162
61	155	4082
155	61	4083
61	138	4502
138	61	4503
61	97	1393
97	61	1393
62	107	1456
107	62	1457
62	68	2265
68	62	2266
62	135	4521
135	62	4522
62	76	612
76	62	613
62	144	2681
144	62	2681
62	101	3950
101	62	3951
62	195	2338
195	62	2338
62	70	4210
70	62	4211
62	97	3610
97	62	3611
62	162	3430
162	62	3431
62	192	3883
192	62	3883
62	150	370
150	62	371
62	85	4478
85	62	4479
63	162	4178
162	63	4179
63	99	4578
99	63	4579
63	75	4542
75	63	4543
63	129	3584
129	63	3585
63	103	515
103	63	515
63	168	4418
168	63	4418
63	139	2610
139	63	2610
63	135	4857
135	63	4858
63	157	3791
157	63	3792
63	90	739
90	63	740
64	123	1994
123	64	1995
64	115	155
115	64	155
64	101	2746
101	64	2746
64	171	846
171	64	846
64	118	2104
118	64	2104
64	152	4613
152	64	4614
64	79	4191
79	64	4191
64	94	3347
94	64	3347
64	169	2476
169	64	2476
64	138	1781
138	64	1781
65	122	3601
122	65	3602
65	91	3149
91	65	3150
65	112	3016
112	65	3016
65	127	4582
127	65	4582
65	86	2845
86	65	2846
65	179	539
179	65	539
65	183	1953
183	65	1954
65	139	4713
139	65	4713
65	119	1938
119	65	1938
65	159	1683
159	65	1683
66	135	4761
135	66	4761
66	161	828
161	66	828
66	185	3164
185	66	3165
66	151	4860
151	66	4860
66	84	373
84	66	373
66	148	2822
148	66	2822
66	174	3711
174	66	3711
66	78	4827
78	66	4827
66	99	1771
99	66	1771
66	121	4329
121	66	4330
66	110	1233
110	66	1233
66	88	3183
88	66	3183
66	153	4151
153	66	4151
67	121	1242
121	67	1243
67	117	1358
117	67	1358
67	72	4128
72	67	4129
67	125	2865
125	67	2866
67	198	3133
198	67	3134
67	146	4818
146	67	4818
67	118	4922
118	67	4923
67	128	4254
128	67	4255
67	95	4550
95	67	4551
67	153	4577
153	67	4577
67	79	1290
79	67	1291
68	166	4821
166	68	4821
68	80	4599
80	68	4599
68	149	2892
149	68	2893
68	87	3850
87	68	3850
68	114	2009
114	68	2010
68	157	1473
157	68	1473
68	134	4446
134	68	4447
68	170	4317
170	68	4318
69	87	4418
87	69	4419
69	192	3440
192	69	3440
69	82	3954
82	69	3954
69	150	4996
150	69	4997
69	77	4546
77	69	4547
69	134	1330
134	69	1331
69	180	2852
180	69	2852
69	153	3889
153	69	3889
69	151	1100
151	69	1100
69	176	2657
176	69	2658
70	160	4629
160	70	4629
70	134	2622
134	70	2622
70	155	3759
155	70	3760
70	125	3321
125	70	3321
70	71	3333
71	70	3333
70	129	4617
129	70	4617
70	157	4875
157	70	4876
70	106	4116
106	70	4116
70	176	3756
176	70	3756
70	93	2328
93	70	2328
70	92	3769
92	70	3770
70	133	4907
133	70	4908
71	180	1863
180	71	1863
71	107	4145
107	71	4146
71	179	2019
179	71	2019
71	94	4362
94	71	4363
71	137	465
137	71	465
71	155	4500
155	71	4501
71	88	4966
88	71	4967
71	151	4983
151	71	4984
71	72	3685
72	71	3686
72	115	2276
115	72	2276
72	159	4220
159	72	4221
72	163	4787
163	72	4787
72	167	4272
167	72	4273
72	157	4731
157	72	4731
73	174	4881
174	73	4882
73	100	180
100	73	181
73	173	468
173	73	469
73	123	2257
123	73	2257
73	118	4169
118	73	4170
73	175	4827
175	73	4828
73	112	4902
112	73	4903
73	178	4892
178	73	4892
73	138	3802
138	73	3802
73	113	4763
113	73	4763
73	78	3453
78	73	3454
73	152	4281
152	73	4282
74	106	2803
106	74	2804
74	176	2118
176	74	2119
74	109	2151
109	74	2152
74	135	2531
135	74	2531
74	167	4199
167	74	4199
74	133	3740
133	74	3741
74	178	574
178	74	575
74	152	4917
152	74	4918
74	126	4234
126	74	4235
74	137	4906
137	74	4906
74	139	1028
139	74	1029
75	188	4555
188	75	4555
75	105	4686
105	75	4687
75	95	2491
95	75	2492
75	82	1783
82	75	1784
75	86	1009
86	75	1009
75	169	4663
169	75	4664
75	94	4189
94	75	4189
76	195	1942
195	76	1943
76	105	3573
105	76	3573
76	179	2969
179	76	2969
76	121	3957
121	76	3958
76	147	2912
147	76	2912
76	149	3681
149	76	3682
76	160	4235
160	76	4235
76	95	3771
95	76	3771
76	198	3603
198	76	3603
76	143	3626
143	76	3627
76	164	1410
164	76	1411
77	92	3765
92	77	3765
77	98	3278
98	77	3279
77	129	4266
129	77	4267
77	115	3269
115	77	3270
77	156	4250
156	77	4250
77	134	1099
134	77	1099
77	100	4424
100	77	4424
77	106	553
106	77	553
78	166	2274
166	78	2274
78	104	3186
104	78	3187
78	124	1672
124	78	1672
78	138	4064
138	78	4064
78	141	1425
141	78	1426
78	114	2502
114	78	2503
78	113	2367
113	78	2367
78	171	1201
171	78	1202
78	175	1253
175	78	1254
78	100	1741
100	78	1742
78	188	1482
188	78	1483
79	85	4476
85	79	4477
79	108	4625
108	79	4625
79	127	4704
127	79	4704
79	101	2624
101	79	2625
79	172	397
172	79	397
79	87	3759
87	79	3759
79	121	2270
121	79	2271
79	102	4672
102	79	4673
79	168	4829
168	79	4830
80	154	4176
154	80	4177
80	111	3928
111	80	3929
80	125	1355
125	80	1355
80	164	3106
164	80	3106
80	118	4294
118	80	4295
80	160	4075
160	80	4075
80	116	3981
116	80	3981
80	113	237
113	80	237
80	122	4022
122	80	4023
80	138	3277
138	80	3278
80	165	1199
165	80	1199
81	116	3619
116	81	3619
81	152	1099
152	81	1100
81	90	3517
90	81	3517
81	169	2027
169	81	2028
81	150	1676
150	81	1676
81	157	4937
157	81	4937
81	132	166
132	81	167
81	83	3809
83	81	3810
81	166	4490
166	81	4490
81	141	4945
141	81	4946
81	87	1916
87	81	1916
82	86	4100
86	82	4100
82	98	2786
98	82	2787
82	110	654
110	82	655
82	134	1327
134	82	1327
82	122	4814
122	82	4815
82	94	4221
94	82	4221
82	178	2826
178	82	2827
82	146	3840
146	82	3841
82	85	4229
85	82	4230
82	150	2102
150	82	2102
82	157	3891
157	82	3891
83	164	2211
164	83	2212
83	138	2255
138	83	2256
83	142	3565
142	83	3566
83	118	284
118	83	284
83	180	1757
180	83	1758
83	85	3275
85	83	3276
83	161	2961
161	83	2961
83	154	4644
154	83	4644
84	156	2279
156	84	2280
84	162	3697
162	84	3698
84	177	4229
177	84	4230
84	126	3942
126	84	3942
84	140	2379
140	84	2380
84	137	4377
137	84	4378
84	104	2508
104	84	2508
84	103	1744
103	84	1744
84	118	1756
118	84	1756
84	129	4556
129	84	4556
84	183	2189
183	84	2189
85	161	3744
161	85	3745
85	167	1177
167	85	1178
85	157	3790
157	85	3790
85	97	4894
97	85	4895
85	146	3678
146	85	3679
85	131	775
131	85	775
86	99	4358
99	86	4359
86	185	3345
185	86	3346
86	173	4553
173	86	4553
86	127	4171
127	86	4172
86	150	4602
150	86	4603
86	174	3919
174	86	3919
87	149	4757
149	87	4758
87	198	1598
198	87	1598
87	143	4005
143	87	4006
87	118	3705
118	87	3705
87	171	3859
171	87	3860
87	107	2932
107	87	2933
87	140	3810
140	87	3811
88	141	3322
141	88	3322
88	150	2724
150	88	2724
88	89	4342
89	88	4342
88	171	3644
171	88	3644
88	153	1721
153	88	1722
88	117	2049
117	88	2050
88	198	670
198	88	670
88	174	2893
174	88	2893
88	177	2252
177	88	2253
88	157	4333
157	88	4334
89	185	4165
185	89	4165
89	154	3117
154	89	3118
89	147	4916
147	89	4916
89	129	3396
129	89	3397
89	156	1814
156	89	1815
89	169	497
169	89	498
89	145	2306
145	89	2307
89	131	1660
131	89	1660
89	162	2191
162	89	2191
89	132	236
132	89	237
89	149	578
149	89	578
89	109	4166
109	89	4166
89	177	4282
177	89	4282
89	124	1128
124	89	1128
90	91	1840
91	90	1840
90	105	4494
105	90	4495
90	151	3096
151	90	3097
90	94	3626
94	90	3627
90	150	4266
150	90	4267
90	138	4063
138	90	4063
90	117	2499
117	90	2499
90	132	3171
132	90	3171
90	107	3301
107	90	3302
90	169	4503
169	90	4504
90	127	1485
127	90	1485
90	172	1878
172	90	1878
91	149	122
149	91	123
91	137	3842
137	91	3843
91	158	1705
158	91	1706
91	97	2450
97	91	2450
91	107	4209
107	91	4210
91	140	3754
140	91	3754
91	92	3792
92	91	3793
91	128	4920
128	91	4921
91	113	1190
113	91	1190
91	155	3555
155	91	3556
91	110	4977
110	91	4978
92	116	3486
116	92	3487
92	139	2791
139	92	2791
92	111	4330
111	92	4330
92	94	3336
94	92	3337
92	132	3281
132	92	3282
92	125	352
125	92	353
92	120	409
120	92	410
93	122	4300
122	93	4301
93	98	4392
98	93	4392
93	167	699
167	93	699
93	95	3732
95	93	3733
93	100	4854
100	93	4854
93	169	1086
169	93	1086
93	103	3308
103	93	3309
93	119	2628
119	93	2629
94	147	1899
147	94	1899
94	175	4249
175	94	4250
94	100	2257
100	94	2258
94	129	4374
129	94	4375
94	122	1128
122	94	1129
94	162	1832
162	94	1832
95	169	542
169	95	543
95	107	650
107	95	650
95	100	3190
100	95	3190
95	165	2767
165	95	2767
95	145	3771
145	95	3772
95	102	88
102	95	89
95	120	4454
120	95	4455
96	141	4171
141	96	4171
96	121	3576
121	96	3576
96	117	648
117	96	649
96	140	4103
140	96	4103
96	98	4324
98	96	4325
96	168	2838
168	96	2838
96	118	3123
118	96	3124
96	149	4874
149	96	4875
96	179	3170
179	96	3170
96	111	3186
111	96	3187
96	120	4101
120	96	4101
96	177	3826
177	96	3827
96	156	1183
156	96	1184
97	98	495
98	97	495
97	171	2174
171	97	2175
97	177	3418
177	97	3418
97	104	3122
104	97	3122
97	121	2862
121	97	2862
97	110	888
110	97	889
98	157	2041
157	98	2042
98	165	1843
165	98	1843
98	110	4079
110	98	4080
98	128	3129
128	98	3129
98	143	2524
143	98	2525
98	132	580
132	98	580
98	130	3129
130	98	3130
98	113	4149
113	98	4149
98	148	4760
148	98	4760
98	185	2535
185	98	2535
98	102	1289
102	98	1289
99	162	4738
162	99	4738
99	177	1477
177	99	1477
99	195	4166
195	99	4167
99	133	2163
133	99	2163
99	158	3070
158	99	3071
99	175	4173
175	99	4173
99	112	3874
112	99	3874
99	179	1972
179	99	1972
100	153	3963
153	100	3963
102	178	4408
178	102	4409
102	140	979
140	102	979
102	112	840
112	102	840
103	171	4335
171	103	4336
103	135	4821
135	103	4821
103	141	1864
141	103	1865
103	121	1798
121	103	1799
104	117	4933
117	104	4933
104	154	1180
154	104	1180
104	163	2599
163	104	2600
104	153	4380
153	104	4380
104	145	4971
145	104	4971
104	165	4538
165	104	4539
104	149	1301
149	104	1301
104	130	4580
130	104	4581
105	110	2711
110	105	2711
105	172	4130
172	105	4131
105	122	4586
122	105	4587
105	116	746
116	105	746
105	153	4724
153	105	4725
105	143	4782
143	105	4782
110	172	706
172	110	707
111	121	4976
121	111	4977
112	130	4365
130	112	4366
112	180	427
180	112	428
112	135	2657
135	112	2658
112	152	4933
152	112	4933
113	166	4276
166	113	4276
113	138	3395
138	113	3396
113	119	3891
119	113	3892
113	162	3606
162	113	3607
116	153	3888
153	116	3889
116	121	1713
121	116	1714
116	130	2720
130	116	2721
117	128	3570
128	117	3570
117	147	4659
147	117	4660
117	195	2449
195	117	2449
117	158	1547
158	117	1547
118	164	2964
164	118	2964
121	164	1680
164	121	1680
121	142	1911
142	121	1911
121	163	1676
163	121	1677
122	175	3851
175	122	3851
122	188	2727
188	122	2728
124	135	4250
135	124	4251
124	180	352
180	124	353
124	172	4375
172	124	4376
124	126	3681
126	124	3682
124	178	2054
178	124	2054
124	149	2470
149	124	2470
124	170	2406
170	124	2407
124	166	2988
166	124	2989
124	142	3681
142	124	3682
125	185	4057
185	125	4058
125	146	4311
146	125	4312
126	188	4995
188	126	4995
126	153	4419
153	126	4419
126	128	3834
128	126	3834
126	163	3984
163	126	3984
126	175	4749
175	126	4749
126	142	4351
142	126	4352
126	139	4857
139	126	4857
126	160	243
160	126	243
126	143	425
143	126	426
126	131	3277
131	126	3278
128	148	3293
148	128	3293
128	175	4782
175	128	4782
128	132	2358
132	128	2359
128	141	3192
141	128	3192
128	133	3727
133	128	3727
128	138	4284
138	128	4285
128	146	2107
146	128	2107
131	163	3054
163	131	3055
131	140	3350
140	131	3351
131	148	4272
148	131	4272
131	165	2477
165	131	2477
132	166	3302
166	132	3303
132	154	774
154	132	774
132	133	2332
133	132	2332
133	137	1789
137	133	1789
133	153	3722
153	133	3722
133	175	561
175	133	561
135	168	1829
168	135	1830
135	153	3247
153	135	3248
137	153	2261
153	137	2261
139	140	4693
140	139	4693
139	142	4146
142	139	4146
139	148	3299
148	139	3300
139	185	4013
185	139	4014
139	153	107
153	139	108
140	146	181
146	140	182
140	173	4761
173	140	4761
140	166	4098
166	140	4098
140	142	3011
142	140	3011
140	151	4785
151	140	4786
142	168	4310
168	142	4311
142	160	1589
160	142	1590
142	154	3420
154	142	3420
142	178	319
178	142	320
143	160	550
160	143	550
143	175	4735
175	143	4735
143	159	2160
159	143	2160
146	168	2448
168	146	2449
146	178	1631
178	146	1632
151	154	4757
154	151	4758
151	168	3541
168	151	3542
151	178	4527
178	151	4527
154	168	3905
168	154	3905
154	178	2602
178	154	2603
159	165	3352
165	159	3352
159	174	2227
174	159	2228
159	168	3768
168	159	3768
159	173	1360
173	159	1360
165	166	4265
166	165	4266
165	168	4092
168	165	4092
165	174	4447
174	165	4447
166	170	1167
170	166	1168
