200	2802
2	2
2	2
5	5
3	3
4	4
2	2
2	2
4	4
4	4
5	5
3	3
4	4
5	5
2	2
2	2
4	4
4	4
2	2
3	3
2	2
3	3
4	4
4	4
5	5
5	5
4	4
2	2
4	4
3	3
4	4
5	5
5	5
3	3
2	2
4	4
3	3
4	4
5	5
5	5
3	3
2	2
5	5
4	4
5	5
4	4
2	2
4	4
5	5
3	3
3	3
5	5
3	3
2	2
3	3
3	3
2	2
3	3
5	5
5	5
2	2
5	5
4	4
4	4
3	3
5	5
3	3
3	3
2	2
5	5
2	2
4	4
3	3
3	3
5	5
4	4
3	3
5	5
2	2
5	5
5	5
5	5
2	2
2	2
4	4
5	5
4	4
4	4
4	4
5	5
5	5
2	2
3	3
3	3
4	4
4	4
5	5
3	3
5	5
3	3
3	3
4	4
3	3
3	3
2	2
2	2
4	4
5	5
2	2
4	4
3	3
5	5
4	4
4	4
5	5
4	4
5	5
2	2
2	2
4	4
2	2
2	2
3	3
2	2
3	3
2	2
4	4
5	5
2	2
2	2
3	3
5	5
4	4
2	2
4	4
3	3
3	3
3	3
2	2
4	4
5	5
4	4
5	5
4	4
2	2
5	5
3	3
2	2
4	4
3	3
3	3
3	3
5	5
2	2
2	2
3	3
4	4
2	2
4	4
4	4
5	5
2	2
3	3
3	3
2	2
2	2
5	5
3	3
2	2
5	5
3	3
2	2
5	5
2	2
2	2
2	2
3	3
3	3
2	2
5	5
3	3
3	3
3	3
5	5
5	5
4	4
2	2
4	4
5	5
3	3
5	5
3	3
4	4
4	4
5	5
5	5
3	3
5	5
4	4
3	3
5	5
1	77	3407
77	1	3407
1	68	1378
68	1	1379
1	158	4094
158	1	4095
1	199	92
199	1	93
1	74	2724
74	1	2725
1	44	4831
44	1	4832
1	7	4279
7	1	4280
1	79	1026
79	1	1026
1	72	4992
72	1	4992
1	111	2144
111	1	2145
1	58	1191
58	1	1191
1	51	2674
51	1	2675
1	133	4933
133	1	4934
1	165	4278
165	1	4278
1	170	1930
170	1	1930
1	45	2628
45	1	2628
1	184	234
184	1	234
1	176	2759
176	1	2759
1	139	4795
139	1	4796
1	62	4666
62	1	4667
2	80	4829
80	2	4829
2	175	3241
175	2	3241
2	47	4093
47	2	4094
2	50	4755
50	2	4755
2	190	3297
190	2	3297
2	144	3677
144	2	3677
2	94	4610
94	2	4610
2	26	239
26	2	239
2	113	2537
113	2	2538
2	15	87
15	2	88
2	23	4366
23	2	4366
2	56	1165
56	2	1166
2	8	4837
8	2	4838
2	86	4227
86	2	4228
2	124	294
124	2	295
2	14	4553
14	2	4553
2	33	3829
33	2	3830
2	148	2615
148	2	2616
2	68	4851
68	2	4851
2	77	3878
77	2	3878
3	84	4789
84	3	4789
3	118	4402
118	3	4403
3	36	3159
36	3	3160
3	126	1248
126	3	1249
3	86	2374
86	3	2375
3	85	61
85	3	61
3	17	4317
17	3	4318
3	20	2801
20	3	2802
3	10	2391
10	3	2392
3	65	4695
65	3	4696
3	143	2362
143	3	2362
3	194	2954
194	3	2955
3	46	3705
46	3	3706
3	174	4938
174	3	4939
3	53	4302
53	3	4303
3	133	3641
133	3	3642
3	127	261
127	3	261
3	79	320
79	3	320
3	119	1913
119	3	1914
3	41	4794
41	3	4794
4	55	4109
55	4	4109
4	155	4145
155	4	4146
4	39	3950
39	4	3950
4	71	3792
71	4	3793
4	135	4697
135	4	4698
4	30	4619
30	4	4619
4	138	4940
138	4	4940
4	119	4432
119	4	4432
4	107	4693
107	4	4693
4	90	3980
90	4	3980
4	185	4644
185	4	4645
4	141	2432
141	4	2432
4	40	4539
40	4	4540
4	58	1898
58	4	1898
4	158	4104
158	4	4104
4	15	4314
15	4	4314
4	156	4446
156	4	4447
4	195	4966
195	4	4967
4	181	3542
181	4	3542
4	144	1017
144	4	1017
5	116	2706
116	5	2707
5	45	2209
45	5	2209
5	183	2812
183	5	2812
5	20	3878
20	5	3878
5	80	1088
80	5	1089
5	182	3769
182	5	3769
5	17	4648
17	5	4649
5	89	4154
89	5	4155
5	74	3279
74	5	3280
5	153	324
153	5	325
5	107	3811
107	5	3812
5	67	4014
67	5	4014
5	128	1872
128	5	1873
5	37	782
37	5	782
5	48	3533
48	5	3534
5	122	3769
122	5	3769
5	11	4914
11	5	4914
5	130	2069
130	5	2069
5	84	1902
84	5	1902
5	38	2761
38	5	2761
6	94	4077
94	6	4077
6	125	3801
125	6	3802
6	155	566
155	6	567
6	8	2953
8	6	2954
6	50	4908
50	6	4909
6	62	4883
62	6	4883
6	126	4553
126	6	4553
6	80	4410
80	6	4410
6	53	4167
53	6	4167
6	165	2743
165	6	2744
6	159	1428
159	6	1429
6	145	4627
145	6	4627
6	144	3845
144	6	3845
6	134	4940
134	6	4941
6	67	3891
67	6	3892
6	48	4093
48	6	4093
6	81	3103
81	6	3104
6	157	4723
157	6	4723
6	167	1982
167	6	1983
6	178	2711
178	6	2711
7	125	3839
125	7	3840
7	51	2636
51	7	2636
7	19	110
19	7	110
7	54	1381
54	7	1381
7	178	4670
178	7	4670
7	12	1080
12	7	1081
7	36	781
36	7	782
7	47	4952
47	7	4952
7	169	3719
169	7	3719
7	20	1023
20	7	1023
7	165	2150
165	7	2150
7	196	1349
196	7	1350
7	172	1624
172	7	1625
7	95	4608
95	7	4608
7	118	4647
118	7	4647
7	14	1747
14	7	1748
7	176	1493
176	7	1494
7	57	664
57	7	665
7	123	2215
123	7	2215
8	49	2052
49	8	2052
8	15	595
15	8	595
8	81	4400
81	8	4400
8	109	4875
109	8	4875
8	105	1960
105	8	1961
8	93	1051
93	8	1052
8	140	4349
140	8	4350
8	159	2795
159	8	2796
8	80	1681
80	8	1682
8	107	4123
107	8	4124
8	154	2700
154	8	2700
8	85	760
85	8	761
8	128	3220
128	8	3220
8	178	4207
178	8	4207
8	51	4070
51	8	4071
8	73	4130
73	8	4131
8	65	4845
65	8	4846
8	129	1241
129	8	1242
9	126	1288
126	9	1288
9	195	764
195	9	764
9	65	4317
65	9	4317
9	154	4045
154	9	4046
9	106	4320
106	9	4320
9	133	4556
133	9	4556
9	54	3774
54	9	3774
9	87	2539
87	9	2539
9	145	4714
145	9	4715
9	51	3589
51	9	3589
9	189	1977
189	9	1978
9	15	4671
15	9	4672
9	172	1846
172	9	1846
9	173	4396
173	9	4396
9	82	4013
82	9	4013
9	34	2840
34	9	2840
9	162	3334
162	9	3334
9	58	4686
58	9	4687
9	175	2715
175	9	2716
9	151	3346
151	9	3346
10	156	4407
156	10	4407
10	138	2931
138	10	2931
10	89	4768
89	10	4768
10	148	1921
148	10	1921
10	182	999
182	10	1000
10	134	3559
134	10	3559
10	178	2950
178	10	2950
10	196	4035
196	10	4035
10	129	1472
129	10	1472
10	112	3920
112	10	3920
10	73	3464
73	10	3464
10	47	933
47	10	933
10	13	4552
13	10	4553
10	20	4576
20	10	4577
10	173	4585
173	10	4586
10	92	1639
92	10	1639
10	172	4332
172	10	4332
10	46	2997
46	10	2997
10	25	4443
25	10	4443
11	134	4795
134	11	4796
11	185	4897
185	11	4898
11	61	4699
61	11	4699
11	94	2707
94	11	2707
11	14	2928
14	11	2928
11	159	761
159	11	761
11	73	4498
73	11	4499
11	59	2443
59	11	2443
11	142	4771
142	11	4772
11	155	2327
155	11	2327
11	17	4848
17	11	4849
11	41	4510
41	11	4510
11	114	3375
114	11	3376
11	132	3187
132	11	3188
11	50	4313
50	11	4313
11	95	1780
95	11	1781
11	19	4704
19	11	4705
11	158	3940
158	11	3941
11	197	2258
197	11	2259
12	172	3629
172	12	3630
12	105	4880
105	12	4880
12	185	3846
185	12	3847
12	21	1646
21	12	1647
12	36	1249
36	12	1249
12	41	4528
41	12	4529
12	20	442
20	12	442
12	56	2261
56	12	2261
12	14	4775
14	12	4776
12	30	4824
30	12	4825
12	69	847
69	12	847
12	47	4001
47	12	4001
12	120	4390
120	12	4391
12	148	3936
148	12	3937
12	50	3530
50	12	3530
12	60	3911
60	12	3911
12	17	4371
17	12	4372
12	188	4979
188	12	4979
12	142	2260
142	12	2261
13	103	3414
103	13	3415
13	145	4704
145	13	4705
13	161	4137
161	13	4138
13	26	3761
26	13	3762
13	101	4825
101	13	4826
13	193	2584
193	13	2585
13	60	4259
60	13	4260
13	163	1377
163	13	1378
13	55	1048
55	13	1049
13	179	4760
179	13	4761
13	146	3557
146	13	3558
13	173	4141
173	13	4142
13	130	4694
130	13	4694
13	175	2129
175	13	2130
13	81	753
81	13	753
13	52	3007
52	13	3007
13	127	59
127	13	60
13	89	2653
89	13	2653
13	144	2475
144	13	2476
14	33	1468
33	14	1469
14	96	1016
96	14	1017
14	146	3063
146	14	3064
14	92	873
92	14	874
14	85	4002
85	14	4002
14	135	3929
135	14	3930
14	82	2014
82	14	2014
14	62	783
62	14	784
14	172	4485
172	14	4486
14	28	1470
28	14	1471
14	173	4488
173	14	4488
14	55	290
55	14	290
14	76	4691
76	14	4692
14	136	4150
136	14	4150
14	106	1164
106	14	1165
14	110	468
110	14	468
15	32	2311
32	15	2311
15	23	3440
23	15	3441
15	86	3931
86	15	3931
15	71	4889
71	15	4889
15	49	2784
49	15	2784
15	195	3390
195	15	3390
15	191	3275
191	15	3275
15	193	1937
193	15	1937
15	189	3592
189	15	3592
15	85	3697
85	15	3697
15	141	3856
141	15	3856
15	18	3098
18	15	3099
15	176	4662
176	15	4663
15	101	1539
101	15	1539
15	42	3238
42	15	3239
15	130	4551
130	15	4552
16	147	2488
147	16	2489
16	47	2864
47	16	2864
16	181	1679
181	16	1679
16	17	4097
17	16	4098
16	45	2016
45	16	2017
16	127	4845
127	16	4846
16	97	4167
97	16	4167
16	109	2432
109	16	2432
16	123	4568
123	16	4568
16	84	1468
84	16	1468
16	90	4926
90	16	4927
16	180	1671
180	16	1671
16	61	203
61	16	203
16	60	2781
60	16	2781
16	141	3517
141	16	3518
16	125	1299
125	16	1299
16	124	4617
124	16	4617
16	144	3578
144	16	3578
16	24	3145
24	16	3146
16	81	675
81	16	676
17	44	3294
44	17	3295
17	134	4087
134	17	4088
17	155	4846
155	17	4846
17	65	4715
65	17	4715
17	76	3402
76	17	3402
17	189	1908
189	17	1909
17	95	4910
95	17	4911
17	31	3852
31	17	3852
17	18	4227
18	17	4227
17	111	3001
111	17	3001
17	81	4129
81	17	4130
17	28	2796
28	17	2796
17	173	4019
173	17	4020
17	69	4895
69	17	4895
17	51	1070
51	17	1071
18	72	3778
72	18	3778
18	113	4520
113	18	4520
18	134	4434
134	18	4434
18	41	1217
41	18	1217
18	180	4454
180	18	4455
18	184	1798
184	18	1798
18	198	1104
198	18	1105
18	174	1418
174	18	1419
18	162	3913
162	18	3913
18	193	4913
193	18	4913
18	70	4924
70	18	4924
18	183	4981
183	18	4982
18	89	2571
89	18	2572
18	98	3996
98	18	3996
18	94	3833
94	18	3833
18	133	4779
133	18	4780
18	200	1910
200	18	1911
18	120	3709
120	18	3710
19	32	72
32	19	72
19	177	3830
177	19	3831
19	70	4662
70	19	4662
19	169	2047
169	19	2048
19	151	4586
151	19	4586
19	122	4761
122	19	4762
19	84	2413
84	19	2414
19	197	2899
197	19	2900
19	171	1249
171	19	1250
19	102	3024
102	19	3025
19	64	350
64	19	350
19	61	4489
61	19	4490
19	113	225
113	19	225
19	82	789
82	19	790
19	147	4304
147	19	4305
19	111	4072
111	19	4073
19	125	4414
125	19	4415
19	184	2905
184	19	2906
20	37	1112
37	20	1112
20	134	4927
134	20	4928
20	72	4782
72	20	4782
20	74	3027
74	20	3028
20	91	4184
91	20	4185
20	35	2423
35	20	2424
20	131	1565
131	20	1565
20	64	3063
64	20	3063
20	49	3854
49	20	3855
20	200	4313
200	20	4314
20	38	480
38	20	480
20	75	3360
75	20	3360
20	103	4662
103	20	4663
20	98	3094
98	20	3094
20	141	4159
141	20	4159
21	103	4591
103	21	4592
21	171	4506
171	21	4507
21	24	4858
24	21	4858
21	156	4651
156	21	4651
21	141	2410
141	21	2411
21	64	1191
64	21	1192
21	154	3940
154	21	3940
21	50	350
50	21	350
21	99	2038
99	21	2038
21	161	336
161	21	336
21	142	2130
142	21	2130
21	35	299
35	21	299
21	67	1856
67	21	1856
21	169	1166
169	21	1166
21	104	4433
104	21	4434
21	112	4051
112	21	4052
21	168	4433
168	21	4434
22	164	1009
164	22	1010
22	104	444
104	22	445
22	33	3731
33	22	3731
22	54	4622
54	22	4623
22	126	4792
126	22	4793
22	77	3704
77	22	3704
22	161	2555
161	22	2556
22	179	2986
179	22	2986
22	129	4442
129	22	4442
22	88	1819
88	22	1820
22	53	3407
53	22	3407
22	185	68
185	22	69
22	148	3916
148	22	3916
22	36	2029
36	22	2029
22	121	4651
121	22	4652
22	175	1543
175	22	1543
22	146	3803
146	22	3803
23	165	3411
165	23	3412
23	52	547
52	23	547
23	132	1920
132	23	1921
23	74	428
74	23	429
23	76	2682
76	23	2682
23	80	4949
80	23	4949
23	160	2537
160	23	2538
23	82	4600
82	23	4601
23	39	3499
39	23	3500
23	95	3730
95	23	3731
23	133	4565
133	23	4565
23	182	4291
182	23	4292
23	170	4321
170	23	4321
23	139	3764
139	23	3764
24	76	4025
76	24	4026
24	188	988
188	24	988
24	101	558
101	24	559
24	147	2125
147	24	2126
24	181	2925
181	24	2926
24	176	3913
176	24	3914
24	34	1399
34	24	1400
24	81	3765
81	24	3766
24	110	4978
110	24	4979
24	46	3266
46	24	3266
24	106	2604
106	24	2605
24	113	998
113	24	999
24	89	4156
89	24	4156
24	31	4441
31	24	4442
25	54	875
54	25	875
25	137	4991
137	25	4991
25	65	1979
65	25	1979
25	111	686
111	25	686
25	164	3915
164	25	3915
25	151	3798
151	25	3798
25	142	528
142	25	528
25	110	378
110	25	379
25	146	3949
146	25	3949
25	49	3847
49	25	3847
25	29	3999
29	25	3999
25	114	4885
114	25	4885
25	91	447
91	25	448
25	112	2622
112	25	2623
25	87	4665
87	25	4665
25	183	4680
183	25	4680
26	172	1585
172	26	1586
26	91	4483
91	26	4484
26	75	4686
75	26	4687
26	125	2961
125	26	2961
26	83	1454
83	26	1455
26	127	3619
127	26	3620
26	98	2818
98	26	2818
26	164	2339
164	26	2339
26	121	3460
121	26	3461
26	181	4046
181	26	4046
26	126	4398
126	26	4398
26	47	1755
47	26	1756
26	61	3954
61	26	3954
26	159	3717
159	26	3717
27	182	726
182	27	727
27	53	2314
53	27	2315
27	162	2757
162	27	2757
27	102	2519
102	27	2520
27	103	4877
103	27	4877
27	105	1231
105	27	1231
27	55	1886
55	27	1887
27	112	1611
112	27	1611
27	111	4943
111	27	4944
27	125	4372
125	27	4372
27	45	4809
45	27	4810
27	71	3038
71	27	3039
27	165	2899
165	27	2899
27	73	4740
73	27	4740
27	173	4564
173	27	4564
27	124	3207
124	27	3208
28	176	1084
176	28	1085
28	101	4650
101	28	4651
28	148	3997
148	28	3998
28	137	3288
137	28	3289
28	129	3993
129	28	3993
28	154	4156
154	28	4157
28	76	210
76	28	210
28	77	602
77	28	602
28	84	3994
84	28	3994
28	132	359
132	28	360
28	155	4128
155	28	4128
28	79	3973
79	28	3974
28	58	744
58	28	744
28	61	4316
61	28	4316
28	108	2571
108	28	2571
28	193	1750
193	28	1751
28	133	849
133	28	849
29	121	3960
121	29	3960
29	179	753
179	29	754
29	50	2837
50	29	2837
29	71	334
71	29	335
29	173	4277
173	29	4277
29	68	226
68	29	227
29	89	3678
89	29	3678
29	53	2640
53	29	2640
29	75	1173
75	29	1173
29	119	3415
119	29	3415
29	102	1694
102	29	1695
29	160	4111
160	29	4112
29	43	4670
43	29	4671
29	37	2635
37	29	2636
29	88	4675
88	29	4675
29	112	4229
112	29	4230
30	97	1180
97	30	1181
30	32	4071
32	30	4071
30	38	4402
38	30	4403
30	94	1266
94	30	1266
30	90	1370
90	30	1371
30	70	2355
70	30	2356
30	161	4413
161	30	4413
30	116	3227
116	30	3228
30	79	4694
79	30	4695
30	172	1497
172	30	1498
30	151	4743
151	30	4743
30	115	4698
115	30	4699
30	141	4783
141	30	4784
30	128	4061
128	30	4062
30	118	372
118	30	372
30	195	4801
195	30	4802
31	68	4136
68	31	4136
31	190	1711
190	31	1711
31	60	2300
60	31	2300
31	145	3019
145	31	3019
31	118	3446
118	31	3446
31	102	1237
102	31	1237
31	122	1220
122	31	1221
31	120	2175
120	31	2175
31	34	3625
34	31	3625
31	124	3922
124	31	3922
31	159	1866
159	31	1867
31	151	4097
151	31	4097
31	185	2107
185	31	2108
31	141	4091
141	31	4092
31	92	4083
92	31	4084
31	137	2748
137	31	2749
32	134	1215
134	32	1216
32	62	4889
62	32	4890
32	74	3561
74	32	3562
32	69	3556
69	32	3556
32	187	3264
187	32	3265
32	93	4607
93	32	4607
32	169	1820
169	32	1820
32	155	1557
155	32	1557
32	168	2210
168	32	2210
32	198	2430
198	32	2430
32	119	4364
119	32	4365
32	125	4030
125	32	4030
32	128	1532
128	32	1533
32	165	3354
165	32	3354
32	60	4607
60	32	4607
33	170	3455
170	33	3456
33	183	2003
183	33	2004
33	171	1444
171	33	1445
33	35	4583
35	33	4583
33	116	4730
116	33	4731
33	131	4589
131	33	4590
33	140	3098
140	33	3099
33	83	4876
83	33	4877
33	76	4017
76	33	4017
33	59	1581
59	33	1581
33	115	3408
115	33	3409
33	94	4906
94	33	4906
34	189	3221
189	34	3222
34	132	3922
132	34	3922
34	97	1359
97	34	1360
34	53	4460
53	34	4461
34	55	1904
55	34	1904
34	195	2380
195	34	2381
34	65	4891
65	34	4892
34	120	3465
120	34	3465
34	78	4657
78	34	4658
34	81	3839
81	34	3840
34	167	4646
167	34	4647
34	170	4297
170	34	4297
34	66	4003
66	34	4003
34	47	4899
47	34	4899
34	196	1107
196	34	1107
34	141	3958
141	34	3958
35	70	3917
70	35	3917
35	75	2739
75	35	2739
35	195	3944
195	35	3944
35	179	1808
179	35	1809
35	118	3822
118	35	3823
35	198	1577
198	35	1578
35	192	4798
192	35	4799
35	149	2226
149	35	2226
35	114	2775
114	35	2776
35	187	932
187	35	933
35	63	3975
63	35	3976
35	105	4230
105	35	4230
35	128	4281
128	35	4281
35	41	545
41	35	545
35	200	4422
200	35	4422
35	139	4500
139	35	4501
36	42	211
42	36	211
36	82	4766
82	36	4767
36	163	3850
163	36	3851
36	143	3141
143	36	3141
36	165	832
165	36	832
36	85	3521
85	36	3521
36	160	4203
160	36	4204
36	43	1420
43	36	1420
36	135	623
135	36	624
36	95	1828
95	36	1828
36	88	293
88	36	293
36	50	4419
50	36	4420
36	137	4108
137	36	4109
36	46	1715
46	36	1715
37	52	4702
52	37	4702
37	87	1585
87	37	1585
37	195	3951
195	37	3952
37	98	4390
98	37	4390
37	143	3832
143	37	3832
37	149	366
149	37	367
37	186	4173
186	37	4174
37	178	4331
178	37	4331
37	104	1424
104	37	1424
37	166	1206
166	37	1206
37	73	77
73	37	77
37	60	1492
60	37	1492
37	188	3070
188	37	3071
38	51	1748
51	38	1748
38	40	4494
40	38	4495
38	188	4128
188	38	4129
38	181	415
181	38	416
38	125	4364
125	38	4364
38	63	3748
63	38	3748
38	124	4978
124	38	4978
38	185	3891
185	38	3891
38	195	1330
195	38	1330
38	155	3034
155	38	3034
38	43	3074
43	38	3075
38	60	4778
60	38	4779
38	131	1881
131	38	1881
38	178	460
178	38	460
38	87	3752
87	38	3752
38	58	1714
58	38	1715
39	80	827
80	39	828
39	196	1895
196	39	1895
39	104	1331
104	39	1332
39	137	738
137	39	739
39	82	1261
82	39	1262
39	146	4624
146	39	4625
39	86	3290
86	39	3291
39	100	473
100	39	474
39	169	4608
169	39	4608
39	57	872
57	39	873
39	90	4497
90	39	4497
39	56	478
56	39	479
39	112	4820
112	39	4821
39	70	4977
70	39	4978
40	113	4416
113	40	4416
40	149	2638
149	40	2639
40	53	4833
53	40	4833
40	120	2336
120	40	2337
40	164	2994
164	40	2994
40	48	846
48	40	846
40	58	1698
58	40	1698
40	66	4015
66	40	4015
40	186	3754
186	40	3755
40	57	1989
57	40	1990
40	179	3738
179	40	3738
40	181	3749
181	40	3750
40	126	4233
126	40	4234
40	71	3789
71	40	3789
41	103	2231
103	41	2232
41	189	4591
189	41	4591
41	134	4038
134	41	4038
41	183	4931
183	41	4931
41	148	2855
148	41	2855
41	98	861
98	41	861
41	136	143
136	41	144
41	111	1030
111	41	1031
41	176	4170
176	41	4170
41	57	3005
57	41	3006
41	163	3237
163	41	3237
41	142	3917
142	41	3918
41	149	1189
149	41	1190
42	77	4798
77	42	4799
42	107	4084
107	42	4085
42	148	2281
148	42	2282
42	188	2484
188	42	2484
42	104	3969
104	42	3969
42	81	4282
81	42	4282
42	53	3906
53	42	3907
42	112	3665
112	42	3665
42	80	4555
80	42	4555
42	151	2486
151	42	2486
42	141	4264
141	42	4264
42	50	4094
50	42	4095
42	172	3928
172	42	3928
42	108	1763
108	42	1763
43	150	2186
150	43	2187
43	116	2019
116	43	2020
43	163	4890
163	43	4891
43	66	1762
66	43	1763
43	76	3928
76	43	3929
43	101	1055
101	43	1055
43	172	4492
172	43	4492
43	144	2462
144	43	2462
43	102	4761
102	43	4762
43	195	4485
195	43	4486
43	122	3995
122	43	3996
43	45	3876
45	43	3876
43	95	1096
95	43	1097
43	125	4895
125	43	4895
44	125	2291
125	44	2292
44	76	4663
76	44	4664
44	54	4313
54	44	4314
44	56	4274
56	44	4275
44	180	4710
180	44	4710
44	55	526
55	44	526
44	170	4347
170	44	4348
44	66	4385
66	44	4385
44	135	3561
135	44	3561
44	147	2021
147	44	2021
44	120	3181
120	44	3181
44	139	2611
139	44	2612
44	59	1019
59	44	1020
44	177	4542
177	44	4543
44	183	3988
183	44	3988
44	156	1555
156	44	1556
44	93	1910
93	44	1911
45	102	3980
102	45	3980
45	115	745
115	45	745
45	64	4624
64	45	4624
45	97	1505
97	45	1506
45	68	3480
68	45	3481
45	86	1949
86	45	1949
45	87	78
87	45	79
45	73	2568
73	45	2568
45	159	1565
159	45	1565
45	72	1074
72	45	1075
45	142	1163
142	45	1163
45	95	1935
95	45	1935
46	91	3843
91	46	3843
46	61	1119
61	46	1120
46	78	4811
78	46	4811
46	173	4164
173	46	4164
46	85	4772
85	46	4772
46	99	3200
99	46	3201
46	167	4215
167	46	4215
46	49	2097
49	46	2098
46	165	4320
165	46	4321
46	179	3787
179	46	3787
46	170	2482
170	46	2482
47	155	4434
155	47	4434
47	48	2276
48	47	2277
47	79	4257
79	47	4257
47	92	4576
92	47	4576
47	90	3761
90	47	3762
47	72	1340
72	47	1340
47	114	4955
114	47	4956
47	51	4669
51	47	4670
47	86	4075
86	47	4076
47	96	3905
96	47	3906
48	90	4503
90	48	4503
48	60	4289
60	48	4289
48	59	4812
59	48	4813
48	66	3405
66	48	3405
48	138	3797
138	48	3798
48	83	2016
83	48	2017
48	120	4478
120	48	4479
48	95	3853
95	48	3854
48	164	1843
164	48	1844
48	163	339
163	48	339
48	65	1904
65	48	1904
48	119	4152
119	48	4153
49	113	1252
113	49	1252
49	127	2995
127	49	2995
49	112	4184
112	49	4184
49	152	4812
152	49	4813
49	180	3821
180	49	3821
49	168	4022
168	49	4023
49	158	4810
158	49	4811
49	120	2078
120	49	2079
49	69	271
69	49	271
49	65	221
65	49	222
50	155	4126
155	50	4126
50	55	3851
55	50	3851
50	54	4344
54	50	4344
50	127	1443
127	50	1444
50	61	2708
61	50	2708
50	120	1384
120	50	1384
50	147	1255
147	50	1255
50	185	4483
185	50	4484
50	69	1772
69	50	1772
50	107	3957
107	50	3957
51	84	4622
84	51	4622
51	186	3081
186	51	3081
51	65	3793
65	51	3793
51	141	2172
141	51	2173
51	59	3211
59	51	3211
51	67	3233
67	51	3234
51	153	4458
153	51	4459
51	130	3713
130	51	3714
52	159	4165
159	52	4166
52	131	4485
131	52	4486
52	160	4792
160	52	4792
52	150	3180
150	52	3180
52	73	2862
73	52	2863
52	119	2014
119	52	2015
52	55	3994
55	52	3994
52	75	4256
75	52	4257
52	156	3724
156	52	3725
52	125	4653
125	52	4654
52	151	2243
151	52	2243
52	88	2043
88	52	2043
52	180	1064
180	52	1065
52	121	3818
121	52	3818
52	179	4197
179	52	4198
52	169	1320
169	52	1321
53	150	3267
150	53	3268
53	81	3427
81	53	3427
53	85	2896
85	53	2897
53	72	4389
72	53	4389
53	76	3988
76	53	3988
53	113	4929
113	53	4929
53	186	210
186	53	210
53	58	4762
58	53	4762
53	175	98
175	53	99
53	89	4258
89	53	4259
53	65	4079
65	53	4080
54	72	1673
72	54	1674
54	177	3947
177	54	3947
54	192	3773
192	54	3774
54	124	4446
124	54	4447
54	131	1748
131	54	1749
54	159	2477
159	54	2478
54	77	4521
77	54	4521
54	88	2637
88	54	2638
54	123	4175
123	54	4176
55	119	1851
119	55	1851
55	159	4915
159	55	4915
55	58	4860
58	55	4860
55	88	3490
88	55	3491
55	183	4628
183	55	4629
55	134	3821
134	55	3821
55	123	2280
123	55	2281
55	61	4060
61	55	4060
55	93	2491
93	55	2492
55	109	4897
109	55	4898
56	180	1928
180	56	1928
56	138	1448
138	56	1449
56	92	4615
92	56	4616
56	168	1487
168	56	1487
56	126	1896
126	56	1896
56	143	1043
143	56	1044
56	86	4505
86	56	4505
56	118	2756
118	56	2756
56	91	1899
91	56	1900
56	159	4929
159	56	4929
56	76	3951
76	56	3951
57	81	782
81	57	783
57	167	513
167	57	513
57	174	4754
174	57	4755
57	131	4465
131	57	4466
57	154	4299
154	57	4300
57	124	3841
124	57	3842
57	93	3860
93	57	3861
57	172	1686
172	57	1686
57	143	2005
143	57	2005
57	179	2558
179	57	2558
57	135	2500
135	57	2500
57	170	4612
170	57	4612
57	107	2263
107	57	2263
57	157	4025
157	57	4025
57	130	4042
130	57	4043
58	105	4030
105	58	4030
58	103	341
103	58	341
58	118	3653
118	58	3654
58	143	2564
143	58	2564
58	134	4573
134	58	4573
58	120	4479
120	58	4479
58	66	4923
66	58	4924
58	72	4106
72	58	4106
58	63	3540
63	58	3540
59	152	3905
152	59	3906
59	81	2995
81	59	2996
59	103	4457
103	59	4458
59	113	4868
113	59	4869
59	159	4964
159	59	4965
59	198	2789
198	59	2790
59	68	4089
68	59	4090
59	66	4247
66	59	4247
59	135	2172
135	59	2172
59	149	4033
149	59	4033
59	78	458
78	59	458
60	192	4243
192	60	4243
60	172	2476
172	60	2476
60	118	3592
118	60	3592
60	70	1385
70	60	1386
60	146	3716
146	60	3717
60	76	1673
76	60	1674
60	147	4593
147	60	4594
60	135	1108
135	60	1109
60	116	3687
116	60	3688
60	108	3595
108	60	3596
60	79	4191
79	60	4192
61	191	2333
191	61	2334
61	72	4709
72	61	4710
61	193	4360
193	61	4360
61	116	3958
116	61	3958
61	150	4662
150	61	4663
61	92	137
92	61	138
61	196	1563
196	61	1563
62	76	1000
76	62	1001
62	132	4100
132	62	4101
62	180	288
180	62	288
62	146	1802
146	62	1802
62	130	1399
130	62	1399
62	99	4142
99	62	4143
62	161	4960
161	62	4960
62	178	238
178	62	239
62	97	1269
97	62	1270
62	121	1427
121	62	1428
62	83	4294
83	62	4294
62	155	3763
155	62	3763
62	102	2434
102	62	2435
63	156	1989
156	63	1990
63	174	1326
174	63	1327
63	114	4469
114	63	4470
63	162	178
162	63	179
63	79	2568
79	63	2569
63	130	4629
130	63	4629
63	105	2324
105	63	2325
63	175	3883
175	63	3883
63	95	4857
95	63	4858
63	91	2630
91	63	2631
63	101	4906
101	63	4907
63	82	342
82	63	343
64	88	3896
88	64	3896
64	187	4778
187	64	4779
64	109	4355
109	64	4356
64	176	4834
176	64	4835
64	136	4732
136	64	4733
64	129	314
129	64	314
64	104	4385
104	64	4385
64	192	1576
192	64	1576
64	163	4369
163	64	4369
64	95	4930
95	64	4931
64	81	422
81	64	423
64	114	2152
114	64	2152
64	84	707
84	64	708
65	149	3468
149	65	3469
65	108	639
108	65	639
65	120	1839
120	65	1839
65	116	3698
116	65	3698
65	127	4504
127	65	4504
66	86	3169
86	66	3169
66	160	3194
160	66	3195
66	102	1035
102	66	1036
66	107	4005
107	66	4005
66	157	3039
157	66	3039
66	67	2497
67	66	2497
66	162	4971
162	66	4971
66	119	2156
119	66	2156
66	123	773
123	66	773
66	168	1716
168	66	1716
66	71	3799
71	66	3800
66	103	1937
103	66	1937
67	153	2740
153	67	2740
67	145	4141
145	67	4142
67	84	924
84	67	924
67	149	3233
149	67	3234
67	161	4837
161	67	4837
67	76	81
76	67	82
67	128	1477
128	67	1477
67	118	4438
118	67	4438
67	103	4101
103	67	4101
67	164	1485
164	67	1486
67	142	4858
142	67	4858
68	116	2868
116	68	2869
68	89	2687
89	68	2688
68	179	3766
179	68	3767
68	69	1899
69	68	1900
68	111	3085
111	68	3085
68	168	4269
168	68	4270
68	92	2967
92	68	2967
68	70	1397
70	68	1397
68	133	4134
133	68	4134
68	74	4934
74	68	4934
68	90	4885
90	68	4885
69	86	3689
86	69	3690
69	144	3983
144	69	3983
69	176	3282
176	69	3283
69	128	3878
128	69	3879
69	119	4553
119	69	4553
69	172	3317
172	69	3318
69	101	4714
101	69	4714
69	180	1233
180	69	1234
69	73	3073
73	69	3073
69	95	4673
95	69	4674
69	140	3628
140	69	3629
69	108	3908
108	69	3909
69	116	3070
116	69	3070
70	141	4576
141	70	4577
70	146	4181
146	70	4182
70	106	4131
106	70	4132
70	142	2720
142	70	2720
70	134	1070
134	70	1070
70	115	4561
115	70	4561
70	96	1820
96	70	1821
70	71	2926
71	70	2926
70	151	3781
151	70	3782
70	186	1421
186	70	1421
70	137	3766
137	70	3767
70	157	3284
157	70	3284
71	138	399
138	71	400
71	91	4129
91	71	4129
71	173	3907
173	71	3908
71	76	4265
76	71	4265
71	84	4425
84	71	4425
71	175	1524
175	71	1525
71	115	3802
115	71	3802
71	117	4411
117	71	4412
71	168	2841
168	71	2841
72	171	4911
171	72	4911
72	162	2662
162	72	2662
72	112	3889
112	72	3890
72	106	174
106	72	175
72	139	4232
139	72	4233
72	109	3873
109	72	3873
72	128	4347
128	72	4347
72	151	4958
151	72	4958
72	167	3404
167	72	3404
72	108	4712
108	72	4713
73	109	4292
109	73	4292
73	92	4216
92	73	4216
73	87	4839
87	73	4839
73	157	3800
157	73	3800
73	171	610
171	73	610
73	144	408
144	73	409
73	137	1304
137	73	1304
73	163	3798
163	73	3798
73	180	3608
180	73	3608
73	139	4738
139	73	4739
74	101	3750
101	74	3750
74	102	4197
102	74	4197
74	144	4365
144	74	4365
74	154	3278
154	74	3279
74	148	3713
148	74	3714
74	123	3181
123	74	3181
74	152	3406
152	74	3406
74	133	1608
133	74	1609
74	81	1720
81	74	1720
74	100	3573
100	74	3574
74	162	3549
162	74	3550
74	124	119
124	74	120
75	198	4500
198	75	4500
75	152	4212
152	75	4212
75	156	3835
156	75	3835
75	139	1154
139	75	1155
75	96	4024
96	75	4025
75	88	4955
88	75	4956
75	83	2650
83	75	2650
75	166	1653
166	75	1654
75	126	1690
126	75	1691
75	180	4612
180	75	4613
75	100	4582
100	75	4582
75	98	3189
98	75	3189
75	161	4708
161	75	4708
76	97	1502
97	76	1503
76	82	4075
82	76	4076
76	144	1715
144	76	1715
76	104	3934
104	76	3935
76	198	4748
198	76	4748
77	86	4561
86	77	4562
77	173	4694
173	77	4694
77	139	4976
139	77	4977
77	136	3264
136	77	3265
77	162	3570
162	77	3570
77	104	1086
104	77	1086
77	175	3971
175	77	3971
77	113	3220
113	77	3221
77	118	3973
118	77	3973
77	181	3418
181	77	3418
77	88	4293
88	77	4294
77	78	816
78	77	816
77	121	2551
121	77	2551
78	152	2224
152	78	2224
78	104	1304
104	78	1304
78	149	3962
149	78	3963
78	172	3346
172	78	3347
78	175	1306
175	78	1306
78	90	2587
90	78	2588
78	138	3487
138	78	3487
78	136	1694
136	78	1694
78	153	1329
153	78	1330
78	144	1081
144	78	1082
78	198	4708
198	78	4709
78	105	3777
105	78	3778
79	167	4562
167	79	4562
79	114	2966
114	79	2967
79	170	301
170	79	302
79	112	3823
112	79	3823
79	164	2664
164	79	2664
79	89	4437
89	79	4438
79	95	3654
95	79	3654
79	169	4163
169	79	4163
80	148	4669
148	80	4669
80	140	1515
140	80	1515
80	123	2153
123	80	2154
80	115	4422
115	80	4423
80	99	4153
99	80	4153
80	162	3711
162	80	3712
80	143	368
143	80	368
80	149	4261
149	80	4262
80	109	1010
109	80	1010
81	166	2545
166	81	2546
81	149	4680
149	81	4680
81	104	2065
104	81	2066
81	82	4938
82	81	4939
81	136	2695
136	81	2695
81	148	3487
148	81	3488
82	130	3986
130	82	3986
82	126	254
126	82	255
82	102	3942
102	82	3943
82	147	4626
147	82	4626
82	95	4501
95	82	4501
82	156	1978
156	82	1979
83	114	4525
114	83	4526
83	86	3053
86	83	3053
83	154	181
154	83	182
83	133	3321
133	83	3322
83	101	4857
101	83	4858
83	131	4251
131	83	4252
83	88	2798
88	83	2799
83	160	4107
160	83	4107
83	139	3942
139	83	3942
83	152	2128
152	83	2128
84	189	4159
189	84	4159
84	177	2156
177	84	2156
84	94	1180
94	84	1180
84	173	3529
173	84	3529
84	106	295
106	84	295
84	143	2142
143	84	2142
84	116	2028
116	84	2028
85	101	1921
101	85	1921
85	89	4802
89	85	4802
85	121	3026
121	85	3027
85	185	4192
185	85	4193
85	108	4731
108	85	4731
85	132	4303
132	85	4303
85	152	3431
152	85	3432
85	171	4949
171	85	4950
85	123	3193
123	85	3194
86	163	1068
163	86	1069
86	141	2965
141	86	2965
86	154	4861
154	86	4861
86	89	3113
89	86	3113
87	147	4896
147	87	4897
87	171	1632
171	87	1632
87	107	4263
107	87	4264
87	101	3859
101	87	3859
87	175	4898
175	87	4899
87	126	203
126	87	203
87	111	3871
111	87	3872
87	148	1800
148	87	1801
87	92	3734
92	87	3734
87	90	3705
90	87	3705
87	151	4067
151	87	4068
87	100	3805
100	87	3806
88	120	4942
120	88	4942
88	96	2174
96	88	2174
88	111	4132
111	88	4132
88	142	4972
142	88	4972
88	137	4971
137	88	4972
88	127	1306
127	88	1306
88	143	4865
143	88	4865
88	175	2896
175	88	2897
88	149	2480
149	88	2480
89	163	3929
163	89	3930
89	173	4204
173	89	4205
89	141	1193
141	89	1194
89	109	1260
109	89	1260
90	119	953
119	90	954
90	152	2512
152	90	2513
90	168	1418
168	90	1419
90	151	4928
151	90	4928
90	131	4997
131	90	4998
90	166	1529
166	90	1530
90	142	4689
142	90	4689
91	104	1354
104	91	1355
91	112	2394
112	91	2395
91	102	414
102	91	415
91	146	1989
146	91	1990
91	181	2314
181	91	2315
91	153	1860
153	91	1861
91	189	235
189	91	235
91	114	389
114	91	389
91	136	4611
136	91	4611
91	143	4412
143	91	4412
92	186	3260
186	92	3260
92	139	2753
139	92	2754
92	120	4128
120	92	4128
92	103	2502
103	92	2502
92	164	3970
164	92	3971
92	130	4216
130	92	4217
93	129	4418
129	93	4418
93	161	3453
161	93	3454
93	133	3464
133	93	3464
93	146	3320
146	93	3320
93	132	4911
132	93	4911
93	130	2497
130	93	2498
93	109	1614
109	93	1615
93	170	424
170	93	424
93	117	3770
117	93	3770
93	179	2031
179	93	2032
94	128	1373
128	94	1374
94	176	3963
176	94	3964
94	96	4772
96	94	4772
94	164	4197
164	94	4198
94	156	3639
156	94	3639
94	127	1943
127	94	1943
94	154	4116
154	94	4117
94	151	3879
151	94	3880
94	101	2349
101	94	2349
94	166	1823
166	94	1823
95	114	4623
114	95	4624
95	121	1438
121	95	1438
95	140	1683
140	95	1683
95	130	164
130	95	165
96	127	268
127	96	269
96	163	4549
163	96	4550
96	102	4147
102	96	4147
96	162	495
162	96	495
96	160	4370
160	96	4371
96	150	3889
150	96	3890
96	109	1562
109	96	1563
96	107	3001
107	96	3001
96	123	2783
123	96	2784
96	105	3003
105	96	3003
96	176	4160
176	96	4161
96	128	2499
128	96	2499
96	114	4312
114	96	4313
97	146	3311
146	97	3312
97	150	2966
150	97	2967
97	105	317
105	97	318
97	186	499
186	97	499
97	107	1697
107	97	1697
97	170	1020
170	97	1020
97	166	4335
166	97	4335
97	110	541
110	97	541
97	153	4474
153	97	4474
97	181	4691
181	97	4692
97	106	4380
106	97	4380
97	135	561
135	97	562
97	128	3525
128	97	3525
98	114	4377
114	98	4377
98	130	2553
130	98	2553
98	152	1766
152	98	1766
98	107	4407
107	98	4408
98	153	1800
153	98	1800
98	121	3224
121	98	3224
98	102	3901
102	98	3901
98	165	4400
165	98	4400
98	124	1464
124	98	1464
98	161	137
161	98	138
98	99	3038
99	98	3038
99	168	3340
168	99	3341
99	145	2977
145	99	2978
99	167	3117
167	99	3117
99	189	820
189	99	820
99	137	2861
137	99	2861
99	129	2320
129	99	2321
99	161	4854
161	99	4855
99	124	2745
124	99	2746
99	113	3259
113	99	3260
99	147	831
147	99	831
99	112	2391
112	99	2391
99	169	4112
169	99	4112
99	177	3779
177	99	3779
99	173	2157
173	99	2158
100	136	3344
136	100	3345
100	133	4136
133	100	4137
100	112	2707
112	100	2708
100	157	3772
157	100	3773
100	111	1911
111	100	1911
100	135	2174
135	100	2175
100	119	4733
119	100	4734
100	154	4394
154	100	4395
100	177	3320
177	100	3320
100	178	4293
178	100	4293
100	108	3993
108	100	3994
100	189	819
189	100	820
100	146	893
146	100	893
100	129	3510
129	100	3510
100	140	3927
140	100	3928
101	115	1367
115	101	1367
101	136	2152
136	101	2152
105	145	4622
145	105	4622
105	130	3188
130	105	3189
105	164	2112
164	105	2112
105	152	3663
152	105	3663
106	167	4206
167	106	4207
106	109	4832
109	106	4833
106	165	1014
165	106	1015
106	111	4443
111	106	4444
106	169	1512
169	106	1513
106	140	3722
140	106	3723
107	169	4625
169	107	4626
107	119	722
119	107	723
107	115	3705
115	107	3706
108	146	4717
146	108	4717
108	112	430
112	108	430
108	135	3556
135	108	3556
108	117	4907
117	108	4908
110	115	301
115	110	301
110	157	2359
157	110	2360
110	123	4545
123	110	4546
110	140	4174
140	110	4175
110	171	1887
171	110	1888
110	165	4946
165	110	4947
110	122	1465
122	110	1465
111	132	4815
132	111	4816
115	149	2508
149	115	2509
115	156	1631
156	115	1632
115	136	4890
136	115	4890
115	130	4205
130	115	4205
116	156	1503
156	116	1503
117	136	2181
136	117	2182
117	170	1247
170	117	1247
117	169	3416
169	117	3417
117	168	2351
168	117	2352
117	154	2174
154	117	2174
117	135	4407
135	117	4408
117	144	1227
144	117	1227
117	163	4707
163	117	4707
117	167	557
167	117	558
117	137	3519
137	117	3520
119	122	4758
122	119	4759
121	133	2602
133	121	2602
121	178	2331
178	121	2332
122	166	1053
166	122	1053
122	168	1571
168	122	1571
122	157	4237
157	122	4237
122	140	3722
140	122	3723
122	174	3510
174	122	3510
122	162	4793
162	122	4794
122	133	3842
133	122	3843
122	131	4341
131	122	4342
128	138	4312
138	128	4312
128	145	4771
145	128	4771
129	162	4172
162	129	4173
129	138	4227
138	129	4227
129	168	874
168	129	874
131	157	1983
157	131	1983
131	138	3106
138	131	3107
131	153	1658
153	131	1659
132	166	4936
166	132	4936
132	173	131
173	132	131
132	157	1875
157	132	1875
132	133	4200
133	132	4200
132	154	4685
154	132	4686
136	177	3348
177	136	3348
136	178	2037
178	136	2038
136	140	3186
140	136	3186
137	164	3827
164	137	3827
138	167	1557
167	138	1557
138	145	1051
145	138	1051
138	166	296
166	138	297
138	147	1068
147	138	1068
138	150	3446
150	138	3446
145	171	4859
171	145	4859
146	170	275
170	146	275
150	153	128
153	150	128
150	160	1119
160	150	1119
150	177	2643
177	150	2643
150	162	3993
162	150	3994
150	158	4340
158	150	4340
150	154	3179
154	150	3180
150	174	3719
174	150	3720
153	167	4619
167	153	4619
153	171	730
171	153	730
153	174	4226
174	153	4227
153	157	4703
157	153	4704
157	158	2466
158	157	2467
157	165	3990
165	157	3990
157	166	4834
166	157	4834
158	161	1818
161	158	1819
158	171	1467
171	158	1468
158	170	105
170	158	105
158	167	655
167	158	656
158	166	3939
166	158	3940
158	177	1203
177	158	1203
160	167	3123
167	160	3123
160	174	2155
174	160	2155
160	171	3798
171	160	3798
162	166	3774
166	162	3774
171	174	4686
174	171	4687
174	177	4691
177	174	4691
