900	5276
2	2
2	2
5	5
3	3
4	4
2	2
2	2
4	4
4	4
5	5
3	3
4	4
5	5
2	2
2	2
4	4
4	4
2	2
3	3
2	2
3	3
4	4
4	4
5	5
5	5
4	4
2	2
4	4
3	3
4	4
5	5
5	5
3	3
2	2
4	4
3	3
4	4
5	5
5	5
3	3
2	2
5	5
4	4
5	5
4	4
2	2
4	4
5	5
3	3
3	3
5	5
3	3
2	2
3	3
3	3
2	2
3	3
5	5
5	5
2	2
5	5
4	4
4	4
3	3
5	5
3	3
3	3
2	2
5	5
2	2
4	4
3	3
3	3
5	5
4	4
3	3
5	5
2	2
5	5
5	5
5	5
2	2
2	2
4	4
5	5
4	4
4	4
4	4
5	5
5	5
2	2
3	3
3	3
4	4
4	4
5	5
3	3
5	5
3	3
3	3
4	4
3	3
3	3
2	2
2	2
4	4
5	5
2	2
4	4
3	3
5	5
4	4
4	4
5	5
4	4
5	5
2	2
2	2
4	4
2	2
2	2
3	3
2	2
3	3
2	2
4	4
5	5
2	2
2	2
3	3
5	5
4	4
2	2
4	4
3	3
3	3
3	3
2	2
4	4
5	5
4	4
5	5
4	4
2	2
5	5
3	3
2	2
4	4
3	3
3	3
3	3
5	5
2	2
2	2
3	3
4	4
2	2
4	4
4	4
5	5
2	2
3	3
3	3
2	2
2	2
5	5
3	3
2	2
5	5
3	3
2	2
5	5
2	2
2	2
2	2
3	3
3	3
2	2
5	5
3	3
3	3
3	3
5	5
5	5
4	4
2	2
4	4
5	5
3	3
5	5
3	3
4	4
4	4
5	5
5	5
3	3
5	5
4	4
3	3
5	5
4	4
4	4
5	5
5	5
5	5
3	3
4	4
4	4
2	2
3	3
4	4
5	5
3	3
4	4
5	5
4	4
5	5
4	4
4	4
2	2
5	5
4	4
3	3
2	2
4	4
3	3
4	4
4	4
2	2
5	5
5	5
5	5
4	4
2	2
3	3
5	5
2	2
3	3
3	3
4	4
5	5
3	3
3	3
5	5
3	3
2	2
5	5
2	2
4	4
4	4
2	2
2	2
5	5
4	4
3	3
3	3
4	4
4	4
2	2
5	5
4	4
5	5
2	2
2	2
5	5
4	4
2	2
2	2
2	2
3	3
5	5
5	5
3	3
3	3
4	4
3	3
5	5
5	5
3	3
3	3
2	2
2	2
2	2
5	5
2	2
5	5
2	2
3	3
4	4
2	2
5	5
2	2
5	5
3	3
2	2
2	2
2	2
4	4
4	4
5	5
4	4
5	5
4	4
4	4
2	2
4	4
2	2
3	3
4	4
2	2
5	5
4	4
4	4
4	4
3	3
4	4
2	2
2	2
3	3
5	5
5	5
4	4
4	4
3	3
2	2
4	4
3	3
4	4
4	4
3	3
3	3
3	3
3	3
3	3
3	3
3	3
3	3
2	2
3	3
3	3
4	4
4	4
4	4
4	4
4	4
5	5
3	3
5	5
3	3
3	3
4	4
4	4
3	3
4	4
5	5
2	2
4	4
3	3
4	4
4	4
5	5
2	2
3	3
4	4
4	4
5	5
3	3
5	5
2	2
5	5
4	4
3	3
5	5
2	2
2	2
4	4
4	4
3	3
4	4
5	5
5	5
4	4
3	3
5	5
2	2
2	2
3	3
2	2
2	2
5	5
5	5
4	4
3	3
2	2
4	4
4	4
2	2
4	4
3	3
2	2
3	3
4	4
4	4
4	4
4	4
3	3
5	5
3	3
4	4
3	3
2	2
2	2
4	4
5	5
2	2
2	2
2	2
2	2
4	4
3	3
2	2
3	3
3	3
4	4
3	3
2	2
3	3
5	5
4	4
4	4
4	4
3	3
2	2
5	5
4	4
2	2
5	5
2	2
3	3
3	3
4	4
4	4
4	4
4	4
2	2
2	2
5	5
2	2
3	3
4	4
4	4
2	2
4	4
5	5
3	3
5	5
5	5
3	3
3	3
3	3
5	5
5	5
2	2
5	5
4	4
3	3
3	3
4	4
2	2
2	2
2	2
4	4
2	2
2	2
4	4
3	3
2	2
4	4
3	3
5	5
2	2
5	5
2	2
2	2
3	3
5	5
5	5
3	3
3	3
5	5
3	3
4	4
4	4
4	4
5	5
2	2
2	2
2	2
4	4
4	4
4	4
3	3
2	2
2	2
4	4
2	2
4	4
2	2
2	2
4	4
2	2
5	5
3	3
4	4
5	5
2	2
4	4
4	4
3	3
2	2
3	3
4	4
5	5
2	2
3	3
5	5
3	3
3	3
3	3
4	4
2	2
2	2
3	3
5	5
5	5
3	3
2	2
2	2
4	4
2	2
4	4
2	2
5	5
3	3
3	3
3	3
4	4
4	4
5	5
5	5
5	5
4	4
3	3
5	5
4	4
3	3
4	4
3	3
3	3
2	2
2	2
3	3
3	3
3	3
2	2
2	2
5	5
4	4
4	4
5	5
2	2
4	4
3	3
3	3
2	2
3	3
2	2
5	5
3	3
2	2
3	3
4	4
3	3
2	2
5	5
2	2
5	5
5	5
2	2
4	4
2	2
3	3
3	3
4	4
5	5
5	5
4	4
3	3
5	5
4	4
2	2
2	2
2	2
5	5
2	2
4	4
5	5
2	2
2	2
2	2
4	4
4	4
3	3
3	3
4	4
3	3
2	2
2	2
3	3
3	3
5	5
5	5
3	3
2	2
4	4
2	2
5	5
4	4
5	5
3	3
2	2
4	4
3	3
3	3
5	5
5	5
5	5
5	5
3	3
2	2
5	5
4	4
3	3
5	5
4	4
5	5
4	4
4	4
2	2
5	5
5	5
2	2
2	2
3	3
2	2
2	2
4	4
2	2
4	4
5	5
4	4
4	4
4	4
4	4
2	2
2	2
4	4
3	3
2	2
2	2
5	5
2	2
3	3
4	4
2	2
2	2
4	4
5	5
4	4
2	2
4	4
5	5
5	5
3	3
4	4
5	5
5	5
4	4
4	4
4	4
3	3
2	2
5	5
4	4
3	3
4	4
4	4
4	4
2	2
4	4
4	4
4	4
3	3
4	4
4	4
3	3
2	2
4	4
4	4
2	2
2	2
4	4
3	3
2	2
2	2
2	2
3	3
4	4
4	4
4	4
5	5
5	5
4	4
3	3
4	4
4	4
3	3
3	3
3	3
4	4
4	4
3	3
4	4
3	3
4	4
4	4
5	5
2	2
3	3
4	4
5	5
5	5
4	4
5	5
4	4
2	2
2	2
5	5
3	3
4	4
2	2
5	5
3	3
5	5
3	3
5	5
4	4
2	2
3	3
4	4
3	3
2	2
5	5
2	2
3	3
3	3
3	3
5	5
3	3
3	3
2	2
4	4
3	3
2	2
2	2
5	5
5	5
3	3
3	3
5	5
2	2
2	2
2	2
2	2
3	3
3	3
5	5
3	3
3	3
4	4
3	3
2	2
5	5
5	5
5	5
5	5
5	5
2	2
4	4
2	2
5	5
4	4
5	5
3	3
5	5
4	4
3	3
5	5
4	4
5	5
3	3
4	4
4	4
5	5
3	3
2	2
4	4
4	4
5	5
2	2
4	4
5	5
3	3
2	2
2	2
3	3
2	2
4	4
4	4
5	5
5	5
5	5
4	4
5	5
5	5
3	3
2	2
3	3
3	3
4	4
2	2
2	2
2	2
3	3
4	4
2	2
3	3
5	5
4	4
4	4
5	5
3	3
5	5
5	5
3	3
2	2
3	3
3	3
3	3
3	3
4	4
5	5
3	3
2	2
2	2
2	2
5	5
3	3
2	2
5	5
5	5
2	2
2	2
2	2
3	3
4	4
3	3
4	4
3	3
3	3
3	3
4	4
3	3
2	2
4	4
5	5
4	4
3	3
5	5
5	5
5	5
3	3
2	2
3	3
4	4
4	4
4	4
5	5
3	3
3	3
1	766	3509
766	1	3509
1	887	4602
887	1	4602
1	550	3661
550	1	3661
1	440	3444
440	1	3444
1	373	1181
373	1	1182
1	534	4911
534	1	4911
1	179	3921
179	1	3921
1	739	4636
739	1	4637
1	295	3926
295	1	3926
1	464	1214
464	1	1215
1	623	4354
623	1	4355
1	867	4573
867	1	4574
1	860	3621
860	1	3621
1	670	3387
670	1	3387
1	868	2570
868	1	2571
1	546	2888
546	1	2888
2	124	3195
124	2	3196
2	10	4040
10	2	4040
2	851	3576
851	2	3577
2	481	3937
481	2	3938
2	60	2513
60	2	2514
2	676	1010
676	2	1011
2	740	4537
740	2	4537
2	617	2658
617	2	2658
2	565	4182
565	2	4183
2	529	2537
529	2	2538
2	792	237
792	2	237
2	486	1064
486	2	1065
2	146	4181
146	2	4181
2	121	2610
121	2	2611
2	666	733
666	2	734
2	583	3995
583	2	3996
2	607	4467
607	2	4468
2	67	2516
67	2	2516
2	509	2015
509	2	2015
3	557	4350
557	3	4350
3	272	3516
272	3	3516
3	322	3772
322	3	3773
3	480	4771
480	3	4771
3	768	4925
768	3	4926
3	220	4782
220	3	4783
3	452	3808
452	3	3808
3	471	4531
471	3	4531
3	612	2097
612	3	2097
3	814	3043
814	3	3044
3	319	1891
319	3	1891
3	398	4029
398	3	4029
3	334	4028
334	3	4028
4	107	2752
107	4	2752
4	348	4724
348	4	4724
4	593	4833
593	4	4834
4	355	3665
355	4	3666
4	237	2642
237	4	2642
4	208	1793
208	4	1794
4	449	4567
449	4	4567
4	69	4925
69	4	4925
4	743	3055
743	4	3055
4	727	1906
727	4	1907
4	492	295
492	4	296
4	59	3532
59	4	3533
4	423	4404
423	4	4404
4	262	3984
262	4	3985
4	25	3908
25	4	3908
4	895	4306
895	4	4306
4	39	2033
39	4	2033
5	280	3997
280	5	3998
5	664	4607
664	5	4608
5	353	4990
353	5	4991
5	203	2260
203	5	2261
5	573	3252
573	5	3253
5	765	4406
765	5	4407
5	185	3528
185	5	3528
5	465	4567
465	5	4567
5	257	3363
257	5	3363
5	230	574
230	5	575
5	345	4159
345	5	4160
5	882	4612
882	5	4613
5	82	2672
82	5	2673
5	411	4402
411	5	4403
5	687	4659
687	5	4659
6	279	4036
279	6	4036
6	855	3595
855	6	3596
6	85	3617
85	6	3617
6	657	133
657	6	133
6	876	4523
876	6	4523
6	461	4785
461	6	4786
6	235	4161
235	6	4162
6	206	4292
206	6	4292
6	368	3354
368	6	3355
6	185	1819
185	6	1819
6	649	2984
649	6	2985
6	498	1071
498	6	1072
6	738	691
738	6	692
6	431	2729
431	6	2729
6	765	1753
765	6	1754
7	218	4790
218	7	4791
7	10	1021
10	7	1022
7	449	1930
449	7	1931
7	103	867
103	7	868
7	758	3703
758	7	3703
7	618	3673
618	7	3673
7	397	1855
397	7	1856
7	85	2176
85	7	2177
7	523	4593
523	7	4594
7	675	3419
675	7	3420
7	603	4892
603	7	4893
7	109	2412
109	7	2412
7	481	1676
481	7	1677
7	71	4355
71	7	4356
7	616	1979
616	7	1979
7	111	2425
111	7	2425
7	617	4071
617	7	4071
7	477	4495
477	7	4496
7	558	4311
558	7	4311
8	630	3915
630	8	3915
8	100	4118
100	8	4119
8	136	4909
136	8	4909
8	483	4540
483	8	4540
8	596	2474
596	8	2474
8	775	4830
775	8	4831
8	546	4368
546	8	4368
8	627	4976
627	8	4976
8	20	2562
20	8	2563
8	269	4483
269	8	4483
8	405	367
405	8	367
8	148	1771
148	8	1772
8	426	2971
426	8	2972
8	359	4547
359	8	4547
8	133	2738
133	8	2738
8	292	937
292	8	938
9	575	1793
575	9	1794
9	49	4500
49	9	4501
9	792	1142
792	9	1142
9	186	444
186	9	445
9	842	3750
842	9	3751
9	529	4386
529	9	4387
9	39	4066
39	9	4066
9	198	3077
198	9	3077
9	364	1050
364	9	1050
9	768	3221
768	9	3221
9	613	2879
613	9	2880
9	323	2207
323	9	2208
10	840	2249
840	10	2250
10	246	4173
246	10	4173
10	167	1891
167	10	1891
10	351	3558
351	10	3558
10	130	3828
130	10	3829
10	448	4350
448	10	4350
10	801	862
801	10	863
10	383	2653
383	10	2653
10	30	2888
30	10	2888
10	456	359
456	10	360
10	73	889
73	10	890
10	327	4287
327	10	4288
10	18	4483
18	10	4483
11	525	4097
525	11	4097
11	209	4752
209	11	4752
11	163	1339
163	11	1340
11	465	1818
465	11	1819
11	278	4525
278	11	4526
11	686	3132
686	11	3133
11	543	4658
543	11	4658
11	359	1864
359	11	1865
11	113	429
113	11	429
11	385	4151
385	11	4152
11	830	3715
830	11	3716
11	137	3614
137	11	3614
11	703	4840
703	11	4840
11	311	4181
311	11	4182
12	850	2054
850	12	2055
12	856	3449
856	12	3450
12	191	2278
191	12	2278
12	396	1131
396	12	1132
12	381	3282
381	12	3282
12	766	1315
766	12	1315
12	405	4616
405	12	4617
12	271	557
271	12	557
12	21	2467
21	12	2468
12	634	1136
634	12	1136
12	520	4715
520	12	4715
12	198	4453
198	12	4454
13	711	1662
711	13	1662
13	134	4338
134	13	4338
13	602	164
602	13	164
13	17	2426
17	13	2426
13	233	3500
233	13	3500
13	741	3865
741	13	3865
13	533	3576
533	13	3576
13	466	2560
466	13	2561
13	327	4874
327	13	4874
13	584	3488
584	13	3489
13	680	4945
680	13	4946
13	798	4719
798	13	4719
13	753	3265
753	13	3266
13	835	3257
835	13	3258
13	304	1659
304	13	1659
13	291	4847
291	13	4848
13	507	4717
507	13	4717
13	307	4295
307	13	4295
14	125	1519
125	14	1520
14	511	4531
511	14	4532
14	407	1164
407	14	1164
14	72	4570
72	14	4570
14	426	3406
426	14	3406
14	368	3165
368	14	3166
14	197	3734
197	14	3734
14	127	1204
127	14	1204
14	633	1184
633	14	1185
14	846	4362
846	14	4362
14	374	1632
374	14	1632
14	300	2034
300	14	2035
14	338	4182
338	14	4183
14	858	2947
858	14	2947
15	804	3748
804	15	3748
15	43	4539
43	15	4539
15	435	3533
435	15	3533
15	844	4146
844	15	4146
15	220	4285
220	15	4286
15	345	3748
345	15	3748
15	498	1491
498	15	1492
15	227	430
227	15	431
15	271	3304
271	15	3305
15	334	3968
334	15	3968
15	473	3773
473	15	3774
15	280	2993
280	15	2994
15	737	1658
737	15	1659
15	600	2487
600	15	2488
15	567	2659
567	15	2659
15	456	4384
456	15	4384
15	311	3612
311	15	3613
15	183	2066
183	15	2067
15	862	4511
862	15	4511
16	669	2904
669	16	2904
16	183	4774
183	16	4775
16	283	3996
283	16	3997
16	110	1209
110	16	1209
16	838	4361
838	16	4362
16	490	4337
490	16	4337
16	831	3159
831	16	3159
16	39	3736
39	16	3737
16	304	4649
304	16	4650
16	806	1034
806	16	1034
16	127	2455
127	16	2456
16	208	4110
208	16	4111
16	296	4535
296	16	4535
16	727	2492
727	16	2493
16	434	1096
434	16	1096
16	285	3724
285	16	3725
17	234	296
234	17	296
17	865	1456
865	17	1457
17	567	1742
567	17	1742
17	283	4881
283	17	4882
17	97	3502
97	17	3503
17	370	4403
370	17	4404
17	228	792
228	17	793
17	402	4875
402	17	4876
17	429	2566
429	17	2566
17	345	4099
345	17	4099
17	296	232
296	17	232
17	825	4738
825	17	4738
17	83	1022
83	17	1023
18	877	3787
877	18	3788
18	836	1565
836	18	1565
18	665	1168
665	18	1169
18	530	3517
530	18	3518
18	245	4685
245	18	4686
18	526	630
526	18	631
18	808	2596
808	18	2596
18	476	1173
476	18	1174
18	532	2078
532	18	2078
18	702	3971
702	18	3971
18	190	4334
190	18	4334
19	207	3703
207	19	3704
19	639	4356
639	19	4357
19	626	3504
626	19	3505
19	196	2569
196	19	2569
19	577	901
577	19	902
19	802	417
802	19	418
19	103	4920
103	19	4921
19	420	2621
420	19	2622
19	610	4636
610	19	4637
19	700	4750
700	19	4750
19	520	251
520	19	251
19	145	4121
145	19	4122
19	355	4718
355	19	4718
19	638	4075
638	19	4076
19	786	1110
786	19	1111
19	640	2467
640	19	2468
20	595	3034
595	20	3035
20	255	4483
255	20	4484
20	24	4108
24	20	4109
20	117	4823
117	20	4823
20	209	4767
209	20	4767
20	672	2849
672	20	2850
20	897	3609
897	20	3609
20	639	2395
639	20	2395
20	283	3789
283	20	3789
20	776	1092
776	20	1093
20	39	4833
39	20	4834
20	893	4231
893	20	4231
20	467	4044
467	20	4045
20	495	1403
495	20	1404
20	477	4775
477	20	4775
20	211	1969
211	20	1969
21	206	1595
206	21	1596
21	160	3645
160	21	3645
21	741	4471
741	21	4472
21	709	4698
709	21	4699
21	637	2612
637	21	2612
21	435	2407
435	21	2408
21	122	3683
122	21	3683
21	796	4816
796	21	4816
21	56	4320
56	21	4320
21	439	2590
439	21	2591
21	248	1454
248	21	1454
21	427	2777
427	21	2778
21	379	3375
379	21	3376
22	812	581
812	22	581
22	203	1025
203	22	1026
22	629	1639
629	22	1639
22	252	1704
252	22	1705
22	80	4089
80	22	4090
22	499	4298
499	22	4299
22	395	4957
395	22	4958
22	517	3421
517	22	3422
22	574	2571
574	22	2572
22	125	2695
125	22	2695
22	30	1925
30	22	1925
22	819	1205
819	22	1206
22	81	3741
81	22	3742
23	822	4555
822	23	4556
23	548	4855
548	23	4855
23	668	4429
668	23	4430
23	802	1780
802	23	1780
23	78	3904
78	23	3904
23	103	3950
103	23	3950
23	404	4234
404	23	4234
23	365	1865
365	23	1866
23	44	4364
44	23	4364
23	859	779
859	23	780
23	145	1748
145	23	1748
23	287	4283
287	23	4283
23	399	4291
399	23	4292
23	803	1122
803	23	1122
24	490	714
490	24	714
24	256	4696
256	24	4697
24	117	1085
117	24	1086
24	511	3044
511	24	3044
24	345	2716
345	24	2716
24	595	2871
595	24	2872
24	311	2398
311	24	2398
24	866	512
866	24	513
24	226	1672
226	24	1673
24	92	358
92	24	359
24	381	3536
381	24	3537
24	281	3509
281	24	3510
24	193	1775
193	24	1776
25	283	4567
283	25	4567
25	475	4137
475	25	4138
25	591	1876
591	25	1876
25	203	4755
203	25	4756
25	792	1811
792	25	1811
25	328	4227
328	25	4228
25	889	1267
889	25	1267
25	427	2499
427	25	2500
25	730	3198
730	25	3199
25	375	2608
375	25	2609
25	692	3602
692	25	3603
25	559	3767
559	25	3767
25	510	4087
510	25	4088
25	153	3447
153	25	3447
26	273	3967
273	26	3968
26	468	3488
468	26	3488
26	725	2464
725	26	2465
26	156	1961
156	26	1962
26	233	2344
233	26	2345
26	302	4800
302	26	4801
26	188	4517
188	26	4518
26	323	1086
323	26	1086
26	80	2119
80	26	2119
26	303	523
303	26	523
26	781	3753
781	26	3753
26	96	3610
96	26	3611
26	832	2894
832	26	2894
26	393	4504
393	26	4504
26	761	4863
761	26	4864
26	473	4905
473	26	4906
26	592	4233
592	26	4234
26	207	3404
207	26	3404
27	415	266
415	27	266
27	659	3766
659	27	3766
27	794	4685
794	27	4686
27	474	2486
474	27	2487
27	28	2142
28	27	2143
27	61	4323
61	27	4323
27	660	3612
660	27	3613
27	277	4135
277	27	4136
27	308	3648
308	27	3649
27	879	190
879	27	191
27	189	580
189	27	581
27	352	3202
352	27	3202
27	559	3695
559	27	3695
27	748	4928
748	27	4929
27	459	2669
459	27	2669
27	291	3257
291	27	3258
27	843	4747
843	27	4747
28	317	1368
317	28	1369
28	137	4392
137	28	4392
28	57	2809
57	28	2809
28	571	2388
571	28	2389
28	535	784
535	28	784
28	824	924
824	28	925
28	702	772
702	28	773
28	172	4287
172	28	4288
28	478	1871
478	28	1871
28	828	4645
828	28	4646
28	55	1397
55	28	1397
28	452	4845
452	28	4845
28	555	2425
555	28	2426
28	660	3782
660	28	3783
28	644	501
644	28	502
28	624	1940
624	28	1940
28	286	2020
286	28	2020
28	209	1812
209	28	1812
29	182	2623
182	29	2624
29	675	4471
675	29	4471
29	493	442
493	29	443
29	818	4727
818	29	4728
29	556	3810
556	29	3810
29	555	3595
555	29	3596
29	58	3026
58	29	3026
29	544	4283
544	29	4284
29	894	4503
894	29	4503
29	220	1914
220	29	1915
29	734	3796
734	29	3796
29	237	4410
237	29	4410
29	278	1148
278	29	1149
29	315	2723
315	29	2723
29	654	4402
654	29	4402
29	644	1868
644	29	1869
29	489	1683
489	29	1684
29	218	291
218	29	291
30	678	4330
678	30	4330
30	601	2949
601	30	2950
30	472	4137
472	30	4138
30	447	3377
447	30	3377
30	643	3675
643	30	3676
30	206	4617
206	30	4617
30	837	4576
837	30	4577
30	786	4454
786	30	4454
30	345	3614
345	30	3614
30	58	4899
58	30	4900
30	150	3070
150	30	3070
31	332	2753
332	31	2754
31	286	2940
286	31	2940
31	512	3859
512	31	3859
31	179	3738
179	31	3738
31	270	4287
270	31	4288
31	690	4134
690	31	4135
31	651	2578
651	31	2579
31	544	1672
544	31	1672
31	476	1922
476	31	1922
31	870	3133
870	31	3134
31	523	1413
523	31	1414
31	600	4719
600	31	4720
31	722	909
722	31	909
31	62	1808
62	31	1809
31	339	1930
339	31	1931
32	710	4108
710	32	4109
32	519	3727
519	32	3727
32	768	4922
768	32	4922
32	597	4121
597	32	4121
32	319	4840
319	32	4840
32	294	4592
294	32	4592
32	775	2635
775	32	2635
32	133	1436
133	32	1436
32	238	4193
238	32	4193
32	797	401
797	32	402
32	576	3647
576	32	3647
32	377	3630
377	32	3631
32	70	125
70	32	125
32	829	1580
829	32	1580
32	269	3298
269	32	3299
32	711	4477
711	32	4477
32	230	3131
230	32	3131
33	483	3314
483	33	3314
33	204	2747
204	33	2747
33	465	4567
465	33	4567
33	57	1472
57	33	1472
33	80	2249
80	33	2249
33	335	4262
335	33	4262
33	375	2409
375	33	2410
33	76	2476
76	33	2477
33	424	4934
424	33	4934
33	435	3082
435	33	3083
33	884	3209
884	33	3210
33	666	4656
666	33	4656
33	754	3733
754	33	3733
34	586	2416
586	34	2416
34	670	1692
670	34	1693
34	329	2331
329	34	2331
34	282	1362
282	34	1363
34	849	2611
849	34	2612
34	839	4554
839	34	4555
34	697	2360
697	34	2360
34	359	4956
359	34	4956
34	612	1688
612	34	1688
34	330	3812
330	34	3813
34	861	1918
861	34	1918
34	220	415
220	34	416
34	227	4128
227	34	4128
34	648	4993
648	34	4993
34	666	3718
666	34	3718
34	420	4088
420	34	4088
35	287	4410
287	35	4411
35	268	1214
268	35	1215
35	345	3760
345	35	3761
35	373	4863
373	35	4863
35	707	3941
707	35	3941
35	316	4078
316	35	4079
35	444	2108
444	35	2109
35	339	4384
339	35	4385
35	548	4166
548	35	4166
35	80	835
80	35	835
35	171	2866
171	35	2866
35	244	1609
244	35	1609
35	233	2172
233	35	2173
35	686	3935
686	35	3935
35	500	4621
500	35	4622
36	120	4192
120	36	4192
36	195	1524
195	36	1525
36	108	428
108	36	429
36	724	4296
724	36	4297
36	437	4421
437	36	4421
36	531	4168
531	36	4169
36	469	3664
469	36	3665
36	675	4917
675	36	4917
36	557	4937
557	36	4937
36	183	1767
183	36	1768
36	608	3427
608	36	3427
36	40	1896
40	36	1896
36	774	4595
774	36	4596
36	688	1806
688	36	1806
36	833	3556
833	36	3557
36	540	2606
540	36	2607
36	174	1705
174	36	1706
36	369	4779
369	36	4779
37	208	4489
208	37	4489
37	785	3797
785	37	3798
37	259	867
259	37	868
37	484	3839
484	37	3840
37	691	4006
691	37	4006
37	372	1627
372	37	1628
37	165	3772
165	37	3773
37	222	3716
222	37	3717
37	731	3885
731	37	3886
37	59	2727
59	37	2727
37	164	228
164	37	228
37	44	4758
44	37	4758
38	648	3689
648	38	3690
38	52	1210
52	38	1210
38	602	4347
602	38	4347
38	775	3704
775	38	3704
38	293	4568
293	38	4569
38	67	318
67	38	319
38	562	4809
562	38	4810
38	51	3757
51	38	3757
38	565	1380
565	38	1380
38	449	4241
449	38	4241
38	212	256
212	38	257
38	533	4604
533	38	4604
38	256	4148
256	38	4149
38	410	2009
410	38	2010
38	747	1273
747	38	1273
38	800	4781
800	38	4782
38	260	4409
260	38	4409
39	193	3588
193	39	3589
39	881	1908
881	39	1909
39	848	4205
848	39	4206
39	378	3884
378	39	3884
39	189	4606
189	39	4606
39	485	4325
485	39	4325
39	663	4573
663	39	4574
39	50	1992
50	39	1992
39	566	2541
566	39	2541
39	686	4976
686	39	4976
39	892	1606
892	39	1606
39	416	3128
416	39	3129
40	109	3887
109	40	3887
40	324	4853
324	40	4853
40	565	3519
565	40	3520
40	117	4732
117	40	4732
40	167	939
167	40	939
40	561	3941
561	40	3942
40	780	4434
780	40	4435
40	126	2775
126	40	2776
40	715	3043
715	40	3043
40	706	4112
706	40	4113
40	474	456
474	40	456
40	55	4300
55	40	4300
40	572	3472
572	40	3473
40	764	4708
764	40	4708
41	459	2228
459	41	2228
41	411	1002
411	41	1002
41	663	1446
663	41	1447
41	302	380
302	41	380
41	475	1727
475	41	1728
41	232	1474
232	41	1474
41	691	3753
691	41	3754
41	332	3552
332	41	3552
41	226	1352
226	41	1353
41	774	1425
774	41	1426
41	186	801
186	41	801
41	393	4376
393	41	4377
41	650	2102
650	41	2103
41	657	3874
657	41	3874
41	323	4415
323	41	4416
41	52	3044
52	41	3044
42	539	448
539	42	449
42	504	4304
504	42	4305
42	589	3135
589	42	3136
42	277	2361
277	42	2362
42	438	546
438	42	546
42	380	4693
380	42	4693
42	785	1228
785	42	1229
42	770	4641
770	42	4642
42	314	3668
314	42	3668
42	659	2281
659	42	2281
42	752	2519
752	42	2520
42	744	4890
744	42	4890
42	93	2532
93	42	2532
42	142	3357
142	42	3358
42	246	2718
246	42	2718
42	513	2745
513	42	2745
42	678	4507
678	42	4508
42	407	4492
407	42	4493
43	335	3782
335	43	3782
43	510	3926
510	43	3926
43	220	644
220	43	645
43	227	1416
227	43	1417
43	295	4781
295	43	4781
43	368	4406
368	43	4406
43	238	2408
238	43	2409
43	586	1675
586	43	1676
43	869	565
869	43	565
43	346	842
346	43	843
43	183	717
183	43	717
43	682	2885
682	43	2885
43	452	1995
452	43	1996
43	389	3284
389	43	3284
44	596	554
596	44	554
44	451	825
451	44	825
44	476	1857
476	44	1857
44	422	2206
422	44	2206
44	235	2042
235	44	2042
44	51	2651
51	44	2651
44	797	4298
797	44	4299
44	196	375
196	44	375
44	519	3984
519	44	3984
44	94	4926
94	44	4926
44	684	923
684	44	923
44	96	2817
96	44	2818
44	808	3403
808	44	3404
44	555	1113
555	44	1113
44	815	4595
815	44	4596
44	408	2685
408	44	2686
44	479	1645
479	44	1646
45	677	348
677	45	348
45	425	1689
425	45	1689
45	891	3927
891	45	3928
45	469	3905
469	45	3905
45	185	4158
185	45	4158
45	98	734
98	45	735
45	355	810
355	45	810
45	669	2371
669	45	2371
45	744	1609
744	45	1609
45	252	4748
252	45	4748
45	524	4873
524	45	4873
45	64	2837
64	45	2837
45	720	1244
720	45	1245
46	506	2709
506	46	2710
46	233	2447
233	46	2448
46	339	3510
339	46	3511
46	123	4427
123	46	4428
46	565	4531
565	46	4532
46	430	4459
430	46	4459
46	536	4410
536	46	4410
46	359	2095
359	46	2095
46	744	2572
744	46	2572
46	275	2832
275	46	2832
46	788	4253
788	46	4254
46	579	3922
579	46	3923
46	166	4771
166	46	4771
46	504	4242
504	46	4242
46	732	100
732	46	100
46	473	3963
473	46	3964
46	259	4067
259	46	4067
47	376	4691
376	47	4692
47	79	4188
79	47	4189
47	872	4839
872	47	4840
47	688	4298
688	47	4299
47	602	272
602	47	272
47	190	421
190	47	421
47	473	1348
473	47	1348
47	114	4630
114	47	4630
47	196	472
196	47	473
47	104	4494
104	47	4495
47	427	4618
427	47	4619
47	287	3155
287	47	3156
47	801	4200
801	47	4200
47	352	2284
352	47	2284
47	671	4294
671	47	4295
47	544	2787
544	47	2787
48	240	1723
240	48	1724
48	235	1687
235	48	1688
48	349	4160
349	48	4160
48	301	2279
301	48	2280
48	487	4362
487	48	4363
48	107	4035
107	48	4036
48	159	4216
159	48	4217
48	203	1730
203	48	1730
48	208	3249
208	48	3249
48	186	4778
186	48	4778
48	263	4093
263	48	4093
48	408	4158
408	48	4158
48	793	617
793	48	618
48	645	4550
645	48	4550
48	447	4698
447	48	4698
49	269	4598
269	49	4598
49	553	4484
553	49	4484
49	668	964
668	49	965
49	581	4819
581	49	4819
49	874	4167
874	49	4168
49	774	4168
774	49	4168
49	480	3264
480	49	3265
49	132	4347
132	49	4348
49	699	2597
699	49	2598
49	224	2830
224	49	2830
49	755	1263
755	49	1264
50	140	3047
140	50	3048
50	813	3880
813	50	3880
50	693	2510
693	50	2510
50	265	4404
265	50	4404
50	51	2786
51	50	2786
50	714	1459
714	50	1459
50	662	4561
662	50	4561
50	57	3810
57	50	3811
50	569	4157
569	50	4158
50	572	3543
572	50	3544
50	701	1122
701	50	1122
50	336	4609
336	50	4610
50	698	3551
698	50	3551
50	614	3196
614	50	3196
50	146	2618
146	50	2618
51	425	4741
425	51	4741
51	351	3972
351	51	3972
51	672	54
672	51	55
51	593	2248
593	51	2249
51	368	4054
368	51	4055
51	210	2526
210	51	2526
51	774	2528
774	51	2529
51	808	2691
808	51	2691
51	789	3815
789	51	3815
51	234	4460
234	51	4461
52	364	4049
364	52	4050
52	452	3506
452	52	3506
52	646	3879
646	52	3879
52	661	970
661	52	971
52	478	1113
478	52	1114
52	312	538
312	52	539
52	752	3858
752	52	3858
52	428	4120
428	52	4120
52	297	2210
297	52	2210
52	516	2721
516	52	2722
52	269	991
269	52	991
52	357	4701
357	52	4701
52	250	4787
250	52	4787
52	214	4395
214	52	4396
52	235	1122
235	52	1123
53	224	4894
224	53	4894
53	260	4992
260	53	4992
53	799	3163
799	53	3164
53	384	1024
384	53	1024
53	308	3717
308	53	3718
53	321	4283
321	53	4284
53	900	2337
900	53	2338
53	142	1822
142	53	1823
53	241	4988
241	53	4989
53	817	3575
817	53	3575
53	68	3035
68	53	3035
53	547	1950
547	53	1950
54	60	4331
60	54	4332
54	695	4973
695	54	4974
54	338	3889
338	54	3889
54	534	1014
534	54	1014
54	333	4080
333	54	4081
54	795	2878
795	54	2879
54	277	4874
277	54	4875
54	606	3959
606	54	3960
54	707	4070
707	54	4070
54	698	1670
698	54	1670
54	317	3864
317	54	3865
54	392	735
392	54	735
54	377	1598
377	54	1599
54	888	4639
888	54	4640
54	128	1251
128	54	1252
54	592	3371
592	54	3371
54	194	537
194	54	537
54	259	4240
259	54	4240
55	501	1522
501	55	1522
55	885	2809
885	55	2810
55	224	4964
224	55	4964
55	122	3040
122	55	3041
55	466	4802
466	55	4803
55	609	2498
609	55	2499
55	289	3795
289	55	3795
55	794	1447
794	55	1448
55	387	4046
387	55	4047
55	733	1249
733	55	1249
56	391	3413
391	56	3414
56	83	2471
83	56	2471
56	388	4148
388	56	4149
56	191	2878
191	56	2879
56	221	4651
221	56	4652
56	580	2290
580	56	2291
56	623	2572
623	56	2573
56	385	4621
385	56	4621
56	754	3230
754	56	3231
56	382	2277
382	56	2277
56	186	3180
186	56	3181
57	771	3569
771	57	3569
57	766	1598
766	57	1598
57	706	4101
706	57	4101
57	72	2806
72	57	2806
57	92	3897
92	57	3897
57	480	2062
480	57	2062
57	632	474
632	57	475
57	635	3761
635	57	3762
57	353	4793
353	57	4793
57	631	4285
631	57	4285
58	573	3613
573	58	3614
58	847	4713
847	58	4713
58	458	3898
458	58	3898
58	499	2761
499	58	2761
58	688	4739
688	58	4740
58	852	4719
852	58	4719
58	138	2141
138	58	2142
58	62	2920
62	58	2920
58	82	2583
82	58	2583
58	755	2783
755	58	2784
59	612	3141
612	59	3141
59	556	4418
556	59	4418
59	239	2875
239	59	2876
59	191	4206
191	59	4206
59	743	4681
743	59	4681
59	820	2029
820	59	2030
59	383	3626
383	59	3627
59	438	1457
438	59	1457
59	70	4493
70	59	4494
59	158	1539
158	59	1539
60	203	1500
203	60	1500
60	284	153
284	60	154
60	341	2043
341	60	2044
60	421	2927
421	60	2927
60	586	797
586	60	798
60	123	2386
123	60	2387
60	863	3858
863	60	3859
60	505	2475
505	60	2476
60	757	3647
757	60	3648
60	545	2529
545	60	2529
60	358	2796
358	60	2796
61	103	1290
103	61	1290
61	436	2816
436	61	2817
61	312	4953
312	61	4953
61	134	2758
134	61	2759
61	431	1733
431	61	1733
61	656	3524
656	61	3524
61	642	3900
642	61	3900
61	199	1254
199	61	1255
61	249	4479
249	61	4480
61	655	2891
655	61	2892
61	244	4160
244	61	4161
61	798	4303
798	61	4304
61	121	4468
121	61	4469
62	508	4165
508	62	4166
62	798	3958
798	62	3959
62	172	3497
172	62	3497
62	159	4892
159	62	4892
62	595	4202
595	62	4202
62	200	4856
200	62	4857
62	781	4269
781	62	4269
62	742	4618
742	62	4619
62	220	4741
220	62	4742
62	235	4540
235	62	4541
62	435	4633
435	62	4633
62	564	2067
564	62	2068
62	216	2677
216	62	2678
63	389	4689
389	63	4690
63	285	3828
285	63	3829
63	413	3699
413	63	3700
63	81	54
81	63	54
63	542	4992
542	63	4992
63	208	3567
208	63	3568
63	779	1156
779	63	1157
63	154	4152
154	63	4152
63	871	3926
871	63	3926
63	120	4739
120	63	4740
63	284	807
284	63	808
63	693	3506
693	63	3507
63	494	4375
494	63	4376
63	352	4444
352	63	4444
63	129	3751
129	63	3752
64	408	3858
408	64	3859
64	178	87
178	64	88
64	246	1042
246	64	1042
64	170	978
170	64	979
64	873	4039
873	64	4039
64	454	3890
454	64	3890
64	548	4882
548	64	4882
64	252	2679
252	64	2679
64	598	3313
598	64	3313
64	601	1367
601	64	1367
64	315	1370
315	64	1371
64	409	3831
409	64	3832
64	70	1824
70	64	1825
64	439	1203
439	64	1204
64	158	4927
158	64	4927
65	268	4311
268	65	4311
65	124	4342
124	65	4343
65	410	1863
410	65	1863
65	363	4527
363	65	4528
65	432	2534
432	65	2535
65	146	4791
146	65	4791
65	641	3489
641	65	3490
65	305	3962
305	65	3962
65	243	4878
243	65	4879
65	383	719
383	65	720
65	566	3029
566	65	3030
65	536	4197
536	65	4198
66	394	1138
394	66	1139
66	239	3779
239	66	3780
66	297	4080
297	66	4081
66	702	4134
702	66	4135
66	282	3281
282	66	3281
66	186	4212
186	66	4212
66	730	704
730	66	704
66	327	1043
327	66	1043
66	371	918
371	66	918
66	501	3581
501	66	3581
66	341	2666
341	66	2667
66	149	1524
149	66	1525
66	756	1158
756	66	1159
66	457	1864
457	66	1864
66	144	4036
144	66	4036
67	89	3242
89	67	3242
67	286	2163
286	67	2163
67	576	4149
576	67	4150
67	419	3773
419	67	3774
67	108	2891
108	67	2892
67	570	1653
570	67	1654
67	107	489
107	67	489
67	346	810
346	67	811
67	269	714
269	67	714
67	200	4290
200	67	4291
67	332	4757
332	67	4757
68	417	4713
417	68	4714
68	75	2636
75	68	2636
68	672	3323
672	68	3324
68	611	4992
611	68	4993
68	323	4136
323	68	4137
68	81	3490
81	68	3491
68	500	4909
500	68	4910
68	289	3457
289	68	3458
68	164	3593
164	68	3593
68	312	4278
312	68	4278
68	140	1094
140	68	1095
68	823	3840
823	68	3840
68	384	4756
384	68	4757
68	223	1273
223	68	1274
69	617	4283
617	69	4283
69	899	4958
899	69	4959
69	415	697
415	69	698
69	218	1283
218	69	1283
69	541	4196
541	69	4197
69	363	689
363	69	689
69	784	476
784	69	476
69	447	2210
447	69	2211
69	185	1407
185	69	1408
69	337	3858
337	69	3858
69	731	4183
731	69	4184
69	254	3479
254	69	3480
69	212	4996
212	69	4996
69	621	4962
621	69	4963
69	170	4614
170	69	4614
69	698	2679
698	69	2679
69	582	4724
582	69	4725
70	559	3539
559	70	3539
70	302	3753
302	70	3754
70	232	2394
232	70	2394
70	898	4487
898	70	4488
70	797	2878
797	70	2879
70	772	2186
772	70	2187
70	334	4512
334	70	4512
70	83	4029
83	70	4029
70	613	4417
613	70	4417
71	79	1392
79	71	1392
71	92	3973
92	71	3974
71	188	4426
188	71	4426
71	282	365
282	71	365
71	270	4495
270	71	4495
71	455	2570
455	71	2570
71	463	4229
463	71	4229
71	551	4864
551	71	4864
71	582	4740
582	71	4741
71	579	3911
579	71	3911
71	660	4039
660	71	4039
71	219	3061
219	71	3062
71	679	2032
679	71	2032
71	621	1478
621	71	1479
72	99	4212
99	72	4212
72	344	4907
344	72	4907
72	436	2549
436	72	2550
72	300	4620
300	72	4620
72	375	3501
375	72	3502
72	715	4251
715	72	4252
72	731	3651
731	72	3651
72	335	4698
335	72	4698
72	434	540
434	72	540
72	117	2738
117	72	2739
73	336	2239
336	73	2240
73	77	4274
77	73	4275
73	309	1473
309	73	1474
73	433	2196
433	73	2196
73	715	4572
715	73	4573
73	500	4737
500	73	4737
73	104	4943
104	73	4943
73	244	2631
244	73	2631
73	408	992
408	73	993
73	503	652
503	73	652
73	405	330
405	73	331
73	320	3186
320	73	3186
73	208	1439
208	73	1440
73	356	380
356	73	380
73	180	460
180	73	461
74	625	4237
625	74	4238
74	433	3943
433	74	3944
74	397	72
397	74	73
74	339	3813
339	74	3813
74	543	2317
543	74	2317
74	579	4672
579	74	4672
74	163	893
163	74	894
74	411	3645
411	74	3645
74	92	798
92	74	798
74	631	611
631	74	612
74	834	149
834	74	149
74	150	2702
150	74	2702
74	801	4979
801	74	4979
75	810	2482
810	75	2482
75	362	969
362	75	969
75	185	4036
185	75	4037
75	411	2683
411	75	2684
75	492	4772
492	75	4773
75	601	4678
601	75	4679
75	737	3130
737	75	3131
75	286	1073
286	75	1074
75	740	1224
740	75	1225
75	220	2706
220	75	2707
75	218	3600
218	75	3600
75	272	1273
272	75	1273
75	153	2097
153	75	2098
75	376	3730
376	75	3730
75	197	2299
197	75	2300
75	789	4967
789	75	4968
76	588	4308
588	76	4309
76	720	4278
720	76	4278
76	491	251
491	76	252
76	294	4168
294	76	4168
76	177	3546
177	76	3546
76	788	4622
788	76	4623
76	641	3529
641	76	3530
76	310	1422
310	76	1423
76	656	4972
656	76	4973
76	352	4094
352	76	4095
76	522	4288
522	76	4289
77	590	3972
590	77	3973
77	420	4994
420	77	4995
77	654	1437
654	77	1437
77	609	2449
609	77	2449
77	246	3393
246	77	3394
77	640	4630
640	77	4631
77	636	525
636	77	525
77	242	2337
242	77	2337
77	368	2078
368	77	2078
77	190	3605
190	77	3605
77	313	1171
313	77	1171
78	581	3037
581	78	3037
78	141	3574
141	78	3575
78	875	4552
875	78	4553
78	262	4745
262	78	4746
78	332	554
332	78	554
78	292	2826
292	78	2826
78	789	3411
789	78	3411
78	453	4554
453	78	4554
78	402	2719
402	78	2719
78	669	4358
669	78	4359
78	188	1919
188	78	1920
78	353	4652
353	78	4652
78	321	4856
321	78	4856
78	701	4872
701	78	4873
78	342	4035
342	78	4035
79	88	1699
88	79	1699
79	652	2393
652	79	2393
79	731	1668
731	79	1669
79	391	3695
391	79	3695
79	233	1651
233	79	1652
79	139	3324
139	79	3325
79	770	4079
770	79	4080
79	653	4042
653	79	4042
79	382	1088
382	79	1089
79	319	3149
319	79	3150
79	377	4523
377	79	4523
79	273	2338
273	79	2338
79	302	1486
302	79	1487
79	441	4482
441	79	4482
79	161	2021
161	79	2022
80	372	2007
372	80	2008
80	359	3938
359	80	3938
80	383	444
383	80	445
80	642	4635
642	80	4636
80	99	4608
99	80	4608
80	495	3136
495	80	3136
80	135	727
135	80	727
80	564	207
564	80	208
80	827	4878
827	80	4878
80	501	1191
501	80	1192
80	406	4681
406	80	4681
80	622	4819
622	80	4820
80	798	3856
798	80	3856
80	106	3924
106	80	3924
80	735	1867
735	80	1867
81	461	4841
461	81	4842
81	118	4496
118	81	4497
81	180	3978
180	81	3979
81	742	3705
742	81	3705
81	411	1001
411	81	1002
81	313	1365
313	81	1366
81	800	97
800	81	98
81	679	4574
679	81	4575
81	207	4992
207	81	4992
81	491	4882
491	81	4883
81	591	4731
591	81	4731
81	141	3927
141	81	3927
81	757	604
757	81	604
82	280	3265
280	82	3266
82	548	3551
548	82	3551
82	225	3920
225	82	3920
82	389	4021
389	82	4022
82	115	1887
115	82	1887
82	405	2127
405	82	2127
82	618	4397
618	82	4398
82	386	3840
386	82	3841
82	541	4831
541	82	4832
82	295	401
295	82	401
82	773	3590
773	82	3591
82	241	1940
241	82	1941
82	772	2136
772	82	2136
82	210	387
210	82	387
82	653	3635
653	82	3636
82	151	274
151	82	274
82	337	901
337	82	901
83	721	4673
721	83	4673
83	632	4574
632	83	4575
83	151	4147
151	83	4148
83	432	3601
432	83	3602
83	568	3714
568	83	3714
83	146	4463
146	83	4463
83	738	4678
738	83	4678
83	535	2115
535	83	2115
83	342	4220
342	83	4220
83	117	3549
117	83	3549
83	420	2370
420	83	2370
84	754	2050
754	84	2050
84	674	655
674	84	656
84	370	2741
370	84	2742
84	559	4399
559	84	4399
84	123	2114
123	84	2115
84	778	421
778	84	421
84	439	2696
439	84	2696
84	857	4245
857	84	4246
84	192	1984
192	84	1985
84	506	4237
506	84	4237
84	434	3691
434	84	3692
84	166	3248
166	84	3248
84	641	3558
641	84	3559
84	311	1094
311	84	1095
84	228	4444
228	84	4445
84	313	3015
313	84	3015
84	362	3347
362	84	3347
84	474	2958
474	84	2958
84	100	1187
100	84	1187
85	96	4650
96	85	4651
85	493	1091
493	85	1091
85	180	4945
180	85	4945
85	118	4727
118	85	4728
85	299	4855
299	85	4856
85	302	3850
302	85	3851
85	99	4340
99	85	4340
85	763	4479
763	85	4480
85	572	3971
572	85	3971
85	453	3772
453	85	3772
85	335	1359
335	85	1359
85	426	4635
426	85	4635
85	226	3571
226	85	3571
85	449	4211
449	85	4212
85	560	2321
560	85	2322
85	111	4014
111	85	4014
86	182	4754
182	86	4754
86	218	3865
218	86	3866
86	228	3792
228	86	3792
86	247	1148
247	86	1148
86	440	1907
440	86	1908
86	786	3115
786	86	3116
86	365	610
365	86	611
86	90	4202
90	86	4203
86	289	1817
289	86	1817
86	320	4520
320	86	4520
86	730	3941
730	86	3942
86	779	4931
779	86	4931
87	394	4365
394	87	4365
87	496	3827
496	87	3828
87	88	816
88	87	816
87	382	4393
382	87	4393
87	123	1368
123	87	1368
87	673	2023
673	87	2024
87	560	4933
560	87	4933
87	231	3039
231	87	3039
87	198	4400
198	87	4401
87	509	808
509	87	809
87	144	2674
144	87	2674
87	520	1793
520	87	1793
87	290	4045
290	87	4046
87	261	3961
261	87	3962
87	289	4723
289	87	4724
87	365	2359
365	87	2359
87	674	4546
674	87	4547
87	444	4004
444	87	4005
88	278	3854
278	88	3855
88	424	2946
424	88	2946
88	192	1736
192	88	1737
88	168	4242
168	88	4242
88	91	3588
91	88	3589
88	296	4281
296	88	4282
88	152	3185
152	88	3186
88	462	254
462	88	254
88	381	4947
381	88	4947
88	653	3823
653	88	3824
89	362	115
362	89	115
89	503	4981
503	89	4981
89	781	4349
781	89	4349
89	590	3603
590	89	3604
89	457	3607
457	89	3608
89	449	4007
449	89	4008
89	569	3373
569	89	3374
89	356	2998
356	89	2998
89	167	1951
167	89	1951
89	305	4172
305	89	4173
89	207	4475
207	89	4475
89	180	2707
180	89	2708
89	615	2615
615	89	2616
89	259	810
259	89	811
89	151	748
151	89	749
90	627	3902
627	90	3903
90	651	2094
651	90	2094
90	531	2306
531	90	2306
90	729	4735
729	90	4736
90	321	3933
321	90	3934
90	276	2010
276	90	2010
90	404	4604
404	90	4605
90	399	1363
399	90	1364
90	365	746
365	90	746
90	100	4231
100	90	4231
90	778	1133
778	90	1134
91	130	1398
130	91	1399
91	223	2477
223	91	2477
91	192	1430
192	91	1431
91	518	4054
518	91	4054
91	241	4036
241	91	4036
91	145	4500
145	91	4500
91	228	2602
228	91	2602
92	380	2968
380	92	2969
93	144	2998
144	93	2998
93	432	4612
432	93	4613
93	411	4251
411	93	4251
93	104	2082
104	93	2083
94	696	2888
696	94	2888
94	126	2865
126	94	2865
94	239	3658
239	94	3659
94	477	1217
477	94	1217
94	353	4773
353	94	4773
94	700	3550
700	94	3550
94	575	4171
575	94	4171
94	683	1897
683	94	1898
94	128	1019
128	94	1020
95	693	1063
693	95	1063
95	134	1952
134	95	1952
95	587	1098
587	95	1099
95	402	878
402	95	879
95	330	3439
330	95	3440
95	97	4244
97	95	4244
95	197	3663
197	95	3663
95	809	4275
809	95	4275
95	787	3241
787	95	3242
95	216	4534
216	95	4534
95	99	4268
99	95	4269
96	714	2188
714	96	2189
96	413	81
413	96	82
96	761	1217
761	96	1218
96	225	1503
225	96	1503
97	434	4827
434	97	4827
97	487	701
487	97	701
97	841	3134
841	97	3134
97	262	4664
262	97	4665
97	761	2896
761	97	2896
98	883	3982
883	98	3983
98	441	2395
441	98	2395
98	641	115
641	98	115
98	154	327
154	98	328
98	631	3454
631	98	3455
98	227	3830
227	98	3831
98	207	3610
207	98	3611
98	155	2424
155	98	2425
98	262	4751
262	98	4752
98	156	3286
156	98	3287
99	563	3790
563	99	3790
99	611	4948
611	99	4948
99	520	3160
520	99	3160
99	240	1497
240	99	1497
99	554	4159
554	99	4159
99	165	2933
165	99	2934
99	259	4899
259	99	4899
100	609	4068
609	100	4068
100	769	2172
769	100	2173
100	361	4045
361	100	4045
100	108	4080
108	100	4080
101	455	3708
455	101	3709
101	615	1630
615	101	1630
101	342	4866
342	101	4867
101	341	4797
341	101	4797
101	119	3534
119	101	3535
102	177	4382
177	102	4382
102	413	3908
413	102	3909
102	198	3953
198	102	3954
102	255	3860
255	102	3860
102	290	3747
290	102	3748
103	714	2631
714	103	2632
103	249	2956
249	103	2957
103	483	1717
483	103	1718
104	669	1128
669	104	1129
104	640	1367
640	104	1368
105	811	1264
811	105	1265
105	514	4589
514	105	4590
105	512	3383
512	105	3384
105	122	3902
122	105	3902
105	339	3535
339	105	3535
105	564	444
564	105	445
105	207	4448
207	105	4449
105	362	2449
362	105	2450
105	750	400
750	105	400
105	293	2661
293	105	2661
106	215	3961
215	106	3961
106	519	1062
519	106	1062
106	333	3730
333	106	3730
106	126	3924
126	106	3925
106	564	2796
564	106	2797
106	604	2324
604	106	2325
107	546	2093
546	107	2094
107	144	4796
144	107	4797
108	479	4665
479	108	4666
108	147	2604
147	108	2604
108	443	4302
443	108	4302
108	153	1851
153	108	1851
108	426	4621
426	108	4622
108	638	1275
638	108	1275
108	277	1767
277	108	1768
109	195	3944
195	109	3945
109	525	4753
525	109	4753
109	174	1542
174	109	1543
109	453	1951
453	109	1952
109	198	2486
198	109	2486
109	168	3997
168	109	3998
109	535	1300
535	109	1301
109	335	2173
335	109	2174
110	789	2905
789	110	2906
110	244	1885
244	110	1886
110	145	4876
145	110	4877
110	197	4768
197	110	4768
111	749	4643
749	111	4643
111	180	151
180	111	151
111	176	4761
176	111	4762
111	368	1598
368	111	1599
112	397	4863
397	112	4864
112	315	2712
315	112	2712
112	692	4452
692	112	4453
112	355	4843
355	112	4844
112	696	4760
696	112	4760
112	392	1648
392	112	1648
112	210	2324
210	112	2325
112	278	4802
278	112	4803
112	138	4290
138	112	4291
113	410	1116
410	113	1116
113	315	1780
315	113	1781
113	367	4977
367	113	4977
113	396	1951
396	113	1951
113	223	3643
223	113	3643
113	268	1375
268	113	1376
113	777	231
777	113	232
113	293	3641
293	113	3641
113	271	2576
271	113	2577
114	756	4515
756	114	4515
114	263	1248
263	114	1249
114	333	4246
333	114	4247
114	615	698
615	114	699
114	748	4772
748	114	4772
114	173	4132
173	114	4133
114	725	1464
725	114	1465
114	753	3474
753	114	3475
114	821	497
821	114	497
115	680	2076
680	115	2077
115	513	4443
513	115	4444
115	294	3753
294	115	3754
115	206	2249
206	115	2249
115	671	1112
671	115	1112
115	202	351
202	115	352
115	463	3808
463	115	3808
116	175	4076
175	116	4076
116	766	1486
766	116	1486
116	526	2745
526	116	2746
116	512	3170
512	116	3170
116	339	1881
339	116	1881
116	785	4844
785	116	4845
116	594	4634
594	116	4634
116	729	4894
729	116	4895
117	608	4533
608	117	4534
117	880	2143
880	117	2144
117	365	2302
365	117	2302
117	168	4655
168	117	4656
117	528	3508
528	117	3508
117	581	4030
581	117	4030
118	667	4569
667	118	4569
118	200	541
200	118	541
118	563	2449
563	118	2450
118	255	437
255	118	437
118	807	3605
807	118	3606
118	349	4515
349	118	4516
118	342	3918
342	118	3919
118	229	4414
229	118	4415
119	552	2637
552	119	2638
119	190	2408
190	119	2409
119	122	3675
122	119	3676
119	751	3957
751	119	3958
119	168	4460
168	119	4461
119	261	1681
261	119	1682
119	357	4113
357	119	4113
120	283	4207
283	120	4208
120	496	2047
496	120	2048
120	615	2030
615	120	2030
120	587	3963
587	120	3964
120	696	4331
696	120	4331
120	605	4190
605	120	4190
120	590	4015
590	120	4016
121	165	4193
165	121	4193
121	171	2691
171	121	2691
121	401	4184
401	121	4185
121	581	1788
581	121	1788
122	634	3549
634	122	3550
122	568	3979
568	122	3979
122	404	3642
404	122	3642
123	377	4260
377	123	4260
123	778	4934
778	123	4934
123	304	2558
304	123	2559
124	683	3465
683	124	3465
124	219	2121
219	124	2122
124	430	2642
430	124	2643
124	717	2653
717	124	2654
124	437	82
437	124	82
124	751	4366
751	124	4367
124	193	2623
193	124	2623
125	541	4497
541	125	4498
125	377	196
377	125	197
125	308	3193
308	125	3193
125	191	4915
191	125	4915
125	321	1237
321	125	1237
125	194	2384
194	125	2385
125	723	2809
723	125	2810
125	467	3747
467	125	3747
126	193	1868
193	126	1869
126	242	1238
242	126	1238
126	181	4695
181	126	4696
126	166	4712
166	126	4712
126	178	4118
178	126	4118
126	195	1575
195	126	1575
126	646	3616
646	126	3616
127	502	3697
502	127	3697
127	477	3308
477	127	3308
127	708	1801
708	127	1801
127	410	2485
410	127	2485
127	393	1605
393	127	1606
127	148	1279
148	127	1280
127	406	1706
406	127	1707
128	141	860
141	128	861
128	310	4951
310	128	4951
128	258	3507
258	128	3507
128	692	4864
692	128	4865
128	250	4148
250	128	4148
129	428	418
428	129	419
129	769	4456
769	129	4457
129	255	3726
255	129	3727
129	689	3556
689	129	3557
129	356	884
356	129	884
129	182	4295
182	129	4296
130	272	3569
272	130	3569
130	173	3631
173	130	3631
130	217	783
217	130	784
130	292	2402
292	130	2403
130	334	737
334	130	738
130	259	4980
259	130	4981
131	345	4117
345	131	4117
131	494	4833
494	131	4833
131	537	3943
537	131	3943
131	173	583
173	131	584
131	534	4920
534	131	4920
131	795	1669
795	131	1670
131	458	2142
458	131	2143
131	186	3995
186	131	3995
131	649	3726
649	131	3726
131	756	3192
756	131	3193
132	229	669
229	132	670
132	322	2001
322	132	2002
132	656	2280
656	132	2281
132	161	4957
161	132	4957
132	447	4578
447	132	4579
132	537	4556
537	132	4557
132	270	2197
270	132	2197
132	551	4999
551	132	4999
133	427	4628
427	133	4628
133	271	4976
271	133	4976
133	732	4384
732	133	4384
133	727	3942
727	133	3942
134	156	2086
156	134	2087
134	190	1733
190	134	1733
134	684	1361
684	134	1361
134	360	3714
360	134	3714
135	170	3929
170	135	3929
135	184	4502
184	135	4503
135	241	259
241	135	260
135	138	3986
138	135	3987
135	576	4724
576	135	4724
135	248	3930
248	135	3930
135	409	1329
409	135	1329
135	661	4081
661	135	4081
135	431	2105
431	135	2106
135	854	3620
854	135	3620
136	184	4384
184	136	4385
136	217	2809
217	136	2809
136	211	2358
211	136	2359
136	214	4228
214	136	4228
136	890	4391
890	136	4391
136	174	2980
174	136	2981
136	513	2533
513	136	2534
137	327	4721
327	137	4721
137	240	1687
240	137	1688
137	167	2386
167	137	2386
137	333	4864
333	137	4864
137	632	4207
632	137	4207
137	284	3521
284	137	3522
137	217	2798
217	137	2798
137	407	3991
407	137	3992
138	347	4890
347	138	4891
138	748	3828
748	138	3828
138	578	4043
578	138	4044
138	301	3837
301	138	3838
138	153	4784
153	138	4784
138	538	4466
538	138	4467
138	145	1960
145	138	1960
138	671	2339
671	138	2339
139	358	680
358	139	681
139	507	602
507	139	603
139	187	2309
187	139	2309
139	656	4894
656	139	4894
139	235	3074
235	139	3075
139	441	2180
441	139	2181
139	196	4124
196	139	4124
139	298	4079
298	139	4079
140	447	701
447	140	701
140	696	4900
696	140	4900
140	790	3914
790	140	3914
140	393	2486
393	140	2487
141	324	3631
324	141	3632
141	271	3068
271	141	3068
141	749	1968
749	141	1969
141	546	3514
546	141	3514
141	305	4818
305	141	4819
141	345	4485
345	141	4486
142	491	4398
491	142	4398
142	537	2630
537	142	2631
142	720	1782
720	142	1782
142	705	2498
705	142	2498
142	386	1866
386	142	1866
142	757	4144
757	142	4145
142	432	335
432	142	335
142	617	4674
617	142	4674
143	794	2692
794	143	2692
143	745	4497
745	143	4498
143	245	4165
245	143	4166
143	422	4758
422	143	4758
143	282	4665
282	143	4666
144	593	2289
593	144	2290
144	289	4356
289	144	4356
144	427	206
427	144	206
144	236	3158
236	144	3158
144	474	2559
474	144	2559
144	439	4013
439	144	4013
144	264	4842
264	144	4843
145	324	3420
324	145	3420
145	787	514
787	145	515
145	262	1936
262	145	1936
145	164	3591
164	145	3592
145	194	781
194	145	782
146	625	4906
625	146	4907
146	186	4304
186	146	4304
146	379	2057
379	146	2058
146	342	2319
342	146	2319
146	229	1853
229	146	1853
146	746	2374
746	146	2374
147	599	2707
599	147	2708
147	303	4421
303	147	4422
147	395	4251
395	147	4252
147	467	1985
467	147	1986
148	258	2888
258	148	2888
148	751	4555
751	148	4556
148	337	4996
337	148	4996
148	268	4408
268	148	4408
148	341	1339
341	148	1339
148	160	3902
160	148	3903
148	487	1993
487	148	1993
148	186	4996
186	148	4997
149	585	3811
585	149	3812
149	211	3790
211	149	3790
149	637	4862
637	149	4863
149	491	3319
491	149	3319
149	533	1056
533	149	1057
149	405	1182
405	149	1183
149	415	3831
415	149	3831
150	616	1390
616	150	1390
150	582	4523
582	150	4523
150	398	611
398	150	612
150	244	3552
244	150	3553
150	256	3154
256	150	3155
150	716	4177
716	150	4177
150	243	1928
243	150	1929
150	600	3710
600	150	3711
151	441	1347
441	151	1348
151	728	4640
728	151	4640
151	533	1556
533	151	1557
151	307	3003
307	151	3004
151	346	2116
346	151	2116
152	255	3865
255	152	3865
152	233	2088
233	152	2089
152	322	1322
322	152	1322
152	354	1299
354	152	1300
152	427	4647
427	152	4647
152	800	4018
800	152	4018
152	199	2615
199	152	2616
153	187	4235
187	153	4235
153	526	3252
526	153	3253
153	776	3799
776	153	3799
153	749	3014
749	153	3015
154	214	4780
214	154	4780
154	177	3760
177	154	3761
154	323	1809
323	154	1810
154	606	1623
606	154	1623
155	231	706
231	155	707
155	896	3876
896	155	3877
155	398	4663
398	155	4664
155	642	3942
642	155	3942
156	502	2125
502	156	2126
156	365	3970
365	156	3971
156	460	1326
460	156	1327
156	341	527
341	156	527
156	777	4034
777	156	4035
157	605	1766
605	157	1767
157	235	875
235	157	876
157	619	1686
619	157	1686
157	616	4126
616	157	4127
157	296	3436
296	157	3436
157	275	1068
275	157	1068
157	799	838
799	157	839
157	238	2157
238	157	2158
157	816	3797
816	157	3797
157	338	4925
338	157	4925
157	613	4386
613	157	4387
158	772	2104
772	158	2105
158	747	2500
747	158	2500
158	235	2244
235	158	2245
158	619	3305
619	158	3305
159	323	2024
323	159	2024
159	694	2679
694	159	2680
159	412	2485
412	159	2486
159	723	2662
723	159	2662
159	382	2657
382	159	2657
160	494	618
494	160	619
160	212	4597
212	160	4597
160	394	1587
394	160	1588
160	307	4770
307	160	4770
161	355	1175
355	161	1176
161	651	4331
651	161	4332
161	269	4190
269	161	4190
161	285	4266
285	161	4266
161	719	4434
719	161	4434
161	312	4936
312	161	4936
161	350	4509
350	161	4509
161	505	2780
505	161	2781
161	428	4839
428	161	4839
162	531	3821
531	162	3822
162	397	1253
397	162	1253
162	783	2441
783	162	2442
162	380	2206
380	162	2206
162	442	4445
442	162	4446
162	223	3296
223	162	3297
163	232	1382
232	163	1382
163	687	3457
687	163	3458
163	582	2567
582	163	2568
163	260	2523
260	163	2524
163	531	1402
531	163	1402
163	658	4198
658	163	4198
163	316	3128
316	163	3129
163	250	281
250	163	281
164	226	4069
226	164	4070
164	636	2995
636	164	2996
164	438	1234
438	164	1234
164	614	4794
614	164	4795
164	308	3178
308	164	3179
164	441	3638
441	164	3639
164	527	3203
527	164	3204
165	594	4008
594	165	4008
165	248	248
248	165	248
165	644	4502
644	165	4503
165	446	255
446	165	255
165	391	4063
391	165	4064
165	561	4828
561	165	4828
165	324	2757
324	165	2757
165	549	2910
549	165	2910
166	552	4829
552	166	4830
166	568	2892
568	166	2893
166	227	4077
227	166	4077
166	409	3289
409	166	3289
167	680	2358
680	167	2359
167	199	4239
199	167	4239
167	699	4905
699	167	4905
167	365	3847
365	167	3847
167	762	3758
762	167	3758
167	431	861
431	167	861
167	425	258
425	167	258
168	620	1017
620	168	1017
169	226	3803
226	169	3803
169	291	3102
291	169	3103
169	292	1846
292	169	1846
169	487	1691
487	169	1692
169	340	658
340	169	658
169	605	2136
605	169	2136
170	654	3141
654	170	3141
170	237	4771
237	170	4772
170	306	3766
306	170	3767
170	770	4137
770	170	4138
170	417	3995
417	170	3996
170	845	3920
845	170	3920
171	612	2947
612	171	2948
171	715	2588
715	171	2588
171	406	4661
406	171	4661
172	248	1144
248	172	1145
172	351	4932
351	172	4933
172	256	4954
256	172	4955
172	238	3332
238	172	3333
172	316	4002
316	172	4003
172	432	3487
432	172	3488
173	378	2067
378	173	2068
173	545	4081
545	173	4082
173	716	4811
716	173	4812
173	271	4698
271	173	4698
173	549	3507
549	173	3508
173	350	4487
350	173	4487
173	304	85
304	173	86
174	605	1157
605	174	1157
174	265	1691
265	174	1691
174	319	1303
319	174	1304
175	238	2998
238	175	2998
175	232	4960
232	175	4960
175	228	4565
228	175	4566
175	809	3829
809	175	3830
176	247	165
247	176	165
176	785	2566
785	176	2567
176	315	1513
315	176	1514
176	257	3106
257	176	3107
176	551	1997
551	176	1998
176	507	701
507	176	701
176	396	123
396	176	123
177	228	2903
228	177	2903
177	396	90
396	177	91
177	216	4759
216	177	4760
177	518	3829
518	177	3829
177	185	953
185	177	953
177	320	4787
320	177	4787
177	684	2648
684	177	2648
177	545	4280
545	177	4280
178	402	3501
402	178	3502
178	220	528
220	178	528
178	370	1629
370	178	1630
178	236	4721
236	178	4721
178	412	4328
412	178	4328
178	423	4190
423	178	4191
178	204	4968
204	178	4968
178	362	133
362	178	134
179	206	2845
206	179	2845
179	579	2962
579	179	2963
179	264	2940
264	179	2940
179	783	4734
783	179	4735
179	616	3956
616	179	3957
179	732	4218
732	179	4218
180	313	3921
313	180	3922
180	321	1622
321	180	1623
181	220	3405
220	181	3405
181	767	4433
767	181	4434
181	401	2139
401	181	2139
181	194	308
194	181	309
181	462	4548
462	181	4548
181	195	749
195	181	749
181	280	3446
280	181	3446
181	378	4772
378	181	4773
181	515	4271
515	181	4271
182	538	4629
538	182	4629
182	853	4256
853	182	4256
182	217	3899
217	182	3900
182	390	2320
390	182	2321
183	201	3904
201	183	3904
183	245	1552
245	183	1553
183	430	3683
430	183	3684
183	408	1264
408	183	1264
183	512	1028
512	183	1028
183	704	92
704	183	93
184	326	4338
326	184	4339
184	759	3459
759	184	3460
184	394	1199
394	184	1199
184	439	3861
439	184	3862
184	300	1139
300	184	1139
184	291	4116
291	184	4117
184	431	2168
431	184	2169
185	734	2634
734	185	2635
187	294	1371
294	187	1372
187	416	2946
416	187	2947
187	386	2279
386	187	2280
187	353	4467
353	187	4467
188	508	3615
508	188	3616
188	380	4505
380	188	4506
188	447	4671
447	188	4671
188	442	737
442	188	738
188	336	4797
336	188	4797
188	209	4667
209	188	4667
188	376	4695
376	188	4695
188	752	2665
752	188	2666
189	444	3787
444	189	3788
189	211	837
211	189	837
189	561	3877
561	189	3877
189	368	2832
368	189	2832
189	557	1049
557	189	1050
191	275	4868
275	191	4868
192	599	3287
599	192	3287
192	209	4384
209	192	4385
192	283	4721
283	192	4721
192	397	1458
397	192	1459
192	444	4213
444	192	4213
192	379	3978
379	192	3978
193	212	106
212	193	106
193	307	4677
307	193	4678
193	738	4484
738	193	4485
193	268	3425
268	193	3426
193	200	2210
200	193	2211
193	264	4402
264	193	4403
194	292	2656
292	194	2656
194	600	2948
600	194	2948
194	767	4367
767	194	4368
195	618	1837
618	195	1837
195	229	3862
229	195	3863
195	212	4923
212	195	4924
195	311	2638
311	195	2638
195	330	4458
330	195	4459
196	444	4089
444	196	4089
196	336	3480
336	196	3480
196	331	2950
331	196	2951
196	260	1732
260	196	1732
197	204	2374
204	197	2374
197	726	4207
726	197	4207
197	305	3642
305	197	3642
197	508	4340
508	197	4340
197	302	1738
302	197	1739
197	282	3976
282	197	3977
198	236	4666
236	198	4666
198	547	4446
547	198	4447
198	303	4485
303	198	4485
198	704	4075
704	198	4076
199	799	1769
799	199	1770
199	288	2686
288	199	2687
199	542	1801
542	199	1802
199	247	2622
247	199	2623
199	354	3543
354	199	3543
199	414	4783
414	199	4784
199	537	2807
537	199	2807
200	223	4782
223	200	4782
201	252	4374
252	201	4375
201	470	1527
470	201	1527
201	800	2381
800	201	2382
201	381	4964
381	201	4964
201	223	4792
223	201	4793
202	349	4608
349	202	4609
202	505	3851
505	202	3851
202	352	2646
352	202	2646
202	606	4666
606	202	4666
202	294	1550
294	202	1550
202	346	2803
346	202	2804
202	278	1386
278	202	1387
202	433	3802
433	202	3802
204	309	4290
309	204	4291
204	611	1696
611	204	1697
204	337	996
337	204	997
204	323	3829
323	204	3829
204	386	3515
386	204	3516
204	728	1198
728	204	1199
204	791	4870
791	204	4870
204	261	1770
261	204	1771
205	594	4710
594	205	4711
205	240	2913
240	205	2914
205	415	2892
415	205	2893
205	440	1877
440	205	1878
205	321	3959
321	205	3960
205	287	4539
287	205	4540
205	300	4811
300	205	4811
206	394	748
394	206	748
206	221	4111
221	206	4112
206	286	309
286	206	310
206	284	2985
284	206	2986
206	239	2388
239	206	2389
206	450	3361
450	206	3362
207	580	4146
580	207	4146
207	353	4926
353	207	4927
209	479	4759
479	209	4760
209	748	3218
748	209	3218
209	613	3531
613	209	3532
209	262	1347
262	209	1348
210	300	2678
300	210	2679
210	254	997
254	210	998
210	585	4776
585	210	4776
210	334	1277
334	210	1278
211	658	3116
658	211	3117
211	246	4359
246	211	4359
211	312	4178
312	211	4178
211	339	4154
339	211	4155
211	712	2044
712	211	2044
212	522	4497
522	212	4498
212	273	1851
273	212	1852
212	308	1141
308	212	1142
212	380	68
380	212	68
212	293	4698
293	212	4698
212	256	4837
256	212	4837
213	235	993
235	213	994
213	434	3954
434	213	3954
213	385	3994
385	213	3994
213	231	2568
231	213	2568
213	712	1540
712	213	1540
213	665	4214
665	213	4214
214	404	380
404	214	380
214	251	4087
251	214	4088
215	622	1961
622	215	1961
215	262	4426
262	215	4427
215	232	4525
232	215	4526
215	357	3750
357	215	3751
216	252	4047
252	216	4048
216	397	1187
397	216	1188
216	350	2049
350	216	2050
216	661	3835
661	216	3836
216	325	808
325	216	808
216	307	4636
307	216	4637
216	431	854
431	216	854
216	226	4642
226	216	4643
217	385	198
385	217	199
217	319	1020
319	217	1020
219	388	4871
388	219	4872
219	416	4130
416	219	4130
219	373	4581
373	219	4581
219	886	4633
886	219	4633
219	728	3414
728	219	3414
219	406	4756
406	219	4757
219	295	4687
295	219	4688
219	549	3114
549	219	3115
220	380	3110
380	220	3111
220	665	4828
665	220	4829
221	308	1533
308	221	1533
221	342	4724
342	221	4725
221	681	3579
681	221	3580
221	764	3267
764	221	3267
221	517	873
517	221	873
221	283	1860
283	221	1860
221	291	1413
291	221	1414
221	238	286
238	221	287
222	770	2295
770	222	2296
222	285	3160
285	222	3160
222	251	1432
251	222	1433
222	606	1986
606	222	1986
222	253	1826
253	222	1826
222	718	4619
718	222	4619
222	395	243
395	222	244
222	223	4291
223	222	4292
223	382	2277
382	223	2277
223	506	4077
506	223	4078
224	749	3774
749	224	3775
224	667	1845
667	224	1846
224	693	4450
693	224	4451
225	375	4977
375	225	4977
225	755	4811
755	225	4811
225	388	3688
388	225	3689
225	404	3337
404	225	3337
225	619	4102
619	225	4102
225	336	4223
336	225	4224
225	305	2084
305	225	2085
225	720	3796
720	225	3796
225	762	2482
762	225	2483
226	329	888
329	226	889
226	342	3224
342	226	3224
227	313	3232
313	227	3232
227	764	191
764	227	192
227	320	4552
320	227	4552
227	488	4122
488	227	4122
227	292	4214
292	227	4215
229	295	3743
295	229	3744
229	406	2755
406	229	2755
229	438	3839
438	229	3839
229	797	2608
797	229	2609
229	472	2788
472	229	2789
230	309	1272
309	230	1273
230	334	3615
334	230	3616
230	395	4284
395	230	4285
230	279	3506
279	230	3506
231	360	1773
360	231	1773
231	769	4820
769	231	4821
231	551	4709
551	231	4709
231	736	2299
736	231	2299
231	436	2031
436	231	2032
232	370	3288
370	232	3289
232	501	821
501	232	822
232	237	4672
237	232	4673
232	284	3266
284	232	3267
232	371	2087
371	232	2088
232	261	4377
261	232	4377
234	505	1201
505	234	1201
234	417	4671
417	234	4672
234	750	4563
750	234	4564
235	628	4063
628	235	4063
235	243	3974
243	235	3975
236	324	3558
324	236	3558
236	805	2252
805	236	2252
236	293	4571
293	236	4571
236	357	2975
357	236	2975
236	288	579
288	236	580
237	437	3999
437	237	4000
237	409	780
409	237	781
237	734	2194
734	237	2194
237	547	560
547	237	560
237	285	3558
285	237	3559
237	388	3161
388	237	3161
239	328	427
328	239	427
239	685	1698
685	239	1699
239	446	4164
446	239	4165
239	255	4238
255	239	4239
239	254	4044
254	239	4045
240	389	3544
389	240	3545
240	521	1435
521	240	1436
240	343	3354
343	240	3355
240	769	4483
769	240	4484
241	333	214
333	241	215
241	254	3777
254	241	3777
242	718	3298
718	242	3299
242	761	571
761	242	572
242	495	2919
495	242	2920
242	525	4001
525	242	4002
242	258	1411
258	242	1412
242	462	4349
462	242	4350
242	328	1237
328	242	1238
242	440	1014
440	242	1014
243	348	4326
348	243	4326
243	268	1255
268	243	1256
243	400	4229
400	243	4229
243	328	3848
328	243	3848
243	528	3049
528	243	3050
243	527	155
527	243	155
243	258	4411
258	243	4411
244	388	542
388	244	543
244	306	4960
306	244	4961
245	713	4476
713	245	4476
245	539	2466
539	245	2467
245	365	4716
365	245	4716
245	733	2200
733	245	2201
245	642	2356
642	245	2357
245	306	4101
306	245	4101
245	312	3638
312	245	3638
247	274	4965
274	247	4965
247	426	1313
426	247	1314
247	279	1644
279	247	1645
247	783	1843
783	247	1843
247	864	1823
864	247	1824
248	359	3796
359	248	3797
249	385	330
385	249	330
249	284	3710
284	249	3710
249	549	727
549	249	728
249	313	4168
313	249	4168
249	280	4902
280	249	4902
249	327	3526
327	249	3527
250	397	3317
397	250	3318
250	272	826
272	250	826
250	276	2973
276	250	2974
250	399	4622
399	250	4623
250	339	1566
339	250	1566
251	261	2920
261	251	2921
251	271	3342
271	251	3343
251	400	1805
400	251	1805
251	306	3865
306	251	3865
252	434	4884
434	252	4884
253	313	4953
313	253	4953
253	304	516
304	253	517
253	277	3239
277	253	3240
253	363	2709
363	253	2710
254	277	1687
277	254	1687
254	406	4579
406	254	4580
254	299	1428
299	254	1428
254	385	4364
385	254	4364
254	497	4185
497	254	4185
255	417	2806
417	255	2807
255	274	1425
274	255	1425
255	387	4353
387	255	4354
255	304	2020
304	255	2020
256	321	1634
321	256	1635
256	395	3524
395	256	3524
256	405	3657
405	256	3658
256	750	3681
750	256	3681
257	692	334
692	257	334
257	332	2074
332	257	2074
257	649	3302
649	257	3303
258	462	1011
462	258	1011
258	408	4000
408	258	4001
258	713	3746
713	258	3747
258	805	4765
805	258	4766
259	542	2673
542	259	2674
260	423	4001
423	260	4002
260	322	543
322	260	544
260	506	1367
506	260	1368
260	358	3053
358	260	3053
261	389	4254
389	261	4254
261	301	2608
301	261	2608
261	340	4569
340	261	4570
261	547	4193
547	261	4194
261	352	3710
352	261	3711
261	379	3988
379	261	3988
262	424	4367
424	262	4368
262	291	1875
291	262	1876
262	419	3925
419	262	3926
262	593	471
593	262	471
263	399	1166
399	263	1167
263	655	2901
655	263	2901
263	525	4701
525	263	4701
264	687	4423
687	264	4423
264	503	4685
503	264	4685
265	328	4095
328	265	4095
265	728	594
728	265	594
265	338	4773
338	265	4774
265	316	4636
316	265	4637
265	423	2032
423	265	2033
265	542	1423
542	265	1423
266	361	2890
361	266	2890
266	362	4469
362	266	4470
266	311	4537
311	266	4537
266	444	4321
444	266	4321
266	781	1826
781	266	1827
266	319	1327
319	266	1328
266	826	1336
826	266	1337
266	426	4671
426	266	4671
266	363	2409
363	266	2409
267	725	4571
725	267	4571
267	402	3273
402	267	3273
267	406	4359
406	267	4360
267	809	4696
809	267	4697
267	637	3930
637	267	3930
267	292	1257
292	267	1258
267	389	1127
389	267	1128
267	350	2837
350	267	2837
267	310	4171
310	267	4172
267	420	1771
420	267	1771
268	753	1002
753	268	1002
269	701	3933
701	269	3934
269	373	4809
373	269	4810
269	424	4990
424	269	4990
269	438	210
438	269	210
269	687	2215
687	269	2216
270	771	4084
771	270	4085
270	683	200
683	270	201
271	644	3626
644	271	3627
272	325	1055
325	272	1055
272	311	3003
311	272	3004
272	280	2765
280	272	2765
272	378	4576
378	272	4577
273	647	2384
647	273	2385
273	343	891
343	273	891
273	329	1555
329	273	1555
273	356	3325
356	273	3326
273	440	4416
440	273	4416
273	380	4195
380	273	4196
273	300	2091
300	273	2092
273	371	4556
371	273	4557
274	361	4029
361	274	4029
274	378	288
378	274	289
274	419	4244
419	274	4245
274	354	2735
354	274	2735
274	350	3591
350	274	3591
275	336	4510
336	275	4511
275	408	1999
408	275	1999
275	447	3065
447	275	3066
275	324	4560
324	275	4560
275	442	419
442	275	419
275	736	4071
736	275	4072
275	398	1447
398	275	1447
275	611	344
611	275	345
276	772	3512
772	276	3513
276	437	4910
437	276	4910
276	622	4679
622	276	4679
276	328	4958
328	276	4958
276	451	4275
451	276	4275
279	760	63
760	279	64
279	316	3560
316	279	3560
279	423	4603
423	279	4603
279	356	2636
356	279	2637
279	337	1871
337	279	1871
279	540	4068
540	279	4069
280	755	1727
755	280	1728
281	399	1723
399	281	1723
281	787	1858
787	281	1859
281	746	1865
746	281	1866
281	322	4120
322	281	4120
281	376	3969
376	281	3969
281	405	664
405	281	664
282	420	2077
420	282	2078
282	619	3244
619	282	3244
282	344	3608
344	282	3609
282	347	663
347	282	663
283	395	3865
395	283	3865
284	351	4878
351	284	4878
285	395	2807
395	285	2807
285	356	2951
356	285	2951
285	375	4270
375	285	4271
285	878	1305
878	285	1306
285	332	1896
332	285	1896
287	348	4642
348	287	4643
287	309	3097
309	287	3097
287	647	3132
647	287	3132
287	471	1856
471	287	1856
287	545	4948
545	287	4948
287	342	586
342	287	586
288	472	3756
472	288	3756
288	393	4215
393	288	4215
288	351	4864
351	288	4864
288	303	3839
303	288	3840
288	809	4974
809	288	4974
288	445	3956
445	288	3957
288	450	4740
450	288	4741
288	381	2956
381	288	2957
288	471	688
471	288	688
289	360	4225
360	289	4225
289	382	4556
382	289	4557
289	437	3136
437	289	3136
289	327	2482
327	289	2483
289	381	2549
381	289	2550
289	365	3239
365	289	3240
290	436	4375
436	290	4375
290	419	3208
419	290	3208
290	649	4315
649	290	4315
290	292	2837
292	290	2838
291	442	1746
442	291	1746
291	312	3692
312	291	3692
291	293	2017
293	291	2017
291	420	3590
420	291	3591
291	295	1122
295	291	1123
292	360	4351
360	292	4351
292	777	4862
777	292	4862
294	446	4008
446	294	4009
296	703	2300
703	296	2300
296	368	2390
368	296	2390
296	409	64
409	296	65
296	471	2430
471	296	2430
296	647	4667
647	296	4668
296	326	1023
326	296	1023
297	355	4677
355	297	4678
297	528	838
528	297	838
297	366	2440
366	297	2440
297	404	4140
404	297	4140
298	495	3530
495	298	3530
298	760	3648
760	298	3649
298	351	4196
351	298	4196
298	346	3931
346	298	3931
299	633	1002
633	299	1002
299	402	4161
402	299	4162
299	430	3843
430	299	3843
299	685	3108
685	299	3108
299	421	4362
421	299	4362
299	337	3128
337	299	3129
300	703	650
703	300	651
301	521	4710
521	301	4710
301	425	3628
425	301	3629
301	354	3664
354	301	3664
303	438	4985
438	303	4986
303	527	4407
527	303	4408
303	342	3759
342	303	3760
303	395	2192
395	303	2192
303	375	4869
375	303	4869
303	392	4478
392	303	4479
303	387	1134
387	303	1134
304	705	3152
705	304	3153
304	333	3961
333	304	3962
304	587	2447
587	304	2448
306	729	347
729	306	348
306	618	3775
618	306	3775
306	399	3840
399	306	3840
306	344	4503
344	306	4504
306	391	4173
391	306	4174
307	370	3340
370	307	3340
307	400	1818
400	307	1818
307	647	3201
647	307	3201
307	371	3302
371	307	3303
308	323	1261
323	308	1262
308	369	3541
369	308	3541
308	497	2580
497	308	2580
308	400	3080
400	308	3081
309	420	1633
420	309	1633
309	324	1371
324	309	1371
309	338	2799
338	309	2800
309	435	4168
435	309	4169
309	361	4381
361	309	4381
310	423	4150
423	310	4151
310	401	3826
401	310	3826
310	410	4172
410	310	4172
310	386	448
386	310	448
310	351	1393
351	310	1394
310	393	4567
393	310	4567
310	344	367
344	310	367
311	363	3305
363	311	3306
312	782	3085
782	312	3085
314	406	3935
406	314	3935
314	415	4362
415	314	4362
314	372	3721
372	314	3721
314	445	3921
445	314	3922
314	424	3306
424	314	3307
314	326	4570
326	314	4570
314	366	4351
366	314	4352
314	357	4477
357	314	4477
314	622	3518
622	314	3519
314	393	1153
393	314	1154
317	762	4821
762	317	4822
317	760	4556
760	317	4556
317	356	1271
356	317	1272
317	419	4757
419	317	4758
317	329	3698
329	317	3698
317	391	4427
391	317	4428
317	361	4042
361	317	4042
317	681	1957
681	317	1958
318	428	4830
428	318	4830
318	414	4114
414	318	4114
318	413	4406
413	318	4406
318	763	2154
763	318	2154
318	319	2893
319	318	2893
318	450	4757
450	318	4758
318	364	2607
364	318	2608
318	580	534
580	318	534
318	418	3988
418	318	3989
319	381	1497
381	319	1498
319	349	4289
349	319	4289
320	637	146
637	320	147
320	333	4957
333	320	4958
320	397	1225
397	320	1225
320	440	4251
440	320	4252
320	424	4808
424	320	4808
323	556	1721
556	323	1721
323	371	3586
371	323	3586
325	432	3981
432	325	3981
325	327	4013
327	325	4013
325	566	3806
566	325	3806
325	428	1527
428	325	1527
325	390	3816
390	325	3817
326	655	69
655	326	70
326	445	790
445	326	790
326	347	1362
347	326	1362
327	374	3081
374	327	3081
327	392	3954
392	327	3954
327	404	2410
404	327	2411
327	701	1548
701	327	1549
328	580	2856
580	328	2856
328	397	63
397	328	64
328	472	82
472	328	82
328	488	2055
488	328	2056
328	403	4110
403	328	4110
329	661	2734
661	329	2734
329	338	164
338	329	165
329	370	1213
370	329	1214
329	431	3877
431	329	3878
330	331	4279
331	330	4280
330	366	1988
366	330	1989
331	333	3155
333	331	3156
331	492	1829
492	331	1829
331	371	1112
371	331	1112
331	438	3790
438	331	3790
331	685	3592
685	331	3592
331	699	710
699	331	711
333	382	3013
382	333	3013
333	356	1441
356	333	1442
335	522	3061
522	335	3061
336	450	4587
450	336	4588
336	372	2864
372	336	2864
336	352	4063
352	336	4063
336	440	3758
440	336	3758
337	410	2752
410	337	2752
337	351	4106
351	337	4107
337	392	4585
392	337	4585
337	360	2813
360	337	2814
338	415	3853
415	338	3854
338	378	2212
378	338	2212
338	360	3270
360	338	3271
338	396	4014
396	338	4014
338	440	2007
440	338	2008
339	424	3326
424	339	3326
339	415	3683
415	339	3683
340	444	1490
444	340	1490
340	381	3119
381	340	3120
340	733	3969
733	340	3970
340	343	1199
343	340	1200
340	422	3986
422	340	3986
340	432	268
432	340	269
340	445	2925
445	340	2926
343	444	1546
444	343	1547
343	367	2991
367	343	2991
343	372	3284
372	343	3285
343	351	3868
351	343	3868
343	384	1173
384	343	1173
344	356	117
356	344	117
346	540	4153
540	346	4153
346	417	4410
417	346	4410
346	396	4454
396	346	4455
347	412	4433
412	347	4433
347	374	3819
374	347	3820
347	348	4794
348	347	4795
348	429	3868
429	348	3869
348	430	4035
430	348	4035
348	421	2592
421	348	2592
348	363	4612
363	348	4612
348	414	3590
414	348	3591
348	366	4518
366	348	4519
349	359	3035
359	349	3036
349	406	2149
406	349	2150
349	401	1887
401	349	1887
349	372	2456
372	349	2456
349	412	4929
412	349	4930
349	416	3768
416	349	3768
350	364	3426
364	350	3427
351	685	1706
685	351	1707
351	497	2695
497	351	2695
354	436	4424
436	354	4424
354	396	4020
396	354	4020
354	380	3278
380	354	3278
354	423	1328
423	354	1328
355	412	1876
412	355	1877
355	370	2611
370	355	2612
355	403	65
403	355	65
355	722	1957
722	355	1958
357	402	4282
402	357	4283
357	436	3802
436	357	3803
357	604	3972
604	357	3972
357	364	3992
364	357	3992
357	446	3420
446	357	3420
357	363	4479
363	357	4479
358	417	3746
417	358	3747
358	482	583
482	358	583
358	422	1838
422	358	1839
358	694	4165
694	358	4166
358	407	1965
407	358	1965
358	440	4334
440	358	4334
358	805	3499
805	358	3500
359	443	4099
443	359	4100
361	368	3272
368	361	3272
361	638	4669
638	361	4669
361	713	2370
713	361	2370
361	369	2726
369	361	2727
361	433	170
433	361	170
361	420	3144
420	361	3145
364	423	713
423	364	713
364	503	1251
503	364	1251
364	407	1645
407	364	1645
364	403	3060
403	364	3060
366	419	78
419	366	79
366	387	86
387	366	86
366	404	4452
404	366	4453
366	694	4144
694	366	4144
366	375	1435
375	366	1435
366	424	4592
424	366	4593
367	413	4798
413	367	4798
367	415	4607
415	367	4607
367	448	961
448	367	961
367	440	4309
440	367	4310
367	414	2504
414	367	2505
368	443	3877
443	368	3877
369	734	3768
734	369	3769
369	428	1457
428	369	1458
369	402	3686
402	369	3686
373	417	4590
417	373	4591
373	376	4071
376	373	4071
374	430	3971
430	374	3971
374	497	3570
497	374	3570
374	419	1643
419	374	1643
374	381	1756
381	374	1757
374	401	4280
401	374	4281
374	380	246
380	374	246
374	384	302
384	374	303
376	604	3868
604	376	3868
378	413	3117
413	378	3117
378	383	3973
383	378	3973
378	404	3834
404	378	3834
378	431	1884
431	378	1884
379	450	4891
450	379	4891
379	413	4323
413	379	4323
379	437	945
437	379	945
379	527	4168
527	379	4168
379	402	4306
402	379	4306
380	703	4843
703	380	4843
381	404	3585
404	381	3586
381	386	4365
386	381	4366
382	416	2669
416	382	2670
382	433	950
433	382	951
383	437	3837
437	383	3837
383	442	4191
442	383	4192
383	746	4544
746	383	4544
383	625	4861
625	383	4861
383	384	755
384	383	755
383	699	4103
699	383	4103
384	401	3937
401	384	3938
384	424	4527
424	384	4527
387	419	4592
419	387	4593
387	417	2466
417	387	2466
387	450	819
450	387	819
387	421	1695
421	387	1695
387	423	4161
423	387	4161
387	429	81
429	387	81
387	445	289
445	387	290
390	445	3959
445	390	3959
390	585	2785
585	390	2786
390	437	2385
437	390	2386
390	425	3662
425	390	3662
393	400	669
400	393	670
393	585	2899
585	393	2900
393	435	4549
435	393	4549
397	753	4583
753	397	4584
397	405	3268
405	397	3269
398	403	4254
403	398	4255
398	430	4299
430	398	4300
398	450	3892
450	398	3892
398	448	4041
448	398	4041
398	746	4725
746	398	4726
398	443	4164
443	398	4165
398	431	4196
431	398	4197
402	416	2242
416	402	2242
402	431	4028
431	402	4029
403	438	4960
438	403	4960
403	445	4020
445	403	4021
403	410	3467
410	403	3467
403	482	3808
482	403	3809
403	430	4000
430	403	4000
409	415	2422
415	409	2422
409	425	1894
425	409	1895
409	423	3186
423	409	3186
409	414	2487
414	409	2487
409	416	3776
416	409	3777
409	448	2814
448	409	2815
410	442	3103
442	410	3103
410	423	747
423	410	748
410	448	3362
448	410	3363
410	421	4021
421	410	4022
412	463	3982
463	412	3982
412	429	2285
429	412	2285
413	415	1177
415	413	1177
414	425	4638
425	414	4638
414	448	556
448	414	557
415	444	3765
444	415	3765
416	425	4536
425	416	4536
417	681	3290
681	417	3291
417	435	148
435	417	149
417	422	2746
422	417	2747
418	482	2809
482	418	2809
418	425	3592
425	418	3592
418	430	1023
430	418	1023
418	419	4342
419	418	4343
418	771	4767
771	418	4768
418	448	2477
448	418	2477
418	428	1335
428	418	1336
419	433	4442
433	419	4443
420	442	1915
442	420	1916
425	428	4203
428	425	4203
425	433	4487
433	425	4488
428	438	1615
438	428	1615
428	433	3571
433	428	3572
428	463	3794
463	428	3795
429	432	4563
432	429	4564
432	446	2633
446	432	2633
432	442	2234
442	432	2234
432	771	4280
771	432	4280
433	448	3351
448	433	3351
433	443	3685
443	433	3685
435	446	816
446	435	816
435	681	4748
681	435	4749
435	448	2909
448	435	2910
435	444	2375
444	435	2375
437	445	4355
445	437	4356
437	446	2840
446	437	2841
442	450	3976
450	442	3976
442	444	1040
444	442	1040
442	443	1467
443	442	1468
445	448	3958
448	445	3959
445	705	3939
705	445	3939
450	705	1123
705	450	1123
