300	4222
1	1
1	1
3	3
2	2
2	2
1	1
1	1
3	3
3	3
3	3
2	2
2	2
3	3
1	1
1	1
2	2
3	3
1	1
2	2
1	1
2	2
3	3
2	2
3	3
3	3
2	2
1	1
2	2
2	2
3	3
3	3
3	3
1	1
1	1
3	3
1	1
2	2
3	3
3	3
2	2
1	1
3	3
3	3
3	3
2	2
1	1
2	2
3	3
1	1
2	2
3	3
2	2
1	1
1	1
2	2
1	1
2	2
3	3
3	3
1	1
3	3
2	2
2	2
1	1
3	3
2	2
1	1
1	1
3	3
1	1
2	2
2	2
1	1
3	3
2	2
2	2
3	3
1	1
3	3
3	3
3	3
1	1
1	1
3	3
3	3
2	2
3	3
3	3
3	3
3	3
1	1
1	1
2	2
2	2
2	2
3	3
2	2
3	3
1	1
2	2
2	2
2	2
1	1
1	1
1	1
2	2
3	3
1	1
2	2
2	2
3	3
3	3
2	2
3	3
2	2
3	3
1	1
1	1
3	3
1	1
1	1
1	1
1	1
2	2
1	1
3	3
3	3
1	1
1	1
1	1
3	3
2	2
1	1
3	3
2	2
2	2
2	2
1	1
2	2
3	3
2	2
3	3
2	2
1	1
3	3
2	2
1	1
2	2
1	1
2	2
2	2
3	3
1	1
1	1
1	1
2	2
1	1
2	2
2	2
3	3
1	1
2	2
2	2
1	1
1	1
3	3
2	2
1	1
3	3
2	2
1	1
3	3
1	1
1	1
1	1
2	2
1	1
1	1
3	3
2	2
2	2
2	2
3	3
3	3
2	2
1	1
3	3
3	3
1	1
3	3
2	2
2	2
2	2
3	3
3	3
2	2
3	3
2	2
2	2
3	3
3	3
3	3
3	3
3	3
3	3
1	1
2	2
2	2
1	1
2	2
2	2
3	3
2	2
3	3
3	3
3	3
3	3
3	3
3	3
1	1
3	3
2	2
2	2
1	1
3	3
2	2
3	3
3	3
1	1
3	3
3	3
3	3
2	2
1	1
2	2
3	3
1	1
2	2
1	1
2	2
3	3
2	2
2	2
3	3
2	2
1	1
3	3
1	1
2	2
2	2
1	1
1	1
3	3
3	3
1	1
2	2
3	3
3	3
1	1
3	3
3	3
3	3
1	1
1	1
3	3
2	2
1	1
1	1
1	1
2	2
3	3
3	3
2	2
1	1
3	3
1	1
3	3
3	3
2	2
1	1
1	1
1	1
1	1
3	3
1	1
3	3
1	1
2	2
2	2
1	1
3	3
1	1
3	3
1	1
1	1
1	1
1	1
2	2
3	3
3	3
1	232	2963
232	1	2963
1	12	1667
12	1	1667
1	95	4011
95	1	4011
1	153	402
153	1	403
1	187	4491
187	1	4491
1	294	3748
294	1	3749
1	179	3847
179	1	3847
1	178	1829
178	1	1830
1	80	3847
80	1	3847
1	252	1950
252	1	1950
1	287	3046
287	1	3047
1	150	4488
150	1	4489
1	98	3634
98	1	3635
1	284	2293
284	1	2294
1	156	1755
156	1	1756
1	138	1656
138	1	1656
1	47	2487
47	1	2487
1	69	3326
69	1	3327
1	189	4324
189	1	4325
1	209	4187
209	1	4187
2	142	2417
142	2	2417
2	20	3242
20	2	3242
2	40	4054
40	2	4055
2	101	2829
101	2	2830
2	236	2244
236	2	2244
2	250	2050
250	2	2051
2	256	4916
256	2	4916
2	18	2660
18	2	2661
2	96	4088
96	2	4088
2	47	2944
47	2	2945
2	99	3993
99	2	3994
2	118	4684
118	2	4684
2	106	4680
106	2	4680
2	9	1682
9	2	1683
2	281	2471
281	2	2472
2	8	4727
8	2	4728
2	195	4897
195	2	4898
2	187	1845
187	2	1846
2	262	4240
262	2	4240
2	33	4199
33	2	4200
3	189	4934
189	3	4934
3	171	3950
171	3	3950
3	289	4000
289	3	4000
3	46	3371
46	3	3371
3	117	3265
117	3	3265
3	185	1020
185	3	1021
3	29	4562
29	3	4562
3	95	4063
95	3	4064
3	231	3305
231	3	3306
3	295	3954
295	3	3954
3	13	3411
13	3	3411
3	236	1515
236	3	1516
3	188	2616
188	3	2617
3	262	3370
262	3	3371
3	61	4545
61	3	4545
3	14	4290
14	3	4290
3	75	2606
75	3	2607
3	50	2403
50	3	2403
3	96	1121
96	3	1122
3	57	4804
57	3	4805
4	218	4325
218	4	4325
4	146	3840
146	4	3841
4	38	4308
38	4	4308
4	293	4258
293	4	4258
4	47	224
47	4	224
4	82	4676
82	4	4677
4	64	3781
64	4	3781
4	136	4676
136	4	4677
4	60	1159
60	4	1159
4	245	1494
245	4	1494
4	192	4203
192	4	4204
4	153	4038
153	4	4039
4	86	4666
86	4	4666
4	37	2381
37	4	2381
4	189	3826
189	4	3827
4	256	4267
256	4	4267
4	93	4108
93	4	4109
4	170	2975
170	4	2975
4	190	3790
190	4	3790
4	74	3285
74	4	3286
5	175	2351
175	5	2351
5	119	1979
119	5	1980
5	21	3074
21	5	3075
5	287	2080
287	5	2081
5	74	4445
74	5	4445
5	146	3883
146	5	3883
5	37	4802
37	5	4803
5	65	4834
65	5	4835
5	43	4165
43	5	4166
5	77	2153
77	5	2154
5	127	742
127	5	743
5	153	2536
153	5	2536
5	187	842
187	5	842
5	22	2965
22	5	2966
5	49	2834
49	5	2834
5	243	4323
243	5	4324
5	64	63
64	5	64
5	178	273
178	5	273
5	214	3442
214	5	3443
5	19	3850
19	5	3850
6	106	4965
106	6	4966
6	53	494
53	6	494
6	50	1123
50	6	1124
6	270	4631
270	6	4631
6	64	651
64	6	651
6	219	4201
219	6	4201
6	92	2521
92	6	2521
6	253	1322
253	6	1322
6	183	3846
183	6	3847
6	39	2739
39	6	2740
6	293	3451
293	6	3451
6	182	4409
182	6	4409
6	128	3929
128	6	3929
6	300	4893
300	6	4894
6	30	4307
30	6	4308
6	59	4289
59	6	4290
6	235	1661
235	6	1662
6	123	4729
123	6	4729
6	18	2320
18	6	2321
6	25	4066
25	6	4067
7	149	3892
149	7	3893
7	25	2894
25	7	2894
7	193	1686
193	7	1686
7	102	3819
102	7	3819
7	11	4519
11	7	4520
7	33	1775
33	7	1776
7	224	2787
224	7	2787
7	223	4869
223	7	4869
7	244	573
244	7	573
7	32	1772
32	7	1773
7	245	383
245	7	384
7	12	4523
12	7	4523
7	67	51
67	7	52
7	235	4738
235	7	4739
7	64	4303
64	7	4304
7	240	3115
240	7	3116
7	119	3617
119	7	3617
7	246	2985
246	7	2986
7	114	343
114	7	344
7	92	3412
92	7	3413
8	120	162
120	8	163
8	102	3662
102	8	3663
8	224	421
224	8	422
8	101	3761
101	8	3762
8	138	2379
138	8	2379
8	260	3606
260	8	3607
8	246	4006
246	8	4007
8	221	2036
221	8	2036
8	117	3539
117	8	3539
8	54	233
54	8	234
8	17	3318
17	8	3318
8	276	4794
276	8	4794
8	189	3566
189	8	3567
8	151	4707
151	8	4708
8	109	4120
109	8	4120
8	244	4572
244	8	4572
8	58	4264
58	8	4264
8	234	4933
234	8	4934
8	207	3124
207	8	3124
9	122	4507
122	9	4507
9	71	1026
71	9	1026
9	116	4517
116	9	4518
9	145	2717
145	9	2717
9	185	4482
185	9	4483
9	52	2079
52	9	2079
9	167	4827
167	9	4828
9	137	4554
137	9	4554
9	242	4499
242	9	4499
9	223	3837
223	9	3837
9	297	2517
297	9	2517
9	173	103
173	9	104
9	290	4312
290	9	4313
9	59	4803
59	9	4803
9	25	1991
25	9	1992
9	16	1953
16	9	1953
9	279	3549
279	9	3550
9	298	2461
298	9	2461
9	269	2229
269	9	2229
10	126	4643
126	10	4643
10	265	4118
265	10	4119
10	245	4014
245	10	4014
10	171	1122
171	10	1123
10	167	3867
167	10	3867
10	106	1261
106	10	1262
10	143	2454
143	10	2454
10	206	3324
206	10	3325
10	292	4197
292	10	4197
10	277	4599
277	10	4599
10	183	1250
183	10	1250
10	11	4198
11	10	4199
10	39	1031
39	10	1032
10	299	4784
299	10	4784
10	252	4340
252	10	4341
10	43	2696
43	10	2697
10	258	2939
258	10	2940
10	242	928
242	10	929
10	62	4619
62	10	4620
10	261	3540
261	10	3540
11	97	4968
97	11	4969
11	35	301
35	11	302
11	65	4634
65	11	4635
11	161	967
161	11	967
11	166	4808
166	11	4809
11	142	187
142	11	187
11	177	2331
177	11	2332
11	269	4951
269	11	4951
11	21	1067
21	11	1067
11	223	1996
223	11	1997
11	292	4189
292	11	4190
11	76	1248
76	11	1248
11	134	289
134	11	290
11	235	3346
235	11	3346
11	233	3441
233	11	3442
11	158	3501
158	11	3501
11	197	4650
197	11	4650
11	48	4142
48	11	4142
12	121	4837
121	12	4837
12	136	4296
136	12	4296
12	36	4862
36	12	4863
12	18	3409
18	12	3409
12	207	4041
207	12	4041
12	104	1184
104	12	1184
12	124	3529
124	12	3529
12	93	4547
93	12	4548
12	52	4033
52	12	4033
12	117	1075
117	12	1075
12	258	3913
258	12	3913
12	292	552
292	12	552
12	175	4604
175	12	4604
12	40	4880
40	12	4880
12	32	214
32	12	215
12	200	4562
200	12	4562
12	157	671
157	12	671
12	71	4373
71	12	4373
13	149	4018
149	13	4019
13	258	438
258	13	439
13	239	4458
239	13	4459
13	296	4174
296	13	4175
13	299	2088
299	13	2089
13	269	4188
269	13	4188
13	15	4312
15	13	4313
13	218	1932
218	13	1933
13	290	3256
290	13	3256
13	45	3567
45	13	3567
13	156	4604
156	13	4605
13	171	3477
171	13	3477
13	160	1907
160	13	1907
13	95	1425
95	13	1425
13	210	1680
210	13	1681
13	212	547
212	13	547
13	103	823
103	13	823
13	108	4500
108	13	4500
13	48	4979
48	13	4980
14	71	4971
71	14	4972
14	61	1443
61	14	1443
14	94	3202
94	14	3203
14	172	2899
172	14	2899
14	140	3806
140	14	3807
14	15	4386
15	14	4386
14	113	1999
113	14	2000
14	207	2763
207	14	2763
14	300	4134
300	14	4134
14	46	2877
46	14	2877
14	226	3416
226	14	3416
14	159	2782
159	14	2783
14	114	3743
114	14	3743
14	225	4677
225	14	4677
14	27	2299
27	14	2300
14	129	2588
129	14	2588
14	87	688
87	14	689
14	89	2712
89	14	2712
14	18	4575
18	14	4575
15	85	4124
85	15	4124
15	59	3656
59	15	3656
15	47	2840
47	15	2840
15	273	1029
273	15	1030
15	215	4893
215	15	4894
15	27	420
27	15	421
15	183	4115
183	15	4115
15	37	2439
37	15	2439
15	74	4638
74	15	4638
15	43	4082
43	15	4083
15	259	2750
259	15	2750
15	268	3610
268	15	3611
15	105	3767
105	15	3767
15	163	2582
163	15	2582
15	255	1656
255	15	1656
15	115	2627
115	15	2628
15	217	2820
217	15	2820
15	145	1804
145	15	1804
16	197	4096
197	16	4096
16	137	4353
137	16	4353
16	293	3976
293	16	3977
16	154	446
154	16	446
16	255	1919
255	16	1920
16	67	2129
67	16	2130
16	256	4150
256	16	4150
16	122	850
122	16	850
16	194	3594
194	16	3594
16	187	4506
187	16	4507
16	294	1634
294	16	1635
16	37	3587
37	16	3588
16	31	4689
31	16	4689
16	90	2590
90	16	2590
16	94	2343
94	16	2343
16	85	2802
85	16	2803
16	169	4965
169	16	4966
16	109	3841
109	16	3842
16	131	817
131	16	818
17	108	600
108	17	600
17	94	2096
94	17	2097
17	259	4969
259	17	4970
17	249	3797
249	17	3798
17	176	2321
176	17	2322
17	45	3768
45	17	3768
17	120	2824
120	17	2824
17	191	1445
191	17	1445
17	46	4849
46	17	4849
17	38	2035
38	17	2036
17	164	2650
164	17	2651
17	150	916
150	17	917
17	28	4758
28	17	4759
17	117	4220
117	17	4220
17	240	2447
240	17	2448
17	54	1514
54	17	1514
17	73	890
73	17	891
17	166	2870
166	17	2871
17	128	3430
128	17	3430
18	237	936
237	18	937
18	290	3951
290	18	3951
18	263	3750
263	18	3750
18	226	4785
226	18	4785
18	162	2934
162	18	2935
18	273	4986
273	18	4986
18	66	3990
66	18	3991
18	249	4946
249	18	4946
18	187	4578
187	18	4579
18	116	3200
116	18	3200
18	168	3006
168	18	3007
18	78	3873
78	18	3873
18	134	2156
134	18	2157
18	104	3986
104	18	3986
18	88	4613
88	18	4614
18	251	1334
251	18	1335
19	34	1512
34	19	1513
19	190	2986
190	19	2987
19	154	851
154	19	852
19	165	801
165	19	801
19	159	1769
159	19	1770
19	82	3213
82	19	3213
19	134	2454
134	19	2455
19	64	2514
64	19	2514
19	163	1667
163	19	1668
19	101	2637
101	19	2638
19	100	4714
100	19	4715
19	249	4902
249	19	4903
19	251	3344
251	19	3344
19	158	4638
158	19	4639
19	172	3856
172	19	3856
19	51	2612
51	19	2613
19	219	4130
219	19	4131
19	103	4956
103	19	4956
19	90	2634
90	19	2635
20	195	2511
195	20	2511
20	131	1512
131	20	1513
20	196	1214
196	20	1214
20	146	1978
146	20	1979
20	288	1298
288	20	1298
20	237	4325
237	20	4326
20	170	4008
170	20	4009
20	118	3015
118	20	3016
20	249	4378
249	20	4378
20	100	1723
100	20	1724
20	185	3142
185	20	3142
20	282	1345
282	20	1346
20	129	3174
129	20	3175
20	174	4157
174	20	4158
20	210	4796
210	20	4796
20	231	1706
231	20	1707
20	181	3508
181	20	3508
20	109	3013
109	20	3013
20	71	2330
71	20	2331
21	67	1201
67	21	1201
21	248	2414
248	21	2415
21	234	4422
234	21	4422
21	227	4707
227	21	4707
21	213	4620
213	21	4621
21	277	4338
277	21	4339
21	99	2222
99	21	2222
21	46	3203
46	21	3204
21	218	4397
218	21	4398
21	164	4194
164	21	4195
21	183	3020
183	21	3020
21	75	4092
75	21	4093
21	296	4621
296	21	4622
21	194	4606
194	21	4606
21	254	3738
254	21	3739
21	57	4954
57	21	4954
21	103	4827
103	21	4827
21	184	2739
184	21	2740
22	55	2286
55	22	2287
22	162	4911
162	22	4912
22	272	4333
272	22	4333
22	161	2375
161	22	2375
22	27	3772
27	22	3773
22	222	3944
222	22	3945
22	35	1515
35	22	1515
22	151	4087
151	22	4088
22	275	203
275	22	204
22	112	54
112	22	54
22	101	4856
101	22	4856
22	250	2679
250	22	2680
22	209	1805
209	22	1805
22	37	4825
37	22	4826
22	182	4808
182	22	4809
22	105	4450
105	22	4451
22	185	4152
185	22	4153
22	90	4999
90	22	5000
22	271	1137
271	22	1137
23	52	4553
52	23	4553
23	280	3324
280	23	3324
23	268	3225
268	23	3225
23	198	1274
198	23	1275
23	160	342
160	23	342
23	276	4928
276	23	4929
23	110	1105
110	23	1106
23	186	3934
186	23	3934
23	107	3753
107	23	3753
23	46	1032
46	23	1033
23	36	1643
36	23	1643
23	144	1750
144	23	1751
23	122	3909
122	23	3909
23	39	3985
39	23	3985
23	297	1585
297	23	1586
23	266	4295
266	23	4296
23	153	3207
153	23	3207
23	288	3380
288	23	3380
23	103	1558
103	23	1558
23	120	4804
120	23	4804
24	185	2232
185	24	2232
24	38	2824
38	24	2824
24	227	4479
227	24	4479
24	120	4903
120	24	4903
24	206	2447
206	24	2447
24	191	3714
191	24	3714
24	261	1713
261	24	1714
24	30	4505
30	24	4506
24	180	4911
180	24	4912
24	179	4241
179	24	4242
24	75	4486
75	24	4486
24	76	4688
76	24	4689
24	186	3986
186	24	3987
24	89	2663
89	24	2663
24	67	2094
67	24	2095
24	49	2503
49	24	2503
24	220	4482
220	24	4483
24	198	4470
198	24	4471
24	28	2152
28	24	2152
24	136	4752
136	24	4753
25	192	4252
192	25	4252
25	245	561
245	25	561
25	236	4213
236	25	4213
25	240	2345
240	25	2346
25	171	2423
171	25	2423
25	272	4022
272	25	4023
25	99	4831
99	25	4831
25	52	1965
52	25	1965
25	76	164
76	25	164
25	164	3324
164	25	3324
25	30	1806
30	25	1806
25	187	4259
187	25	4259
25	215	4733
215	25	4734
25	203	3539
203	25	3539
25	146	3644
146	25	3645
25	199	659
199	25	659
25	58	2682
58	25	2682
26	293	3910
293	26	3910
26	46	4215
46	26	4216
26	257	4519
257	26	4519
26	75	4310
75	26	4310
26	27	3754
27	26	3754
26	286	876
286	26	876
26	48	1675
48	26	1675
26	151	4792
151	26	4793
26	143	392
143	26	392
26	178	3283
178	26	3284
26	99	585
99	26	586
26	107	3599
107	26	3600
26	158	1936
158	26	1936
26	59	492
59	26	492
26	186	3960
186	26	3961
26	121	1896
121	26	1896
26	45	4160
45	26	4160
26	39	1895
39	26	1896
26	202	1313
202	26	1313
26	89	3287
89	26	3288
27	225	3976
225	27	3977
27	229	2094
229	27	2094
27	68	1917
68	27	1918
27	39	1613
39	27	1614
27	99	3532
99	27	3533
27	125	1422
125	27	1423
27	86	4396
86	27	4396
27	265	2631
265	27	2632
27	170	2188
170	27	2189
27	191	4520
191	27	4521
27	207	4589
207	27	4590
27	151	4635
151	27	4635
27	141	3023
141	27	3023
27	36	1774
36	27	1775
27	95	3585
95	27	3586
27	184	4489
184	27	4489
28	180	4632
180	28	4632
28	35	3840
35	28	3841
28	120	3571
120	28	3572
28	293	1693
293	28	1693
28	190	1376
190	28	1377
28	150	4620
150	28	4620
28	116	4734
116	28	4735
28	192	4424
192	28	4424
28	79	1469
79	28	1470
28	223	3789
223	28	3789
28	165	3912
165	28	3912
28	244	1036
244	28	1037
28	45	678
45	28	679
28	218	734
218	28	734
28	170	2683
170	28	2683
28	100	4511
100	28	4512
28	253	4869
253	28	4870
28	162	2314
162	28	2315
29	73	3125
73	29	3126
29	87	3908
87	29	3909
29	166	4731
166	29	4732
29	140	4520
140	29	4520
29	198	4683
198	29	4684
29	214	4680
214	29	4681
29	230	3776
230	29	3776
29	39	4237
39	29	4238
29	167	1036
167	29	1036
29	196	4142
196	29	4142
29	272	139
272	29	139
29	264	4721
264	29	4722
29	64	63
64	29	64
29	199	1351
199	29	1352
29	222	1629
222	29	1629
29	271	1677
271	29	1677
29	43	4030
43	29	4030
29	173	3796
173	29	3796
29	106	2056
106	29	2056
30	298	4915
298	30	4915
30	172	4858
172	30	4859
30	113	2917
113	30	2917
30	200	1786
200	30	1786
30	155	4092
155	30	4092
30	116	4143
116	30	4144
30	51	3913
51	30	3913
30	149	1166
149	30	1167
30	74	2718
74	30	2719
30	186	4153
186	30	4154
30	280	1971
280	30	1971
30	226	4328
226	30	4329
30	239	3683
239	30	3684
30	133	3690
133	30	3690
30	115	4721
115	30	4721
30	232	617
232	30	618
30	43	4262
43	30	4263
31	145	4033
145	31	4034
31	166	634
166	31	634
31	177	4982
177	31	4982
31	56	542
56	31	543
31	80	4230
80	31	4230
31	138	4706
138	31	4707
31	133	2463
133	31	2464
31	194	2686
194	31	2686
31	119	4015
119	31	4015
31	205	3163
205	31	3163
31	280	2616
280	31	2617
31	120	4710
120	31	4711
31	73	1730
73	31	1731
31	180	4458
180	31	4459
32	122	3830
122	32	3830
32	35	3819
35	32	3820
32	153	4550
153	32	4550
32	105	991
105	32	991
32	204	3388
204	32	3389
32	55	1101
55	32	1102
32	83	3807
83	32	3808
32	41	1674
41	32	1675
32	175	1279
175	32	1279
32	170	4085
170	32	4085
32	61	4385
61	32	4386
32	158	3740
158	32	3741
32	283	3993
283	32	3994
32	246	4581
246	32	4582
32	173	2956
173	32	2957
33	60	2309
60	33	2309
33	178	2366
178	33	2367
33	176	4599
176	33	4600
33	239	4460
239	33	4461
33	130	3754
130	33	3755
33	142	1138
142	33	1138
33	125	3989
125	33	3990
33	79	623
79	33	624
33	50	2725
50	33	2726
33	102	1198
102	33	1199
33	42	3990
42	33	3990
33	190	1645
190	33	1646
33	233	1444
233	33	1444
33	204	4919
204	33	4919
33	96	4583
96	33	4584
33	86	2817
86	33	2818
34	234	1996
234	34	1996
34	254	2111
254	34	2111
34	259	2454
259	34	2455
34	147	72
147	34	72
34	111	4351
111	34	4352
34	193	1433
193	34	1433
34	209	2529
209	34	2529
34	293	3965
293	34	3966
34	178	4069
178	34	4069
34	72	123
72	34	123
34	174	824
174	34	825
34	77	1984
77	34	1984
34	244	4002
244	34	4003
34	118	3140
118	34	3140
35	51	3693
51	35	3693
35	37	4827
37	35	4827
35	198	2424
198	35	2424
35	98	3306
98	35	3306
35	228	1640
228	35	1640
35	224	2200
224	35	2201
35	248	237
248	35	237
35	267	3339
267	35	3340
35	64	214
64	35	214
35	298	3814
298	35	3814
35	269	4186
269	35	4187
35	213	3904
213	35	3904
35	124	4846
124	35	4847
35	275	4908
275	35	4909
35	261	3090
261	35	3091
36	209	3757
209	36	3757
36	239	3508
239	36	3508
36	62	2797
62	36	2798
36	117	1471
117	36	1472
36	297	4815
297	36	4815
36	80	784
80	36	785
36	135	3441
135	36	3441
36	99	1516
99	36	1517
36	269	2834
269	36	2834
36	102	1052
102	36	1053
36	129	3630
129	36	3630
36	104	4375
104	36	4376
36	87	2219
87	36	2219
36	61	195
61	36	196
36	285	1572
285	36	1573
36	295	2880
295	36	2880
37	185	4299
185	37	4299
37	57	2948
57	37	2949
37	91	4877
91	37	4877
37	153	4898
153	37	4898
37	45	292
45	37	292
37	150	1064
150	37	1064
37	233	66
233	37	66
37	53	2789
53	37	2790
37	241	4036
241	37	4037
38	107	2678
107	38	2678
38	214	2270
214	38	2270
38	134	4922
134	38	4923
38	171	114
171	38	114
38	96	1266
96	38	1266
38	206	4653
206	38	4653
38	181	4658
181	38	4658
38	222	3831
222	38	3832
38	162	4095
162	38	4096
38	239	4645
239	38	4646
38	152	145
152	38	145
38	156	4768
156	38	4769
38	201	4298
201	38	4298
38	142	2412
142	38	2413
38	49	2582
49	38	2582
38	54	2806
54	38	2806
39	155	837
155	39	838
39	246	4622
246	39	4622
39	88	1084
88	39	1085
39	227	1438
227	39	1438
39	77	3519
77	39	3519
39	266	3592
266	39	3593
39	262	3188
262	39	3188
39	291	1820
291	39	1820
39	76	1333
76	39	1333
39	249	4162
249	39	4162
39	129	4127
129	39	4127
39	125	4006
125	39	4007
40	225	4013
225	40	4014
40	91	2394
91	40	2394
40	246	4470
246	40	4470
40	166	1161
166	40	1161
40	200	4243
200	40	4244
40	160	4157
160	40	4158
40	191	4784
191	40	4784
40	119	3371
119	40	3372
40	128	4939
128	40	4940
40	81	3449
81	40	3449
40	183	458
183	40	458
40	52	4119
52	40	4119
40	238	1915
238	40	1916
40	199	3567
199	40	3568
40	151	4257
151	40	4257
41	183	4907
183	41	4908
41	226	4825
226	41	4825
41	261	539
261	41	540
41	132	4788
132	41	4789
41	211	4423
211	41	4424
41	187	2205
187	41	2205
41	73	4913
73	41	4914
41	247	3918
247	41	3918
41	104	849
104	41	849
41	254	3826
254	41	3826
41	291	3689
291	41	3690
41	67	4947
67	41	4947
41	59	2943
59	41	2944
41	207	834
207	41	834
42	122	4068
122	42	4068
42	157	3884
157	42	3885
42	262	1983
262	42	1984
42	174	2870
174	42	2871
42	130	3666
130	42	3666
42	97	2532
97	42	2533
42	71	4107
71	42	4107
42	137	3720
137	42	3720
42	261	123
261	42	123
42	73	3221
73	42	3221
42	159	4411
159	42	4411
42	212	2829
212	42	2830
42	237	1584
237	42	1585
42	288	4049
288	42	4049
42	90	2986
90	42	2986
42	94	458
94	42	458
43	186	2291
186	43	2292
43	150	2466
150	43	2466
43	287	4945
287	43	4946
43	210	2496
210	43	2497
43	144	4262
144	43	4263
43	87	50
87	43	50
43	234	2317
234	43	2317
43	268	1042
268	43	1043
43	89	4392
89	43	4393
43	127	3826
127	43	3827
43	251	4915
251	43	4916
44	264	147
264	44	147
44	233	4047
233	44	4048
44	245	2468
245	44	2468
44	92	3268
92	44	3269
44	194	247
194	44	247
44	185	2860
185	44	2861
44	137	3940
137	44	3941
44	190	2115
190	44	2115
44	207	2196
207	44	2197
44	182	4765
182	44	4765
44	175	198
175	44	199
44	254	2941
254	44	2942
44	121	666
121	44	666
44	212	4718
212	44	4719
44	96	3810
96	44	3811
44	236	4738
236	44	4738
45	269	3622
269	45	3622
45	142	4873
142	45	4874
45	101	2271
101	45	2271
45	46	2503
46	45	2504
45	75	3974
75	45	3975
45	266	4245
266	45	4245
45	77	4719
77	45	4719
45	218	2363
218	45	2364
45	164	2205
164	45	2206
45	81	244
81	45	245
45	131	4413
131	45	4414
45	259	4062
259	45	4063
45	133	4732
133	45	4732
45	208	1141
208	45	1142
46	124	4047
124	46	4048
46	114	4425
114	46	4425
46	257	2269
257	46	2269
46	245	954
245	46	955
46	71	4577
71	46	4578
46	129	2391
129	46	2392
46	228	2581
228	46	2581
46	204	3432
204	46	3432
47	149	4972
149	47	4973
47	186	3597
186	47	3597
47	205	4800
205	47	4800
47	66	1731
66	47	1732
47	91	2454
91	47	2455
47	192	4622
192	47	4623
47	122	4762
122	47	4763
47	147	246
147	47	246
47	48	1607
48	47	1608
47	270	4652
270	47	4652
47	67	3931
67	47	3931
47	187	3150
187	47	3150
48	270	4796
270	48	4796
48	202	4142
202	48	4142
48	159	2058
159	48	2059
48	105	4241
105	48	4242
48	77	3211
77	48	3212
48	94	4754
94	48	4755
48	170	1020
170	48	1020
48	158	2582
158	48	2583
48	53	4654
53	48	4655
48	189	4099
189	48	4099
48	244	1883
244	48	1884
48	188	843
188	48	844
48	225	4979
225	48	4979
48	62	2218
62	48	2218
48	205	4332
205	48	4332
49	103	2610
103	49	2611
49	128	4532
128	49	4532
49	121	1219
121	49	1219
49	246	1915
246	49	1915
49	164	2590
164	49	2591
49	271	2137
271	49	2137
49	234	2183
234	49	2183
49	146	1885
146	49	1886
49	193	1397
193	49	1398
49	179	4228
179	49	4228
49	111	735
111	49	735
49	127	1763
127	49	1763
50	127	4158
127	50	4159
50	227	1857
227	50	1857
50	161	2247
161	50	2248
50	187	2919
187	50	2920
50	153	4819
153	50	4820
50	201	1382
201	50	1382
50	258	3792
258	50	3792
50	67	2314
67	50	2314
50	185	3611
185	50	3612
50	118	1862
118	50	1862
50	96	3577
96	50	3578
50	173	3763
173	50	3763
50	53	3869
53	50	3870
50	264	3597
264	50	3598
50	103	4589
103	50	4589
50	84	3584
84	50	3585
51	66	3818
66	51	3818
51	178	1241
178	51	1241
51	112	4415
112	51	4415
51	91	4980
91	51	4980
51	141	4404
141	51	4405
51	209	94
209	51	94
51	116	3890
116	51	3890
51	165	726
165	51	727
51	154	2876
154	51	2876
51	184	4462
184	51	4462
51	149	1319
149	51	1320
51	256	3989
256	51	3990
51	136	3086
136	51	3087
51	98	4440
98	51	4440
52	120	2746
120	52	2746
52	130	2097
130	52	2097
52	144	1389
144	52	1390
52	104	2069
104	52	2070
52	268	718
268	52	718
52	81	4965
81	52	4965
52	158	2109
158	52	2110
52	192	1957
192	52	1957
52	57	4872
57	52	4872
52	155	4727
155	52	4728
52	260	4619
260	52	4619
53	242	2343
242	53	2344
53	127	4068
127	53	4068
53	268	2359
268	53	2359
53	104	516
104	53	517
53	271	2015
271	53	2015
53	72	1007
72	53	1007
53	278	3822
278	53	3822
53	262	2392
262	53	2393
53	235	459
235	53	459
53	285	4813
285	53	4813
53	246	3851
246	53	3851
53	181	1597
181	53	1598
53	180	3669
180	53	3669
53	216	2687
216	53	2687
53	212	4588
212	53	4588
54	295	3703
295	54	3703
54	123	4042
123	54	4042
54	89	4304
89	54	4305
54	265	3705
265	54	3705
54	230	728
230	54	729
54	78	4791
78	54	4792
54	244	4858
244	54	4859
54	217	4365
217	54	4366
54	63	3674
63	54	3674
54	235	1340
235	54	1341
54	203	3962
203	54	3963
54	97	3800
97	54	3801
54	185	2444
185	54	2444
55	250	3386
250	55	3386
55	96	3374
96	55	3375
55	294	4203
294	55	4203
55	190	2400
190	55	2400
55	244	4392
244	55	4393
55	66	4735
66	55	4735
55	104	4897
104	55	4898
55	188	3539
188	55	3540
55	154	2300
154	55	2300
55	89	4457
89	55	4457
55	62	3585
62	55	3586
55	195	4638
195	55	4638
55	232	4087
232	55	4087
55	200	4778
200	55	4779
55	108	4228
108	55	4229
56	286	4436
286	56	4437
56	120	3936
120	56	3937
56	95	4872
95	56	4873
56	66	874
66	56	874
56	278	2407
278	56	2407
56	68	4611
68	56	4611
56	215	4260
215	56	4260
56	294	2169
294	56	2169
56	186	4025
186	56	4026
56	76	2801
76	56	2802
56	296	2497
296	56	2498
56	273	1553
273	56	1554
56	256	1924
256	56	1924
56	81	2894
81	56	2895
56	263	3366
263	56	3367
56	183	2719
183	56	2719
56	176	4365
176	56	4365
56	227	3627
227	56	3628
57	131	1489
131	57	1489
57	191	983
191	57	984
57	226	4135
226	57	4136
57	107	3182
107	57	3183
57	138	4324
138	57	4324
57	168	787
168	57	788
57	194	4722
194	57	4722
57	187	4597
187	57	4598
57	298	3795
298	57	3796
57	74	790
74	57	791
57	127	4516
127	57	4516
57	201	1569
201	57	1569
57	252	4814
252	57	4815
58	122	4750
122	58	4751
58	93	4122
93	58	4123
58	208	1699
208	58	1700
58	89	4295
89	58	4295
58	252	2678
252	58	2678
58	88	978
88	58	978
58	286	1285
286	58	1285
58	226	3504
226	58	3504
58	173	247
173	58	248
58	175	1800
175	58	1801
58	73	2728
73	58	2728
58	185	414
185	58	414
58	97	3700
97	58	3701
58	205	2348
205	58	2349
58	153	641
153	58	642
58	237	4902
237	58	4902
59	104	4236
104	59	4237
59	148	1551
148	59	1552
59	180	3363
180	59	3364
59	216	575
216	59	575
59	169	386
169	59	386
59	262	3405
262	59	3406
59	71	4202
71	59	4203
59	261	4628
261	59	4628
59	230	4824
230	59	4825
59	102	1675
102	59	1675
59	173	232
173	59	232
60	117	4555
117	60	4555
60	141	2650
141	60	2650
60	99	252
99	60	253
60	130	4687
130	60	4687
60	98	2999
98	60	3000
60	246	1550
246	60	1551
60	242	4242
242	60	4242
60	181	3264
181	60	3264
60	183	4283
183	60	4284
60	275	3885
275	60	3886
60	238	272
238	60	273
60	184	4774
184	60	4774
60	120	3524
120	60	3525
60	134	2716
134	60	2716
60	101	97
101	60	97
60	69	4080
69	60	4081
60	91	3636
91	60	3636
61	82	1902
82	61	1903
61	164	3622
164	61	3622
61	79	3374
79	61	3374
61	66	3822
66	61	3822
61	69	4355
69	61	4356
61	210	3178
210	61	3179
61	225	3597
225	61	3597
61	276	4843
276	61	4844
61	87	3967
87	61	3967
61	274	3000
274	61	3001
61	217	3942
217	61	3943
61	209	4417
209	61	4417
61	266	3854
266	61	3855
61	296	1732
296	61	1733
61	250	4005
250	61	4006
62	98	1828
98	62	1829
62	114	4917
114	62	4918
62	192	4649
192	62	4650
62	278	3858
278	62	3858
62	125	4308
125	62	4309
62	246	1998
246	62	1998
62	243	3769
243	62	3770
62	144	4772
144	62	4773
62	294	4124
294	62	4124
62	89	3798
89	62	3798
62	82	897
82	62	898
62	167	4763
167	62	4764
62	69	3601
69	62	3602
63	98	4151
98	63	4151
63	155	3474
155	63	3475
63	176	4244
176	63	4244
63	189	3832
189	63	3832
63	252	1869
252	63	1869
63	67	4317
67	63	4318
63	79	4738
79	63	4738
63	209	4121
209	63	4122
63	195	4009
195	63	4009
63	259	3780
259	63	3780
63	202	4801
202	63	4802
63	91	4485
91	63	4486
63	150	1258
150	63	1258
63	221	3745
221	63	3746
63	101	2825
101	63	2825
63	185	1994
185	63	1995
63	113	2125
113	63	2126
63	180	3956
180	63	3957
64	275	4168
275	64	4168
64	130	393
130	64	394
64	278	4794
278	64	4795
64	139	3860
139	64	3861
64	156	3995
156	64	3995
64	160	1238
160	64	1239
64	126	1682
126	64	1682
64	158	240
158	64	240
64	194	508
194	64	509
64	116	1810
116	64	1811
64	187	1110
187	64	1111
65	182	828
182	65	829
65	258	4904
258	65	4905
65	177	4937
177	65	4938
65	124	4510
124	65	4511
65	155	1859
155	65	1860
65	285	3750
285	65	3750
65	68	2961
68	65	2962
65	273	3685
273	65	3686
65	278	4513
278	65	4513
65	127	1181
127	65	1181
65	183	3986
183	65	3987
65	113	127
113	65	127
65	219	4976
219	65	4977
65	232	1531
232	65	1532
65	265	4266
265	65	4266
65	254	1796
254	65	1797
65	230	3969
230	65	3970
66	203	3816
203	66	3817
66	212	1123
212	66	1123
66	197	2649
197	66	2650
66	131	4105
131	66	4106
66	114	1429
114	66	1430
66	231	1545
231	66	1546
66	96	2563
96	66	2564
66	206	3988
206	66	3989
66	268	4193
268	66	4194
67	72	4283
72	67	4284
67	243	4228
243	67	4229
67	229	3897
229	67	3897
67	155	2158
155	67	2159
67	263	4242
263	67	4242
67	98	3747
98	67	3747
67	119	3781
119	67	3782
67	214	3960
214	67	3961
67	151	3877
151	67	3878
68	101	3913
101	68	3913
68	228	3981
228	68	3982
68	197	4751
197	68	4752
68	198	76
198	68	76
68	261	3898
261	68	3899
68	246	4117
246	68	4118
68	87	3598
87	68	3598
68	298	4483
298	68	4484
68	85	1902
85	68	1902
68	285	4393
285	68	4393
68	163	2506
163	68	2507
68	135	392
135	68	392
68	74	3532
74	68	3532
68	214	984
214	68	985
68	162	2347
162	68	2347
68	130	1088
130	68	1089
69	213	4843
213	69	4843
69	238	1199
238	69	1199
69	200	2571
200	69	2572
69	82	3273
82	69	3274
69	266	2438
266	69	2439
69	169	4263
169	69	4264
69	155	4409
155	69	4410
69	70	739
70	69	739
69	275	2655
275	69	2655
69	118	3647
118	69	3647
69	71	1039
71	69	1039
70	97	4992
97	70	4993
70	259	2520
259	70	2520
70	223	3633
223	70	3634
70	285	3833
285	70	3833
70	297	3975
297	70	3976
70	166	4040
166	70	4041
70	93	1074
93	70	1074
70	158	3075
158	70	3076
70	244	1721
244	70	1722
70	122	4371
122	70	4371
70	175	3097
175	70	3098
70	87	1074
87	70	1075
70	150	4984
150	70	4985
70	286	2004
286	70	2004
70	118	2365
118	70	2366
71	98	3375
98	71	3375
71	159	4973
159	71	4973
71	228	4345
228	71	4345
71	256	136
256	71	137
71	134	3888
134	71	3889
71	206	703
206	71	703
71	138	2720
138	71	2720
71	156	4871
156	71	4871
71	277	3413
277	71	3414
71	210	4074
210	71	4074
72	252	3139
252	72	3140
72	134	1621
134	72	1621
72	155	1966
155	72	1966
72	132	3060
132	72	3060
72	141	4361
141	72	4361
72	83	558
83	72	559
72	91	4509
91	72	4510
72	232	4676
232	72	4677
72	82	3819
82	72	3820
72	181	4829
181	72	4830
72	84	4011
84	72	4012
72	208	3562
208	72	3562
73	84	2074
84	73	2075
73	204	3947
204	73	3947
73	131	4757
131	73	4757
73	184	1082
184	73	1083
73	257	1573
257	73	1573
73	283	4261
283	73	4262
73	196	4717
196	73	4717
73	97	4408
97	73	4409
73	225	1401
225	73	1401
74	75	4369
75	74	4370
74	82	4740
82	74	4740
74	182	809
182	74	810
74	175	4197
175	74	4198
74	85	4500
85	74	4501
74	109	4296
109	74	4297
74	131	1281
131	74	1282
74	239	2790
239	74	2790
74	151	4113
151	74	4114
74	120	4641
120	74	4641
75	109	3646
109	75	3646
75	127	3795
127	75	3795
75	122	4959
122	75	4960
75	151	3765
151	75	3765
75	129	3272
129	75	3273
75	212	2586
212	75	2587
75	169	4493
169	75	4493
75	257	4467
257	75	4468
75	199	3161
199	75	3162
75	81	4923
81	75	4923
75	150	4882
150	75	4883
76	116	4463
116	76	4463
76	277	3854
277	76	3855
76	192	1954
192	76	1955
76	266	3827
266	76	3828
76	268	4809
268	76	4809
76	288	4875
288	76	4875
76	87	514
87	76	515
76	242	3618
242	76	3618
76	254	4248
254	76	4249
76	207	1675
207	76	1675
76	128	247
128	76	247
76	243	1416
243	76	1417
77	115	2686
115	77	2687
77	111	4084
111	77	4085
77	264	2542
264	77	2542
77	107	2518
107	77	2519
77	140	167
140	77	168
77	155	4069
155	77	4069
77	224	183
224	77	183
77	159	1356
159	77	1356
77	217	3854
217	77	3855
77	143	377
143	77	378
77	222	4129
222	77	4129
78	151	2271
151	78	2271
78	203	4095
203	78	4096
78	246	341
246	78	342
78	250	3004
250	78	3004
78	133	300
133	78	301
78	142	1167
142	78	1167
78	121	3595
121	78	3596
78	113	818
113	78	818
78	196	4776
196	78	4776
78	86	3363
86	78	3363
78	260	3803
260	78	3803
78	97	2963
97	78	2963
78	209	4826
209	78	4826
78	205	3625
205	78	3625
78	91	4699
91	78	4700
79	142	4249
142	79	4249
79	130	281
130	79	282
79	83	4637
83	79	4637
79	215	4471
215	79	4472
79	153	4998
153	79	4998
79	154	1628
154	79	1628
79	255	1608
255	79	1608
79	119	4462
119	79	4462
79	247	1564
247	79	1564
79	223	2911
223	79	2911
79	82	4961
82	79	4961
79	106	2118
106	79	2119
79	259	2970
259	79	2970
79	267	3782
267	79	3783
80	227	1370
227	80	1370
80	275	903
275	80	903
80	208	4155
208	80	4155
80	200	1937
200	80	1937
80	146	2572
146	80	2572
80	209	4982
209	80	4983
80	111	4585
111	80	4585
80	163	1326
163	80	1326
80	223	1530
223	80	1531
80	254	3058
254	80	3058
80	248	2588
248	80	2588
80	259	3832
259	80	3833
80	194	2829
194	80	2830
80	168	4711
168	80	4712
80	262	4269
262	80	4269
81	127	1363
127	81	1363
81	226	1341
226	81	1342
81	145	1786
145	81	1787
81	140	4932
140	81	4933
81	264	4878
264	81	4879
81	176	3102
176	81	3103
81	103	4859
103	81	4859
81	149	4493
149	81	4494
81	199	3609
199	81	3609
81	153	2773
153	81	2773
81	236	2832
236	81	2833
81	263	1581
263	81	1581
82	145	1983
145	82	1984
82	269	3857
269	82	3857
82	103	1920
103	82	1921
82	167	4519
167	82	4520
82	104	4721
104	82	4722
82	95	4090
95	82	4091
82	226	1039
226	82	1040
82	148	3911
148	82	3911
82	169	3850
169	82	3850
82	111	2608
111	82	2608
83	190	3477
190	83	3478
83	126	4096
126	83	4096
83	176	559
176	83	560
83	132	465
132	83	465
83	124	4482
124	83	4483
83	205	4145
205	83	4146
83	164	4008
164	83	4008
83	200	3272
200	83	3272
83	98	2922
98	83	2922
83	169	3444
169	83	3444
83	95	2990
95	83	2990
83	133	2543
133	83	2543
83	232	2586
232	83	2586
83	231	523
231	83	524
83	267	3713
267	83	3713
84	171	3867
171	84	3868
84	295	2185
295	84	2186
84	179	3829
179	84	3830
84	218	1777
218	84	1778
84	195	2412
195	84	2413
84	241	4399
241	84	4400
84	296	1478
296	84	1479
84	107	1655
107	84	1655
84	200	3564
200	84	3564
84	174	418
174	84	419
84	136	3901
136	84	3902
84	187	4824
187	84	4824
84	115	3315
115	84	3316
84	270	1541
270	84	1541
85	159	3139
159	85	3139
85	208	2178
208	85	2178
85	245	2226
245	85	2226
85	180	3532
180	85	3532
85	143	2500
143	85	2501
85	202	3323
202	85	3323
85	87	1992
87	85	1993
85	134	3814
134	85	3814
85	105	4482
105	85	4482
85	285	1585
285	85	1586
85	122	3515
122	85	3516
86	106	4415
106	86	4416
86	225	4490
225	86	4490
86	142	3126
142	86	3126
86	217	1238
217	86	1238
86	291	3405
291	86	3405
86	297	3784
297	86	3785
86	207	3165
207	86	3165
86	104	1272
104	86	1273
86	199	4575
199	86	4576
86	214	4714
214	86	4715
86	112	4964
112	86	4965
87	245	2912
245	87	2913
87	277	4813
277	87	4814
87	222	4697
222	87	4697
87	227	2979
227	87	2980
87	236	3875
236	87	3876
87	138	474
138	87	474
87	246	3076
246	87	3076
87	265	4325
265	87	4326
87	239	4996
239	87	4996
88	170	2201
170	88	2201
88	146	3382
146	88	3382
88	194	292
194	88	292
88	102	4738
102	88	4739
88	136	1788
136	88	1789
88	178	3222
178	88	3223
88	162	983
162	88	984
88	250	4214
250	88	4215
88	230	4971
230	88	4971
88	115	3553
115	88	3553
88	168	1431
168	88	1431
88	257	3943
257	88	3944
88	156	2308
156	88	2309
89	265	4687
265	89	4688
89	129	3928
129	89	3929
89	117	1080
117	89	1081
89	175	253
175	89	253
89	123	3556
123	89	3557
89	229	1883
229	89	1884
89	105	4734
105	89	4734
89	186	4363
186	89	4364
89	192	2048
192	89	2049
90	166	3688
166	90	3689
90	205	4760
205	90	4760
90	119	3696
119	90	3697
90	188	1855
188	90	1856
90	187	4537
187	90	4538
90	220	4305
220	90	4305
90	254	4000
254	90	4000
90	164	4159
164	90	4160
90	204	4951
204	90	4952
90	107	4186
107	90	4187
90	118	4591
118	90	4592
90	212	4878
212	90	4878
90	152	1595
152	90	1596
90	159	659
159	90	659
91	145	2703
145	91	2704
91	188	1729
188	91	1730
91	262	1158
262	91	1158
91	230	703
230	91	703
91	116	2874
116	91	2875
91	296	62
296	91	62
91	235	4433
235	91	4433
92	207	3583
207	92	3583
92	283	3000
283	92	3000
92	248	4539
248	92	4540
92	128	355
128	92	356
92	132	4093
132	92	4093
92	145	3341
145	92	3342
92	102	2620
102	92	2620
92	136	2612
136	92	2612
92	151	4341
151	92	4341
92	215	4483
215	92	4483
92	124	1671
124	92	1672
92	123	3382
123	92	3382
92	158	3252
158	92	3253
92	171	4119
171	92	4120
93	221	1794
221	93	1795
93	251	2275
251	93	2276
93	249	4374
249	93	4374
93	199	3450
199	93	3450
93	283	3516
283	93	3516
93	229	1026
229	93	1027
93	124	3344
124	93	3344
93	258	3649
258	93	3649
93	150	3937
150	93	3938
93	267	1527
267	93	1528
93	156	523
156	93	524
93	256	4271
256	93	4272
93	106	4386
106	93	4386
94	234	3201
234	94	3202
94	140	1750
140	94	1750
94	210	1783
210	94	1784
94	168	534
168	94	534
94	101	4746
101	94	4747
94	117	3776
117	94	3776
94	264	4307
264	94	4308
94	188	2418
188	94	2419
94	190	4603
190	94	4603
94	226	2490
226	94	2491
94	189	4707
189	94	4708
94	195	872
195	94	872
94	229	4478
229	94	4479
94	106	2509
106	94	2510
95	164	4790
164	95	4790
95	168	971
168	95	972
95	263	2883
263	95	2883
95	275	4081
275	95	4081
95	265	4032
265	95	4032
95	142	3287
142	95	3288
95	134	688
134	95	689
95	155	4713
155	95	4714
96	291	1199
291	96	1199
96	243	2113
243	96	2113
96	288	4177
288	96	4177
96	137	3604
137	96	3605
96	98	4590
98	96	4590
96	101	2133
101	96	2134
96	207	4421
207	96	4422
96	171	2680
171	96	2681
96	234	4737
234	96	4738
96	156	4490
156	96	4490
96	217	3752
217	96	3753
97	259	4595
259	97	4595
97	251	3163
251	97	3164
97	181	2043
181	97	2044
97	182	867
182	97	867
97	192	1292
192	97	1292
97	98	4428
98	97	4429
97	132	4032
132	97	4033
97	126	3084
126	97	3084
97	117	1323
117	97	1323
97	236	351
236	97	351
97	260	4590
260	97	4591
98	123	4166
123	98	4167
98	124	2379
124	98	2380
98	240	3488
240	98	3488
98	236	684
236	98	684
98	200	3936
200	98	3937
98	165	2309
165	98	2310
99	168	3867
168	99	3867
99	204	3835
204	99	3836
99	112	4531
112	99	4532
99	247	2662
247	99	2663
99	253	2886
253	99	2887
99	251	3806
251	99	3806
99	116	2942
116	99	2943
99	263	4731
263	99	4732
99	181	3800
181	99	3800
99	102	2045
102	99	2046
99	265	2933
265	99	2934
100	112	2502
112	100	2503
100	135	1525
135	100	1525
100	123	3903
123	100	3904
100	169	4339
169	100	4340
100	139	4337
139	100	4337
100	202	2962
202	100	2963
100	132	2564
132	100	2565
100	163	3822
163	100	3823
100	238	1119
238	100	1119
100	184	4294
184	100	4295
100	297	3674
297	100	3674
100	141	4529
141	100	4529
101	124	4929
124	101	4929
101	102	3457
102	101	3458
101	136	3405
136	101	3405
101	277	3946
277	101	3946
101	114	3950
114	101	3950
101	161	3958
161	101	3959
101	226	4141
226	101	4141
101	288	3544
288	101	3544
101	164	1050
164	101	1051
102	104	4210
104	102	4211
102	180	1226
180	102	1226
102	107	2260
107	102	2260
102	193	2566
193	102	2567
102	267	3667
267	102	3668
102	241	3768
241	102	3768
102	251	4024
251	102	4024
102	110	3069
110	102	3069
103	143	3054
143	103	3055
103	244	2419
244	103	2419
103	141	4487
141	103	4487
103	238	2952
238	103	2952
103	258	2835
258	103	2836
103	157	4708
157	103	4708
103	144	1358
144	103	1359
103	218	1513
218	103	1514
103	154	3599
154	103	3599
103	139	641
139	103	641
104	232	2609
232	104	2610
104	214	3293
214	104	3294
104	243	4940
243	104	4940
104	241	2668
241	104	2668
104	189	3516
189	104	3516
104	207	1209
207	104	1209
104	113	1598
113	104	1598
105	265	3913
265	105	3914
105	146	4333
146	105	4333
105	277	4505
277	105	4505
105	129	3530
129	105	3530
105	152	4787
152	105	4788
105	125	3528
125	105	3529
105	225	1487
225	105	1487
105	295	1946
295	105	1947
105	244	2386
244	105	2387
105	141	2983
141	105	2984
106	131	2118
131	106	2119
106	286	4295
286	106	4295
106	159	4392
159	106	4393
106	152	4381
152	106	4381
106	215	2113
215	106	2114
106	110	3518
110	106	3518
106	119	4119
119	106	4120
106	200	3144
200	106	3144
106	149	1013
149	106	1013
107	268	2636
268	107	2636
107	192	3851
192	107	3851
107	286	3537
286	107	3538
107	270	4105
270	107	4105
107	258	4103
258	107	4104
107	257	3505
257	107	3505
107	273	4645
273	107	4645
107	244	1892
244	107	1893
107	130	4555
130	107	4556
107	169	3841
169	107	3841
108	184	4808
184	108	4809
108	278	4346
278	108	4346
108	256	3693
256	108	3694
108	194	3486
194	108	3487
108	113	3848
113	108	3849
108	156	1643
156	108	1643
108	133	294
133	108	294
108	132	4931
132	108	4932
108	285	1958
285	108	1959
108	241	2318
241	108	2318
108	221	4274
221	108	4275
108	235	3847
235	108	3847
108	266	2394
266	108	2394
108	116	4755
116	108	4755
108	208	1604
208	108	1605
109	159	3515
159	109	3515
109	190	2814
190	109	2815
109	182	4229
182	109	4229
109	185	4507
185	109	4507
109	192	3141
192	109	3141
109	210	3675
210	109	3675
109	196	4438
196	109	4439
109	180	4786
180	109	4786
109	262	2199
262	109	2200
109	204	1212
204	109	1212
109	141	4922
141	109	4923
109	130	4464
130	109	4465
110	296	4783
296	110	4783
110	182	4747
182	110	4747
110	237	1879
237	110	1880
110	174	3763
174	110	3764
110	248	3807
248	110	3807
110	124	1176
124	110	1176
110	199	4561
199	110	4562
110	207	1758
207	110	1758
110	223	3623
223	110	3624
110	139	4221
139	110	4222
110	131	1264
131	110	1264
110	208	1928
208	110	1929
111	202	3809
202	111	3810
111	138	4064
138	111	4064
111	132	60
132	111	60
111	113	2695
113	111	2695
111	265	1658
265	111	1659
111	197	1754
197	111	1754
111	182	539
182	111	539
111	171	4859
171	111	4859
111	135	4471
135	111	4471
111	221	2673
221	111	2673
111	252	2694
252	111	2695
112	183	4751
183	112	4751
112	142	1296
142	112	1297
112	148	1932
148	112	1933
112	204	4777
204	112	4778
112	210	4313
210	112	4314
112	250	4075
250	112	4076
112	121	4552
121	112	4552
112	189	4992
189	112	4992
112	260	1718
260	112	1719
112	211	3989
211	112	3989
113	209	1946
209	113	1946
113	236	645
236	113	645
113	181	4279
181	113	4279
113	169	2956
169	113	2957
113	183	2976
183	113	2977
113	142	3758
142	113	3758
113	264	4061
264	113	4062
113	203	3340
203	113	3340
113	162	4489
162	113	4489
113	191	2168
191	113	2169
114	170	1668
170	114	1669
114	121	3699
121	114	3699
114	144	2087
144	114	2087
114	227	2864
227	114	2865
114	260	4589
260	114	4590
114	135	4139
135	114	4140
114	236	1982
236	114	1983
114	239	3645
239	114	3645
114	243	3211
243	114	3211
114	152	3074
152	114	3075
114	171	288
171	114	288
114	254	870
254	114	870
114	241	4999
241	114	5000
115	193	936
193	115	936
115	208	2405
208	115	2406
115	243	2744
243	115	2745
115	255	3786
255	115	3787
115	158	3884
158	115	3885
115	121	3894
121	115	3895
115	223	1734
223	115	1735
115	182	3325
182	115	3326
115	190	3900
190	115	3901
115	195	3600
195	115	3600
115	251	2570
251	115	2570
115	253	1546
253	115	1547
116	173	3904
173	116	3905
116	285	4155
285	116	4155
116	259	348
259	116	349
116	247	4221
247	116	4221
116	242	1538
242	116	1539
117	156	4295
156	117	4295
117	214	3317
214	117	3317
117	230	4030
230	117	4031
117	296	4939
296	117	4940
117	151	4193
151	117	4193
117	255	2166
255	117	2167
117	291	2063
291	117	2064
117	192	2979
192	117	2980
117	132	2430
132	117	2431
118	193	3316
193	118	3317
118	179	3926
179	118	3927
118	126	1756
126	118	1757
118	128	3479
128	118	3479
118	163	4349
163	118	4349
118	194	2842
194	118	2842
118	146	3783
146	118	3784
118	251	2648
251	118	2649
119	140	3795
140	119	3796
119	214	476
214	119	476
119	218	4688
218	119	4689
119	161	3765
161	119	3765
119	147	3314
147	119	3314
119	178	4753
178	119	4753
119	283	2259
283	119	2260
119	204	1673
204	119	1674
120	251	687
251	120	688
120	247	4516
247	120	4516
120	140	4292
140	120	4292
120	173	2914
173	120	2914
120	197	2109
197	120	2110
121	176	3843
176	121	3844
121	268	860
268	121	860
121	256	3952
256	121	3953
121	204	466
204	121	467
121	129	3548
129	121	3549
121	198	1927
198	121	1928
121	275	1212
275	121	1212
121	125	4191
125	121	4192
121	167	4061
167	121	4062
122	200	1055
200	122	1056
122	137	3894
137	122	3894
122	179	438
179	122	439
122	188	4278
188	122	4278
122	252	2938
252	122	2938
122	211	3931
211	122	3931
123	154	3867
154	123	3868
123	241	2149
241	123	2150
123	212	3851
212	123	3851
123	238	1776
238	123	1777
123	261	3666
261	123	3666
123	186	1267
186	123	1268
123	202	1410
202	123	1410
123	178	1918
178	123	1919
123	166	3119
166	123	3120
123	270	617
270	123	617
123	134	4275
134	123	4275
124	286	4805
286	124	4806
124	258	4049
258	124	4049
124	253	3878
253	124	3879
124	234	692
234	124	692
124	160	4704
160	124	4705
124	149	3153
149	124	3153
124	267	2682
267	124	2682
124	268	4120
268	124	4120
125	203	3394
203	125	3395
125	181	3908
181	125	3909
125	260	2977
260	125	2977
125	150	3674
150	125	3675
125	183	2355
183	125	2355
125	234	1459
234	125	1459
125	149	4910
149	125	4911
125	223	1756
223	125	1756
125	211	4434
211	125	4435
125	139	4566
139	125	4566
125	152	1785
152	125	1785
126	199	3152
199	126	3152
126	228	2500
228	126	2500
126	225	3034
225	126	3034
126	129	3492
129	126	3493
126	171	3653
171	126	3653
126	210	2167
210	126	2167
126	153	4012
153	126	4013
126	151	2463
151	126	2463
126	132	2867
132	126	2868
126	130	1695
130	126	1695
126	136	3745
136	126	3745
126	204	1319
204	126	1319
126	221	2916
221	126	2916
126	139	2904
139	126	2905
127	189	4700
189	127	4701
127	201	2225
201	127	2226
127	230	1128
230	127	1129
127	220	4081
220	127	4081
127	143	4436
143	127	4437
127	268	4297
268	127	4297
127	288	704
288	127	705
128	269	3888
269	128	3888
128	179	3712
179	128	3712
128	267	1857
267	128	1858
128	229	350
229	128	351
128	222	1757
222	128	1758
128	138	1385
138	128	1385
128	210	4990
210	128	4991
128	145	933
145	128	933
128	245	524
245	128	524
128	234	1954
234	128	1955
128	218	1256
218	128	1257
129	164	2566
164	129	2566
129	133	3770
133	129	3770
129	177	1540
177	129	1541
129	217	2690
217	129	2691
129	212	3219
212	129	3220
129	286	519
286	129	519
129	191	1168
191	129	1168
129	153	3827
153	129	3828
129	236	2672
236	129	2673
130	160	4848
160	130	4848
130	201	2290
201	130	2291
130	258	4821
258	130	4821
130	193	4278
193	130	4278
130	162	3258
162	130	3258
131	140	1998
140	131	1999
131	225	4706
225	131	4707
131	263	3762
263	131	3762
131	152	3423
152	131	3423
131	145	1665
145	131	1666
131	135	3895
135	131	3896
131	219	2332
219	131	2333
132	168	4888
168	132	4889
132	137	3489
137	132	3489
132	219	4839
219	132	4840
132	239	4441
239	132	4442
132	145	4202
145	132	4202
132	286	4056
286	132	4056
132	209	4892
209	132	4893
133	154	4646
154	133	4647
133	256	4721
256	133	4722
133	164	3413
164	133	3414
133	162	4858
162	133	4859
133	251	1546
251	133	1546
133	202	2417
202	133	2418
133	254	4983
254	133	4983
133	182	2382
182	133	2383
133	219	2754
219	133	2755
133	215	1613
215	133	1614
133	172	3916
172	133	3916
134	255	3263
255	134	3264
134	257	1135
257	134	1136
134	213	4011
213	134	4012
134	265	3898
265	134	3898
134	144	2608
144	134	2609
134	220	953
220	134	953
135	143	4583
143	135	4583
135	180	2301
180	135	2301
135	257	4623
257	135	4623
135	161	4349
161	135	4350
135	235	1318
235	135	1319
135	148	1726
148	135	1727
135	190	420
190	135	421
135	189	3061
189	135	3062
135	253	4839
253	135	4839
135	157	3839
157	135	3839
135	242	4915
242	135	4915
136	228	4771
228	136	4771
136	150	3825
150	136	3826
136	196	3943
196	136	3944
136	222	132
222	136	132
136	248	3692
248	136	3692
136	218	399
218	136	400
137	200	470
200	137	471
137	166	4978
166	137	4979
137	283	4161
283	137	4162
137	234	4735
234	137	4735
137	213	1504
213	137	1505
137	245	1634
245	137	1634
137	247	2690
247	137	2691
137	141	500
141	137	500
138	198	1417
198	138	1417
138	233	1318
233	138	1319
138	206	4944
206	138	4944
138	146	4016
146	138	4017
138	178	230
178	138	231
138	252	4375
252	138	4376
138	145	4886
145	138	4886
138	192	2006
192	138	2006
138	232	1299
232	138	1299
139	174	1539
174	139	1540
139	291	3531
291	139	3531
139	256	3412
256	139	3413
139	260	3846
260	139	3846
139	159	3207
159	139	3207
139	150	2806
150	139	2806
139	218	4918
218	139	4918
139	164	4649
164	139	4650
139	144	4564
144	139	4565
139	263	3657
263	139	3657
139	162	305
162	139	306
140	251	4332
251	140	4333
140	178	343
178	140	343
140	210	4921
210	140	4922
140	197	4923
197	140	4923
140	229	4183
229	140	4184
140	252	1376
252	140	1376
140	146	623
146	140	623
140	222	1831
222	140	1832
140	248	1010
248	140	1010
140	230	2234
230	140	2235
141	222	4495
222	141	4496
141	177	4249
177	141	4249
141	264	4250
264	141	4251
141	285	1607
285	141	1608
141	196	4248
196	141	4249
141	251	4449
251	141	4450
141	192	4081
192	141	4082
141	158	4335
158	141	4335
141	240	4057
240	141	4058
142	148	4712
148	142	4712
142	239	4629
239	142	4630
142	186	2400
186	142	2401
142	215	1893
215	142	1894
143	184	2556
184	143	2557
143	242	976
242	143	976
143	147	4132
147	143	4132
143	172	4942
172	143	4942
143	251	2808
251	143	2809
143	163	2126
163	143	2126
143	185	4927
185	143	4927
143	229	3202
229	143	3203
143	295	1531
295	143	1532
144	262	808
262	144	809
144	232	469
232	144	469
144	167	2806
167	144	2806
144	257	164
257	144	165
144	147	3410
147	144	3410
144	260	2213
260	144	2214
144	252	3481
252	144	3481
144	202	4458
202	144	4458
144	176	4989
176	144	4989
144	198	1390
198	144	1391
144	172	3650
172	144	3651
145	172	4676
172	145	4676
145	199	3997
199	145	3997
145	231	2920
231	145	2920
145	176	4492
176	145	4492
145	263	3647
263	145	3647
146	220	4097
220	146	4098
146	165	2218
165	146	2219
146	181	2581
181	146	2581
146	238	4112
238	146	4113
146	269	2511
269	146	2512
147	211	2414
211	147	2414
147	268	4712
268	147	4713
147	216	865
216	147	865
147	238	4717
238	147	4718
147	235	4486
235	147	4487
147	213	4168
213	147	4169
147	261	2939
261	147	2940
147	236	4343
236	147	4343
147	263	423
263	147	424
147	260	2714
260	147	2715
147	193	1813
193	147	1814
147	230	2426
230	147	2427
148	170	1010
170	148	1011
148	197	3506
197	148	3507
148	268	969
268	148	969
148	255	3576
255	148	3576
148	165	1613
165	148	1614
148	211	2599
211	148	2599
148	173	3877
173	148	3878
148	179	4498
179	148	4499
148	283	549
283	148	549
148	239	406
239	148	406
148	196	985
196	148	985
148	263	2656
263	148	2656
148	248	4778
248	148	4778
149	174	4909
174	149	4909
149	173	4030
173	149	4031
149	222	821
222	149	822
149	264	4122
264	149	4123
149	232	2262
232	149	2262
149	178	4081
178	149	4082
149	234	4709
234	149	4710
149	263	4315
263	149	4316
149	215	81
215	149	82
149	249	126
249	149	126
150	227	2608
227	150	2608
150	266	230
266	150	231
150	152	4079
152	150	4080
150	250	3671
250	150	3672
152	259	2855
259	152	2856
152	270	4553
270	152	4554
152	193	4989
193	152	4989
152	213	1081
213	152	1082
154	233	3386
233	154	3387
154	172	4540
172	154	4540
154	176	3580
176	154	3580
154	283	2949
283	154	2949
154	197	4887
197	154	4887
157	218	1317
218	157	1317
157	213	2018
213	157	2018
157	177	1398
177	157	1398
157	261	738
261	157	739
157	228	84
228	157	85
157	242	1524
242	157	1524
157	214	3687
214	157	3688
159	234	3263
234	159	3264
159	243	2046
243	159	2047
160	237	4101
237	160	4102
160	219	3896
219	160	3897
160	168	4029
168	160	4030
160	199	3725
199	160	3726
160	221	292
221	160	293
160	239	4993
239	160	4994
160	254	4616
254	160	4617
160	263	1218
263	160	1218
161	215	3415
215	161	3416
161	227	3977
227	161	3978
161	242	4627
242	161	4627
161	162	3396
162	161	3396
161	222	3539
222	161	3539
162	243	3991
243	162	3992
162	250	4828
250	162	4829
163	195	2219
195	163	2220
163	172	3451
172	163	3452
163	222	2459
222	163	2460
163	233	4738
233	163	4739
163	225	3782
225	163	3782
163	196	1542
196	163	1543
163	179	4283
179	163	4283
165	177	4202
177	165	4203
165	249	2194
249	165	2195
165	197	2381
197	165	2381
165	188	4016
188	165	4016
165	233	3798
233	165	3799
165	255	3060
255	165	3061
166	179	3015
179	166	3016
167	261	4915
261	167	4916
167	243	4964
243	167	4964
167	216	4501
216	167	4502
167	205	2327
205	167	2327
167	249	1703
249	167	1703
168	172	3097
172	168	3097
168	206	1560
206	168	1561
168	273	1947
273	168	1947
168	247	4432
247	168	4433
169	248	4379
248	169	4380
169	203	3670
203	169	3670
169	182	1180
182	169	1181
169	214	1034
214	169	1035
170	212	2750
212	170	2751
170	203	2846
203	170	2846
170	213	4197
213	170	4198
170	182	4709
182	170	4710
172	205	4424
205	172	4424
174	268	2145
268	174	2146
174	232	4202
232	174	4203
174	180	4767
180	174	4768
174	213	4476
213	174	4477
174	189	4634
189	174	4635
174	206	1127
206	174	1127
174	212	2996
212	174	2996
175	195	4909
195	175	4910
175	205	1144
205	175	1145
175	201	4253
201	175	4254
175	234	2461
234	175	2462
176	253	3694
253	176	3695
176	295	2795
295	176	2795
176	181	704
181	176	705
177	198	3755
198	177	3756
177	266	4213
266	177	4214
177	257	4378
257	177	4378
177	267	4816
267	177	4816
178	228	1159
228	178	1159
178	202	3627
202	178	3627
181	186	4717
186	181	4718
181	257	679
257	181	680
182	189	3606
189	182	3606
184	208	3973
208	184	3974
184	221	3992
221	184	3992
184	219	1830
219	184	1831
186	295	4349
295	186	4349
186	255	2456
255	186	2456
186	216	547
216	186	548
188	221	2405
221	188	2406
188	239	2286
239	188	2287
188	213	3216
213	188	3217
188	220	748
220	188	748
189	270	733
270	189	733
191	238	2560
238	191	2560
191	262	4119
262	191	4120
191	203	4769
203	191	4770
193	202	4946
202	193	4946
195	233	197
233	195	197
195	205	2211
205	195	2212
195	231	2659
231	195	2659
195	198	3939
198	195	3939
195	266	4135
266	195	4135
196	208	1249
208	196	1249
196	266	4422
266	196	4423
196	224	4901
224	196	4901
197	255	4571
255	197	4571
197	238	4749
238	197	4749
197	239	3362
239	197	3363
197	237	4838
237	197	4838
198	203	2154
203	198	2155
198	229	2212
229	198	2212
198	231	3417
231	198	3417
198	230	524
230	198	524
201	224	1559
224	201	1560
201	253	882
253	201	882
201	288	3983
288	201	3983
201	291	4850
291	201	4850
201	222	4178
222	201	4179
201	249	2296
249	201	2297
202	269	4957
269	202	4957
203	269	4149
269	203	4149
203	258	347
258	203	348
206	213	3501
213	206	3502
206	217	541
217	206	541
211	269	593
269	211	593
211	242	1138
242	211	1139
211	253	4273
253	211	4273
211	221	4844
221	211	4844
211	219	3692
219	211	3693
211	270	397
270	211	398
212	288	4201
288	212	4202
212	266	3533
266	212	3534
212	267	666
267	212	667
215	269	343
269	215	344
215	229	2971
229	215	2972
215	291	3707
291	215	3708
215	219	4128
219	215	4128
216	233	1887
233	216	1888
216	254	2679
254	216	2680
216	250	4462
250	216	4462
216	230	337
230	216	338
216	262	3701
262	216	3702
216	267	1621
267	216	1622
216	235	3918
235	216	3919
216	266	4650
266	216	4650
217	253	4890
253	217	4890
217	219	2995
219	217	2995
217	225	4385
225	217	4385
217	233	3423
233	217	3423
219	266	4118
266	219	4119
219	253	3112
253	219	3113
220	235	4293
235	220	4293
220	291	449
291	220	450
220	250	3996
250	220	3997
220	254	1507
254	220	1508
220	247	3943
247	220	3944
220	258	4875
258	220	4876
224	270	3657
270	224	3657
224	237	3282
237	224	3282
224	253	4378
253	224	4379
224	242	4191
242	224	4192
224	228	2999
228	224	3000
224	225	4070
225	224	4070
224	264	1967
264	224	1968
228	232	4455
232	228	4456
228	242	2631
242	228	2631
228	264	3924
264	228	3925
228	229	1819
229	228	1820
228	235	1224
235	228	1224
229	237	1060
237	229	1061
231	264	4192
264	231	4192
231	241	3388
241	231	3388
231	249	4015
249	231	4016
231	253	2730
253	231	2730
231	243	3707
243	231	3707
231	250	3857
250	231	3857
235	249	4392
249	235	4393
235	253	3993
253	235	3994
237	243	4167
243	237	4167
237	240	3054
240	237	3054
237	264	2395
264	237	2395
240	267	3838
267	240	3838
240	243	4323
243	240	4323
240	258	2062
258	240	2063
240	248	3884
248	240	3885
240	249	2179
249	240	2180
241	247	4731
247	241	4731
241	248	2762
248	241	2762
241	267	2052
267	241	2053
247	248	3582
248	247	3582
