300	4254
1	1
1	1
3	3
2	2
2	2
1	1
1	1
3	3
3	3
3	3
2	2
2	2
3	3
1	1
1	1
2	2
3	3
1	1
2	2
1	1
2	2
3	3
2	2
3	3
3	3
2	2
1	1
2	2
2	2
3	3
3	3
3	3
1	1
1	1
3	3
1	1
2	2
3	3
3	3
2	2
1	1
3	3
3	3
3	3
2	2
1	1
2	2
3	3
1	1
2	2
3	3
2	2
1	1
1	1
2	2
1	1
2	2
3	3
3	3
1	1
3	3
2	2
2	2
1	1
3	3
2	2
1	1
1	1
3	3
1	1
2	2
2	2
1	1
3	3
2	2
2	2
3	3
1	1
3	3
3	3
3	3
1	1
1	1
3	3
3	3
2	2
3	3
3	3
3	3
3	3
1	1
1	1
2	2
2	2
2	2
3	3
2	2
3	3
1	1
2	2
2	2
2	2
1	1
1	1
1	1
2	2
3	3
1	1
2	2
2	2
3	3
3	3
2	2
3	3
2	2
3	3
1	1
1	1
3	3
1	1
1	1
1	1
1	1
2	2
1	1
3	3
3	3
1	1
1	1
1	1
3	3
2	2
1	1
3	3
2	2
2	2
2	2
1	1
2	2
3	3
2	2
3	3
2	2
1	1
3	3
2	2
1	1
2	2
1	1
2	2
2	2
3	3
1	1
1	1
1	1
2	2
1	1
2	2
2	2
3	3
1	1
2	2
2	2
1	1
1	1
3	3
2	2
1	1
3	3
2	2
1	1
3	3
1	1
1	1
1	1
2	2
1	1
1	1
3	3
2	2
2	2
2	2
3	3
3	3
2	2
1	1
3	3
3	3
1	1
3	3
2	2
2	2
2	2
3	3
3	3
2	2
3	3
2	2
2	2
3	3
3	3
3	3
3	3
3	3
3	3
1	1
2	2
2	2
1	1
2	2
2	2
3	3
2	2
3	3
3	3
3	3
3	3
3	3
3	3
1	1
3	3
2	2
2	2
1	1
3	3
2	2
3	3
3	3
1	1
3	3
3	3
3	3
2	2
1	1
2	2
3	3
1	1
2	2
1	1
2	2
3	3
2	2
2	2
3	3
2	2
1	1
3	3
1	1
2	2
2	2
1	1
1	1
3	3
3	3
1	1
2	2
3	3
3	3
1	1
3	3
3	3
3	3
1	1
1	1
3	3
2	2
1	1
1	1
1	1
2	2
3	3
3	3
2	2
1	1
3	3
1	1
3	3
3	3
2	2
1	1
1	1
1	1
1	1
3	3
1	1
3	3
1	1
2	2
2	2
1	1
3	3
1	1
3	3
1	1
1	1
1	1
1	1
2	2
3	3
3	3
1	75	1038
75	1	1038
1	28	1575
28	1	1576
1	74	3982
74	1	3983
1	273	150
273	1	150
1	262	4422
262	1	4423
1	9	4235
9	1	4235
1	197	4880
197	1	4880
1	182	2393
182	1	2393
1	135	3865
135	1	3866
1	248	1618
248	1	1619
1	68	1764
68	1	1765
1	137	4315
137	1	4316
1	12	3701
12	1	3701
1	35	2198
35	1	2198
1	233	3398
233	1	3399
1	107	1195
107	1	1195
1	40	3461
40	1	3462
1	122	1794
122	1	1794
1	96	4182
96	1	4182
1	300	3566
300	1	3567
2	148	2757
148	2	2758
2	120	2909
120	2	2910
2	128	4434
128	2	4434
2	282	1622
282	2	1623
2	19	1974
19	2	1975
2	105	3068
105	2	3068
2	132	4703
132	2	4704
2	241	3001
241	2	3001
2	167	4860
167	2	4860
2	279	1941
279	2	1942
2	242	4933
242	2	4934
2	66	3890
66	2	3891
2	283	4525
283	2	4526
2	114	1972
114	2	1972
2	136	3076
136	2	3077
2	294	3971
294	2	3972
2	125	4252
125	2	4253
2	140	2646
140	2	2647
2	252	4268
252	2	4268
2	193	4435
193	2	4436
3	155	4098
155	3	4098
3	289	4915
289	3	4916
3	284	4227
284	3	4228
3	119	1607
119	3	1607
3	279	3179
279	3	3179
3	237	1454
237	3	1454
3	262	3770
262	3	3770
3	244	3563
244	3	3564
3	213	3349
213	3	3349
3	156	3760
156	3	3761
3	169	2848
169	3	2848
3	48	1234
48	3	1234
3	290	2469
290	3	2469
3	260	3179
260	3	3179
3	144	4717
144	3	4718
3	224	3778
224	3	3779
3	206	1793
206	3	1793
3	91	1936
91	3	1936
3	19	3305
19	3	3305
3	81	4844
81	3	4845
4	12	4672
12	4	4672
4	145	4041
145	4	4041
4	129	3792
129	4	3793
4	170	4553
170	4	4554
4	47	983
47	4	984
4	150	4168
150	4	4168
4	93	4562
93	4	4562
4	139	4385
139	4	4385
4	263	2242
263	4	2242
4	121	1742
121	4	1743
4	9	3903
9	4	3903
4	42	4427
42	4	4427
4	62	3673
62	4	3673
4	201	1954
201	4	1954
4	140	4261
140	4	4261
4	135	4823
135	4	4824
4	86	4034
86	4	4035
4	174	1303
174	4	1304
4	166	4883
166	4	4884
4	53	1584
53	4	1584
5	24	2846
24	5	2846
5	229	1033
229	5	1034
5	207	3154
207	5	3154
5	67	1813
67	5	1814
5	19	4964
19	5	4964
5	99	4310
99	5	4310
5	266	4677
266	5	4677
5	125	4465
125	5	4465
5	110	4953
110	5	4954
5	142	2853
142	5	2853
5	234	116
234	5	117
5	17	2785
17	5	2785
5	289	635
289	5	636
5	284	3409
284	5	3410
5	27	3063
27	5	3064
5	279	3685
279	5	3685
5	126	453
126	5	453
5	265	598
265	5	598
5	283	1269
283	5	1269
5	70	3582
70	5	3582
6	79	4226
79	6	4227
6	148	330
148	6	331
6	292	3308
292	6	3309
6	39	4954
39	6	4954
6	75	762
75	6	762
6	274	4963
274	6	4964
6	92	2107
92	6	2107
6	83	1724
83	6	1724
6	129	4549
129	6	4550
6	261	3442
261	6	3443
6	145	1038
145	6	1038
6	76	4013
76	6	4014
6	278	4993
278	6	4994
6	231	4693
231	6	4693
6	208	3895
208	6	3896
6	114	4165
114	6	4166
6	59	1526
59	6	1527
6	93	4702
93	6	4703
6	29	1299
29	6	1300
6	297	4441
297	6	4441
7	113	3977
113	7	3978
7	231	3089
231	7	3089
7	285	1877
285	7	1878
7	283	3731
283	7	3732
7	146	4430
146	7	4431
7	37	2724
37	7	2725
7	167	2261
167	7	2261
7	210	4333
210	7	4333
7	72	589
72	7	589
7	170	1906
170	7	1906
7	178	327
178	7	328
7	61	4910
61	7	4911
7	133	562
133	7	563
7	299	3825
299	7	3825
7	287	3904
287	7	3904
7	21	1803
21	7	1803
7	97	3528
97	7	3528
7	288	2606
288	7	2607
7	123	545
123	7	546
7	256	1716
256	7	1717
8	81	938
81	8	938
8	273	4692
273	8	4693
8	138	69
138	8	69
8	267	4016
267	8	4016
8	279	3366
279	8	3367
8	163	4281
163	8	4281
8	86	3866
86	8	3867
8	37	3305
37	8	3305
8	275	4560
275	8	4560
8	258	306
258	8	306
8	20	1268
20	8	1268
8	48	4809
48	8	4810
8	187	3850
187	8	3851
8	190	3795
190	8	3795
8	74	3960
74	8	3961
8	243	4276
243	8	4277
8	204	4964
204	8	4964
8	16	871
16	8	871
8	201	2382
201	8	2382
8	300	4800
300	8	4800
9	211	2747
211	9	2748
9	134	4641
134	9	4642
9	163	2048
163	9	2049
9	124	4170
124	9	4171
9	270	2798
270	9	2799
9	245	4649
245	9	4649
9	230	3533
230	9	3534
9	19	4335
19	9	4335
9	183	4725
183	9	4726
9	217	1434
217	9	1434
9	135	466
135	9	466
9	46	551
46	9	552
9	182	4741
182	9	4741
9	100	2427
100	9	2427
9	278	1480
278	9	1481
9	254	4274
254	9	4275
9	249	1952
249	9	1952
9	299	1643
299	9	1643
10	248	3949
248	10	3950
10	244	4668
244	10	4668
10	11	4658
11	10	4658
10	213	3310
213	10	3310
10	205	4989
205	10	4990
10	37	2699
37	10	2699
10	130	1643
130	10	1644
10	138	2167
138	10	2168
10	120	4216
120	10	4216
10	239	3877
239	10	3877
10	216	2102
216	10	2102
10	223	4182
223	10	4182
10	266	1578
266	10	1578
10	53	3842
53	10	3842
10	50	4556
50	10	4556
10	122	2196
122	10	2196
10	107	3258
107	10	3259
10	162	433
162	10	434
10	259	4421
259	10	4422
10	141	3688
141	10	3688
11	127	4738
127	11	4738
11	294	927
294	11	928
11	285	4197
285	11	4198
11	206	643
206	11	644
11	168	4409
168	11	4410
11	29	121
29	11	122
11	75	3376
75	11	3377
11	183	3992
183	11	3992
11	176	2693
176	11	2694
11	76	1447
76	11	1448
11	110	4996
110	11	4997
11	211	1681
211	11	1681
11	114	926
114	11	926
11	43	1250
43	11	1251
11	81	2823
81	11	2823
11	80	3658
80	11	3658
11	273	3857
273	11	3857
11	95	4427
95	11	4427
11	241	4769
241	11	4769
12	130	4438
130	12	4439
12	67	4981
67	12	4981
12	227	1599
227	12	1599
12	129	3819
129	12	3819
12	181	1552
181	12	1552
12	25	4441
25	12	4441
12	250	4936
250	12	4937
12	251	3958
251	12	3958
12	291	2682
291	12	2683
12	123	4338
123	12	4338
12	31	735
31	12	735
12	91	3769
91	12	3769
12	245	3538
245	12	3539
12	269	713
269	12	714
12	57	4147
57	12	4147
12	297	556
297	12	557
12	286	3908
286	12	3908
12	146	3540
146	12	3540
13	277	616
277	13	616
13	33	3990
33	13	3990
13	203	4973
203	13	4973
13	287	1470
287	13	1470
13	263	4494
263	13	4495
13	164	4580
164	13	4581
13	144	2482
144	13	2482
13	157	1216
157	13	1217
13	160	4287
160	13	4288
13	247	4016
247	13	4017
13	27	1577
27	13	1577
13	83	1173
83	13	1174
13	25	3047
25	13	3047
13	92	3266
92	13	3267
13	279	549
279	13	549
13	296	778
296	13	779
13	228	4590
228	13	4590
13	242	3868
242	13	3868
13	221	4848
221	13	4848
13	195	3034
195	13	3035
14	117	3113
117	14	3114
14	136	3368
136	14	3368
14	279	4796
279	14	4797
14	111	4308
111	14	4308
14	247	2396
247	14	2396
14	218	1612
218	14	1613
14	172	4545
172	14	4546
14	79	3168
79	14	3169
14	290	3420
290	14	3420
14	56	3287
56	14	3287
14	178	4856
178	14	4856
14	69	4420
69	14	4420
14	300	2026
300	14	2026
14	272	1817
272	14	1818
14	35	3478
35	14	3479
14	177	2536
177	14	2536
14	49	4642
49	14	4643
14	131	4821
131	14	4821
14	154	4169
154	14	4170
14	261	1024
261	14	1025
15	254	1518
254	15	1519
15	137	4374
137	15	4375
15	112	348
112	15	348
15	65	4785
65	15	4785
15	87	287
87	15	287
15	34	3828
34	15	3828
15	79	4804
79	15	4805
15	198	1049
198	15	1049
15	194	3815
194	15	3815
15	51	4539
51	15	4540
15	237	1059
237	15	1060
15	257	1567
257	15	1568
15	166	2444
166	15	2445
15	160	1555
160	15	1556
15	197	3160
197	15	3160
15	72	4745
72	15	4745
15	94	4168
94	15	4168
15	273	3530
273	15	3531
15	85	777
85	15	778
15	190	1528
190	15	1528
16	260	1935
260	16	1935
16	97	3962
97	16	3962
16	94	578
94	16	578
16	239	3702
239	16	3702
16	51	4362
51	16	4363
16	172	2465
172	16	2465
16	191	245
191	16	245
16	21	3832
21	16	3832
16	175	1525
175	16	1525
16	101	2685
101	16	2686
16	250	1809
250	16	1809
16	30	4981
30	16	4981
16	115	3778
115	16	3778
16	236	640
236	16	641
16	50	140
50	16	141
16	220	1910
220	16	1910
16	18	4831
18	16	4831
16	107	4991
107	16	4991
16	214	1636
214	16	1637
17	188	4473
188	17	4473
17	115	3050
115	17	3050
17	31	1287
31	17	1288
17	78	3969
78	17	3969
17	35	2733
35	17	2733
17	64	2882
64	17	2883
17	47	561
47	17	562
17	33	4972
33	17	4973
17	216	4431
216	17	4431
17	146	3243
146	17	3243
17	265	1147
265	17	1148
17	206	2318
206	17	2319
17	39	3138
39	17	3139
17	27	2096
27	17	2096
17	295	895
295	17	896
17	122	4103
122	17	4104
17	267	4738
267	17	4738
17	221	4241
221	17	4241
17	264	3250
264	17	3250
18	269	4242
269	18	4243
18	298	4103
298	18	4104
18	197	3558
197	18	3559
18	32	4551
32	18	4551
18	148	1672
148	18	1673
18	255	1987
255	18	1987
18	145	4862
145	18	4862
18	84	1367
84	18	1368
18	125	4640
125	18	4640
18	261	4541
261	18	4542
18	221	2246
221	18	2247
18	51	2885
51	18	2885
18	83	3164
83	18	3164
18	127	796
127	18	796
18	27	921
27	18	922
18	180	2547
180	18	2548
18	176	1132
176	18	1133
18	276	1447
276	18	1447
18	41	2052
41	18	2053
19	43	2796
43	19	2796
19	100	1075
100	19	1075
19	246	4100
246	19	4100
19	227	3688
227	19	3689
19	86	2181
86	19	2182
19	117	4799
117	19	4799
19	247	3908
247	19	3908
19	223	1684
223	19	1684
19	119	4166
119	19	4167
19	255	595
255	19	596
19	174	2987
174	19	2988
19	202	3039
202	19	3039
19	299	1527
299	19	1528
19	268	1410
268	19	1410
19	150	2363
150	19	2364
19	238	1264
238	19	1264
20	229	4259
229	20	4260
20	194	3871
194	20	3872
20	254	3368
254	20	3368
20	68	4672
68	20	4672
20	36	1945
36	20	1946
20	236	2636
236	20	2636
20	87	3122
87	20	3123
20	108	1857
108	20	1858
20	153	3757
153	20	3758
20	251	4988
251	20	4989
20	69	3033
69	20	3033
20	81	4152
81	20	4152
20	154	1557
154	20	1558
20	27	1088
27	20	1089
20	213	1069
213	20	1069
20	282	2871
282	20	2872
20	200	4300
200	20	4301
20	156	4407
156	20	4408
20	22	4567
22	20	4568
21	195	4910
195	21	4911
21	169	3258
169	21	3259
21	218	3451
218	21	3452
21	129	4491
129	21	4492
21	47	4365
47	21	4365
21	291	1339
291	21	1339
21	234	4014
234	21	4014
21	56	3710
56	21	3710
21	266	4731
266	21	4732
21	120	4079
120	21	4080
21	88	4075
88	21	4075
21	254	4556
254	21	4556
21	187	2004
187	21	2004
21	115	2886
115	21	2887
21	257	4732
257	21	4733
21	189	4990
189	21	4990
21	80	3401
80	21	3402
21	268	235
268	21	235
22	116	3854
116	22	3855
22	134	1562
134	22	1562
22	62	4425
62	22	4425
22	264	138
264	22	139
22	55	1392
55	22	1393
22	100	4478
100	22	4479
22	36	2685
36	22	2686
22	81	2253
81	22	2254
22	174	3637
174	22	3638
22	52	3948
52	22	3949
22	40	4312
40	22	4312
22	113	4040
113	22	4040
22	192	4041
192	22	4042
22	38	1610
38	22	1611
22	256	4617
256	22	4617
22	284	1760
284	22	1760
22	76	2746
76	22	2746
22	51	1694
51	22	1694
22	132	695
132	22	695
23	67	3669
67	23	3670
23	256	2798
256	23	2799
23	95	4557
95	23	4558
23	147	4802
147	23	4803
23	72	1207
72	23	1207
23	25	2995
25	23	2995
23	274	1614
274	23	1614
23	168	4102
168	23	4103
23	294	3834
294	23	3834
23	28	1633
28	23	1633
23	174	4622
174	23	4623
23	56	3262
56	23	3263
23	24	2040
24	23	2041
23	202	2002
202	23	2003
23	138	4632
138	23	4632
23	97	3271
97	23	3272
23	46	1068
46	23	1068
23	296	4274
296	23	4275
23	225	4250
225	23	4250
23	281	1645
281	23	1646
24	186	3616
186	24	3617
24	121	1996
121	24	1996
24	297	4143
297	24	4144
24	217	4532
217	24	4533
24	38	4504
38	24	4505
24	252	4315
252	24	4315
24	83	4749
83	24	4750
24	48	4393
48	24	4393
24	103	1952
103	24	1953
24	87	2441
87	24	2441
24	246	3118
246	24	3119
24	51	4459
51	24	4460
24	229	4780
229	24	4780
24	268	1784
268	24	1784
24	248	4044
248	24	4044
24	117	4725
117	24	4725
24	275	290
275	24	291
24	292	4682
292	24	4682
25	172	3467
172	25	3468
25	294	3372
294	25	3372
25	176	3542
176	25	3543
25	239	4499
239	25	4500
25	220	3209
220	25	3210
25	70	469
70	25	469
25	94	2932
94	25	2933
25	236	3555
236	25	3556
25	65	4031
65	25	4032
25	69	4792
69	25	4793
25	177	3914
177	25	3914
25	32	4979
32	25	4980
25	75	472
75	25	472
25	36	2324
36	25	2324
25	88	4336
88	25	4337
25	26	4210
26	25	4210
25	245	3727
245	25	3728
26	294	3992
294	26	3992
26	139	4647
139	26	4647
26	36	899
36	26	899
26	261	2691
261	26	2691
26	97	4429
97	26	4430
26	75	66
75	26	67
26	237	2039
237	26	2040
26	262	950
262	26	950
26	93	4191
93	26	4192
26	105	1878
105	26	1878
26	80	929
80	26	929
26	95	4314
95	26	4315
26	50	2202
50	26	2203
26	285	4496
285	26	4496
26	208	1305
208	26	1305
26	49	3095
49	26	3095
26	54	1832
54	26	1833
26	146	4230
146	26	4230
26	235	3014
235	26	3014
27	171	2421
171	27	2421
27	187	1514
187	27	1515
27	178	4620
178	27	4620
27	163	1255
163	27	1255
27	282	3903
282	27	3903
27	89	3024
89	27	3024
27	168	1459
168	27	1460
27	30	4489
30	27	4489
27	149	3960
149	27	3960
27	263	4835
263	27	4835
27	186	3284
186	27	3285
27	232	3385
232	27	3386
27	182	4896
182	27	4897
27	271	4477
271	27	4478
27	221	4966
221	27	4966
28	103	3940
103	28	3940
28	176	4888
176	28	4889
28	264	1103
264	28	1104
28	94	1596
94	28	1596
28	69	4586
69	28	4586
28	265	4109
265	28	4110
28	267	4090
267	28	4090
28	150	1904
150	28	1905
28	279	4887
279	28	4888
28	145	4499
145	28	4499
28	92	3440
92	28	3441
28	77	584
77	28	584
28	48	709
48	28	709
28	144	1142
144	28	1143
28	217	4613
217	28	4613
28	73	3630
73	28	3631
28	153	2069
153	28	2069
28	240	2680
240	28	2681
29	79	4959
79	29	4959
29	122	4837
122	29	4837
29	192	4899
192	29	4899
29	293	4208
293	29	4208
29	100	4322
100	29	4323
29	299	4377
299	29	4377
29	105	3657
105	29	3658
29	180	2706
180	29	2706
29	278	4945
278	29	4945
29	233	999
233	29	1000
29	66	4840
66	29	4841
29	42	319
42	29	319
29	158	3742
158	29	3742
29	174	1846
174	29	1846
29	135	3144
135	29	3144
29	139	4264
139	29	4264
29	228	4647
228	29	4648
29	133	1984
133	29	1984
30	292	3671
292	30	3671
30	127	3982
127	30	3982
30	256	1025
256	30	1025
30	229	3090
229	30	3090
30	147	4464
147	30	4464
30	274	4764
274	30	4764
30	94	4799
94	30	4799
30	31	1725
31	30	1726
30	155	3351
155	30	3351
30	56	4862
56	30	4863
30	134	2638
134	30	2638
30	50	4221
50	30	4221
30	218	4879
218	30	4879
30	160	4499
160	30	4500
30	151	3691
151	30	3692
30	178	746
178	30	746
30	212	4749
212	30	4750
30	98	4476
98	30	4476
31	232	697
232	31	697
31	76	4944
76	31	4944
31	172	905
172	31	906
31	215	4515
215	31	4516
31	285	4526
285	31	4526
31	54	3086
54	31	3087
31	83	1552
83	31	1553
31	167	4954
167	31	4955
31	150	1627
150	31	1627
31	261	2871
261	31	2872
31	294	3821
294	31	3822
31	48	2741
48	31	2741
31	251	4916
251	31	4916
32	158	4572
158	32	4573
32	87	4449
87	32	4450
32	201	4191
201	32	4191
32	203	290
203	32	291
32	228	3101
228	32	3102
32	35	1247
35	32	1248
32	163	4685
163	32	4686
32	85	2906
85	32	2907
32	202	1798
202	32	1799
32	105	4420
105	32	4420
32	293	4967
293	32	4968
32	140	4370
140	32	4371
32	73	4136
73	32	4136
32	179	3732
179	32	3732
33	226	1164
226	33	1165
33	222	1142
222	33	1143
33	150	1922
150	33	1923
33	39	4751
39	33	4751
33	67	4936
67	33	4936
33	116	4369
116	33	4369
33	121	2494
121	33	2494
33	123	4905
123	33	4905
33	213	74
213	33	74
33	137	1996
137	33	1997
33	85	2603
85	33	2603
33	57	4033
57	33	4034
33	212	1964
212	33	1965
33	265	3473
265	33	3473
33	75	3841
75	33	3841
34	142	4903
142	34	4903
34	288	1571
288	34	1571
34	285	1463
285	34	1463
34	136	2823
136	34	2824
34	108	2143
108	34	2144
34	277	354
277	34	355
34	156	4395
156	34	4396
34	130	2814
130	34	2815
34	211	1541
211	34	1541
34	158	4585
158	34	4585
34	46	4681
46	34	4681
34	177	625
177	34	626
34	183	567
183	34	567
34	133	3267
133	34	3268
34	159	3977
159	34	3977
34	222	1210
222	34	1210
35	292	4646
292	35	4646
35	219	4785
219	35	4786
35	174	1927
174	35	1927
35	63	3283
63	35	3284
35	198	3110
198	35	3110
35	119	3392
119	35	3393
35	158	416
158	35	416
35	61	1238
61	35	1239
35	140	738
140	35	739
35	182	4019
182	35	4020
35	60	3545
60	35	3545
36	237	3709
237	36	3710
36	204	4442
204	36	4442
36	189	3854
189	36	3854
36	229	2288
229	36	2289
36	177	4321
177	36	4321
36	267	3597
267	36	3598
36	199	1403
199	36	1403
36	266	2368
266	36	2369
36	113	3610
113	36	3610
36	168	806
168	36	806
36	82	2786
82	36	2786
36	155	1524
155	36	1524
36	153	1751
153	36	1751
36	236	2141
236	36	2141
36	108	4656
108	36	4656
37	70	4961
70	37	4962
37	143	3266
143	37	3267
37	85	170
85	37	171
37	75	2604
75	37	2605
37	146	2825
146	37	2826
37	142	4503
142	37	4504
37	159	1209
159	37	1210
37	284	4028
284	37	4029
37	134	4889
134	37	4890
37	202	386
202	37	386
37	234	1670
234	37	1670
37	227	3369
227	37	3369
37	233	3098
233	37	3098
37	278	4222
278	37	4222
37	168	2826
168	37	2827
37	193	2984
193	37	2984
38	196	4497
196	38	4498
38	198	411
198	38	411
38	221	2882
221	38	2882
38	209	4462
209	38	4463
38	281	3856
281	38	3856
38	251	4591
251	38	4591
38	63	4805
63	38	4805
38	116	3854
116	38	3854
38	282	477
282	38	477
38	280	4475
280	38	4475
38	188	4049
188	38	4050
38	223	1391
223	38	1392
38	110	1511
110	38	1512
39	229	2514
229	39	2514
39	204	233
204	39	234
39	141	3944
141	39	3945
39	84	1528
84	39	1529
39	256	2761
256	39	2762
39	241	4975
241	39	4976
39	118	4384
118	39	4385
39	161	2938
161	39	2938
39	193	1694
193	39	1694
39	202	1373
202	39	1373
39	275	4713
275	39	4714
39	296	4117
296	39	4118
40	300	4710
300	40	4711
40	178	3922
178	40	3923
40	71	2328
71	40	2329
40	206	4309
206	40	4310
40	96	1039
96	40	1040
40	167	3904
167	40	3904
40	256	4386
256	40	4387
40	141	4717
141	40	4717
40	210	2924
210	40	2925
40	205	3569
205	40	3570
40	201	2626
201	40	2627
40	67	336
67	40	337
40	189	4954
189	40	4955
41	125	3170
125	41	3171
41	160	4611
160	41	4612
41	163	4111
163	41	4112
41	247	4805
247	41	4805
41	168	3729
168	41	3729
41	147	91
147	41	91
41	102	4534
102	41	4534
41	99	3736
99	41	3737
41	115	3247
115	41	3247
41	152	3581
152	41	3582
41	106	4005
106	41	4005
41	96	906
96	41	907
41	263	4459
263	41	4460
41	61	4846
61	41	4846
41	261	4222
261	41	4222
41	45	1728
45	41	1728
41	250	447
250	41	448
42	262	4824
262	42	4824
42	193	4295
193	42	4295
42	48	1187
48	42	1187
42	284	3379
284	42	3380
42	272	3884
272	42	3884
42	249	3294
249	42	3294
42	211	4345
211	42	4345
42	245	4436
245	42	4437
42	100	159
100	42	159
42	195	4212
195	42	4212
42	216	4275
216	42	4276
42	106	2797
106	42	2797
42	187	1088
187	42	1088
42	257	4750
257	42	4750
42	281	2085
281	42	2085
42	148	116
148	42	117
43	271	3005
271	43	3006
43	203	2779
203	43	2779
43	142	3910
142	43	3911
43	126	3174
126	43	3174
43	87	4721
87	43	4721
43	155	970
155	43	971
43	300	1661
300	43	1661
43	207	2590
207	43	2591
43	93	4922
93	43	4922
43	72	4600
72	43	4601
43	184	4408
184	43	4409
43	248	710
248	43	710
43	148	4429
148	43	4430
43	297	2697
297	43	2697
43	185	1802
185	43	1802
43	63	460
63	43	461
43	98	2609
98	43	2610
44	228	4271
228	44	4272
44	53	2620
53	44	2620
44	226	2936
226	44	2937
44	133	4547
133	44	4547
44	230	844
230	44	845
44	222	1685
222	44	1685
44	96	825
96	44	825
44	145	4917
145	44	4918
44	196	4287
196	44	4288
44	65	3899
65	44	3900
44	161	4854
161	44	4854
44	149	4497
149	44	4498
44	291	1522
291	44	1523
44	91	2654
91	44	2654
44	48	3694
48	44	3695
45	177	4032
177	45	4033
45	236	4905
236	45	4906
45	92	2587
92	45	2588
45	77	3302
77	45	3303
45	189	452
189	45	452
45	229	3968
229	45	3969
45	299	4362
299	45	4363
45	153	4539
153	45	4539
45	144	1768
144	45	1769
45	241	4457
241	45	4458
45	272	3881
272	45	3882
45	59	2843
59	45	2844
45	155	355
155	45	355
45	216	4407
216	45	4407
45	206	1528
206	45	1529
46	151	1330
151	46	1331
46	203	1104
203	46	1104
46	281	3698
281	46	3698
46	150	4085
150	46	4086
46	236	3913
236	46	3914
46	130	2937
130	46	2937
46	208	3471
208	46	3471
46	212	4587
212	46	4587
46	77	3988
77	46	3988
46	267	689
267	46	689
46	239	4600
239	46	4600
46	93	505
93	46	505
46	189	4669
189	46	4670
46	297	2432
297	46	2433
47	299	4200
299	47	4201
47	52	4476
52	47	4476
47	89	2785
89	47	2785
47	206	4210
206	47	4211
47	229	1272
229	47	1273
47	76	4235
76	47	4235
47	116	3177
116	47	3177
47	279	2231
279	47	2232
47	178	4531
178	47	4532
47	155	4572
155	47	4573
47	143	1782
143	47	1782
47	158	726
158	47	727
47	118	4530
118	47	4531
47	97	3129
97	47	3130
47	70	4237
70	47	4238
48	54	3306
54	48	3306
48	143	4829
143	48	4829
48	246	2466
246	48	2466
48	120	2112
120	48	2112
48	66	3107
66	48	3107
48	62	2029
62	48	2029
48	86	1153
86	48	1153
48	214	1282
214	48	1282
48	87	1599
87	48	1600
48	118	4878
118	48	4879
48	178	557
178	48	558
48	207	2296
207	48	2297
49	197	4185
197	49	4186
49	200	1325
200	49	1326
49	239	1377
239	49	1377
49	255	2903
255	49	2903
49	103	4656
103	49	4656
49	134	3335
134	49	3336
49	154	4971
154	49	4971
49	170	3191
170	49	3191
49	82	4795
82	49	4796
49	212	1971
212	49	1971
49	83	4678
83	49	4679
49	110	4150
110	49	4150
49	101	3634
101	49	3634
49	223	4190
223	49	4190
50	70	4512
70	50	4513
50	111	4784
111	50	4785
50	61	4064
61	50	4065
50	114	2492
114	50	2493
50	169	3778
169	50	3778
50	213	4960
213	50	4961
50	261	4099
261	50	4099
50	103	580
103	50	580
50	259	4028
259	50	4028
50	246	155
246	50	155
50	168	1871
168	50	1871
50	281	4800
281	50	4801
51	217	1173
217	51	1173
51	271	3941
271	51	3941
51	146	2844
146	51	2845
51	184	4156
184	51	4157
51	275	2892
275	51	2892
51	198	2266
198	51	2267
51	105	2233
105	51	2233
51	139	2938
139	51	2938
51	222	946
222	51	947
51	181	3936
181	51	3936
52	137	3446
137	52	3446
52	148	2506
148	52	2507
52	189	4915
189	52	4915
52	192	3707
192	52	3708
52	261	3999
261	52	3999
52	270	1365
270	52	1366
52	93	3791
93	52	3792
52	139	1902
139	52	1902
52	233	246
233	52	246
52	135	1916
135	52	1917
52	96	2758
96	52	2758
52	167	4356
167	52	4356
52	58	2801
58	52	2801
52	245	472
245	52	472
52	269	4514
269	52	4514
52	131	3925
131	52	3925
52	54	1748
54	52	1749
53	226	4868
226	53	4869
53	265	2447
265	53	2447
53	250	4709
250	53	4710
53	219	3565
219	53	3566
53	252	4036
252	53	4036
53	274	4192
274	53	4192
53	225	4375
225	53	4376
53	260	432
260	53	432
53	135	4076
135	53	4077
53	61	3906
61	53	3907
53	65	3917
65	53	3918
53	110	3764
110	53	3764
53	77	1666
77	53	1667
53	228	3565
228	53	3565
54	123	4023
123	54	4024
54	117	3363
117	54	3364
54	282	1629
282	54	1629
54	220	1109
220	54	1109
54	257	4730
257	54	4731
54	68	2751
68	54	2751
54	269	4527
269	54	4528
54	190	4079
190	54	4079
54	231	3962
231	54	3963
54	219	3624
219	54	3624
54	100	2997
100	54	2998
54	163	3839
163	54	3840
54	116	4097
116	54	4098
55	219	3597
219	55	3597
55	249	4106
249	55	4107
55	230	3538
230	55	3539
55	297	3504
297	55	3504
55	75	4111
75	55	4112
55	179	4330
179	55	4330
55	94	4730
94	55	4731
55	159	380
159	55	381
55	213	2076
213	55	2077
55	287	3843
287	55	3844
55	203	4654
203	55	4655
55	221	3477
221	55	3477
55	299	4538
299	55	4538
55	177	2499
177	55	2500
55	227	1442
227	55	1443
55	196	1196
196	55	1197
55	156	1931
156	55	1932
56	190	3128
190	56	3129
56	188	2936
188	56	2937
56	121	1808
121	56	1809
56	234	3895
234	56	3896
56	155	4879
155	56	4879
56	143	3065
143	56	3065
56	125	760
125	56	760
56	203	3741
203	56	3742
56	192	1502
192	56	1503
56	211	4072
211	56	4072
56	128	450
128	56	450
57	243	4227
243	57	4227
57	284	4302
284	57	4302
57	257	4605
257	57	4606
57	106	513
106	57	513
57	187	4909
187	57	4909
57	98	1095
98	57	1096
57	162	3680
162	57	3680
57	88	3706
88	57	3706
57	279	3991
279	57	3992
57	221	3376
221	57	3377
57	236	4640
236	57	4640
57	291	2900
291	57	2901
57	274	403
274	57	404
57	208	2552
208	57	2553
57	141	3639
141	57	3640
57	262	1614
262	57	1614
58	154	3239
154	58	3239
58	78	1974
78	58	1975
58	250	131
250	58	131
58	223	4590
223	58	4590
58	105	1165
105	58	1166
58	96	660
96	58	660
58	222	4192
222	58	4192
58	243	3896
243	58	3896
58	143	1660
143	58	1661
58	275	1970
275	58	1971
58	216	891
216	58	892
58	68	452
68	58	452
58	235	2645
235	58	2646
58	259	4792
259	58	4793
58	140	3895
140	58	3895
59	172	4945
172	59	4946
59	176	1213
176	59	1213
59	131	624
131	59	625
59	76	4664
76	59	4664
59	109	2332
109	59	2333
59	62	382
62	59	382
59	274	4675
274	59	4675
59	99	3174
99	59	3175
59	203	1303
203	59	1304
59	117	4808
117	59	4809
59	155	2816
155	59	2817
59	238	4474
238	59	4475
59	232	4150
232	59	4151
59	228	50
228	59	51
59	179	3829
179	59	3830
59	253	4328
253	59	4328
59	90	3226
90	59	3227
60	129	867
129	60	867
60	132	3798
132	60	3798
60	161	4755
161	60	4756
60	209	2835
209	60	2835
60	87	3808
87	60	3808
60	248	1302
248	60	1303
60	145	4158
145	60	4159
60	284	4021
284	60	4022
60	160	2702
160	60	2703
60	142	4960
142	60	4961
60	226	4865
226	60	4866
60	280	4355
280	60	4356
60	76	2557
76	60	2558
60	298	4002
298	60	4002
60	166	4316
166	60	4316
60	194	4152
194	60	4153
61	118	1401
118	61	1401
61	148	3575
148	61	3575
61	190	3499
190	61	3499
61	92	3816
92	61	3817
61	100	4273
100	61	4273
61	69	4997
69	61	4998
61	213	4814
213	61	4814
61	78	2330
78	61	2330
61	113	4775
113	61	4775
61	104	3584
104	61	3584
61	163	4470
163	61	4470
62	123	4773
123	62	4773
62	158	788
158	62	788
62	131	4990
131	62	4991
62	188	4319
188	62	4319
62	270	3768
270	62	3768
62	86	1724
86	62	1724
62	223	4344
223	62	4345
62	235	3816
235	62	3817
62	166	3366
166	62	3367
62	95	4109
95	62	4110
62	182	4766
182	62	4766
63	170	4981
170	63	4981
63	261	3998
261	63	3999
63	243	3943
243	63	3944
63	74	4565
74	63	4566
63	119	3894
119	63	3895
63	233	1030
233	63	1030
63	143	4254
143	63	4254
63	197	2139
197	63	2139
63	93	1831
93	63	1832
63	163	2465
163	63	2466
63	130	3765
130	63	3765
63	173	460
173	63	461
63	87	994
87	63	994
63	287	4381
287	63	4382
63	65	4008
65	63	4008
64	219	4976
219	64	4976
64	87	2029
87	64	2030
64	253	2163
253	64	2164
64	83	916
83	64	917
64	76	151
76	64	152
64	167	3425
167	64	3425
64	228	2758
228	64	2758
64	145	114
145	64	114
64	259	4831
259	64	4831
64	126	3797
126	64	3797
64	150	4878
150	64	4878
64	242	3258
242	64	3258
64	189	4999
189	64	4999
64	66	3257
66	64	3258
64	73	3587
73	64	3588
64	250	4192
250	64	4192
65	164	3418
164	65	3419
65	205	4882
205	65	4883
65	219	357
219	65	357
65	169	4283
169	65	4283
65	285	2212
285	65	2213
65	273	3755
273	65	3755
65	213	2483
213	65	2484
65	278	3967
278	65	3968
65	163	3871
163	65	3871
65	78	1489
78	65	1489
65	73	2303
73	65	2303
65	166	4911
166	65	4911
66	207	1487
207	66	1488
66	137	1457
137	66	1458
66	108	2694
108	66	2695
66	159	4056
159	66	4057
66	77	4997
77	66	4997
66	258	4118
258	66	4119
66	254	3508
254	66	3508
66	212	4077
212	66	4077
66	263	3376
263	66	3376
66	241	4511
241	66	4512
66	107	4067
107	66	4068
66	236	4283
236	66	4284
66	121	4617
121	66	4617
67	203	3877
203	67	3878
67	214	4671
214	67	4672
67	278	4870
278	67	4870
67	206	4660
206	67	4660
67	124	379
124	67	380
67	143	3954
143	67	3954
67	224	4064
224	67	4064
67	229	3695
229	67	3696
67	294	4779
294	67	4779
67	237	2687
237	67	2687
67	218	3794
218	67	3794
67	92	3027
92	67	3028
67	101	754
101	67	754
68	179	3831
179	68	3832
68	227	2551
227	68	2552
68	151	1768
151	68	1769
68	159	1371
159	68	1372
68	80	4517
80	68	4517
68	141	3389
141	68	3389
68	243	2396
243	68	2397
68	84	3350
84	68	3350
68	79	1970
79	68	1970
68	204	4968
204	68	4968
68	137	4375
137	68	4375
68	107	795
107	68	796
68	218	2227
218	68	2228
69	137	3712
137	69	3712
69	153	2500
153	69	2500
69	186	4825
186	69	4826
69	251	3278
251	69	3279
69	216	3944
216	69	3944
69	211	4605
211	69	4605
69	265	4821
265	69	4822
69	134	4175
134	69	4176
69	240	1333
240	69	1334
69	220	2075
220	69	2075
69	280	1608
280	69	1608
69	123	3813
123	69	3813
69	297	2307
297	69	2308
70	265	1890
265	70	1890
70	137	4787
137	70	4787
70	82	2329
82	70	2329
70	253	1276
253	70	1277
70	96	3248
96	70	3249
70	93	3822
93	70	3823
70	200	4543
200	70	4544
70	251	789
251	70	790
70	179	4220
179	70	4220
70	146	968
146	70	968
70	160	2448
160	70	2448
70	126	3873
126	70	3873
70	162	3008
162	70	3008
71	214	4303
214	71	4303
71	200	1517
200	71	1517
71	78	3226
78	71	3227
71	120	1216
120	71	1216
71	162	1738
162	71	1739
71	129	4235
129	71	4235
71	130	2049
130	71	2050
71	86	4337
86	71	4338
71	282	4928
282	71	4928
71	246	4190
246	71	4191
71	96	3899
96	71	3899
71	263	3894
263	71	3894
71	166	4086
166	71	4087
71	121	3084
121	71	3085
71	85	4173
85	71	4173
72	196	3722
196	72	3722
72	98	2365
98	72	2366
72	178	2561
178	72	2561
72	149	4267
149	72	4268
72	260	4590
260	72	4591
72	277	3871
277	72	3871
72	298	2063
298	72	2063
72	131	3926
131	72	3926
72	269	4998
269	72	4999
72	239	447
239	72	448
72	141	4531
141	72	4532
72	227	3840
227	72	3841
72	77	4150
77	72	4151
73	202	2418
202	73	2418
73	86	1615
86	73	1616
73	108	3764
108	73	3764
73	81	3673
81	73	3673
73	280	3639
280	73	3640
73	92	4989
92	73	4990
73	149	4168
149	73	4168
73	174	4139
174	73	4139
73	168	2337
168	73	2338
73	175	3283
175	73	3284
73	111	4104
111	73	4104
74	133	4637
133	74	4638
74	221	2155
221	74	2156
74	86	3911
86	74	3912
74	82	4844
82	74	4844
74	235	3923
235	74	3923
74	296	4463
296	74	4464
74	277	2632
277	74	2633
74	114	4928
114	74	4929
74	189	4288
189	74	4288
74	216	4404
216	74	4405
74	146	466
146	74	467
74	136	4115
136	74	4116
75	248	4671
248	75	4671
75	103	3099
103	75	3100
75	77	151
77	75	151
75	227	1973
227	75	1974
75	129	436
129	75	437
75	225	4801
225	75	4801
75	126	2357
126	75	2357
75	93	2442
93	75	2442
76	95	948
95	76	949
76	97	3865
97	76	3866
76	280	73
280	76	73
76	183	1305
183	76	1305
76	99	4127
99	76	4127
76	248	407
248	76	408
76	227	3799
227	76	3800
76	231	2216
231	76	2217
76	159	3738
159	76	3738
76	200	312
200	76	313
77	180	1061
180	77	1061
77	111	292
111	77	293
77	112	1417
112	77	1417
77	141	3798
141	77	3799
77	84	1488
84	77	1488
77	131	3856
131	77	3856
77	138	1162
138	77	1162
77	300	4567
300	77	4567
77	93	3139
93	77	3140
77	130	4667
130	77	4668
78	104	4173
104	78	4174
78	267	4213
267	78	4214
78	296	4374
296	78	4375
78	190	2192
190	78	2192
78	115	3713
115	78	3714
78	145	4934
145	78	4934
78	151	4620
151	78	4620
78	216	3126
216	78	3127
78	162	1522
162	78	1522
78	236	3803
236	78	3804
78	158	1391
158	78	1392
78	101	3769
101	78	3770
79	156	4777
156	79	4778
79	149	2364
149	79	2365
79	106	2168
106	79	2168
79	83	3715
83	79	3715
79	242	1821
242	79	1821
79	218	106
218	79	106
79	119	4076
119	79	4077
79	173	1772
173	79	1772
79	298	1114
298	79	1114
79	200	4977
200	79	4977
80	187	4735
187	80	4735
80	91	2298
91	80	2299
80	257	1283
257	80	1283
80	243	1877
243	80	1877
80	88	2955
88	80	2956
80	212	3520
212	80	3520
80	85	3374
85	80	3374
80	180	4175
180	80	4176
80	220	3593
220	80	3593
80	254	3120
254	80	3121
80	135	2531
135	80	2531
80	209	3013
209	80	3013
80	266	3601
266	80	3601
81	88	3660
88	81	3660
81	251	2069
251	81	2070
81	219	4404
219	81	4404
81	229	3517
229	81	3518
81	280	4813
280	81	4814
81	105	1623
105	81	1624
81	227	2512
227	81	2512
81	273	3054
273	81	3054
81	120	1743
120	81	1743
81	87	4725
87	81	4725
81	121	2542
121	81	2543
81	267	4121
267	81	4122
81	196	4579
196	81	4579
82	172	4171
172	82	4171
82	115	3479
115	82	3480
82	174	3977
174	82	3977
82	183	3758
183	82	3758
82	180	1058
180	82	1059
82	288	2718
288	82	2718
82	99	4675
99	82	4675
82	147	833
147	82	834
82	191	838
191	82	838
82	97	4690
97	82	4690
82	188	4720
188	82	4720
82	85	3896
85	82	3896
82	263	2546
263	82	2547
82	278	2028
278	82	2029
82	257	2506
257	82	2506
83	294	2771
294	83	2771
83	96	1310
96	83	1311
83	146	3325
146	83	3326
83	97	852
97	83	852
83	164	4724
164	83	4725
83	251	4774
251	83	4774
83	142	2883
142	83	2883
83	177	4422
177	83	4423
83	125	2423
125	83	2424
84	241	2039
241	84	2040
84	85	4645
85	84	4646
84	252	1204
252	84	1205
84	167	1573
167	84	1573
84	265	613
265	84	614
84	177	360
177	84	361
84	117	4035
117	84	4036
84	121	4527
121	84	4527
84	236	3458
236	84	3459
84	116	2532
116	84	2533
84	227	3284
227	84	3284
85	205	2704
205	85	2705
85	146	3007
146	85	3007
85	285	4501
285	85	4502
85	142	1300
142	85	1300
85	160	2752
160	85	2752
85	264	2578
264	85	2578
85	208	4298
208	85	4298
85	204	4328
204	85	4329
85	222	1077
222	85	1077
86	168	4946
168	86	4947
86	172	3814
172	86	3815
86	250	4929
250	86	4929
86	115	1869
115	86	1870
86	261	3434
261	86	3434
86	135	1972
135	86	1973
86	114	4137
114	86	4137
86	247	3065
247	86	3066
86	178	1771
178	86	1771
86	184	4434
184	86	4435
87	244	4370
244	87	4370
87	103	3963
103	87	3964
87	230	2418
230	87	2419
87	179	4858
179	87	4859
87	161	4135
161	87	4136
87	152	2044
152	87	2045
87	265	4169
265	87	4170
87	237	107
237	87	107
87	166	2517
166	87	2518
88	158	4855
158	88	4856
88	170	4166
170	88	4166
88	264	2666
264	88	2667
88	183	1906
183	88	1907
88	129	336
129	88	336
88	110	4357
110	88	4358
88	256	3269
256	88	3270
88	281	2428
281	88	2429
88	134	343
134	88	343
88	201	3977
201	88	3977
88	195	4647
195	88	4648
88	239	4920
239	88	4921
88	294	1823
294	88	1823
88	150	3911
150	88	3912
89	155	2128
155	89	2129
89	114	4474
114	89	4474
89	257	4526
257	89	4527
89	277	1125
277	89	1126
89	164	53
164	89	54
89	267	3680
267	89	3680
89	91	1399
91	89	1399
89	132	3656
132	89	3657
89	98	4397
98	89	4398
89	116	1783
116	89	1784
89	281	4323
281	89	4324
89	108	3874
108	89	3874
89	173	4967
173	89	4967
89	162	2839
162	89	2839
89	220	4981
220	89	4982
89	288	4333
288	89	4334
89	269	4329
269	89	4330
90	127	4352
127	90	4353
90	95	3877
95	90	3878
90	135	4857
135	90	4857
90	173	3778
173	90	3779
90	296	4304
296	90	4304
90	99	2050
99	90	2051
90	147	527
147	90	528
90	106	1442
106	90	1443
90	274	3019
274	90	3019
90	107	3470
107	90	3470
90	141	428
141	90	429
90	116	2586
116	90	2587
90	260	704
260	90	705
90	188	4738
188	90	4739
90	158	3613
158	90	3614
90	200	1784
200	90	1784
91	213	3650
213	91	3650
91	180	441
180	91	442
91	262	4102
262	91	4102
91	104	1907
104	91	1908
91	136	3560
136	91	3560
91	166	2359
166	91	2360
91	198	4664
198	91	4664
91	268	3572
268	91	3572
91	244	1476
244	91	1476
91	119	2648
119	91	2649
92	98	3452
98	92	3453
92	169	3575
169	92	3576
92	186	1568
186	92	1569
92	247	1199
247	92	1199
92	241	4574
241	92	4575
92	217	1666
217	92	1666
92	130	3557
130	92	3558
92	138	2620
138	92	2621
92	100	3005
100	92	3006
92	253	4682
253	92	4682
92	137	4167
137	92	4168
92	254	2519
254	92	2520
93	240	213
240	93	214
93	103	4144
103	93	4144
93	277	4286
277	93	4287
93	255	1121
255	93	1122
93	298	2762
298	93	2763
93	243	2686
243	93	2687
93	237	349
237	93	349
93	241	4986
241	93	4987
93	143	3704
143	93	3704
94	214	4978
214	94	4979
94	113	2060
113	94	2061
94	213	3787
213	94	3787
94	158	2139
158	94	2140
94	142	4377
142	94	4378
94	266	82
266	94	82
94	155	3859
155	94	3859
94	144	1066
144	94	1066
94	230	4877
230	94	4878
94	157	593
157	94	593
94	149	1831
149	94	1832
95	265	4495
265	95	4496
95	127	4178
127	95	4178
95	185	3290
185	95	3290
95	253	502
253	95	502
95	157	3920
157	95	3921
95	137	1017
137	95	1017
95	96	1284
96	95	1284
95	296	4493
296	95	4494
95	172	3990
172	95	3991
96	108	4443
108	96	4444
96	146	3365
146	96	3366
96	206	4490
206	96	4490
96	104	1172
104	96	1173
96	113	3829
113	96	3829
96	135	4086
135	96	4087
96	168	4144
168	96	4144
96	190	4700
190	96	4700
97	186	1486
186	97	1487
97	149	3332
149	97	3333
97	165	428
165	97	428
97	178	1312
178	97	1313
97	183	4516
183	97	4517
97	213	4128
213	97	4128
97	281	1141
281	97	1142
97	164	2803
164	97	2803
98	99	766
99	98	766
98	132	4541
132	98	4541
98	103	3607
103	98	3607
98	123	1334
123	98	1335
98	121	1441
121	98	1441
98	252	204
252	98	204
98	227	3732
227	98	3733
98	189	1169
189	98	1170
98	245	4543
245	98	4544
98	152	4826
152	98	4827
98	104	4039
104	98	4039
99	161	2474
161	99	2474
99	216	3465
216	99	3466
99	207	3776
207	99	3777
99	236	1156
236	99	1157
99	183	4564
183	99	4565
99	174	4546
174	99	4547
99	246	2486
246	99	2487
99	141	1361
141	99	1362
99	107	1020
107	99	1020
99	165	2040
165	99	2041
99	214	3564
214	99	3564
100	112	3547
112	100	3547
100	133	4369
133	100	4370
100	147	3451
147	100	3451
100	176	3312
176	100	3312
100	179	4028
179	100	4028
100	195	3309
195	100	3310
100	267	4863
267	100	4863
101	235	4220
235	101	4221
101	115	4317
115	101	4317
101	162	4805
162	101	4806
101	161	2019
161	101	2019
101	243	2078
243	101	2079
101	124	3530
124	101	3530
101	296	4210
296	101	4210
101	117	4261
117	101	4262
101	208	4163
208	101	4164
101	183	4878
183	101	4878
101	163	3256
163	101	3256
101	159	4288
159	101	4289
101	224	3019
224	101	3019
101	207	1385
207	101	1385
101	280	1516
280	101	1516
102	150	3787
150	102	3788
102	266	4328
266	102	4328
102	130	4677
130	102	4677
102	127	1050
127	102	1050
102	125	2608
125	102	2608
102	121	1454
121	102	1455
102	204	3878
204	102	3878
102	199	1691
199	102	1692
102	158	2649
158	102	2650
102	263	4881
263	102	4881
102	120	3291
120	102	3292
102	138	1277
138	102	1278
102	208	4314
208	102	4315
102	197	160
197	102	161
103	148	1726
148	103	1726
103	222	2836
222	103	2836
103	217	4462
217	103	4462
103	172	3082
172	103	3082
103	216	4832
216	103	4832
103	257	2772
257	103	2773
103	106	2478
106	103	2479
104	190	4976
190	104	4976
104	119	4235
119	104	4235
104	196	3791
196	104	3791
104	193	4483
193	104	4484
104	252	4108
252	104	4109
104	173	3681
173	104	3681
104	188	2291
188	104	2291
104	266	1246
266	104	1247
104	164	1028
164	104	1028
104	174	2763
174	104	2763
104	204	1174
204	104	1174
104	117	4758
117	104	4758
104	132	4694
132	104	4694
105	142	3540
142	105	3540
105	160	1984
160	105	1984
105	123	4822
123	105	4823
105	266	4999
266	105	4999
105	183	2611
183	105	2612
105	109	1203
109	105	1203
105	129	2316
129	105	2317
105	176	3606
176	105	3607
106	262	4697
262	106	4697
106	149	4160
149	106	4161
106	237	3891
237	106	3892
106	250	4350
250	106	4350
106	151	4533
151	106	4533
106	254	1972
254	106	1973
106	214	3606
214	106	3607
106	116	4742
116	106	4742
106	176	3832
176	106	3832
106	170	4774
170	106	4774
106	119	4093
119	106	4093
106	144	1795
144	106	1796
107	160	3592
160	107	3592
107	198	3468
198	107	3468
107	186	170
186	107	171
107	206	3711
206	107	3711
107	157	2083
157	107	2083
107	127	3234
127	107	3234
107	238	3941
238	107	3942
107	156	4979
156	107	4980
107	237	3412
237	107	3413
107	228	4892
228	107	4893
107	175	4699
175	107	4699
107	298	4029
298	107	4029
108	178	2918
178	108	2919
108	142	4165
142	108	4165
108	147	3915
147	108	3915
108	136	2345
136	108	2346
108	219	3821
219	108	3822
108	158	3732
158	108	3732
108	109	4807
109	108	4807
108	270	3054
270	108	3055
108	141	1542
141	108	1542
108	245	4558
245	108	4558
108	185	4288
185	108	4288
109	249	4056
249	109	4056
109	173	4464
173	109	4464
109	224	1023
224	109	1023
109	179	4770
179	109	4770
109	120	4281
120	109	4281
109	260	2322
260	109	2323
109	204	4543
204	109	4543
109	267	1335
267	109	1336
109	167	3558
167	109	3558
109	247	4785
247	109	4786
109	114	1574
114	109	1575
109	208	2331
208	109	2331
109	193	4087
193	109	4087
110	238	4857
238	110	4858
110	159	2846
159	110	2846
110	133	1694
133	110	1694
110	114	3334
114	110	3335
110	244	1189
244	110	1189
110	116	1978
116	110	1979
110	221	4668
221	110	4669
110	298	4052
298	110	4052
110	223	2063
223	110	2063
110	149	2291
149	110	2291
110	241	4446
241	110	4447
110	167	2489
167	110	2490
110	143	3251
143	110	3251
111	195	4694
195	111	4695
111	193	4232
193	111	4233
111	133	3657
133	111	3658
111	127	3801
127	111	3801
111	117	4507
117	111	4508
111	228	1718
228	111	1719
111	170	4286
170	111	4286
111	219	2055
219	111	2055
111	266	245
266	111	245
111	243	4609
243	111	4610
111	131	1015
131	111	1016
111	156	2569
156	111	2569
112	221	4083
221	112	4083
112	156	4769
156	112	4770
112	162	1029
162	112	1029
112	138	4650
138	112	4650
112	203	3052
203	112	3052
112	161	2005
161	112	2005
112	217	4737
217	112	4738
112	182	3129
182	112	3130
112	177	1357
177	112	1357
112	288	4611
288	112	4612
112	206	3883
206	112	3884
112	253	2974
253	112	2975
112	291	3623
291	112	3624
112	133	2571
133	112	2571
112	246	2190
246	112	2191
113	281	261
281	113	262
113	126	657
126	113	657
113	191	4345
191	113	4346
113	270	742
270	113	743
113	247	2915
247	113	2916
113	257	2954
257	113	2955
113	127	4402
127	113	4403
113	227	3904
227	113	3904
113	120	3520
120	113	3520
113	215	3134
215	113	3134
113	249	2437
249	113	2438
114	264	3835
264	114	3836
114	172	4989
172	114	4990
114	206	2947
206	114	2948
114	124	1587
124	114	1588
114	240	4736
240	114	4737
114	227	3648
227	114	3648
114	285	324
285	114	325
114	225	4276
225	114	4277
114	244	1027
244	114	1028
114	220	4791
220	114	4792
115	268	1795
268	115	1796
115	209	4206
209	115	4206
115	163	3693
163	115	3694
115	197	3990
197	115	3990
115	199	2826
199	115	2826
115	206	1616
206	115	1617
115	181	3106
181	115	3106
115	265	2572
265	115	2572
115	157	1380
157	115	1381
115	165	4418
165	115	4419
115	147	2628
147	115	2629
116	253	1464
253	116	1465
116	217	4379
217	116	4380
116	146	2916
146	116	2916
116	162	3935
162	116	3935
116	167	1923
167	116	1923
116	173	4944
173	116	4944
117	195	58
195	117	59
117	233	4352
233	117	4353
117	174	4815
174	117	4816
117	159	3301
159	117	3302
117	156	4277
156	117	4277
117	182	2874
182	117	2875
117	132	2974
132	117	2975
118	214	443
214	118	443
118	138	4460
138	118	4461
118	137	4316
137	118	4316
118	151	3500
151	118	3501
118	195	3295
195	118	3296
118	172	3730
172	118	3730
118	201	758
201	118	758
118	241	4439
241	118	4439
118	122	177
122	118	178
118	157	3830
157	118	3831
118	226	1708
226	118	1708
118	144	2158
144	118	2158
118	266	4475
266	118	4475
118	258	4512
258	118	4513
118	248	3291
248	118	3291
119	187	4683
187	119	4684
119	159	691
159	119	691
119	185	3577
185	119	3578
119	254	2258
254	119	2258
119	172	4783
172	119	4784
119	139	4575
139	119	4576
119	240	1031
240	119	1032
119	267	4345
267	119	4345
119	207	1297
207	119	1298
119	234	4904
234	119	4904
120	256	2579
256	120	2579
120	167	3275
167	120	3276
120	221	1409
221	120	1409
120	267	2909
267	120	2909
120	260	530
260	120	530
120	206	3868
206	120	3869
121	132	4623
132	121	4624
121	194	3785
194	121	3785
121	224	4079
224	121	4079
121	251	454
251	121	454
121	219	4265
219	121	4265
121	131	3434
131	121	3434
121	230	1279
230	121	1279
121	164	4473
164	121	4474
121	214	1142
214	121	1143
122	177	4595
177	122	4596
122	202	1191
202	122	1191
122	215	4983
215	122	4983
122	191	3498
191	122	3498
122	185	1415
185	122	1415
122	208	3685
208	122	3685
122	186	3143
186	122	3144
122	236	3983
236	122	3984
122	237	4313
237	122	4314
122	189	1908
189	122	1908
122	140	1150
140	122	1150
122	200	2500
200	122	2500
122	201	3372
201	122	3372
122	180	2512
180	122	2512
123	221	4765
221	123	4765
123	150	1747
150	123	1748
123	129	4407
129	123	4408
123	244	1705
244	123	1706
123	262	1042
262	123	1043
123	165	3203
165	123	3203
123	223	4568
223	123	4568
123	175	1786
175	123	1786
124	209	3154
209	124	3154
124	150	1075
150	124	1076
124	169	4673
169	124	4673
124	230	1777
230	124	1777
124	238	1049
238	124	1050
124	153	3607
153	124	3608
124	192	4901
192	124	4902
124	174	4728
174	124	4729
124	235	422
235	124	423
124	200	3502
200	124	3503
124	177	4115
177	124	4116
124	241	1491
241	124	1491
124	163	253
163	124	253
124	193	3303
193	124	3304
125	241	2310
241	125	2310
125	217	3918
217	125	3919
125	193	897
193	125	897
125	140	984
140	125	985
125	184	1540
184	125	1540
125	194	3401
194	125	3402
125	192	2947
192	125	2948
125	238	4741
238	125	4742
125	230	1168
230	125	1169
125	128	2127
128	125	2128
125	189	2909
189	125	2910
125	204	455
204	125	456
126	170	2663
170	126	2664
126	156	4598
156	126	4598
126	197	1622
197	126	1622
126	266	4436
266	126	4436
126	233	2391
233	126	2391
126	134	4003
134	126	4003
126	218	4560
218	126	4561
126	157	1577
157	126	1578
126	237	3497
237	126	3497
126	184	3714
184	126	3715
126	200	3990
200	126	3991
127	128	1146
128	127	1147
127	223	3173
223	127	3174
127	134	4475
134	127	4475
127	185	2690
185	127	2690
127	177	3586
177	127	3586
127	173	3391
173	127	3392
127	214	4270
214	127	4270
127	161	4547
161	127	4547
128	170	4049
170	128	4050
128	238	4247
238	128	4248
128	291	4077
291	128	4077
128	150	4764
150	128	4765
128	217	3887
217	128	3887
128	168	2474
168	128	2474
128	188	4776
188	128	4777
128	194	2924
194	128	2924
128	230	2775
230	128	2776
128	154	3550
154	128	3551
128	151	2551
151	128	2551
129	214	1835
214	129	1835
129	149	2639
149	129	2639
129	195	4217
195	129	4217
129	213	2463
213	129	2464
129	171	2282
171	129	2282
129	130	4295
130	129	4296
130	168	4295
168	130	4295
130	244	3471
244	130	3472
130	210	158
210	130	159
130	184	3892
184	130	3893
130	222	1428
222	130	1429
130	241	4734
241	130	4735
130	149	4794
149	130	4794
130	269	1767
269	130	1767
130	188	3425
188	130	3426
131	189	278
189	131	278
131	145	1240
145	131	1241
131	253	3691
253	131	3692
131	200	3776
200	131	3776
131	159	3700
159	131	3701
131	161	3908
161	131	3908
131	190	4989
190	131	4989
131	133	3697
133	131	3697
131	152	810
152	131	810
131	226	3586
226	131	3586
131	199	805
199	131	805
132	224	540
224	132	540
132	198	3773
198	132	3774
132	186	4977
186	132	4977
132	188	3991
188	132	3992
132	258	3015
258	132	3016
132	234	1128
234	132	1129
132	135	1490
135	132	1491
132	253	700
253	132	701
132	174	1743
174	132	1743
133	223	1491
223	133	1492
133	151	4208
151	133	4209
133	185	4698
185	133	4699
133	212	506
212	133	507
133	144	3605
144	133	3605
133	180	4353
180	133	4354
133	204	2629
204	133	2630
133	135	2098
135	133	2099
133	259	1081
259	133	1082
134	239	4331
239	134	4332
134	234	1966
234	134	1966
134	172	4824
172	134	4825
134	195	2419
195	134	2420
134	161	2196
161	134	2197
134	269	4433
269	134	4433
134	211	3930
211	134	3931
135	219	4632
219	135	4633
135	154	4995
154	135	4995
135	196	2636
196	135	2636
135	244	291
244	135	292
135	241	336
241	135	337
136	151	3781
151	136	3782
136	273	4896
273	136	4897
136	255	3784
255	136	3784
136	178	2244
178	136	2244
136	252	2305
252	136	2305
136	226	2460
226	136	2460
136	170	1655
170	136	1655
136	245	2833
245	136	2834
136	288	4665
288	136	4665
136	222	4439
222	136	4440
136	257	4287
257	136	4287
136	248	2444
248	136	2445
136	238	4906
238	136	4907
137	149	3780
149	137	3781
137	162	4723
162	137	4723
137	171	4932
171	137	4933
137	173	3768
173	137	3769
137	210	4840
210	137	4840
137	168	4958
168	137	4959
137	198	2539
198	137	2540
138	157	2444
157	138	2445
138	147	3319
147	138	3319
138	263	995
263	138	996
138	148	4250
148	138	4250
138	203	4637
203	138	4637
138	190	2572
190	138	2573
138	140	2726
140	138	2726
138	154	4120
154	138	4121
139	230	1073
230	139	1073
139	162	2912
162	139	2912
139	169	700
169	139	701
139	237	434
237	139	434
139	225	2156
225	139	2157
139	165	423
165	139	423
139	251	1067
251	139	1067
139	207	1099
207	139	1100
139	255	2756
255	139	2756
139	256	4916
256	139	4916
139	192	4204
192	139	4204
139	268	2328
268	139	2329
139	193	4777
193	139	4778
140	263	4697
263	140	4698
140	157	3874
157	140	3875
140	242	2576
242	140	2577
140	168	4755
168	140	4755
140	196	4573
196	140	4573
140	167	3941
167	140	3942
140	212	1464
212	140	1465
140	146	2579
146	140	2580
141	237	4764
237	141	4764
141	239	2805
239	141	2806
141	167	1358
167	141	1359
141	149	4459
149	141	4460
141	201	361
201	141	362
141	231	4239
231	141	4239
141	220	4414
220	141	4414
142	210	4000
210	142	4000
142	181	1427
181	142	1427
142	215	4478
215	142	4478
142	225	333
225	142	334
142	230	1216
230	142	1216
143	165	2100
165	143	2100
143	242	1184
242	143	1184
143	226	2911
226	143	2911
143	170	4057
170	143	4057
143	177	917
177	143	917
143	210	4190
210	143	4191
144	180	2263
180	144	2263
144	160	3006
160	144	3007
144	232	4909
232	144	4909
144	235	4424
235	144	4425
144	153	891
153	144	892
144	215	713
215	144	714
144	228	208
228	144	209
144	211	3161
211	144	3162
144	214	4008
214	144	4009
144	175	4855
175	144	4855
145	198	4449
198	145	4450
145	148	498
148	145	499
145	268	4536
268	145	4536
145	234	3136
234	145	3136
145	166	4961
166	145	4962
145	192	4334
192	145	4335
145	249	4959
249	145	4960
146	230	722
230	146	722
146	253	425
253	146	425
147	179	3229
179	147	3229
147	260	371
260	147	372
147	149	4158
149	147	4158
147	165	4833
165	147	4833
147	191	3361
191	147	3362
147	244	3522
244	147	3523
148	171	4766
171	148	4767
148	222	2295
222	148	2296
148	247	2736
247	148	2736
148	270	3522
270	148	3523
148	269	4951
269	148	4952
148	259	3217
259	148	3218
149	169	4874
169	149	4875
149	254	1125
254	149	1125
149	246	3279
246	149	3279
149	171	1987
171	149	1987
150	151	507
151	150	508
150	222	2902
222	150	2903
150	228	2925
228	150	2926
150	191	4927
191	150	4927
150	157	1492
157	150	1492
150	176	1811
176	150	1811
150	269	3673
269	150	3673
151	192	4164
192	151	4165
151	242	4146
242	151	4147
151	177	4711
177	151	4712
152	166	242
166	152	243
152	196	3862
196	152	3863
152	190	3748
190	152	3748
152	203	2854
203	152	2855
152	207	3194
207	152	3195
152	164	4824
164	152	4824
152	260	4888
260	152	4889
152	187	1680
187	152	1681
152	173	4829
173	152	4830
152	158	4123
158	152	4124
153	232	4240
232	153	4240
153	242	3258
242	153	3258
153	203	2479
203	153	2479
153	191	3425
191	153	3425
153	247	4552
247	153	4553
153	205	4816
205	153	4817
153	245	1926
245	153	1927
154	181	3906
181	154	3906
154	194	4596
194	154	4597
154	230	1998
230	154	1999
154	198	1299
198	154	1300
154	270	4088
270	154	4089
154	157	4088
157	154	4089
157	263	2903
263	157	2904
158	232	1736
232	158	1736
160	166	4486
166	160	4486
160	259	4841
259	160	4841
160	176	3960
176	160	3960
160	223	2021
223	160	2021
161	226	2686
226	161	2686
161	173	2332
173	161	2333
161	249	3291
249	161	3291
164	201	2869
201	164	2870
164	211	4405
211	164	4405
164	234	4652
234	164	4652
164	202	3595
202	164	3595
164	256	1247
256	164	1248
165	240	2293
240	165	2293
165	212	2900
212	165	2900
165	207	2686
207	165	2687
165	258	3871
258	165	3872
165	211	3760
211	165	3761
165	226	4764
226	165	4764
166	225	3181
225	166	3181
166	209	4064
209	166	4065
169	262	4213
262	169	4214
169	260	4082
260	169	4082
169	191	4181
191	169	4182
169	215	3274
215	169	3274
170	270	2764
270	170	2765
171	214	4082
214	171	4082
171	250	2057
250	171	2057
171	273	4818
273	171	4819
171	199	3131
199	171	3132
171	186	4763
186	171	4763
171	187	2203
187	171	2203
171	233	390
233	171	391
174	222	4851
222	174	4851
175	248	3837
248	175	3838
175	196	4041
196	175	4041
175	201	4816
201	175	4816
175	180	2339
180	175	2339
175	191	4430
191	175	4430
176	208	4451
208	176	4451
179	260	110
260	179	110
179	187	4362
187	179	4363
179	222	4128
222	179	4129
179	255	3706
255	179	3706
180	270	1828
270	180	1828
180	190	4306
190	180	4307
181	205	3132
205	181	3132
181	185	817
185	181	818
181	256	2276
256	181	2276
181	218	1080
218	181	1080
181	238	3475
238	181	3476
182	223	666
223	182	666
182	210	998
210	182	998
182	215	2681
215	182	2681
182	191	4311
191	182	4312
184	256	4850
256	184	4850
184	253	3759
253	184	3759
184	242	803
242	184	803
184	206	2051
206	184	2052
184	196	1232
196	184	1233
184	190	4463
190	184	4464
184	270	4143
270	184	4144
185	223	3069
223	185	3069
185	226	4096
226	185	4096
185	209	3966
209	185	3966
185	249	3825
249	185	3826
186	199	4273
199	186	4274
186	231	2072
231	186	2073
186	242	4037
242	186	4037
186	260	2800
260	186	2801
187	235	2124
235	187	2124
187	260	2267
260	187	2268
188	259	424
259	188	425
190	234	1076
234	190	1076
191	233	82
233	191	82
191	209	4940
209	191	4941
192	232	3711
232	192	3711
194	220	4832
220	194	4832
194	218	2463
218	194	2463
194	264	4639
264	194	4640
197	232	4342
232	197	4342
197	202	455
202	197	455
197	262	4173
262	197	4173
197	270	656
270	197	657
197	208	2870
208	197	2870
197	199	2055
199	197	2055
198	250	4738
250	198	4739
198	233	4472
233	198	4472
199	205	4005
205	199	4005
199	264	605
264	199	605
199	208	3763
208	199	3763
199	209	4857
209	199	4857
199	224	922
224	199	922
202	209	796
209	202	796
202	254	2643
254	202	2644
202	205	4014
205	202	4014
202	208	3629
208	202	3629
202	269	1156
269	202	1156
205	268	1270
268	205	1270
205	218	4756
218	205	4757
207	233	941
233	207	941
207	208	3988
208	207	3988
207	242	1532
242	207	1532
209	254	4410
254	209	4411
210	215	3644
215	210	3644
210	217	4706
217	210	4707
210	226	1058
226	210	1059
210	263	4100
263	210	4101
210	224	3349
224	210	3350
210	249	4196
249	210	4196
212	250	1929
250	212	1929
212	228	4344
228	212	4344
212	234	309
234	212	310
212	243	4161
243	212	4162
212	247	1369
247	212	1369
215	235	4211
235	215	4211
215	256	4790
256	215	4790
215	238	3589
238	215	3590
218	264	2841
264	218	2842
219	220	4657
220	219	4657
219	258	4184
258	219	4184
220	249	1843
249	220	1843
224	239	4430
239	224	4430
224	238	2357
238	224	2357
224	240	4164
240	224	4164
224	232	3223
232	224	3224
225	234	4252
234	225	4252
225	231	1270
231	225	1271
225	258	1720
258	225	1720
228	246	3172
246	228	3173
231	268	4090
268	231	4090
231	270	863
270	231	863
231	262	3903
262	231	3903
231	245	3032
245	231	3032
231	246	4006
246	231	4006
231	240	4222
240	231	4223
231	234	4437
234	231	4438
232	235	3575
235	232	3575
232	269	3771
269	232	3771
232	240	3233
240	232	3233
234	264	3421
264	234	3422
238	239	4463
239	238	4463
238	270	4826
270	238	4826
238	240	1117
240	238	1118
240	246	4396
246	240	4397
240	268	2129
268	240	2130
240	262	4468
262	240	4469
243	269	3023
269	243	3023
245	258	1380
258	245	1380
245	252	3746
252	245	3747
245	262	4978
262	245	4979
246	250	4624
250	246	4625
246	259	3036
259	246	3036
246	262	3332
262	246	3332
247	268	1038
268	247	1039
247	258	3479
258	247	3479
249	268	4224
268	249	4225
249	254	4126
254	249	4126
249	259	4140
259	249	4141
249	258	4421
258	249	4422
252	258	3990
258	252	3990
252	264	1138
264	252	1139
252	255	3653
255	252	3653
252	259	2651
259	252	2651
255	264	2738
264	255	2738
255	258	1185
258	255	1186
