200	2824
2	2
2	2
5	5
3	3
4	4
2	2
2	2
4	4
4	4
5	5
3	3
4	4
5	5
2	2
2	2
4	4
4	4
2	2
3	3
2	2
3	3
4	4
4	4
5	5
5	5
4	4
2	2
4	4
3	3
4	4
5	5
5	5
3	3
2	2
4	4
3	3
4	4
5	5
5	5
3	3
2	2
5	5
4	4
5	5
4	4
2	2
4	4
5	5
3	3
3	3
5	5
3	3
2	2
3	3
3	3
2	2
3	3
5	5
5	5
2	2
5	5
4	4
4	4
3	3
5	5
3	3
3	3
2	2
5	5
2	2
4	4
3	3
3	3
5	5
4	4
3	3
5	5
2	2
5	5
5	5
5	5
2	2
2	2
4	4
5	5
4	4
4	4
4	4
5	5
5	5
2	2
3	3
3	3
4	4
4	4
5	5
3	3
5	5
3	3
3	3
4	4
3	3
3	3
2	2
2	2
4	4
5	5
2	2
4	4
3	3
5	5
4	4
4	4
5	5
4	4
5	5
2	2
2	2
4	4
2	2
2	2
3	3
2	2
3	3
2	2
4	4
5	5
2	2
2	2
3	3
5	5
4	4
2	2
4	4
3	3
3	3
3	3
2	2
4	4
5	5
4	4
5	5
4	4
2	2
5	5
3	3
2	2
4	4
3	3
3	3
3	3
5	5
2	2
2	2
3	3
4	4
2	2
4	4
4	4
5	5
2	2
3	3
3	3
2	2
2	2
5	5
3	3
2	2
5	5
3	3
2	2
5	5
2	2
2	2
2	2
3	3
3	3
2	2
5	5
3	3
3	3
3	3
5	5
5	5
4	4
2	2
4	4
5	5
3	3
5	5
3	3
4	4
4	4
5	5
5	5
3	3
5	5
4	4
3	3
5	5
1	54	1917
54	1	1918
1	77	3235
77	1	3235
1	63	4484
63	1	4485
1	130	944
130	1	945
1	111	2977
111	1	2977
1	103	4776
103	1	4776
1	73	3634
73	1	3634
1	151	1363
151	1	1363
1	161	3628
161	1	3628
1	131	1981
131	1	1982
1	66	2892
66	1	2892
1	29	2210
29	1	2210
1	145	4181
145	1	4182
1	127	3790
127	1	3790
1	92	1891
92	1	1891
1	59	2641
59	1	2641
1	179	974
179	1	975
1	96	2483
96	1	2483
1	152	3674
152	1	3675
1	189	4842
189	1	4842
2	188	4671
188	2	4672
2	38	1673
38	2	1673
2	128	4012
128	2	4012
2	177	4804
177	2	4805
2	184	2067
184	2	2068
2	43	4592
43	2	4593
2	58	3805
58	2	3805
2	39	832
39	2	833
2	151	1592
151	2	1592
2	125	904
125	2	904
2	65	4653
65	2	4654
2	4	2746
4	2	2746
2	156	4773
156	2	4774
2	158	4084
158	2	4085
2	77	938
77	2	938
2	21	4872
21	2	4873
2	53	4063
53	2	4064
2	23	3302
23	2	3302
2	136	4266
136	2	4267
2	55	4580
55	2	4581
3	9	4943
9	3	4944
3	136	3557
136	3	3557
3	199	2462
199	3	2463
3	161	3139
161	3	3140
3	190	1162
190	3	1162
3	188	779
188	3	780
3	37	4205
37	3	4205
3	127	1530
127	3	1531
3	26	1655
26	3	1655
3	56	3685
56	3	3686
3	79	2107
79	3	2107
3	144	2765
144	3	2765
3	95	4964
95	3	4965
3	80	4114
80	3	4115
3	172	3641
172	3	3641
3	149	3895
149	3	3895
3	85	866
85	3	866
3	109	101
109	3	102
3	10	125
10	3	126
3	31	4596
31	3	4597
4	194	4071
194	4	4071
4	92	4982
92	4	4983
4	69	3981
69	4	3981
4	131	4213
131	4	4213
4	102	4497
102	4	4498
4	167	3591
167	4	3592
4	63	4897
63	4	4898
4	22	4823
22	4	4824
4	59	4800
59	4	4801
4	80	4343
80	4	4343
4	113	4321
113	4	4322
4	21	1177
21	4	1178
4	104	3956
104	4	3956
4	185	2498
185	4	2499
4	171	4494
171	4	4494
4	174	3757
174	4	3757
4	39	3729
39	4	3729
4	152	3845
152	4	3845
4	123	3981
123	4	3982
5	149	3345
149	5	3346
5	142	2872
142	5	2873
5	52	2554
52	5	2555
5	18	2853
18	5	2854
5	175	4260
175	5	4260
5	136	3474
136	5	3475
5	71	4235
71	5	4235
5	127	3896
127	5	3896
5	190	4496
190	5	4496
5	98	1859
98	5	1860
5	32	583
32	5	583
5	163	4227
163	5	4228
5	95	3990
95	5	3991
5	116	2749
116	5	2749
5	194	114
194	5	114
5	199	3780
199	5	3781
5	61	4534
61	5	4534
5	62	3989
62	5	3989
5	94	220
94	5	221
5	161	2389
161	5	2389
6	18	1035
18	6	1036
6	191	4057
191	6	4058
6	107	3819
107	6	3820
6	188	593
188	6	593
6	61	3030
61	6	3030
6	160	4260
160	6	4260
6	125	3984
125	6	3984
6	165	4394
165	6	4394
6	38	3982
38	6	3983
6	171	4428
171	6	4429
6	7	271
7	6	271
6	11	1549
11	6	1550
6	10	4343
10	6	4343
6	96	4025
96	6	4026
6	194	3845
194	6	3845
6	141	3685
141	6	3686
6	94	4518
94	6	4519
6	16	2545
16	6	2545
6	184	4854
184	6	4855
6	47	2217
47	6	2218
7	8	2586
8	7	2586
7	62	3987
62	7	3987
7	70	1473
70	7	1474
7	167	539
167	7	539
7	153	1009
153	7	1010
7	115	4448
115	7	4448
7	161	622
161	7	623
7	51	246
51	7	246
7	21	4858
21	7	4858
7	170	3816
170	7	3816
7	198	2158
198	7	2158
7	134	3223
134	7	3223
7	150	2187
150	7	2188
7	63	1225
63	7	1226
7	142	4457
142	7	4458
7	157	3736
157	7	3736
7	93	1390
93	7	1390
7	199	2275
199	7	2275
7	192	100
192	7	100
8	170	3321
170	8	3321
8	189	1314
189	8	1315
8	67	178
67	8	178
8	35	4543
35	8	4543
8	183	3547
183	8	3548
8	96	3143
96	8	3143
8	82	2304
82	8	2305
8	130	4877
130	8	4878
8	41	2021
41	8	2021
8	50	2040
50	8	2040
8	18	4064
18	8	4064
8	70	1792
70	8	1792
8	9	689
9	8	689
8	188	2472
188	8	2472
8	187	4642
187	8	4642
8	196	3505
196	8	3505
8	58	3654
58	8	3654
8	53	4982
53	8	4983
8	46	1107
46	8	1107
9	197	1396
197	9	1397
9	56	773
56	9	774
9	143	4730
143	9	4731
9	179	4893
179	9	4893
9	21	4110
21	9	4110
9	23	3925
23	9	3926
9	136	4297
136	9	4297
9	59	1263
59	9	1264
9	137	4175
137	9	4175
9	88	4024
88	9	4025
9	124	2736
124	9	2737
9	181	4637
181	9	4637
9	200	3204
200	9	3204
9	123	4807
123	9	4807
9	43	4285
43	9	4285
9	81	3460
81	9	3461
9	48	1483
48	9	1484
9	53	4229
53	9	4230
10	97	2557
97	10	2558
10	167	2297
167	10	2298
10	26	3602
26	10	3603
10	70	2013
70	10	2013
10	138	4675
138	10	4676
10	165	2802
165	10	2802
10	71	943
71	10	943
10	17	4836
17	10	4836
10	187	4350
187	10	4351
10	80	4899
80	10	4899
10	180	2521
180	10	2522
10	66	4396
66	10	4397
10	184	3482
184	10	3482
10	20	319
20	10	319
10	14	4166
14	10	4167
10	141	3588
141	10	3589
10	172	4927
172	10	4928
10	54	1865
54	10	1866
11	45	4267
45	11	4267
11	142	2592
142	11	2593
11	127	4531
127	11	4531
11	23	4545
23	11	4546
11	50	4481
50	11	4482
11	104	3762
104	11	3762
11	79	1300
79	11	1300
11	26	3134
26	11	3135
11	171	373
171	11	374
11	157	4080
157	11	4080
11	15	2400
15	11	2400
11	163	4731
163	11	4732
11	126	2978
126	11	2979
11	131	3961
131	11	3962
11	37	103
37	11	104
11	33	1041
33	11	1042
11	38	1198
38	11	1198
11	113	3909
113	11	3909
11	100	3087
100	11	3087
12	80	4832
80	12	4832
12	190	4820
190	12	4821
12	40	2339
40	12	2339
12	141	4414
141	12	4415
12	194	3989
194	12	3990
12	179	4034
179	12	4034
12	61	2829
61	12	2830
12	67	1666
67	12	1667
12	177	3732
177	12	3733
12	131	743
131	12	744
12	175	2469
175	12	2470
12	54	4762
54	12	4763
12	143	4736
143	12	4737
12	78	629
78	12	629
12	21	4199
21	12	4200
12	158	4019
158	12	4019
12	139	4963
139	12	4963
12	23	4012
23	12	4013
12	76	3704
76	12	3705
12	159	4040
159	12	4040
13	113	4365
113	13	4365
13	127	1570
127	13	1571
13	40	2664
40	13	2665
13	191	4497
191	13	4497
13	128	4462
128	13	4462
13	176	4120
176	13	4120
13	133	4137
133	13	4138
13	147	3482
147	13	3482
13	24	4072
24	13	4073
13	38	3252
38	13	3253
13	83	1022
83	13	1023
13	136	3682
136	13	3683
13	170	3836
170	13	3836
13	118	4217
118	13	4217
13	166	4366
166	13	4366
13	120	2807
120	13	2807
13	122	90
122	13	90
13	146	1475
146	13	1476
13	62	518
62	13	518
13	125	2188
125	13	2189
14	45	1647
45	14	1647
14	105	3251
105	14	3252
14	128	2233
128	14	2234
14	114	2025
114	14	2026
14	72	204
72	14	204
14	37	4615
37	14	4615
14	43	4629
43	14	4629
14	170	3019
170	14	3020
14	61	879
61	14	880
14	80	4389
80	14	4390
14	27	1031
27	14	1032
14	73	3630
73	14	3630
14	181	3022
181	14	3022
14	103	4490
103	14	4491
14	147	3884
147	14	3884
14	86	1783
86	14	1784
14	76	554
76	14	554
14	15	2947
15	14	2948
14	174	1769
174	14	1770
15	44	4945
44	15	4945
15	125	4516
125	15	4516
15	126	2236
126	15	2237
15	32	2394
32	15	2395
15	194	2345
194	15	2346
15	49	1374
49	15	1374
15	167	3806
167	15	3807
15	145	3590
145	15	3590
15	68	3626
68	15	3626
15	116	1367
116	15	1367
15	74	3774
74	15	3774
15	69	1674
69	15	1674
15	27	1630
27	15	1630
15	139	4214
139	15	4215
15	144	2188
144	15	2188
15	123	2041
123	15	2042
15	192	3462
192	15	3463
15	153	3835
153	15	3836
16	130	2674
130	16	2675
16	179	4753
179	16	4754
16	161	4380
161	16	4381
16	108	1369
108	16	1369
16	189	4530
189	16	4530
16	186	3301
186	16	3302
16	110	3611
110	16	3612
16	164	2446
164	16	2446
16	148	112
148	16	112
16	35	2719
35	16	2719
16	158	3955
158	16	3955
16	128	3166
128	16	3166
16	40	3596
40	16	3596
16	115	4323
115	16	4323
16	47	3406
47	16	3407
16	154	103
154	16	103
16	31	2552
31	16	2552
16	136	4652
136	16	4653
16	117	4153
117	16	4153
17	63	4595
63	17	4596
17	57	1473
57	17	1474
17	36	3464
36	17	3464
17	147	4367
147	17	4368
17	66	4850
66	17	4850
17	37	4357
37	17	4358
17	200	1414
200	17	1414
17	25	3722
25	17	3723
17	59	2537
59	17	2538
17	157	4035
157	17	4035
17	144	3552
144	17	3552
17	119	2265
119	17	2266
17	67	4400
67	17	4400
17	70	4819
70	17	4820
17	111	4726
111	17	4727
17	180	2844
180	17	2845
17	133	4608
133	17	4608
17	106	1274
106	17	1274
17	172	2523
172	17	2524
18	105	2764
105	18	2765
18	94	4384
94	18	4385
18	87	4773
87	18	4774
18	194	4485
194	18	4485
18	46	4761
46	18	4762
18	169	2552
169	18	2553
18	180	4062
180	18	4063
18	40	3625
40	18	3626
18	132	4352
132	18	4353
18	162	2942
162	18	2943
18	149	3730
149	18	3730
18	184	2350
184	18	2350
18	56	3608
56	18	3609
18	89	3777
89	18	3777
18	75	1033
75	18	1034
18	123	4885
123	18	4886
18	88	3708
88	18	3709
19	146	2700
146	19	2701
19	70	1582
70	19	1583
19	39	2038
39	19	2039
19	100	1229
100	19	1230
19	167	429
167	19	430
19	165	4236
165	19	4237
19	173	142
173	19	143
19	135	257
135	19	258
19	117	3590
117	19	3591
19	162	3723
162	19	3724
19	192	4097
192	19	4097
19	20	2543
20	19	2544
19	158	3239
158	19	3240
19	25	4425
25	19	4425
19	182	4845
182	19	4845
19	103	2891
103	19	2892
19	33	4398
33	19	4399
19	161	3054
161	19	3055
19	193	1883
193	19	1883
19	121	3311
121	19	3311
20	200	3730
200	20	3731
20	73	3639
73	20	3639
20	186	555
186	20	556
20	124	2659
124	20	2660
20	80	4406
80	20	4407
20	118	3067
118	20	3067
20	63	4847
63	20	4847
20	35	4875
35	20	4875
20	78	4944
78	20	4945
20	171	3568
171	20	3568
20	175	4364
175	20	4365
20	156	2360
156	20	2360
20	21	3238
21	20	3239
20	39	4295
39	20	4295
20	163	101
163	20	102
20	119	1133
119	20	1134
20	52	347
52	20	347
20	114	1608
114	20	1609
21	131	728
131	21	729
21	172	3053
172	21	3053
21	117	1129
117	21	1129
21	58	4751
58	21	4752
21	169	4759
169	21	4759
21	140	4746
140	21	4747
21	47	1623
47	21	1624
21	174	636
174	21	637
21	46	3742
46	21	3742
22	129	4322
129	22	4323
22	140	4717
140	22	4718
22	166	4243
166	22	4244
22	151	3474
151	22	3474
22	183	1672
183	22	1672
22	57	4706
57	22	4706
22	64	1129
64	22	1129
22	177	2006
177	22	2007
22	70	788
70	22	789
22	103	4754
103	22	4754
22	50	1433
50	22	1433
22	98	4092
98	22	4092
22	55	2100
55	22	2101
22	31	3820
31	22	3821
22	192	1711
192	22	1711
22	59	350
59	22	350
23	168	2670
168	23	2670
23	186	180
186	23	180
23	89	1091
89	23	1092
23	183	4291
183	23	4292
23	48	1758
48	23	1759
23	197	4247
197	23	4248
23	59	1979
59	23	1979
23	46	3937
46	23	3938
23	100	4305
100	23	4306
23	177	3733
177	23	3733
23	68	4684
68	23	4684
23	24	3773
24	23	3773
23	99	4807
99	23	4808
24	189	67
189	24	68
24	188	350
188	24	350
24	78	1294
78	24	1295
24	187	2646
187	24	2647
24	39	3698
39	24	3699
24	53	3358
53	24	3359
24	180	4850
180	24	4851
24	146	4679
146	24	4679
24	85	2534
85	24	2535
24	140	2009
140	24	2010
24	127	520
127	24	520
24	156	4477
156	24	4477
24	131	4700
131	24	4700
25	74	597
74	25	597
25	55	3887
55	25	3887
25	150	2301
150	25	2301
25	44	173
44	25	173
25	77	3757
77	25	3757
25	161	4675
161	25	4675
25	138	403
138	25	404
25	91	975
91	25	975
25	167	4298
167	25	4299
25	52	4657
52	25	4658
25	187	4301
187	25	4302
25	172	3789
172	25	3790
25	101	86
101	25	87
26	102	2711
102	26	2712
26	27	4513
27	26	4513
26	75	3911
75	26	3912
26	77	2955
77	26	2955
26	45	3857
45	26	3858
26	49	3709
49	26	3710
26	43	2662
43	26	2662
26	51	1974
51	26	1975
26	128	4510
128	26	4510
26	99	1520
99	26	1521
26	106	1007
106	26	1007
26	33	1706
33	26	1706
26	135	4829
135	26	4829
26	81	4092
81	26	4092
26	96	1708
96	26	1709
27	199	4759
199	27	4760
27	140	4648
140	27	4649
27	115	344
115	27	345
27	30	3054
30	27	3055
27	55	2444
55	27	2444
27	130	2704
130	27	2704
27	37	4287
37	27	4287
27	59	1814
59	27	1815
27	148	2075
148	27	2076
27	95	3437
95	27	3437
27	196	4581
196	27	4581
27	68	4395
68	27	4395
27	112	4388
112	27	4389
27	165	2657
165	27	2658
27	56	3481
56	27	3481
28	121	4706
121	28	4707
28	129	3746
129	28	3746
28	89	2860
89	28	2861
28	96	3364
96	28	3365
28	51	3662
51	28	3663
28	98	4892
98	28	4892
28	138	1586
138	28	1587
28	157	4935
157	28	4935
28	30	3742
30	28	3742
28	70	75
70	28	76
28	54	157
54	28	158
28	111	3790
111	28	3790
28	195	188
195	28	188
28	84	3670
84	28	3670
28	116	4484
116	28	4485
28	165	530
165	28	531
28	105	4855
105	28	4856
29	191	1508
191	29	1508
29	91	1221
91	29	1221
29	134	192
134	29	193
29	37	4690
37	29	4691
29	196	1182
196	29	1183
29	119	2085
119	29	2085
29	78	141
78	29	141
29	179	4517
179	29	4517
29	172	439
172	29	440
29	40	3710
40	29	3710
29	108	1809
108	29	1809
29	168	3029
168	29	3030
29	177	3437
177	29	3438
29	199	2186
199	29	2187
30	54	4053
54	30	4053
30	129	3819
129	30	3819
30	144	1113
144	30	1114
30	139	3671
139	30	3672
30	172	4220
172	30	4221
30	157	1190
157	30	1190
30	79	3834
79	30	3835
30	61	4565
61	30	4565
30	86	2684
86	30	2684
30	77	2415
77	30	2415
30	197	3423
197	30	3423
30	60	3596
60	30	3596
30	164	3273
164	30	3274
31	89	4547
89	31	4548
31	86	1355
86	31	1355
31	99	4390
99	31	4390
31	48	4324
48	31	4324
31	134	4137
134	31	4138
31	83	4979
83	31	4980
31	180	233
180	31	234
31	149	4845
149	31	4845
31	114	4060
114	31	4061
31	95	3090
95	31	3091
31	133	1843
133	31	1844
31	54	1941
54	31	1942
31	193	3273
193	31	3273
31	158	1411
158	31	1412
32	165	3159
165	32	3160
32	107	1242
107	32	1242
32	87	4848
87	32	4849
32	65	4109
65	32	4109
32	67	3015
67	32	3015
32	76	4972
76	32	4972
32	157	1338
157	32	1339
32	48	3803
48	32	3803
32	59	4168
59	32	4169
32	61	1849
61	32	1850
32	114	1361
114	32	1361
32	37	4668
37	32	4668
32	119	4338
119	32	4338
32	39	4434
39	32	4434
32	167	2668
167	32	2668
32	147	4790
147	32	4790
32	159	3200
159	32	3201
33	179	2545
179	33	2546
33	144	2928
144	33	2929
33	68	2472
68	33	2472
33	178	3915
178	33	3916
33	137	4499
137	33	4500
33	140	2247
140	33	2248
33	166	2142
166	33	2142
33	38	4235
38	33	4235
33	113	1875
113	33	1876
33	124	2771
124	33	2771
33	143	2824
143	33	2824
33	173	4881
173	33	4882
33	111	4882
111	33	4883
33	51	4352
51	33	4352
33	44	2772
44	33	2772
33	136	4780
136	33	4780
34	152	4117
152	34	4117
34	175	2414
175	34	2415
34	134	2024
134	34	2024
34	125	4266
125	34	4266
34	97	3402
97	34	3402
34	62	4064
62	34	4065
34	138	1303
138	34	1304
34	75	4798
75	34	4799
34	161	1350
161	34	1351
34	159	2884
159	34	2884
34	99	3584
99	34	3584
34	70	2019
70	34	2020
34	166	4857
166	34	4857
34	187	4872
187	34	4873
34	35	4412
35	34	4413
34	56	4975
56	34	4976
34	45	3886
45	34	3887
35	61	4246
61	35	4246
35	172	1880
172	35	1880
35	193	3915
193	35	3916
35	97	4637
97	35	4637
35	198	2198
198	35	2199
35	47	4421
47	35	4421
35	108	3489
108	35	3490
35	135	4520
135	35	4520
35	159	2900
159	35	2900
35	40	4904
40	35	4905
35	50	1071
50	35	1071
36	64	1041
64	36	1042
36	150	467
150	36	468
36	151	4743
151	36	4744
36	166	3994
166	36	3995
36	67	4309
67	36	4310
36	114	750
114	36	750
36	137	3614
137	36	3614
36	101	4523
101	36	4524
36	48	890
48	36	890
36	88	4716
88	36	4716
36	139	4325
139	36	4326
36	177	1853
177	36	1854
36	120	465
120	36	465
36	126	4039
126	36	4039
37	104	3510
104	37	3510
37	164	1213
164	37	1214
37	53	118
53	37	118
37	69	2031
69	37	2032
37	176	1540
176	37	1541
37	86	4573
86	37	4574
37	48	4320
48	37	4321
37	195	3458
195	37	3459
37	172	3965
172	37	3966
37	199	3383
199	37	3383
37	79	4776
79	37	4776
37	66	4005
66	37	4006
38	44	4096
44	38	4096
38	117	399
117	38	400
38	45	4450
45	38	4450
38	133	4174
133	38	4174
38	105	3307
105	38	3308
38	96	1063
96	38	1063
38	129	984
129	38	985
38	176	1655
176	38	1655
38	161	1563
161	38	1564
38	66	2682
66	38	2682
38	113	4970
113	38	4970
39	140	4935
140	39	4936
39	76	933
76	39	933
39	147	4543
147	39	4544
39	122	4641
122	39	4641
39	86	3670
86	39	3670
39	145	3838
145	39	3839
39	61	2090
61	39	2090
39	118	2823
118	39	2824
39	161	1567
161	39	1568
39	81	3543
81	39	3544
40	55	2749
55	40	2750
40	116	51
116	40	51
40	57	3694
57	40	3694
40	111	2456
111	40	2457
40	135	781
135	40	782
40	60	1229
60	40	1230
40	108	1375
108	40	1375
40	119	815
119	40	816
40	200	1256
200	40	1256
41	76	4725
76	41	4725
41	165	1459
165	41	1459
41	191	498
191	41	499
41	199	3654
199	41	3654
41	114	113
114	41	113
41	89	4626
89	41	4626
41	162	1220
162	41	1220
41	168	4862
168	41	4863
41	115	4322
115	41	4322
41	72	4138
72	41	4138
41	71	1841
71	41	1842
41	105	4501
105	41	4502
41	73	1799
73	41	1800
41	139	2566
139	41	2566
41	98	113
98	41	113
42	59	3740
59	42	3740
42	170	4667
170	42	4668
42	63	3959
63	42	3960
42	158	1949
158	42	1949
42	81	3831
81	42	3832
42	200	4391
200	42	4392
42	163	4596
163	42	4597
42	78	4333
78	42	4333
42	139	2992
139	42	2993
42	147	4974
147	42	4974
42	171	4168
171	42	4168
42	174	4809
174	42	4809
42	104	2717
104	42	2718
42	106	59
106	42	60
42	82	114
82	42	114
42	105	1220
105	42	1221
42	197	3792
197	42	3792
43	150	3306
150	43	3306
43	116	2588
116	43	2589
43	163	4405
163	43	4406
43	66	2544
66	43	2545
43	76	3584
76	43	3584
43	101	968
101	43	968
43	172	1571
172	43	1571
43	144	1750
144	43	1750
43	102	4559
102	43	4559
43	197	3515
197	43	3515
43	122	4090
122	43	4091
43	45	4104
45	43	4105
43	95	4550
95	43	4551
44	125	3082
125	44	3083
44	76	4181
76	44	4181
44	54	4550
54	44	4551
44	56	4078
56	44	4079
44	180	2915
180	44	2916
44	55	3173
55	44	3174
44	170	3336
170	44	3336
44	66	4054
66	44	4054
44	135	3388
135	44	3388
44	147	4426
147	44	4426
44	120	1609
120	44	1610
44	139	4900
139	44	4900
44	200	2821
200	44	2821
44	177	4942
177	44	4943
44	186	3722
186	44	3723
45	143	4388
143	45	4388
45	68	4297
68	45	4297
45	46	2139
46	45	2140
45	89	4768
89	45	4769
45	118	3157
118	45	3157
45	178	4902
178	45	4903
45	132	4399
132	45	4400
45	188	4840
188	45	4840
45	172	3787
172	45	3788
45	50	119
50	45	119
45	123	4762
123	45	4762
46	187	3822
187	46	3823
46	100	4231
100	46	4231
46	149	2684
149	46	2685
46	123	3112
123	46	3113
46	75	1573
75	46	1574
46	48	2555
48	46	2555
46	83	4188
83	46	4188
46	126	4164
126	46	4164
46	51	3142
51	46	3142
46	180	2566
180	46	2566
46	122	4596
122	46	4597
46	156	710
156	46	710
46	163	3973
163	46	3973
47	158	2748
158	47	2749
47	144	2438
144	47	2438
47	49	2625
49	47	2625
47	150	114
150	47	114
47	80	1702
80	47	1702
47	96	2082
96	47	2082
47	120	3044
120	47	3044
47	69	1710
69	47	1710
47	65	1592
65	47	1592
47	131	4204
131	47	4204
47	148	1442
148	47	1442
47	134	4336
134	47	4337
47	53	4843
53	47	4843
47	62	4419
62	47	4419
47	73	3189
73	47	3190
48	195	4607
195	48	4607
48	183	2157
183	48	2157
48	160	4099
160	48	4099
48	83	4942
83	48	4943
48	156	2575
156	48	2575
48	110	3551
110	48	3551
48	72	3499
72	48	3499
48	92	4053
92	48	4054
49	75	4144
75	49	4145
49	63	3975
63	49	3976
49	130	1559
130	49	1560
49	192	3667
192	49	3667
49	118	3821
118	49	3821
49	111	4554
111	49	4555
49	198	4946
198	49	4946
49	52	3777
52	49	3778
49	171	4379
171	49	4380
49	121	4683
121	49	4684
49	78	2384
78	49	2384
49	136	4392
136	49	4393
49	145	2518
145	49	2519
49	67	4786
67	49	4787
50	140	4784
140	50	4784
50	114	2444
114	50	2444
50	154	392
154	50	393
50	124	1949
124	50	1950
50	147	4186
147	50	4186
50	119	2401
119	50	2401
50	107	1647
107	50	1647
50	175	4600
175	50	4601
50	196	4391
196	50	4392
50	70	4105
70	50	4106
50	166	3959
166	50	3960
50	110	3613
110	50	3614
50	111	2698
111	50	2699
50	65	455
65	50	455
51	111	1728
111	51	1728
51	113	4647
113	51	4647
51	122	4739
122	51	4739
51	79	4544
79	51	4545
51	146	3172
146	51	3173
51	58	1597
58	51	1597
51	123	3229
123	51	3230
51	68	1058
68	51	1059
51	127	4715
127	51	4716
51	172	1141
172	51	1142
51	167	4685
167	51	4686
51	177	4393
177	51	4394
51	93	3245
93	51	3246
51	120	3754
120	51	3755
52	97	2877
97	52	2878
52	158	1962
158	52	1963
52	156	1498
156	52	1499
52	110	4165
110	52	4166
52	58	4682
58	52	4682
52	67	4491
67	52	4491
52	63	4156
63	52	4157
52	125	4369
125	52	4370
52	162	3254
162	52	3254
52	64	2379
64	52	2379
52	138	1169
138	52	1170
53	100	3845
100	53	3845
53	200	3815
200	53	3816
53	130	4732
130	53	4732
53	115	4697
115	53	4698
53	127	2520
127	53	2520
53	110	1418
110	53	1418
53	70	1434
70	53	1434
53	67	3806
67	53	3806
53	170	3621
170	53	3622
53	120	1827
120	53	1827
53	196	2974
196	53	2975
53	140	1412
140	53	1412
53	132	1451
132	53	1452
54	108	4345
108	54	4346
54	171	4361
171	54	4362
54	55	4091
55	54	4092
54	146	791
146	54	791
54	173	3753
173	54	3753
54	62	517
62	54	517
54	93	4709
93	54	4709
54	147	3891
147	54	3892
54	192	2486
192	54	2487
54	198	4407
198	54	4407
55	107	3654
107	55	3655
55	161	4173
161	55	4174
55	150	1719
150	55	1720
55	139	2248
139	55	2248
55	109	3875
109	55	3876
55	87	2486
87	55	2487
55	75	4300
75	55	4301
55	66	1629
66	55	1630
56	135	3833
135	56	3833
56	154	4756
154	56	4757
56	97	2613
97	56	2613
56	117	3959
117	56	3960
56	77	4591
77	56	4591
56	67	1110
67	56	1111
56	66	4811
66	56	4811
56	146	2513
146	56	2514
56	148	4431
148	56	4431
56	147	2482
147	56	2483
56	151	655
151	56	655
56	111	3903
111	56	3904
57	73	2365
73	57	2365
57	119	2297
119	57	2298
57	195	1829
195	57	1829
57	88	3789
88	57	3789
57	107	2270
107	57	2271
57	70	2798
70	57	2799
57	139	4972
139	57	4972
57	104	3671
104	57	3671
57	62	235
62	57	236
57	132	192
132	57	193
57	122	4871
122	57	4872
57	93	3656
93	57	3657
57	194	4563
194	57	4563
57	171	4938
171	57	4939
57	154	4159
154	57	4159
58	145	1712
145	58	1712
58	126	1245
126	58	1245
58	102	3199
102	58	3199
58	103	2500
103	58	2500
58	104	4437
104	58	4438
58	96	2031
96	58	2032
58	93	3585
93	58	3585
58	198	4375
198	58	4375
58	141	4982
141	58	4982
58	134	314
134	58	315
58	115	3867
115	58	3868
58	183	1432
183	58	1433
59	112	4136
112	59	4136
59	161	3975
161	59	3975
59	77	4276
77	59	4276
59	192	3939
192	59	3939
59	117	4377
117	59	4377
59	177	4909
177	59	4910
60	191	2717
191	60	2717
60	73	4537
73	60	4538
60	76	4204
76	60	4204
60	164	4325
164	60	4325
60	170	2493
170	60	2493
60	137	4994
137	60	4995
60	88	3788
88	60	3788
60	95	1444
95	60	1444
60	116	4883
116	60	4884
60	188	892
188	60	892
60	77	3546
77	60	3546
60	175	2507
175	60	2507
60	66	4853
66	60	4854
60	121	3475
121	60	3475
60	107	4755
107	60	4755
60	99	2127
99	60	2127
60	75	4024
75	60	4025
61	63	2310
63	61	2311
61	146	4708
146	61	4708
61	148	3852
148	61	3852
61	118	4626
118	61	4626
61	200	3172
200	61	3172
61	155	4099
155	61	4099
61	128	4093
128	61	4093
61	173	4146
173	61	4147
61	64	3752
64	61	3752
61	142	418
142	61	419
62	65	1735
65	62	1736
62	82	1076
82	62	1076
62	80	4560
80	62	4560
62	66	101
66	62	102
62	133	3293
133	62	3294
62	85	1720
85	62	1721
62	130	4733
130	62	4734
62	191	4722
191	62	4722
62	77	459
77	62	460
62	177	1127
177	62	1127
63	140	2523
140	63	2523
63	171	3520
171	63	3520
63	107	3845
107	63	3846
63	195	1084
195	63	1084
63	80	2131
80	63	2132
63	76	3334
76	63	3334
64	93	3531
93	64	3531
64	71	237
71	64	237
64	121	2384
121	64	2384
64	101	4194
101	64	4194
64	114	2023
114	64	2024
64	108	4040
108	64	4041
64	191	3762
191	64	3762
64	94	2795
94	64	2795
64	196	3522
196	64	3523
64	75	528
75	64	528
64	87	4779
87	64	4780
64	167	4888
167	64	4889
64	157	4036
157	64	4037
65	94	4754
94	65	4754
65	109	3875
109	65	3876
65	78	304
78	65	304
65	136	4180
136	65	4180
65	197	1075
197	65	1075
65	129	4720
129	65	4721
65	115	3572
115	65	3572
65	118	720
118	65	720
65	162	2602
162	65	2603
65	77	389
77	65	389
65	166	3146
166	65	3147
66	178	107
178	66	108
66	167	1572
167	66	1572
66	159	4637
159	66	4637
66	117	3943
117	66	3943
66	130	2498
130	66	2498
66	88	1746
88	66	1746
67	118	1141
118	67	1142
67	155	4817
155	67	4817
67	149	1197
149	67	1198
67	126	2515
126	67	2515
67	137	4954
137	67	4954
67	197	3029
197	67	3029
67	188	116
188	67	116
68	130	2489
130	68	2489
68	126	3568
126	68	3568
68	154	2112
154	68	2113
68	77	2245
77	68	2246
68	107	4911
107	68	4911
68	97	795
97	68	795
68	128	3344
128	68	3345
68	144	4719
144	68	4719
68	101	681
101	68	682
69	128	2806
128	69	2806
69	174	4859
174	69	4860
69	118	4351
118	69	4352
69	191	2208
191	69	2208
69	111	3809
111	69	3810
69	170	1773
170	69	1773
69	96	1005
96	69	1006
69	131	4384
131	69	4385
69	173	2968
173	69	2968
69	132	1447
132	69	1448
69	126	4498
126	69	4498
69	117	1855
117	69	1855
69	93	2106
93	69	2106
69	134	3926
134	69	3927
70	149	3873
149	70	3873
70	109	3501
109	70	3502
70	86	3739
86	70	3739
70	125	4717
125	70	4718
70	183	2665
183	70	2665
70	133	4597
133	70	4598
71	176	4545
176	71	4545
71	130	1439
130	71	1439
71	80	3801
80	71	3801
71	77	2441
77	71	2442
71	172	1931
172	71	1932
71	168	4201
168	71	4202
71	109	3792
109	71	3792
71	169	4332
169	71	4332
71	140	2479
140	71	2480
71	95	4499
95	71	4499
71	171	4471
171	71	4471
71	108	4952
108	71	4953
72	179	2348
179	72	2348
72	123	2677
123	72	2677
72	75	4278
75	72	4279
72	136	1470
136	72	1470
72	143	2930
143	72	2930
72	146	3851
146	72	3852
72	129	3131
129	72	3131
72	171	4895
171	72	4895
72	135	2698
135	72	2699
72	118	3334
118	72	3334
72	88	4346
88	72	4346
72	142	4027
142	72	4027
72	131	4779
131	72	4780
72	133	3885
133	72	3885
73	186	1900
186	73	1901
73	177	4068
177	73	4068
73	170	4643
170	73	4643
73	160	1449
160	73	1450
73	88	3815
88	73	3815
73	158	2028
158	73	2029
73	151	4511
151	73	4511
73	83	603
83	73	604
74	83	4946
83	74	4946
74	137	3575
137	74	3575
74	111	3588
111	74	3588
74	91	3723
91	74	3723
74	175	3202
175	74	3203
74	156	4565
156	74	4566
74	150	4756
150	74	4757
74	104	3853
104	74	3853
74	115	4106
115	74	4106
74	76	3754
76	74	3755
74	200	938
200	74	939
74	102	96
102	74	97
74	136	1794
136	74	1794
75	99	4182
99	75	4182
75	82	3603
82	75	3603
75	179	4027
179	75	4027
75	79	4346
79	75	4347
75	125	4564
125	75	4565
75	196	3744
196	75	3744
75	121	3480
121	75	3481
76	172	3952
172	76	3953
76	125	3032
125	76	3032
76	146	2117
146	76	2117
76	139	2057
139	76	2057
76	124	1989
124	76	1989
77	166	4037
166	77	4037
77	154	4743
154	77	4744
77	94	787
94	77	787
77	101	4922
101	77	4923
77	99	4753
99	77	4753
77	122	3749
122	77	3750
77	160	2844
160	77	2845
78	151	4932
151	78	4932
78	84	4603
84	78	4604
78	140	1833
140	78	1834
78	104	1801
104	78	1801
78	97	2299
97	78	2300
78	146	4307
146	78	4307
78	194	4695
194	78	4695
78	94	3186
94	78	3186
79	195	4000
195	79	4000
79	165	1691
165	79	1692
79	123	3580
123	79	3580
79	111	1555
111	79	1556
79	166	4227
166	79	4228
79	96	4521
96	79	4521
79	81	4399
81	79	4399
79	116	4484
116	79	4485
79	152	4049
152	79	4049
79	92	1827
92	79	1827
79	83	3766
83	79	3766
79	95	3273
95	79	3274
80	162	4761
162	80	4762
80	168	1368
168	80	1369
80	82	3857
82	80	3857
80	97	2423
97	80	2423
80	150	4215
150	80	4216
80	81	135
81	80	135
81	164	1825
164	81	1826
81	91	2669
91	81	2670
81	112	1029
112	81	1030
81	178	4292
178	81	4292
81	97	2787
97	81	2787
81	113	2343
113	81	2343
81	177	1729
177	81	1730
81	152	3228
152	81	3229
81	116	1895
116	81	1896
81	96	2718
96	81	2718
81	134	1626
134	81	1627
81	163	3577
163	81	3577
81	99	4411
99	81	4411
82	132	4193
132	82	4194
82	139	1141
139	82	1141
82	149	584
149	82	585
82	180	4510
180	82	4510
82	105	2908
105	82	2909
82	173	3608
173	82	3608
82	126	4829
126	82	4830
82	142	4665
142	82	4665
82	101	4042
101	82	4043
82	175	1979
175	82	1980
83	169	2249
169	83	2249
83	105	4173
105	83	4173
83	133	4108
133	83	4109
83	136	4011
136	83	4012
83	173	53
173	83	53
83	104	3950
104	83	3950
83	150	2878
150	83	2879
83	124	1111
124	83	1111
84	174	4772
174	84	4773
84	152	2629
152	84	2630
84	131	4122
131	84	4123
84	88	1613
88	84	1614
84	164	2612
164	84	2613
84	168	4116
168	84	4117
84	129	129
129	84	129
84	86	4562
86	84	4562
84	94	3856
94	84	3857
84	87	4381
87	84	4381
84	124	3052
124	84	3052
84	98	3937
98	84	3937
84	176	1574
176	84	1574
85	146	498
146	85	498
85	98	2461
98	85	2461
85	168	3656
168	85	3656
85	152	4140
152	85	4140
85	194	2599
194	85	2599
85	174	4175
174	85	4175
85	116	4838
116	85	4839
85	132	2256
132	85	2257
85	173	3798
173	85	3798
85	129	2207
129	85	2207
85	160	3008
160	85	3009
85	149	3837
149	85	3838
85	144	484
144	85	484
85	164	3329
164	85	3330
86	117	2258
117	86	2258
86	165	1594
165	86	1595
86	98	4076
98	86	4077
86	93	3474
93	86	3474
86	124	4371
124	86	4371
86	123	3575
123	86	3575
86	141	4982
141	86	4982
86	144	2161
144	86	2162
86	146	4279
146	86	4279
87	105	2276
105	87	2276
87	198	1956
198	87	1957
87	113	1204
113	87	1204
87	153	4344
153	87	4344
87	159	3318
159	87	3318
87	102	4435
102	87	4436
87	155	3014
155	87	3015
87	149	4147
149	87	4148
87	115	4817
115	87	4818
87	165	4457
165	87	4458
87	138	500
138	87	500
87	156	4596
156	87	4597
87	139	1295
139	87	1295
88	163	4170
163	88	4170
88	108	4030
108	88	4030
88	92	3727
92	88	3728
88	152	3546
152	88	3546
88	110	4238
110	88	4239
88	186	1878
186	88	1879
88	100	4305
100	88	4305
89	180	3678
180	89	3678
89	169	4416
169	89	4416
89	123	1567
123	89	1567
89	173	4071
173	89	4072
89	91	1242
91	89	1243
89	150	3334
150	89	3334
89	167	4060
167	89	4060
89	141	4518
141	89	4519
89	127	3335
127	89	3336
90	174	1985
174	90	1986
90	93	301
93	90	301
90	148	2924
148	90	2924
90	124	1175
124	90	1175
90	156	4987
156	90	4988
90	127	3935
127	90	3935
90	123	2539
123	90	2540
90	132	4456
132	90	4456
90	169	3188
169	90	3189
90	173	1806
173	90	1806
90	178	455
178	90	456
90	113	1242
113	90	1243
90	116	3478
116	90	3478
90	176	2489
176	90	2490
90	196	654
196	90	655
90	139	567
139	90	567
90	168	4967
168	90	4968
91	154	3563
154	91	3564
91	110	2439
110	91	2440
91	144	2133
144	91	2133
91	179	4280
179	91	4281
91	126	2979
126	91	2979
91	173	4827
173	91	4828
91	99	4848
99	91	4848
91	127	4102
127	91	4102
91	153	1367
153	91	1367
91	156	2320
156	91	2321
91	122	3165
122	91	3165
91	174	4869
174	91	4870
91	120	2478
120	91	2479
91	152	1100
152	91	1100
92	94	513
94	92	513
92	162	4864
162	92	4864
92	148	2935
148	92	2935
92	123	1391
123	92	1391
92	158	3908
158	92	3909
92	119	4229
119	92	4230
92	126	4483
126	92	4484
92	164	4675
164	92	4676
92	153	2639
153	92	2640
92	154	3811
154	92	3811
92	102	3874
102	92	3874
92	179	1194
179	92	1194
92	157	2730
157	92	2731
92	128	4853
128	92	4853
93	117	2696
117	93	2697
93	174	1814
174	93	1815
93	180	711
180	93	712
93	115	728
115	93	728
93	179	4864
179	93	4865
93	101	4165
101	93	4166
93	152	813
152	93	813
93	155	3540
155	93	3540
93	109	4510
109	93	4511
93	123	2987
123	93	2987
94	107	2593
107	94	2593
94	115	3110
115	94	3111
94	96	2258
96	94	2258
94	145	4422
145	94	4423
94	176	1089
176	94	1089
94	162	4348
162	94	4349
95	102	2592
102	95	2592
95	179	1923
179	95	1923
95	169	441
169	95	441
95	132	642
132	95	643
95	97	3438
97	95	3439
95	127	3163
127	95	3163
95	165	4259
165	95	4259
95	137	779
137	95	779
95	108	3810
108	95	3811
96	178	4419
178	96	4419
96	103	3728
103	96	3728
96	165	813
165	96	814
96	127	3950
127	96	3951
96	142	3687
142	96	3687
96	121	3326
121	96	3327
96	122	2356
122	96	2356
97	157	4643
157	97	4644
97	198	1624
198	97	1625
97	116	1531
116	97	1531
97	158	3722
158	97	3722
97	138	4889
138	97	4889
98	126	2545
126	98	2546
98	178	100
178	98	100
98	165	2248
165	98	2248
98	128	3239
128	98	3239
98	101	3007
101	98	3008
98	156	3363
156	98	3363
98	133	954
133	98	954
98	129	2873
129	98	2874
98	137	2354
137	98	2354
98	153	4767
153	98	4768
98	132	3481
132	98	3482
99	169	3036
169	99	3037
99	153	253
153	99	253
99	165	3234
165	99	3234
99	164	4780
164	99	4780
99	159	4028
159	99	4028
99	105	3403
105	99	3404
99	134	1059
134	99	1059
99	175	3557
175	99	3557
99	117	1175
117	99	1176
99	156	4806
156	99	4807
100	180	2126
180	100	2126
100	157	2804
157	100	2805
100	138	4295
138	100	4295
100	162	4664
162	100	4665
100	164	3180
164	100	3180
100	166	4693
166	100	4694
100	132	3869
132	100	3870
100	169	560
169	100	561
100	101	642
101	100	642
101	129	4254
129	101	4254
101	145	4193
145	101	4193
102	124	1020
124	102	1021
102	107	3149
107	102	3150
102	117	3874
117	102	3875
102	116	2870
116	102	2870
103	134	2529
134	103	2530
103	142	4190
142	103	4191
103	120	3982
120	103	3982
103	169	4117
169	103	4117
103	158	2604
158	103	2604
103	121	3689
121	103	3690
103	104	1615
104	103	1615
103	180	4845
180	103	4845
105	115	3985
115	105	3985
105	137	589
137	105	590
105	121	4379
121	105	4379
105	176	4717
176	105	4718
106	168	742
168	106	743
106	121	3665
121	106	3666
106	138	3706
138	106	3707
106	173	73
173	106	73
106	124	1163
124	106	1163
106	175	4455
175	106	4456
106	159	3924
159	106	3924
106	141	1722
141	106	1723
106	114	4882
114	106	4882
106	154	3744
154	106	3745
106	155	4997
155	106	4998
108	122	1793
122	108	1793
108	176	1235
176	108	1235
108	173	4164
173	108	4165
108	112	4642
112	108	4642
109	132	1966
132	109	1967
109	133	3259
133	109	3260
109	143	1229
143	109	1230
109	135	2492
135	109	2493
109	160	1721
160	109	1721
109	137	1508
137	109	1508
109	151	3758
151	109	3759
109	114	2864
114	109	2865
110	178	4385
178	110	4385
110	176	176
176	110	177
110	168	4975
168	110	4976
110	113	3568
113	110	3569
112	145	3407
145	112	3407
112	168	1119
168	112	1120
112	162	2647
162	112	2648
112	154	3400
154	112	3400
112	131	4429
131	112	4429
112	160	3602
160	112	3602
112	176	3587
176	112	3588
112	142	3806
142	112	3807
112	143	4712
143	112	4712
112	122	4453
122	112	4453
113	114	3633
114	113	3634
113	157	4654
157	113	4654
113	138	4547
138	113	4548
114	148	3742
148	114	3743
114	118	158
118	114	158
114	135	80
135	114	80
115	131	1090
131	115	1091
115	176	2275
176	115	2276
117	159	4581
159	117	4582
117	133	3193
133	117	3194
118	129	1335
129	118	1335
118	120	4005
120	118	4005
119	179	4197
179	119	4197
119	164	2462
164	119	2462
119	156	2866
156	119	2867
120	149	1917
149	120	1918
120	160	4700
160	120	4701
120	169	1216
169	120	1217
121	143	3191
143	121	3191
121	135	913
135	121	913
121	157	2948
157	121	2948
121	173	3374
173	121	3375
126	128	3886
128	126	3886
126	135	502
135	126	503
128	149	2709
149	128	2709
131	154	3036
154	131	3037
133	166	1781
166	133	1782
135	160	3681
160	135	3681
135	176	4702
176	135	4702
135	145	2082
145	135	2083
137	155	4639
155	137	4640
140	169	651
169	140	652
140	179	143
179	140	143
141	175	3870
175	141	3871
141	163	3807
163	141	3807
141	154	1496
154	141	1496
141	159	4702
159	141	4703
141	142	3936
142	141	3937
142	178	1616
178	142	1617
142	154	2684
154	142	2684
142	151	449
151	142	449
142	153	532
153	142	532
143	159	4407
159	143	4408
143	178	2856
178	143	2856
145	155	1328
155	145	1329
145	151	1170
151	145	1170
145	162	4015
162	145	4016
145	154	4548
154	145	4548
148	151	4909
151	148	4909
148	163	4384
163	148	4385
149	175	1503
175	149	1503
151	160	2233
160	151	2233
151	163	2730
163	151	2730
153	159	3722
159	153	3722
153	155	2746
155	153	2746
155	162	4694
162	155	4695
155	175	3517
175	155	3517
155	159	4831
159	155	4832
155	164	3026
164	155	3026
159	162	4175
162	159	4175
164	175	1126
175	164	1126
