300	4202
1	1
1	1
3	3
2	2
2	2
1	1
1	1
3	3
3	3
3	3
2	2
2	2
3	3
1	1
1	1
2	2
3	3
1	1
2	2
1	1
2	2
3	3
2	2
3	3
3	3
2	2
1	1
2	2
2	2
3	3
3	3
3	3
1	1
1	1
3	3
1	1
2	2
3	3
3	3
2	2
1	1
3	3
3	3
3	3
2	2
1	1
2	2
3	3
1	1
2	2
3	3
2	2
1	1
1	1
2	2
1	1
2	2
3	3
3	3
1	1
3	3
2	2
2	2
1	1
3	3
2	2
1	1
1	1
3	3
1	1
2	2
2	2
1	1
3	3
2	2
2	2
3	3
1	1
3	3
3	3
3	3
1	1
1	1
3	3
3	3
2	2
3	3
3	3
3	3
3	3
1	1
1	1
2	2
2	2
2	2
3	3
2	2
3	3
1	1
2	2
2	2
2	2
1	1
1	1
1	1
2	2
3	3
1	1
2	2
2	2
3	3
3	3
2	2
3	3
2	2
3	3
1	1
1	1
3	3
1	1
1	1
1	1
1	1
2	2
1	1
3	3
3	3
1	1
1	1
1	1
3	3
2	2
1	1
3	3
2	2
2	2
2	2
1	1
2	2
3	3
2	2
3	3
2	2
1	1
3	3
2	2
1	1
2	2
1	1
2	2
2	2
3	3
1	1
1	1
1	1
2	2
1	1
2	2
2	2
3	3
1	1
2	2
2	2
1	1
1	1
3	3
2	2
1	1
3	3
2	2
1	1
3	3
1	1
1	1
1	1
2	2
1	1
1	1
3	3
2	2
2	2
2	2
3	3
3	3
2	2
1	1
3	3
3	3
1	1
3	3
2	2
2	2
2	2
3	3
3	3
2	2
3	3
2	2
2	2
3	3
3	3
3	3
3	3
3	3
3	3
1	1
2	2
2	2
1	1
2	2
2	2
3	3
2	2
3	3
3	3
3	3
3	3
3	3
3	3
1	1
3	3
2	2
2	2
1	1
3	3
2	2
3	3
3	3
1	1
3	3
3	3
3	3
2	2
1	1
2	2
3	3
1	1
2	2
1	1
2	2
3	3
2	2
2	2
3	3
2	2
1	1
3	3
1	1
2	2
2	2
1	1
1	1
3	3
3	3
1	1
2	2
3	3
3	3
1	1
3	3
3	3
3	3
1	1
1	1
3	3
2	2
1	1
1	1
1	1
2	2
3	3
3	3
2	2
1	1
3	3
1	1
3	3
3	3
2	2
1	1
1	1
1	1
1	1
3	3
1	1
3	3
1	1
2	2
2	2
1	1
3	3
1	1
3	3
1	1
1	1
1	1
1	1
2	2
3	3
3	3
1	66	1103
66	1	1104
1	240	2697
240	1	2698
1	148	4447
148	1	4448
1	89	968
89	1	969
1	190	3596
190	1	3596
1	217	4587
217	1	4588
1	225	4805
225	1	4806
1	109	2724
109	1	2725
1	145	4539
145	1	4540
1	106	2305
106	1	2305
1	86	1087
86	1	1088
1	63	3669
63	1	3670
1	31	4139
31	1	4140
1	34	3326
34	1	3326
1	128	1153
128	1	1154
1	127	1905
127	1	1905
1	146	2456
146	1	2457
1	241	2980
241	1	2981
1	142	4252
142	1	4253
1	135	4836
135	1	4837
2	164	1747
164	2	1747
2	267	2454
267	2	2455
2	149	3559
149	2	3560
2	105	1216
105	2	1216
2	52	3456
52	2	3457
2	6	51
6	2	51
2	270	4691
270	2	4691
2	147	3096
147	2	3096
2	287	4472
287	2	4472
2	92	1851
92	2	1852
2	20	3833
20	2	3833
2	203	3962
203	2	3963
2	45	4079
45	2	4079
2	26	1069
26	2	1070
2	172	3116
172	2	3116
2	91	4656
91	2	4656
2	207	4358
207	2	4359
2	13	1266
13	2	1267
2	173	3925
173	2	3926
2	245	3803
245	2	3803
3	203	4649
203	3	4649
3	175	3665
175	3	3665
3	252	3819
252	3	3819
3	42	3459
42	3	3459
3	20	1678
20	3	1679
3	174	1850
174	3	1850
3	212	4592
212	3	4592
3	67	4296
67	3	4296
3	213	1176
213	3	1177
3	294	3891
294	3	3891
3	82	1527
82	3	1527
3	11	1602
11	3	1603
3	271	2399
271	3	2399
3	125	3354
125	3	3355
3	205	4713
205	3	4714
3	178	4499
178	3	4499
3	10	2235
10	3	2236
3	207	2717
207	3	2718
3	98	3479
98	3	3480
3	185	4633
185	3	4634
4	59	3820
59	4	3821
4	105	4035
105	4	4035
4	262	4819
262	4	4819
4	183	4165
183	4	4166
4	251	489
251	4	489
4	170	4293
170	4	4294
4	140	3983
140	4	3983
4	174	3846
174	4	3847
4	293	2392
293	4	2393
4	142	2418
142	4	2418
4	80	4352
80	4	4352
4	242	3810
242	4	3810
4	106	4667
106	4	4668
4	115	1995
115	4	1995
4	143	4012
143	4	4013
4	141	3673
141	4	3673
4	45	4285
45	4	4285
4	212	1081
212	4	1082
4	133	4043
133	4	4043
4	110	3154
110	4	3155
5	116	3321
116	5	3321
5	217	1807
217	5	1808
5	130	2442
130	5	2442
5	269	2761
269	5	2761
5	224	4968
224	5	4969
5	237	4342
237	5	4342
5	239	4874
239	5	4874
5	80	4688
80	5	4688
5	229	4901
229	5	4901
5	128	2897
128	5	2898
5	181	4529
181	5	4530
5	87	1491
87	5	1491
5	180	875
180	5	876
5	266	2794
266	5	2794
5	84	1596
84	5	1596
5	138	3920
138	5	3921
5	94	669
94	5	669
5	32	920
32	5	921
5	26	2890
26	5	2891
5	172	4420
172	5	4420
6	69	4966
69	6	4966
6	300	576
300	6	577
6	109	3371
109	6	3371
6	152	4798
152	6	4798
6	294	723
294	6	724
6	208	4215
208	6	4215
6	190	3182
190	6	3183
6	156	3092
156	6	3092
6	209	3997
209	6	3997
6	178	1683
178	6	1683
6	145	2896
145	6	2896
6	104	3935
104	6	3936
6	177	3935
177	6	3936
6	138	3806
138	6	3807
6	181	4051
181	6	4051
6	207	4950
207	6	4950
6	70	2734
70	6	2735
6	229	3655
229	6	3656
6	130	1757
130	6	1757
7	149	4524
149	7	4524
7	25	3704
25	7	3705
7	193	2228
193	7	2229
7	102	2615
102	7	2616
7	11	4010
11	7	4011
7	33	4069
33	7	4069
7	224	1005
224	7	1006
7	223	3099
223	7	3099
7	244	4411
244	7	4412
7	32	104
32	7	104
7	245	3295
245	7	3295
7	12	648
12	7	648
7	67	4877
67	7	4877
7	235	845
235	7	845
7	64	4144
64	7	4144
7	240	4338
240	7	4339
7	119	2960
119	7	2960
7	246	4772
246	7	4773
7	114	2601
114	7	2601
7	92	726
92	7	726
8	144	2266
144	8	2266
8	99	616
99	8	616
8	269	4979
269	8	4980
8	182	2989
182	8	2989
8	201	3703
201	8	3704
8	167	2501
167	8	2501
8	242	4139
242	8	4140
8	130	4734
130	8	4734
8	67	1077
67	8	1077
8	51	3711
51	8	3712
8	169	867
169	8	867
8	63	2648
63	8	2648
8	259	4344
259	8	4345
8	235	3910
235	8	3911
8	127	4619
127	8	4620
8	89	3896
89	8	3897
8	46	4250
46	8	4250
8	161	3853
161	8	3853
8	233	4145
233	8	4145
8	24	1389
24	8	1390
9	39	4699
39	9	4699
9	294	1856
294	9	1857
9	33	4007
33	9	4008
9	92	2952
92	9	2952
9	159	4145
159	9	4146
9	121	2603
121	9	2604
9	242	4304
242	9	4305
9	184	4911
184	9	4911
9	214	3558
214	9	3559
9	285	4516
285	9	4517
9	176	2912
176	9	2912
9	275	465
275	9	465
9	235	4269
235	9	4269
9	211	3674
211	9	3674
9	260	1601
260	9	1601
9	272	2279
272	9	2280
9	234	4045
234	9	4045
9	117	2936
117	9	2937
9	78	1491
78	9	1492
9	50	2206
50	9	2207
10	153	4936
153	10	4937
10	137	4176
137	10	4177
10	133	1454
133	10	1454
10	12	4075
12	10	4075
10	85	1172
85	10	1173
10	246	1175
246	10	1176
10	207	2875
207	10	2876
10	159	4396
159	10	4396
10	17	3731
17	10	3731
10	94	2516
94	10	2516
10	259	4798
259	10	4799
10	181	2795
181	10	2795
10	95	4740
95	10	4740
10	252	4918
252	10	4918
10	244	1978
244	10	1979
10	144	1967
144	10	1968
10	239	647
239	10	647
10	213	4892
213	10	4893
10	230	4831
230	10	4831
11	180	4183
180	11	4184
11	197	846
197	11	846
11	160	4954
160	11	4955
11	93	577
93	11	577
11	167	4862
167	11	4862
11	18	347
18	11	347
11	277	3016
277	11	3017
11	268	4978
268	11	4979
11	193	1777
193	11	1778
11	104	1746
104	11	1746
11	228	4378
228	11	4379
11	213	1757
213	11	1758
11	209	293
209	11	294
11	46	1050
46	11	1050
11	32	1100
32	11	1100
11	112	4713
112	11	4713
11	119	4872
119	11	4872
11	38	4771
38	11	4772
12	187	3607
187	12	3608
12	89	4282
89	12	4282
12	115	4950
115	12	4951
12	62	1556
62	12	1556
12	142	4929
142	12	4929
12	65	2064
65	12	2065
12	71	4679
71	12	4679
12	168	4501
168	12	4502
12	30	3771
30	12	3771
12	95	1437
95	12	1437
12	171	4238
171	12	4239
12	231	288
231	12	288
12	164	4347
164	12	4347
12	190	4784
190	12	4784
12	271	741
271	12	742
12	105	3878
105	12	3878
12	283	72
283	12	73
12	224	4622
224	12	4623
13	81	4198
81	13	4199
13	244	434
244	13	434
13	86	3926
86	13	3927
13	224	4542
224	13	4543
13	14	2502
14	13	2502
13	43	4026
43	13	4026
13	25	4820
25	13	4820
13	284	3293
284	13	3294
13	129	1313
129	13	1313
13	161	4315
161	13	4316
13	147	4628
147	13	4629
13	296	2645
296	13	2645
13	222	2692
222	13	2693
13	117	2016
117	13	2016
13	104	2631
104	13	2632
13	186	945
186	13	945
13	190	321
190	13	321
13	150	4148
150	13	4148
13	193	3547
193	13	3547
14	226	3939
226	14	3939
14	169	1332
169	14	1333
14	265	2961
265	14	2962
14	180	2846
180	14	2847
14	136	3868
136	14	3868
14	37	4517
37	14	4517
14	141	1583
141	14	1584
14	19	2527
19	14	2527
14	246	3873
246	14	3874
14	30	2370
30	14	2371
14	263	2866
263	14	2866
14	115	2907
115	14	2908
14	253	4861
253	14	4862
14	109	4270
109	14	4270
14	73	1928
73	14	1928
14	233	1141
233	14	1142
14	76	705
76	14	706
14	53	3030
53	14	3030
14	143	3935
143	14	3935
15	49	3613
49	15	3614
15	136	4414
136	15	4415
15	239	2009
239	15	2009
15	25	1332
25	15	1333
15	255	3827
255	15	3827
15	94	472
94	15	473
15	125	4227
125	15	4227
15	295	2674
295	15	2674
15	40	4315
40	15	4315
15	264	4496
264	15	4496
15	145	2930
145	15	2930
15	87	4313
87	15	4313
15	53	3955
53	15	3956
15	225	3277
225	15	3278
15	256	1894
256	15	1894
15	52	1585
52	15	1586
15	113	401
113	15	401
15	235	2787
235	15	2787
15	175	4105
175	15	4106
15	195	4389
195	15	4389
16	45	3581
45	16	3582
16	22	617
22	16	617
16	266	2618
266	16	2618
16	130	2455
130	16	2455
16	262	4410
262	16	4410
16	196	342
196	16	342
16	150	4994
150	16	4995
16	49	3762
49	16	3763
16	276	2508
276	16	2508
16	82	4225
82	16	4226
16	156	3693
156	16	3693
16	233	673
233	16	673
16	64	1296
64	16	1296
16	225	3327
225	16	3327
16	195	4854
195	16	4855
16	295	4344
295	16	4344
16	30	777
30	16	777
16	231	679
231	16	679
16	32	1161
32	16	1161
16	58	3503
58	16	3504
17	75	4893
75	17	4894
17	72	2854
72	17	2855
17	85	3623
85	17	3623
17	34	2881
34	17	2882
17	252	1133
252	17	1133
17	182	3578
182	17	3579
17	166	2339
166	17	2340
17	208	1011
208	17	1011
17	100	919
100	17	920
17	81	4267
81	17	4267
17	184	3907
184	17	3907
17	248	1965
248	17	1966
17	173	2912
173	17	2912
17	144	958
144	17	958
17	67	1428
67	17	1429
17	271	3023
271	17	3024
17	78	800
78	17	800
17	74	4699
74	17	4699
17	169	4324
169	17	4325
18	252	4333
252	18	4333
18	95	2681
95	18	2681
18	66	3562
66	18	3563
18	141	4631
141	18	4631
18	55	3875
55	18	3875
18	236	3988
236	18	3989
18	73	2213
73	18	2213
18	264	1618
264	18	1618
18	259	4943
259	18	4944
18	180	2429
180	18	2429
18	157	4110
157	18	4111
18	149	4627
149	18	4627
18	86	1011
86	18	1011
18	219	3400
219	18	3400
18	156	1711
156	18	1711
18	280	545
280	18	545
18	245	748
245	18	749
18	258	2187
258	18	2187
18	220	2060
220	18	2060
19	225	3136
225	19	3136
19	137	2248
137	19	2249
19	122	1957
122	19	1957
19	20	2968
20	19	2969
19	231	3764
231	19	3765
19	169	2031
169	19	2031
19	266	1589
266	19	1589
19	65	4350
65	19	4351
19	147	3525
147	19	3525
19	77	1597
77	19	1597
19	96	4994
96	19	4995
19	207	4475
207	19	4476
19	239	2170
239	19	2170
19	92	3330
92	19	3330
19	50	2157
50	19	2157
19	245	2170
245	19	2170
19	186	2879
186	19	2880
19	276	1651
276	19	1651
19	103	4967
103	19	4968
20	53	3868
53	20	3869
20	276	2047
276	20	2047
20	65	4908
65	20	4909
20	85	2991
85	20	2991
20	289	2266
289	20	2267
20	56	3470
56	20	3470
20	29	1837
29	20	1837
20	23	3791
23	20	3791
20	84	3860
84	20	3861
20	205	3396
205	20	3396
20	202	3673
202	20	3674
20	109	1647
109	20	1647
20	46	1974
46	20	1974
20	106	3028
106	20	3028
20	139	1661
139	20	1661
20	121	4035
121	20	4035
20	140	3570
140	20	3571
21	189	3586
189	21	3587
21	59	4607
59	21	4607
21	93	3104
93	21	3104
21	257	1692
257	21	1693
21	37	3650
37	21	3650
21	144	4925
144	21	4925
21	99	2486
99	21	2486
21	214	4140
214	21	4140
21	282	3552
282	21	3552
21	118	3706
118	21	3706
21	76	4681
76	21	4682
21	245	4501
245	21	4501
21	141	3628
141	21	3628
21	164	2257
164	21	2257
21	232	1825
232	21	1825
21	175	4838
175	21	4838
21	128	4654
128	21	4655
21	156	3474
156	21	3474
21	296	4455
296	21	4455
21	23	3764
23	21	3764
22	156	2355
156	22	2356
22	161	4957
161	22	4958
22	79	858
79	22	859
22	39	701
39	22	702
22	189	4029
189	22	4029
22	130	1289
130	22	1290
22	185	1977
185	22	1978
22	148	4075
148	22	4075
22	71	3859
71	22	3859
22	25	4895
25	22	4895
22	247	4389
247	22	4389
22	222	4309
222	22	4309
22	30	1545
30	22	1546
22	233	4315
233	22	4316
22	49	2626
49	22	2626
22	144	1453
144	22	1453
22	147	2903
147	22	2903
22	69	344
69	22	344
22	181	4072
181	22	4073
23	89	1469
89	23	1469
23	25	4431
25	23	4432
23	30	3908
30	23	3908
23	40	2050
40	23	2050
23	241	2580
241	23	2581
23	272	1558
272	23	1558
23	124	4529
124	23	4529
23	50	4897
50	23	4897
23	108	2569
108	23	2570
23	209	4410
209	23	4411
23	267	2254
267	23	2254
23	150	2137
150	23	2137
23	114	3054
114	23	3054
23	176	3649
176	23	3650
23	187	1647
187	23	1648
23	182	2808
182	23	2808
23	118	4084
118	23	4085
23	110	4902
110	23	4902
24	32	2512
32	24	2512
24	45	3683
45	24	3683
24	202	2907
202	24	2907
24	203	4354
203	24	4354
24	125	4266
125	24	4266
24	245	4723
245	24	4724
24	183	4195
183	24	4196
24	284	3757
284	24	3757
24	244	3802
244	24	3803
24	196	1870
196	24	1871
24	89	1180
89	24	1181
24	212	3272
212	24	3273
24	233	3551
233	24	3551
24	139	3591
139	24	3591
24	25	2748
25	24	2748
24	64	3891
64	24	3891
24	30	4784
30	24	4784
24	205	914
205	24	914
24	297	4983
297	24	4983
25	109	1987
109	25	1988
25	242	3154
242	25	3154
25	169	3038
169	25	3038
25	282	3707
282	25	3708
25	208	2699
208	25	2699
25	71	445
71	25	446
25	227	2401
227	25	2402
25	92	1104
92	25	1105
25	113	3978
113	25	3978
25	161	4884
161	25	4884
25	144	4053
144	25	4053
25	100	4383
100	25	4384
25	277	409
277	25	409
25	218	2673
218	25	2673
26	298	3578
298	26	3578
26	89	4310
89	26	4311
26	61	4383
61	26	4384
26	211	4105
211	26	4106
26	67	4279
67	26	4279
26	66	532
66	26	533
26	70	3369
70	26	3369
26	247	3693
247	26	3693
26	49	1702
49	26	1702
26	158	1017
158	26	1017
26	131	978
131	26	978
26	50	4246
50	26	4246
26	283	2421
283	26	2421
26	166	542
166	26	543
26	126	4485
126	26	4485
26	152	3306
152	26	3306
26	138	4469
138	26	4469
26	81	3360
81	26	3360
27	155	2659
155	27	2660
27	129	1234
129	27	1235
27	272	4736
272	27	4737
27	250	3259
250	27	3260
27	57	1159
57	27	1159
27	274	2484
274	27	2485
27	252	4954
252	27	4955
27	43	2578
43	27	2579
27	144	4245
144	27	4246
27	181	1597
181	27	1598
27	131	1379
131	27	1380
27	64	3569
64	27	3570
27	251	4116
251	27	4117
27	79	4263
79	27	4263
27	87	1383
87	27	1384
27	248	3421
248	27	3421
27	145	3770
145	27	3770
27	40	4639
40	27	4640
27	270	4316
270	27	4317
27	260	4635
260	27	4636
28	34	3713
34	28	3714
28	165	3297
165	28	3297
28	149	1209
149	28	1210
28	283	4475
283	28	4476
28	280	4043
280	28	4043
28	128	3515
128	28	3516
28	49	1973
49	28	1974
28	211	4197
211	28	4197
28	113	4452
113	28	4452
28	67	1426
67	28	1427
28	147	356
147	28	356
28	222	311
222	28	312
28	58	921
58	28	921
28	86	4215
86	28	4215
28	232	4323
232	28	4324
28	182	2575
182	28	2575
28	217	1862
217	28	1863
28	251	3526
251	28	3526
28	200	4414
200	28	4414
28	255	4652
255	28	4653
29	70	4165
70	29	4165
29	210	4960
210	29	4961
29	80	4038
80	29	4038
29	81	4411
81	29	4412
29	204	2054
204	29	2055
29	41	3534
41	29	3535
29	183	231
183	29	232
29	94	4253
94	29	4253
29	156	645
156	29	645
29	157	1092
157	29	1092
29	51	2695
51	29	2695
29	174	2214
174	29	2214
29	98	4214
98	29	4214
29	47	4026
47	29	4026
29	85	1593
85	29	1594
29	31	4429
31	29	4429
29	181	4616
181	29	4617
29	165	2236
165	29	2236
29	239	2686
239	29	2687
30	257	4238
257	30	4239
30	278	4895
278	30	4896
30	81	4541
81	30	4541
30	297	2420
297	30	2420
30	189	1093
189	30	1094
30	90	4889
90	30	4890
30	133	1269
133	30	1269
30	211	3586
211	30	3586
30	267	4436
267	30	4437
30	64	4572
64	30	4573
30	250	3838
250	30	3838
30	273	354
273	30	354
30	228	3805
228	30	3805
30	131	4171
131	30	4171
31	127	398
127	31	399
31	206	4676
206	31	4676
31	174	707
174	31	708
31	64	3836
64	31	3837
31	41	4534
41	31	4535
31	102	2410
102	31	2410
31	43	3156
43	31	3156
31	259	4698
259	31	4699
31	249	3356
249	31	3356
31	40	2697
40	31	2697
31	114	3633
114	31	3633
31	204	1874
204	31	1874
31	239	4403
239	31	4403
31	52	4010
52	31	4010
31	175	4219
175	31	4219
31	173	4226
173	31	4226
31	110	907
110	31	907
32	52	3449
52	32	3450
32	128	1216
128	32	1217
32	197	3938
197	32	3939
32	266	1484
266	32	1485
32	234	2121
234	32	2121
32	65	4153
65	32	4153
32	74	4238
74	32	4239
32	243	3594
243	32	3595
32	37	1241
37	32	1241
32	289	4621
289	32	4621
32	47	1067
47	32	1068
32	233	3433
233	32	3434
32	132	2557
132	32	2558
32	162	4457
162	32	4458
33	111	4239
111	33	4240
33	88	4396
88	33	4397
33	69	1963
69	33	1963
33	256	4640
256	33	4640
33	49	419
49	33	419
33	197	2925
197	33	2926
33	251	3456
251	33	3457
33	266	4537
266	33	4538
33	93	1535
93	33	1536
33	248	2040
248	33	2040
33	238	3726
238	33	3727
33	159	3863
159	33	3863
33	245	1032
245	33	1032
33	262	2769
262	33	2770
33	84	3368
84	33	3368
34	188	1832
188	34	1833
34	70	199
70	34	200
34	46	4702
46	34	4702
34	100	2113
100	34	2114
34	180	3126
180	34	3126
34	203	4437
203	34	4438
34	109	4049
109	34	4049
34	185	879
185	34	880
34	126	699
126	34	700
34	61	2483
61	34	2484
34	270	4792
270	34	4793
34	258	2954
258	34	2955
34	243	3656
243	34	3656
34	122	3691
122	34	3692
34	48	1218
48	34	1219
35	85	3003
85	35	3004
35	282	2979
282	35	2980
35	273	1118
273	35	1119
35	125	970
125	35	970
35	184	2100
184	35	2100
35	225	218
225	35	218
35	262	3841
262	35	3841
35	100	4106
100	35	4107
35	101	4941
101	35	4942
35	86	4492
86	35	4492
35	174	3594
174	35	3594
35	45	2574
45	35	2574
35	216	4556
216	35	4557
35	115	3601
115	35	3601
35	146	3240
146	35	3240
35	168	3096
168	35	3097
35	38	4019
38	35	4019
35	300	238
300	35	238
36	81	3215
81	36	3216
36	187	2030
187	36	2031
36	194	2577
194	36	2577
36	188	1316
188	36	1317
36	178	4822
178	36	4823
36	84	4502
84	36	4503
36	289	2011
289	36	2011
36	85	3236
85	36	3237
36	220	2625
220	36	2626
36	77	2479
77	36	2479
36	64	3798
64	36	3799
36	251	2562
251	36	2562
36	65	4584
65	36	4585
36	191	4228
191	36	4228
36	164	771
164	36	772
36	253	3090
253	36	3091
36	136	250
136	36	251
36	265	1947
265	36	1947
36	99	4111
99	36	4111
37	62	1830
62	37	1830
37	148	1051
148	37	1052
37	40	3719
40	37	3719
37	253	577
253	37	577
37	259	2779
259	37	2780
37	125	4815
125	37	4816
37	194	4385
194	37	4385
37	49	4723
49	37	4724
37	197	3844
197	37	3845
37	139	4199
139	37	4199
37	74	971
74	37	971
37	104	3990
104	37	3990
37	244	4482
244	37	4483
37	274	2779
274	37	2779
38	147	2567
147	38	2567
38	143	1038
143	38	1038
38	48	990
48	38	991
38	116	3777
116	38	3778
38	123	3349
123	38	3349
38	141	2437
141	38	2437
38	109	4039
109	38	4040
38	258	4135
258	38	4136
38	121	2395
121	38	2395
38	187	2542
187	38	2542
38	114	1161
114	38	1162
38	184	3928
184	38	3929
38	153	4396
153	38	4396
38	158	4157
158	38	4158
38	126	4724
126	38	4725
38	172	2254
172	38	2254
38	236	4730
236	38	4731
39	290	1836
290	39	1837
39	76	4311
76	39	4311
39	141	4020
141	39	4020
39	206	3516
206	39	3517
39	229	2073
229	39	2073
39	195	2179
195	39	2180
39	222	2844
222	39	2845
39	249	485
249	39	486
39	300	4961
300	39	4961
39	50	3255
50	39	3255
39	283	4069
283	39	4069
39	265	3909
265	39	3910
39	179	4129
179	39	4130
40	225	3967
225	40	3968
40	100	842
100	40	843
40	130	3938
130	40	3939
40	182	3614
182	40	3615
40	141	1245
141	40	1245
40	87	3591
87	40	3592
40	233	4147
233	40	4148
40	181	711
181	40	712
40	72	4784
72	40	4785
40	160	4899
160	40	4900
40	249	4954
249	40	4954
40	59	1937
59	40	1937
40	43	698
43	40	698
41	67	4289
67	41	4290
41	268	4204
268	41	4205
41	178	2309
178	41	2310
41	184	2649
184	41	2649
41	229	4151
229	41	4151
41	161	1921
161	41	1922
41	120	4824
120	41	4824
41	45	4546
45	41	4547
41	65	496
65	41	496
41	238	3299
238	41	3300
41	153	4818
153	41	4819
41	288	2951
288	41	2952
41	119	2919
119	41	2919
42	126	4202
126	42	4203
42	220	2487
220	42	2488
42	289	690
289	42	690
42	281	3369
281	42	3370
42	156	1311
156	42	1311
42	291	4375
291	42	4376
42	223	2458
223	42	2458
42	139	4074
139	42	4074
42	91	807
91	42	807
42	120	2429
120	42	2430
42	81	3001
81	42	3002
42	142	4429
142	42	4430
42	182	4621
182	42	4621
42	270	4866
270	42	4866
42	183	972
183	42	972
42	238	4402
238	42	4402
42	192	3044
192	42	3045
43	81	2849
81	43	2850
43	147	514
147	43	514
43	156	3352
156	43	3352
43	209	4507
209	43	4507
43	185	2283
185	43	2284
43	62	3132
62	43	3133
43	278	4673
278	43	4674
43	161	984
161	43	985
43	75	1489
75	43	1490
43	223	121
223	43	121
43	288	4257
288	43	4258
43	267	4843
267	43	4844
44	257	4480
257	44	4481
44	151	3958
151	44	3959
44	92	3790
92	44	3790
44	70	3449
70	44	3449
44	279	3372
279	44	3373
44	167	4651
167	44	4651
44	89	3725
89	44	3726
44	203	4529
203	44	4530
44	66	1543
66	44	1544
44	243	3423
243	44	3424
44	76	303
76	44	304
44	199	3606
199	44	3606
44	46	4491
46	44	4491
44	264	4599
264	44	4600
44	209	3253
209	44	3253
45	207	4743
207	45	4744
45	102	3641
102	45	3641
45	278	1624
278	45	1624
45	104	452
104	45	452
45	72	4143
72	45	4144
45	129	1478
129	45	1479
45	286	2805
286	45	2805
45	171	2507
171	45	2507
45	181	4365
181	45	4365
46	62	4889
62	46	4890
46	208	4726
208	46	4726
46	262	1630
262	46	1630
46	210	1663
210	46	1664
46	209	3811
209	46	3811
46	100	4256
100	46	4257
46	257	4223
257	46	4224
46	199	1799
199	46	1800
46	179	4853
179	46	4854
46	201	4177
201	46	4177
46	94	1785
94	46	1786
46	167	4485
167	46	4485
47	116	4845
116	47	4846
47	288	1087
288	47	1088
47	69	4255
69	47	4255
47	254	1652
254	47	1653
47	178	4848
178	47	4849
47	67	3443
67	47	3443
47	201	1579
201	47	1579
47	82	4659
82	47	4660
47	248	3534
248	47	3534
47	155	3105
155	47	3106
47	109	143
109	47	143
47	189	4497
189	47	4497
47	54	2090
54	47	2090
48	83	4480
83	48	4481
48	89	2275
89	48	2275
48	104	4762
104	48	4763
48	190	54
190	48	54
48	107	3128
107	48	3128
48	91	3300
91	48	3301
48	143	3480
143	48	3481
48	159	1158
159	48	1158
48	297	2385
297	48	2385
48	164	2017
164	48	2017
48	112	4573
112	48	4574
48	187	137
187	48	138
48	221	3099
221	48	3100
48	135	3796
135	48	3797
49	225	1130
225	49	1131
49	79	3441
79	49	3441
49	138	1376
138	49	1377
49	178	4170
178	49	4170
49	286	3136
286	49	3136
49	247	3750
247	49	3751
49	293	1399
293	49	1400
49	216	4872
216	49	4872
50	67	1754
67	50	1755
50	66	4840
66	50	4841
50	246	4921
246	50	4921
50	205	4674
205	50	4675
50	188	4588
188	50	4589
50	81	3697
81	50	3698
50	147	4366
147	50	4367
50	200	3884
200	50	3885
50	212	2516
212	50	2517
50	252	4121
252	50	4122
50	232	3907
232	50	3908
51	113	3966
113	51	3967
51	93	164
93	51	164
51	160	3810
160	51	3811
51	233	252
233	51	253
51	134	2808
134	51	2808
51	129	4964
129	51	4964
51	252	3286
252	51	3287
51	263	4850
263	51	4851
51	244	1637
244	51	1637
51	194	3603
194	51	3603
51	207	2358
207	51	2358
51	231	2091
231	51	2091
51	66	1385
66	51	1385
51	115	2136
115	51	2137
51	246	128
246	51	129
52	201	4829
201	52	4830
52	282	2822
282	52	2822
52	242	3032
242	52	3033
52	86	4001
86	52	4001
52	173	3898
173	52	3898
52	184	4339
184	52	4340
52	130	2883
130	52	2884
52	165	3942
165	52	3943
52	236	1525
236	52	1525
52	129	310
129	52	310
52	255	1659
255	52	1659
52	149	1131
149	52	1132
52	124	3629
124	52	3630
52	163	2351
163	52	2351
52	211	297
211	52	298
53	215	3795
215	53	3795
53	232	4369
232	53	4370
53	206	1554
206	53	1555
53	211	4306
211	53	4307
53	158	3273
158	53	3273
53	75	4357
75	53	4357
53	71	3955
71	53	3955
53	159	4846
159	53	4846
53	291	4430
291	53	4431
53	103	4491
103	53	4491
53	279	810
279	53	811
53	195	3858
195	53	3859
53	255	4134
255	53	4135
53	202	4940
202	53	4941
53	120	4559
120	53	4559
54	142	2420
142	54	2421
54	199	3933
199	54	3933
54	119	4125
119	54	4126
54	88	1593
88	54	1593
54	187	3410
187	54	3410
54	207	2106
207	54	2107
54	98	3831
98	54	3831
54	173	3094
173	54	3094
54	293	4876
293	54	4876
54	130	4128
130	54	4129
54	248	4889
248	54	4889
54	197	4686
197	54	4686
54	178	1294
178	54	1295
54	194	4911
194	54	4911
54	95	4387
95	54	4387
55	73	4043
73	55	4043
55	136	4834
136	55	4834
55	299	4961
299	55	4962
55	180	4652
180	55	4653
55	228	4791
228	55	4791
55	168	3720
168	55	3721
55	226	3718
226	55	3718
55	181	858
181	55	859
55	95	3370
95	55	3371
55	270	4936
270	55	4936
55	156	3937
156	55	3937
55	172	2564
172	55	2564
55	198	3803
198	55	3803
55	87	1480
87	55	1481
55	77	1876
77	55	1877
55	56	1313
56	55	1313
56	197	2710
197	56	2710
56	242	3474
242	56	3474
56	105	1915
105	56	1916
56	153	1875
153	56	1876
56	128	4760
128	56	4760
56	269	3777
269	56	3777
56	205	1794
205	56	1794
56	265	467
265	56	467
56	274	3545
274	56	3546
56	208	1230
208	56	1231
56	79	4529
79	56	4530
56	116	619
116	56	619
56	65	4538
65	56	4539
56	77	3633
77	56	3634
56	114	4157
114	56	4158
56	273	619
273	56	620
57	68	3591
68	57	3592
57	227	2969
227	57	2970
57	252	4419
252	57	4419
57	120	4799
120	57	4799
57	88	3794
88	57	3794
57	282	2983
282	57	2984
57	58	4929
58	57	4929
57	73	3141
73	57	3142
57	225	709
225	57	710
57	98	3274
98	57	3274
57	127	4442
127	57	4442
57	211	697
211	57	698
57	292	1588
292	57	1588
57	283	1209
283	57	1209
57	123	669
123	57	669
57	105	4168
105	57	4168
58	194	2576
194	58	2576
58	199	182
199	58	182
58	269	4874
269	58	4875
58	255	4324
255	58	4325
58	260	1274
260	58	1274
58	185	2827
185	58	2827
58	203	513
203	58	513
58	126	602
126	58	602
58	206	1166
206	58	1167
58	215	3725
215	58	3726
58	147	4533
147	58	4533
58	284	4308
284	58	4308
59	129	1859
129	59	1859
59	186	739
186	59	739
59	281	3933
281	59	3933
59	279	1825
279	59	1825
59	128	919
128	59	919
59	76	4077
76	59	4077
59	82	1783
82	59	1783
59	251	1156
251	59	1157
59	216	4459
216	59	4459
59	62	1778
62	59	1779
59	135	3939
135	59	3940
59	267	4195
267	59	4195
59	244	411
244	59	412
59	193	4678
193	59	4679
59	110	3920
110	59	3921
59	291	3461
291	59	3461
60	268	810
268	60	811
60	85	4354
85	60	4354
60	250	4144
250	60	4145
60	221	1425
221	60	1426
60	80	3527
80	60	3528
60	140	1640
140	60	1641
60	291	3993
291	60	3994
60	164	3804
164	60	3805
60	176	1018
176	60	1018
60	168	4465
168	60	4465
60	136	4185
136	60	4185
60	107	4910
107	60	4911
60	242	1911
242	60	1911
60	97	3811
97	60	3812
60	203	3519
203	60	3519
60	123	4172
123	60	4172
60	135	2150
135	60	2151
60	216	4003
216	60	4003
60	298	3114
298	60	3115
61	169	4279
169	61	4279
61	124	4754
124	61	4755
61	63	4729
63	61	4730
61	264	3962
264	61	3963
61	108	2097
108	61	2098
61	238	3643
238	61	3644
61	269	4407
269	61	4408
61	217	4736
217	61	4736
61	255	4059
255	61	4059
61	228	705
228	61	705
61	162	3872
162	61	3872
61	240	4522
240	61	4522
61	256	4027
256	61	4028
62	172	2568
172	62	2569
62	119	4077
119	62	4077
62	278	3786
278	62	3786
62	175	2525
175	62	2525
62	236	4235
236	62	4236
62	240	3769
240	62	3769
62	210	4724
210	62	4724
62	194	4751
194	62	4752
62	254	3635
254	62	3636
62	124	4433
124	62	4434
62	255	3515
255	62	3516
63	85	2479
85	63	2479
63	137	3665
137	63	3665
63	80	1477
80	63	1477
63	90	1026
90	63	1027
63	138	2182
138	63	2182
63	147	3613
147	63	3613
63	128	4402
128	63	4403
63	178	75
178	63	76
63	265	4902
265	63	4903
63	273	4859
273	63	4860
63	182	3808
182	63	3808
63	263	2397
263	63	2397
63	170	1653
170	63	1654
63	235	725
235	63	725
63	184	564
184	63	565
64	216	3112
216	64	3112
64	147	3003
147	64	3003
64	119	253
119	64	253
64	210	4020
210	64	4021
64	292	3692
292	64	3692
64	69	4900
69	64	4900
64	182	2716
182	64	2717
64	81	4618
81	64	4618
64	99	2040
99	64	2040
65	235	4451
235	65	4451
65	134	4416
134	65	4416
65	92	1797
92	65	1797
65	260	4539
260	65	4540
65	267	228
267	65	228
65	84	4942
84	65	4943
65	243	2465
243	65	2465
65	256	4251
256	65	4252
65	66	2659
66	65	2659
65	141	4151
141	65	4152
65	179	4935
179	65	4936
65	240	3105
240	65	3105
66	263	1387
263	66	1388
66	179	4323
179	66	4324
66	252	2880
252	66	2880
66	191	1321
191	66	1321
66	145	2316
145	66	2317
66	85	4207
85	66	4208
66	98	4283
98	66	4284
66	209	4479
209	66	4479
66	69	4446
69	66	4447
66	246	4451
246	66	4452
67	127	3163
127	67	3163
67	70	4333
70	67	4334
67	158	3574
158	67	3575
67	105	4861
105	67	4861
67	236	4715
236	67	4715
67	131	4838
131	67	4839
67	123	3563
123	67	3564
67	104	4882
104	67	4882
68	239	4670
239	68	4671
68	146	841
146	68	841
68	165	3859
165	68	3859
68	181	4450
181	68	4450
68	128	4456
128	68	4457
68	199	4687
199	68	4687
68	230	3323
230	68	3323
68	145	3855
145	68	3855
68	180	2920
180	68	2921
68	283	136
283	68	137
68	298	4224
298	68	4224
68	238	125
238	68	126
68	101	2997
101	68	2997
68	98	3331
98	68	3331
68	282	3503
282	68	3504
69	297	1008
297	69	1009
69	170	3098
170	69	3098
69	98	2775
98	69	2775
69	75	1737
75	69	1738
69	239	3778
239	69	3779
69	279	3716
279	69	3716
69	99	715
99	69	715
69	253	2531
253	69	2531
69	210	3920
210	69	3920
69	265	1095
265	69	1095
69	292	4376
292	69	4377
70	231	2172
231	70	2173
70	126	4296
126	70	4296
70	261	4883
261	70	4883
70	85	3960
85	70	3961
70	146	4237
146	70	4237
70	258	1025
258	70	1026
70	104	1352
104	70	1353
70	280	1993
280	70	1994
70	76	3619
76	70	3619
71	234	1058
234	71	1058
71	287	2213
287	71	2213
71	129	4028
129	71	4029
71	86	1993
86	71	1994
71	159	1558
159	71	1558
71	231	2295
231	71	2295
71	237	4864
237	71	4865
71	125	4305
125	71	4306
71	244	213
244	71	214
71	236	4520
236	71	4520
71	300	515
300	71	516
72	213	1310
213	72	1311
72	197	3951
197	72	3951
72	188	3371
188	72	3372
72	80	3794
80	72	3794
72	200	3284
200	72	3285
72	147	1923
147	72	1924
72	255	1516
255	72	1517
72	114	1617
114	72	1618
72	130	4283
130	72	4283
72	270	558
270	72	559
72	162	4710
162	72	4710
72	152	3762
152	72	3762
72	242	3955
242	72	3955
72	149	3965
149	72	3966
72	123	4433
123	72	4434
73	199	4223
199	73	4224
73	95	3272
95	73	3273
73	161	3585
161	73	3585
73	92	4400
92	73	4401
73	222	3418
222	73	3419
73	204	1982
204	73	1983
73	103	4253
103	73	4253
73	202	4423
202	73	4423
73	188	3775
188	73	3775
73	87	2873
87	73	2873
73	234	4943
234	73	4943
73	261	4460
261	73	4461
74	115	225
115	74	225
74	199	4164
199	74	4165
74	102	3924
102	74	3925
74	232	4286
232	74	4286
74	108	3353
108	74	3353
74	133	1470
133	74	1470
74	180	3839
180	74	3840
74	158	3695
158	74	3695
74	83	4219
83	74	4220
74	250	4968
250	74	4968
74	104	4353
104	74	4353
74	109	4194
109	74	4195
75	241	2744
241	75	2744
75	121	1424
121	75	1424
75	202	4399
202	75	4399
75	138	4069
138	75	4070
75	265	3391
265	75	3392
75	108	4298
108	75	4299
75	83	4109
83	75	4109
75	178	4792
178	75	4793
75	118	4183
118	75	4183
75	262	2979
262	75	2980
75	220	3893
220	75	3894
75	96	4591
96	75	4591
75	221	3736
221	75	3737
76	105	580
105	76	581
76	227	3929
227	76	3929
76	91	4030
91	76	4031
76	134	3024
134	76	3025
76	126	225
126	76	225
76	214	2748
214	76	2748
76	222	1778
222	76	1779
76	215	3862
215	76	3862
76	248	2295
248	76	2295
77	180	2099
180	77	2100
77	175	104
175	77	104
77	178	4533
178	77	4533
77	179	207
179	77	207
77	168	1080
168	77	1081
77	217	4829
217	77	4830
77	287	209
287	77	209
77	137	4845
137	77	4845
77	207	2874
207	77	2874
77	262	4595
262	77	4595
77	288	4409
288	77	4410
78	141	1342
141	78	1342
78	129	201
129	78	202
78	82	2305
82	78	2306
78	214	3732
214	78	3732
78	152	676
152	78	677
78	153	4022
153	78	4022
78	254	3184
254	78	3185
78	118	4259
118	78	4260
78	246	3228
246	78	3228
78	222	4308
222	78	4308
78	81	4729
81	78	4729
78	105	4201
105	78	4201
78	258	3555
258	78	3555
79	211	156
211	79	157
79	220	4784
220	79	4784
79	262	4047
262	79	4048
79	99	4281
99	79	4281
79	186	2951
186	79	2951
79	241	1811
241	79	1812
79	128	4319
128	79	4319
79	85	2159
85	79	2159
79	248	1016
248	79	1017
79	127	3829
127	79	3829
79	214	1885
214	79	1885
80	192	494
192	80	494
80	243	4869
243	80	4870
80	221	1689
221	80	1690
80	265	514
265	80	514
80	194	4985
194	80	4986
80	205	1892
205	80	1892
80	210	2062
210	80	2063
80	182	4587
182	80	4587
80	132	3830
132	80	3831
80	146	2988
146	80	2988
80	238	2239
238	80	2240
80	259	3395
259	80	3395
81	248	1419
248	81	1420
81	220	4109
220	81	4110
81	144	3366
144	81	3367
81	195	3801
195	81	3801
81	235	3607
235	81	3608
81	112	1409
112	81	1410
81	193	3372
193	81	3372
82	199	2767
199	82	2767
82	120	4247
120	82	4247
82	149	4736
149	82	4736
82	248	1618
248	82	1619
82	193	3651
193	82	3651
82	216	4869
216	82	4870
82	158	3796
158	82	3796
82	174	2250
174	82	2251
82	207	2076
207	82	2076
82	206	1860
206	82	1860
83	211	2100
211	83	2101
83	242	3993
242	83	3994
83	193	2191
193	83	2191
83	256	4453
256	83	4453
83	196	3941
196	83	3941
83	225	3767
225	83	3767
83	252	2263
252	83	2264
83	217	3993
217	83	3994
83	264	4081
264	83	4081
83	160	3175
160	83	3176
83	107	1706
107	83	1706
83	187	4492
187	83	4493
83	215	261
215	83	262
83	202	894
202	83	894
83	244	3898
244	83	3899
84	260	4530
260	84	4531
84	152	4098
152	84	4098
84	226	2853
226	84	2854
84	222	3344
222	84	3344
84	161	2644
161	84	2644
84	258	2857
258	84	2858
84	221	2861
221	84	2862
84	213	1924
213	84	1925
84	224	681
224	84	681
84	299	4186
299	84	4187
84	90	3626
90	84	3627
84	169	3451
169	84	3451
84	206	3516
206	84	3517
85	251	3046
251	85	3047
85	198	1400
198	85	1401
85	263	4849
263	85	4850
85	278	1977
278	85	1977
85	237	52
237	85	52
85	177	4037
177	85	4037
85	264	519
264	85	519
86	172	4749
172	86	4750
86	239	4870
239	86	4870
86	200	1939
200	86	1939
86	161	1461
161	86	1462
86	177	2762
177	86	2763
86	103	2891
103	86	2892
86	171	2226
171	86	2227
86	254	4032
254	86	4033
86	221	3340
221	86	3341
87	179	2970
179	87	2970
87	236	2501
236	87	2502
87	209	4282
209	87	4283
87	200	4423
200	87	4424
87	127	3014
127	87	3015
87	202	4182
202	87	4182
87	280	4030
280	87	4031
87	253	4549
253	87	4550
87	191	2773
191	87	2773
88	158	2639
158	88	2640
88	170	1038
170	88	1039
88	263	4224
263	88	4224
88	183	1585
183	88	1585
88	129	3415
129	88	3415
88	110	3592
110	88	3592
88	256	3959
256	88	3959
88	281	4852
281	88	4853
88	134	1524
134	88	1524
88	201	3568
201	88	3569
88	195	4661
195	88	4662
88	238	2121
238	88	2122
88	287	3790
287	88	3790
89	237	221
237	89	221
89	140	2918
140	89	2918
89	174	3731
174	89	3731
89	103	4188
103	89	4189
89	117	2244
117	89	2244
89	194	1439
194	89	1439
89	254	610
254	89	610
90	226	3510
226	90	3511
90	207	1703
207	90	1703
90	106	2672
106	90	2673
90	133	85
133	90	86
90	167	4537
167	90	4538
90	142	4290
142	90	4291
90	176	4821
176	90	4821
90	169	2884
169	90	2884
90	193	4970
193	90	4971
90	127	3215
127	90	3216
90	199	4198
199	90	4198
90	93	4009
93	90	4009
90	108	2645
108	90	2646
90	182	936
182	90	936
90	257	4071
257	90	4071
90	208	3050
208	90	3050
91	210	4298
210	91	4298
91	186	4262
186	91	4262
91	154	3007
154	91	3008
91	206	4640
206	91	4640
91	106	4858
106	91	4859
91	107	4982
107	91	4982
91	209	1045
209	91	1045
91	257	3562
257	91	3562
91	147	4550
147	91	4551
91	289	3582
289	91	3582
91	164	4382
164	91	4383
91	157	4737
157	91	4737
91	199	4895
199	91	4895
91	173	4610
173	91	4610
91	172	4896
172	91	4896
92	148	2823
148	92	2823
92	136	652
136	92	653
92	289	2101
289	92	2101
92	288	1999
288	92	1999
92	195	2725
195	92	2725
92	124	894
124	92	895
92	115	2009
115	92	2009
92	194	658
194	92	658
92	211	3646
211	92	3647
92	237	4336
237	92	4336
92	102	2582
102	92	2583
93	164	3700
164	93	3700
93	158	345
158	93	346
93	283	4258
283	93	4258
93	250	2541
250	93	2542
93	148	2782
148	93	2783
93	203	2513
203	93	2513
93	266	3920
266	93	3920
93	253	4850
253	93	4850
93	185	1410
185	93	1411
93	186	2148
186	93	2148
93	223	2514
223	93	2514
93	114	4647
114	93	4648
93	268	2850
268	93	2850
93	122	3041
122	93	3042
94	139	4556
139	94	4556
94	206	2253
206	94	2254
94	297	4379
297	94	4379
94	112	2394
112	94	2394
94	175	1575
175	94	1575
94	198	3721
198	94	3721
94	254	4336
254	94	4337
94	155	2880
155	94	2880
94	236	85
236	94	86
94	249	3811
249	94	3811
94	255	4277
255	94	4278
94	226	1560
226	94	1561
94	204	2792
204	94	2792
95	148	2996
148	95	2997
95	217	591
217	95	591
95	200	4079
200	95	4080
95	234	4920
234	95	4921
95	196	4913
196	95	4913
95	152	1344
152	95	1344
95	104	3567
104	95	3568
95	198	1649
198	95	1650
95	136	4813
136	95	4813
95	111	742
111	95	742
95	169	4289
169	95	4290
96	118	1913
118	96	1914
96	129	4858
129	96	4858
96	254	88
254	96	89
96	101	3279
101	96	3280
96	280	4863
280	96	4863
96	176	4922
176	96	4923
96	282	3045
282	96	3045
96	221	583
221	96	584
96	206	3855
206	96	3856
96	224	3310
224	96	3311
96	194	3226
194	96	3227
96	100	4620
100	96	4621
96	169	4393
169	96	4393
96	155	4165
155	96	4165
97	239	1421
239	97	1421
97	110	4140
110	97	4141
97	168	2600
168	97	2601
97	238	3644
238	97	3644
97	157	4459
157	97	4459
97	99	4150
99	97	4151
97	215	4925
215	97	4925
97	180	3145
180	97	3145
97	235	1829
235	97	1829
97	135	708
135	97	708
97	124	2875
124	97	2875
97	193	4527
193	97	4527
97	148	4225
148	97	4226
97	188	3445
188	97	3445
97	170	1836
170	97	1836
97	265	96
265	97	97
97	182	4662
182	97	4663
97	109	4138
109	97	4139
98	215	3198
215	98	3199
98	184	2687
184	98	2687
98	198	969
198	98	969
98	141	4017
141	98	4017
98	245	2636
245	98	2637
98	260	4048
260	98	4049
98	150	4703
150	98	4704
98	239	4648
239	98	4648
98	293	1704
293	98	1704
98	170	1550
170	98	1550
99	170	3619
170	99	3620
99	226	1600
226	99	1600
99	180	3907
180	99	3907
99	110	4365
110	99	4366
99	113	1532
113	99	1533
99	104	3270
104	99	3270
99	166	1012
166	99	1013
99	278	1243
278	99	1244
99	208	4195
208	99	4195
99	143	4688
143	99	4689
100	120	4581
120	100	4581
100	208	1634
208	100	1635
100	226	2959
226	100	2960
100	195	3735
195	100	3736
100	239	3422
239	100	3423
100	216	4727
216	100	4728
100	116	4165
116	100	4166
100	273	4107
273	100	4108
100	267	4504
267	100	4505
100	152	2564
152	100	2564
100	154	3405
154	100	3406
101	290	3678
290	101	3679
101	155	4309
155	101	4309
101	195	3652
195	101	3652
101	200	4165
200	101	4166
101	256	4869
256	101	4869
101	185	3195
185	101	3196
101	130	4615
130	101	4616
101	257	3232
257	101	3233
101	184	2653
184	101	2654
101	168	1778
168	101	1778
101	288	3861
288	101	3861
101	269	4429
269	101	4429
101	166	4244
166	101	4245
101	232	2046
232	101	2047
101	244	3296
244	101	3296
101	111	2352
111	101	2353
102	261	4649
261	102	4650
102	103	1052
103	102	1052
102	163	1401
163	102	1401
102	268	4557
268	102	4557
102	251	2487
251	102	2488
102	164	2370
164	102	2371
102	218	4696
218	102	4696
102	239	262
239	102	262
102	148	1030
148	102	1030
102	223	2894
223	102	2894
103	222	3762
222	103	3762
103	183	2523
183	103	2523
103	116	3568
116	103	3569
103	224	1416
224	103	1417
103	136	2364
136	103	2365
103	115	4123
115	103	4123
103	234	4320
234	103	4320
103	146	4644
146	103	4645
103	191	4541
191	103	4542
103	173	3881
173	103	3882
103	229	3680
229	103	3681
103	201	2963
201	103	2964
103	166	1474
166	103	1475
104	289	1630
289	104	1630
104	155	1499
155	104	1499
104	246	1585
246	104	1585
104	127	4564
127	104	4565
104	248	4284
248	104	4284
104	165	4789
165	104	4790
104	119	2070
119	104	2070
105	148	3760
148	105	3761
105	210	4770
210	105	4770
105	200	3392
200	105	3393
105	120	2986
120	105	2986
105	147	1138
147	105	1139
105	135	3602
135	105	3602
105	266	4211
266	105	4211
105	125	4768
125	105	4769
106	251	3986
251	106	3987
106	127	4820
127	106	4821
106	151	3945
151	106	3945
106	137	2365
137	106	2365
106	119	4746
119	106	4746
106	161	3836
161	106	3836
106	229	3732
229	106	3733
106	154	4752
154	106	4753
106	165	4368
165	106	4368
106	289	2006
289	106	2007
106	149	4985
149	106	4985
106	117	3102
117	106	3102
106	166	135
166	106	136
107	162	3880
162	107	3880
107	230	3461
230	107	3462
107	220	3231
220	107	3231
107	199	4724
199	107	4725
107	178	4808
178	107	4809
107	161	2785
161	107	2785
107	128	4365
128	107	4365
107	163	2323
163	107	2324
107	284	4509
284	107	4509
107	152	1195
152	107	1195
107	203	3968
203	107	3968
108	132	3873
132	108	3874
108	248	2512
248	108	2512
108	115	4604
115	108	4605
108	122	3597
122	108	3597
108	196	4002
196	108	4003
108	293	2844
293	108	2845
108	290	1576
290	108	1577
108	149	4763
149	108	4763
108	148	4816
148	108	4816
108	187	4914
187	108	4914
108	114	4959
114	108	4960
109	119	2809
119	109	2810
109	179	4386
179	109	4387
109	114	3905
114	109	3905
109	140	1604
140	109	1604
109	146	3809
146	109	3810
109	241	2477
241	109	2477
109	270	4345
270	109	4346
109	220	3982
220	109	3982
110	139	2860
139	110	2861
110	242	1384
242	110	1385
110	156	4417
156	110	4418
110	142	3759
142	110	3759
110	129	761
129	110	762
110	201	2461
201	110	2462
110	218	1787
218	110	1788
110	169	2396
169	110	2397
110	253	569
253	110	570
110	297	4020
297	110	4021
110	145	4025
145	110	4025
110	246	2697
246	110	2697
111	159	1353
159	111	1354
111	246	4551
246	111	4552
111	224	1374
224	111	1375
111	176	3040
176	111	3041
111	184	4258
184	111	4258
111	178	4097
178	111	4097
111	273	4823
273	111	4823
111	260	4042
260	111	4042
111	175	4498
175	111	4499
111	131	1851
131	111	1852
111	262	3950
262	111	3951
111	153	1143
153	111	1143
111	189	352
189	111	352
112	218	4972
218	112	4973
112	159	3378
159	112	3379
112	230	3461
230	112	3462
112	142	4838
142	112	4838
112	197	4184
197	112	4185
112	184	2095
184	112	2095
112	225	4680
225	112	4680
112	156	3012
156	112	3012
112	170	1848
170	112	1848
112	260	3573
260	112	3574
112	134	1854
134	112	1854
112	185	2060
185	112	2061
112	178	4723
178	112	4723
112	162	4828
162	112	4828
113	170	2183
170	113	2183
113	245	3719
245	113	3720
113	130	1905
130	113	1905
113	174	1315
174	113	1316
113	215	920
215	113	920
113	240	84
240	113	84
113	125	3569
125	113	3569
113	176	890
176	113	891
113	207	1052
207	113	1052
113	158	3106
158	113	3106
113	133	4078
133	113	4078
113	200	4446
200	113	4446
114	249	4336
249	114	4337
114	270	1924
270	114	1924
114	258	1653
258	114	1653
114	151	4350
151	114	4351
114	178	3984
178	114	3985
114	207	1776
207	114	1777
114	261	2279
261	114	2280
114	250	4158
250	114	4159
114	126	4682
126	114	4683
114	170	77
170	114	77
115	224	4112
224	115	4112
115	262	2894
262	115	2895
115	158	4473
158	115	4473
115	290	1763
290	115	1764
115	261	3523
261	115	3523
115	266	4545
266	115	4545
115	121	3899
121	115	3900
115	278	1683
278	115	1684
115	161	1431
161	115	1431
116	185	1387
185	116	1388
116	224	3481
224	116	3482
116	281	3159
281	116	3159
116	181	4069
181	116	4069
116	202	2014
202	116	2014
116	183	1761
183	116	1761
116	172	4293
172	116	4293
116	267	2496
267	116	2497
116	151	4047
151	116	4048
116	244	2265
244	116	2265
116	215	4663
215	116	4664
117	262	835
262	117	836
117	175	4501
175	117	4501
117	281	4455
281	117	4455
117	219	2888
219	117	2888
117	121	4406
121	117	4406
117	201	2054
201	117	2054
117	120	3499
120	117	3500
117	232	168
232	117	169
117	191	4698
191	117	4699
117	253	4045
253	117	4045
117	269	1717
269	117	1717
117	193	1111
193	117	1112
118	150	4863
150	118	4863
118	289	3814
289	118	3815
118	250	4879
250	118	4879
118	211	750
211	118	750
118	190	4518
190	118	4518
118	281	3186
281	118	3187
118	159	2670
159	118	2671
118	160	3688
160	118	3689
118	166	4147
166	118	4148
118	282	2488
282	118	2488
118	119	3849
119	118	3850
118	142	979
142	118	979
119	154	3792
154	119	3792
119	176	2398
176	119	2398
119	168	3594
168	119	3594
119	248	3546
248	119	3547
119	215	3484
215	119	3485
119	145	4535
145	119	4535
119	159	2658
159	119	2658
119	170	4062
170	119	4063
120	269	2378
269	120	2378
120	168	1417
168	120	1418
120	213	3384
213	120	3385
120	281	1495
281	120	1495
120	241	512
241	120	512
120	224	4820
224	120	4821
120	214	3680
214	120	3680
120	147	4448
147	120	4448
120	187	4698
187	120	4699
121	216	236
216	121	236
121	233	4603
233	121	4604
121	139	1832
139	121	1832
121	205	1758
205	121	1758
121	152	4773
152	121	4774
121	192	2044
192	121	2044
121	213	4745
213	121	4745
121	251	3411
251	121	3411
121	145	4618
145	121	4618
121	133	2252
133	121	2253
122	153	1208
153	122	1208
122	247	4231
247	122	4232
122	214	3188
214	122	3188
122	243	3799
243	122	3799
122	267	3844
267	122	3845
122	188	1164
188	122	1164
122	205	2551
205	122	2552
122	176	2500
176	122	2500
122	163	1443
163	122	1443
122	293	3184
293	122	3185
122	133	4358
133	122	4358
122	152	3395
152	122	3395
123	153	3773
153	123	3774
123	161	2360
161	123	2361
123	293	2061
293	123	2061
123	133	3224
133	123	3224
123	181	4376
181	123	4376
123	172	1588
172	123	1589
123	264	1997
264	123	1998
123	137	569
137	123	570
123	250	3807
250	123	3807
123	203	2077
203	123	2077
123	261	2944
261	123	2945
123	162	3824
162	123	3825
123	226	3961
226	123	3961
123	124	4533
124	123	4533
124	243	4311
243	124	4311
124	159	3951
159	124	3952
124	167	4493
167	124	4493
124	186	3100
186	124	3100
124	223	835
223	124	835
124	149	2972
149	124	2973
124	185	1208
185	124	1209
124	187	4870
187	124	4870
124	168	866
168	124	867
124	238	305
238	124	306
125	172	3329
172	125	3329
125	192	1157
192	125	1158
125	231	1046
231	125	1046
125	179	4450
179	125	4450
125	209	1788
209	125	1788
125	148	3408
148	125	3408
125	241	2418
241	125	2419
125	210	699
210	125	699
125	226	3062
226	125	3063
125	246	3994
246	125	3995
126	159	3086
159	126	3086
126	197	4846
197	126	4846
126	160	1436
160	126	1436
126	222	4852
222	126	4852
126	247	3983
247	126	3983
126	233	2667
233	126	2667
126	231	1860
231	126	1861
127	134	3614
134	127	3614
127	205	3880
205	127	3881
127	232	1939
232	127	1939
127	168	1503
168	127	1503
127	163	3588
163	127	3589
127	250	2634
250	127	2634
127	215	2000
215	127	2000
127	251	2871
251	127	2872
128	191	4445
191	128	4445
128	198	4051
198	128	4052
128	200	4048
200	128	4048
128	186	3660
186	128	3661
128	157	4978
157	128	4978
128	206	4336
206	128	4337
128	284	4190
284	128	4190
129	186	2941
186	129	2941
129	136	3974
136	129	3975
129	255	2701
255	129	2701
129	140	1996
140	129	1996
130	141	4623
141	130	4624
130	186	3072
186	130	3072
130	165	2675
165	130	2676
130	177	3155
177	130	3155
130	195	3982
195	130	3982
130	158	2092
158	130	2093
131	249	3398
249	131	3399
131	201	4305
201	131	4305
131	212	4503
212	131	4504
131	270	2958
270	131	2958
131	254	3751
254	131	3751
131	251	3989
251	131	3990
131	213	3427
213	131	3428
131	196	4704
196	131	4705
131	267	4869
267	131	4869
131	189	1944
189	131	1944
131	240	1847
240	131	1848
132	160	229
160	132	230
132	213	1146
213	132	1146
132	148	3964
148	132	3965
132	228	4989
228	132	4990
132	186	4224
186	132	4224
132	280	4709
280	132	4709
132	293	4344
293	132	4345
132	249	4489
249	132	4490
132	206	278
206	132	279
132	200	4526
200	132	4527
132	238	4450
238	132	4451
132	167	393
167	132	394
132	250	4301
250	132	4301
132	170	3818
170	132	3818
132	284	3666
284	132	3666
132	227	2239
227	132	2239
133	253	1133
253	133	1134
133	266	1221
266	133	1221
133	217	777
217	133	778
133	203	2461
203	133	2461
133	146	3462
146	133	3462
133	255	4724
255	133	4724
133	210	4337
210	133	4338
133	148	548
148	133	548
133	259	4339
259	133	4339
134	238	4510
238	134	4511
134	183	2834
183	134	2834
134	192	1490
192	134	1491
134	163	2498
163	134	2499
134	264	3815
264	134	3815
134	235	1117
235	134	1118
134	162	4110
162	134	4110
134	210	2464
210	134	2464
134	189	3056
189	134	3057
134	290	4396
290	134	4397
135	186	3955
186	135	3956
135	264	3910
264	135	3911
135	179	3547
179	135	3548
135	240	578
240	135	578
135	216	3597
216	135	3598
135	207	477
207	135	477
135	233	4292
233	135	4293
135	222	4621
222	135	4621
135	214	3825
214	135	3826
135	198	1703
198	135	1703
136	179	918
179	136	918
136	256	3231
256	136	3231
136	216	3402
216	136	3402
136	202	1141
202	136	1142
136	156	4795
156	136	4795
136	265	4160
265	136	4160
136	234	4815
234	136	4815
136	198	2809
198	136	2810
137	186	4261
186	137	4261
137	188	4461
188	137	4462
137	155	3916
155	137	3916
137	204	3565
204	137	3566
137	230	4629
230	137	4629
137	238	4646
238	137	4646
137	162	3559
162	137	3559
137	141	1803
141	137	1803
137	156	1371
156	137	1372
137	259	3289
259	137	3290
137	174	892
174	137	892
137	160	3661
160	137	3661
137	251	4710
251	137	4710
138	164	3355
164	138	3355
138	266	2228
266	138	2229
138	163	4904
163	138	4904
138	140	1997
140	138	1997
138	250	2864
250	138	2865
138	142	942
142	138	942
138	198	942
198	138	942
138	177	1558
177	138	1558
138	262	497
262	138	497
139	273	1957
273	139	1957
139	212	2949
212	139	2950
139	150	1548
150	139	1548
139	158	3521
158	139	3521
139	228	4900
228	139	4900
139	146	2710
146	139	2711
139	202	3870
202	139	3870
139	260	4940
260	139	4940
139	162	3595
162	139	3596
139	175	1310
175	139	1310
139	152	3996
152	139	3997
140	201	4581
201	140	4582
140	202	4092
202	140	4092
140	211	1009
211	140	1010
140	205	1988
205	140	1989
140	145	4008
145	140	4008
140	228	2541
228	140	2541
140	216	1583
216	140	1584
140	220	4688
220	140	4688
141	176	795
176	141	795
141	162	3564
162	141	3565
141	280	4002
280	141	4002
141	167	4388
167	141	4389
141	163	1723
163	141	1723
141	203	4005
203	141	4005
141	249	4768
249	141	4768
142	205	1596
205	142	1596
142	166	2418
166	142	2418
142	217	3298
217	142	3298
142	264	2189
264	142	2190
142	176	4664
176	142	4664
142	154	677
154	142	678
143	253	4955
253	143	4955
143	170	1863
170	143	1864
143	223	1140
223	143	1141
143	226	4421
226	143	4421
143	146	4614
146	143	4615
143	205	955
205	143	955
143	262	634
262	143	635
143	212	898
212	143	899
143	246	1438
246	143	1439
143	163	4176
163	143	4176
143	273	4359
273	143	4359
144	243	3944
243	144	3945
144	219	554
219	144	554
144	236	4393
236	144	4393
144	263	3046
263	144	3047
144	198	4377
198	144	4378
144	177	4664
177	144	4664
144	214	4766
214	144	4767
144	266	713
266	144	714
144	237	572
237	144	572
145	231	2747
231	145	2748
145	171	878
171	145	878
145	232	4668
232	145	4669
145	188	4844
188	145	4844
145	167	1113
167	145	1114
145	253	4867
253	145	4868
145	233	3901
233	145	3902
145	213	1118
213	145	1118
145	183	2326
183	145	2327
146	250	4833
250	146	4833
146	162	4762
162	146	4763
146	197	2288
197	146	2289
146	212	4202
212	146	4203
146	237	1490
237	146	1491
146	170	2472
170	146	2472
147	234	2192
234	147	2192
147	227	323
227	147	324
148	250	534
250	148	535
148	191	1615
191	148	1615
148	177	3725
177	148	3725
149	268	3200
268	149	3201
149	208	1947
208	149	1948
149	153	4517
153	149	4518
149	198	3717
198	149	3718
149	154	3669
154	149	3670
149	265	4721
265	149	4721
149	229	255
229	149	256
150	202	4783
202	150	4784
150	241	4154
241	150	4154
150	227	2770
227	150	2770
150	165	1649
165	150	1650
150	266	4421
266	150	4422
150	247	4976
247	150	4977
150	230	2172
230	150	2172
150	173	4828
173	150	4829
150	250	4476
250	150	4477
151	247	4166
247	151	4166
151	168	1310
168	151	1310
151	232	2432
232	151	2433
151	233	2734
233	151	2735
151	200	3990
200	151	3990
151	198	4465
198	151	4465
151	192	2395
192	151	2396
151	196	4480
196	151	4480
151	188	4917
188	151	4918
153	254	1559
254	153	1560
153	188	2211
188	153	2211
153	156	4118
156	153	4118
153	220	3855
220	153	3855
153	228	2160
228	153	2160
154	157	2020
157	154	2021
154	221	4672
221	154	4673
154	220	3726
220	154	3727
154	218	4897
218	154	4898
154	204	1050
204	154	1051
154	243	2600
243	154	2601
154	259	2484
259	154	2484
155	212	2362
212	155	2362
155	157	1492
157	155	1493
155	192	4331
192	155	4331
155	168	4252
168	155	4253
157	173	3547
173	157	3548
157	176	3094
176	157	3095
157	198	3481
198	157	3482
157	208	2259
208	157	2259
160	197	1922
197	160	1922
160	218	4816
218	160	4817
162	281	3544
281	162	3544
162	240	4426
240	162	4426
163	234	1233
234	163	1233
163	240	4866
240	163	4867
165	195	4432
195	165	4432
165	196	4362
196	165	4363
165	179	4293
179	165	4293
166	235	2837
235	166	2838
166	240	2414
240	166	2415
167	218	3568
218	167	3569
167	232	2459
232	167	2460
168	240	4096
240	168	4096
171	198	2500
198	171	2500
171	256	4554
256	171	4555
171	235	2391
235	171	2392
171	259	815
259	171	815
171	173	3932
173	171	3932
171	221	4280
221	171	4280
171	260	3649
260	171	3649
174	235	3543
235	174	3543
174	230	1663
230	174	1664
174	208	3829
208	174	3829
176	219	4648
219	176	4648
177	259	546
259	177	546
177	191	4388
191	177	4389
177	223	3983
223	177	3984
177	249	3647
249	177	3648
177	179	2379
179	177	2379
177	243	4084
243	177	4085
179	228	2993
228	179	2993
179	261	216
261	179	216
183	266	2043
266	183	2044
183	241	3302
241	183	3303
188	284	2677
284	188	2677
188	257	797
257	188	798
188	249	509
249	188	509
189	218	1831
218	189	1832
189	231	3778
231	189	3779
189	261	4861
261	189	4861
189	215	4147
215	189	4148
189	234	326
234	189	327
190	228	1487
228	190	1487
190	237	1917
237	190	1918
190	281	3594
281	190	3595
190	234	4077
234	190	4078
190	266	1273
266	190	1274
190	214	3904
214	190	3905
190	263	4576
263	190	4577
190	231	4836
231	190	4836
191	228	4438
228	191	4438
191	227	3466
227	191	3466
192	235	4419
235	192	4419
192	259	2678
259	192	2678
192	218	2686
218	192	2687
192	246	1394
246	192	1394
192	197	702
197	192	702
192	263	1545
263	192	1546
195	268	169
268	195	170
195	229	4819
229	195	4820
196	240	4879
240	196	4880
196	215	4828
215	196	4829
196	241	2408
241	196	2409
196	214	3718
214	196	3718
196	218	3950
218	196	3950
197	227	365
227	197	366
197	258	4656
258	197	4656
200	219	78
219	200	79
200	229	808
229	200	809
204	268	1405
268	204	1405
204	221	4351
221	204	4351
204	218	3884
218	204	3884
204	259	4825
259	204	4826
204	230	728
230	204	729
204	284	3665
284	204	3665
204	237	4276
237	204	4277
212	245	660
245	212	661
212	270	416
270	212	417
212	254	3342
254	212	3343
212	215	4907
215	212	4907
214	218	3975
218	214	3976
214	280	3199
280	214	3199
214	247	1271
247	214	1271
215	217	4204
217	215	4205
217	231	839
231	217	839
219	265	3919
265	219	3919
219	261	1289
261	219	1290
219	268	4755
268	219	4755
219	258	4428
258	219	4428
219	263	4486
263	219	4486
220	236	396
236	220	396
220	241	3849
241	220	3850
220	227	1001
227	220	1002
221	258	4886
258	221	4886
221	245	2645
245	221	2646
223	237	4077
237	223	4077
223	261	894
261	223	895
223	228	3851
228	223	3851
223	258	2793
258	223	2794
223	230	4093
230	223	4094
226	241	4879
241	226	4879
226	233	4336
233	226	4337
226	227	1190
227	226	1191
226	269	4198
269	226	4198
227	260	4385
260	227	4385
229	263	1412
263	229	1412
229	230	4488
230	229	4489
229	270	2407
270	229	2408
230	231	4946
231	230	4946
230	237	1087
237	230	1087
231	234	4957
234	231	4957
236	259	1065
259	236	1066
236	256	1389
256	236	1390
237	261	2200
261	237	2201
241	270	4412
270	241	4412
245	268	1812
268	245	1812
247	284	3649
284	247	3650
247	261	2877
261	247	2878
247	260	3885
260	247	3885
254	256	4435
256	254	4436
254	269	4700
269	254	4700
254	261	4272
261	254	4273
257	269	4299
269	257	4299
257	260	1678
260	257	1678
