200	2818
2	2
2	2
5	5
3	3
4	4
2	2
2	2
4	4
4	4
5	5
3	3
4	4
5	5
2	2
2	2
4	4
4	4
2	2
3	3
2	2
3	3
4	4
4	4
5	5
5	5
4	4
2	2
4	4
3	3
4	4
5	5
5	5
3	3
2	2
4	4
3	3
4	4
5	5
5	5
3	3
2	2
5	5
4	4
5	5
4	4
2	2
4	4
5	5
3	3
3	3
5	5
3	3
2	2
3	3
3	3
2	2
3	3
5	5
5	5
2	2
5	5
4	4
4	4
3	3
5	5
3	3
3	3
2	2
5	5
2	2
4	4
3	3
3	3
5	5
4	4
3	3
5	5
2	2
5	5
5	5
5	5
2	2
2	2
4	4
5	5
4	4
4	4
4	4
5	5
5	5
2	2
3	3
3	3
4	4
4	4
5	5
3	3
5	5
3	3
3	3
4	4
3	3
3	3
2	2
2	2
4	4
5	5
2	2
4	4
3	3
5	5
4	4
4	4
5	5
4	4
5	5
2	2
2	2
4	4
2	2
2	2
3	3
2	2
3	3
2	2
4	4
5	5
2	2
2	2
3	3
5	5
4	4
2	2
4	4
3	3
3	3
3	3
2	2
4	4
5	5
4	4
5	5
4	4
2	2
5	5
3	3
2	2
4	4
3	3
3	3
3	3
5	5
2	2
2	2
3	3
4	4
2	2
4	4
4	4
5	5
2	2
3	3
3	3
2	2
2	2
5	5
3	3
2	2
5	5
3	3
2	2
5	5
2	2
2	2
2	2
3	3
3	3
2	2
5	5
3	3
3	3
3	3
5	5
5	5
4	4
2	2
4	4
5	5
3	3
5	5
3	3
4	4
4	4
5	5
5	5
3	3
5	5
4	4
3	3
5	5
1	54	2459
54	1	2460
1	77	2945
77	1	2946
1	63	4090
63	1	4091
1	130	870
130	1	870
1	111	1055
111	1	1055
1	103	4943
103	1	4944
1	73	3728
73	1	3729
1	151	1589
151	1	1589
1	161	3932
161	1	3933
1	131	2579
131	1	2580
1	66	3346
66	1	3347
1	29	1547
29	1	1547
1	145	4691
145	1	4691
1	127	4490
127	1	4491
1	92	2860
92	1	2861
1	59	1011
59	1	1011
1	179	306
179	1	306
1	96	2799
96	1	2799
1	152	4009
152	1	4010
1	189	4880
189	1	4881
2	188	3905
188	2	3906
2	38	3196
38	2	3197
2	128	4047
128	2	4047
2	177	4477
177	2	4478
2	184	1785
184	2	1785
2	43	4738
43	2	4738
2	58	3866
58	2	3867
2	39	541
39	2	542
2	151	3019
151	2	3020
2	125	769
125	2	770
2	65	3511
65	2	3511
2	4	1036
4	2	1037
2	156	4621
156	2	4621
2	158	3849
158	2	3849
2	77	59
77	2	59
2	21	4782
21	2	4782
2	53	3762
53	2	3762
2	23	1116
23	2	1116
2	136	4531
136	2	4531
2	55	4400
55	2	4400
3	9	4757
9	3	4758
3	136	4348
136	3	4348
3	199	1661
199	3	1661
3	161	2810
161	3	2810
3	190	2891
190	3	2892
3	188	743
188	3	744
3	37	3958
37	3	3959
3	127	2101
127	3	2102
3	26	2424
26	3	2425
3	56	3726
56	3	3727
3	79	2935
79	3	2936
3	144	2099
144	3	2100
3	95	4139
95	3	4139
3	80	4047
80	3	4048
3	172	3735
172	3	3736
3	149	3915
149	3	3915
3	85	52
85	3	52
3	109	535
109	3	535
3	10	398
10	3	399
3	31	4332
31	3	4333
4	196	4001
196	4	4002
4	92	4393
92	4	4394
4	69	4807
69	4	4808
4	131	4658
131	4	4659
4	102	4160
102	4	4160
4	167	4293
167	4	4293
4	63	4819
63	4	4820
4	22	3753
22	4	3753
4	59	3905
59	4	3905
4	80	4706
80	4	4707
4	113	4107
113	4	4107
4	21	1923
21	4	1923
4	104	4151
104	4	4152
4	185	1653
185	4	1654
4	171	3868
171	4	3869
4	174	4277
174	4	4277
4	39	4958
39	4	4958
4	152	3975
152	4	3976
4	123	4488
123	4	4488
5	90	1320
90	5	1320
5	66	1451
66	5	1451
5	193	1771
193	5	1771
5	118	3010
118	5	3010
5	99	4846
99	5	4846
5	19	2449
19	5	2450
5	39	4536
39	5	4537
5	100	3726
100	5	3727
5	170	4468
170	5	4469
5	46	2732
46	5	2732
5	136	700
136	5	700
5	30	4527
30	5	4527
5	133	3842
133	5	3842
5	85	2160
85	5	2161
5	120	153
120	5	153
5	76	4392
76	5	4393
5	36	4339
36	5	4340
5	147	4608
147	5	4609
5	86	382
86	5	383
5	68	2543
68	5	2543
6	132	1566
132	6	1567
6	173	4022
173	6	4022
6	155	4679
155	6	4680
6	175	869
175	6	869
6	147	1183
147	6	1184
6	97	3824
97	6	3824
6	91	4045
91	6	4046
6	80	4669
80	6	4669
6	37	4487
37	6	4488
6	122	4948
122	6	4949
6	157	677
157	6	678
6	192	1964
192	6	1965
6	65	3903
65	6	3903
6	99	4211
99	6	4212
6	186	4304
186	6	4305
6	159	4032
159	6	4033
6	102	4977
102	6	4977
6	44	2657
44	6	2657
6	177	4253
177	6	4253
6	52	1772
52	6	1773
7	10	1511
10	7	1511
7	122	3881
122	7	3882
7	142	3436
142	7	3437
7	63	110
63	7	110
7	48	2458
48	7	2459
7	39	4698
39	7	4699
7	197	468
197	7	468
7	90	833
90	7	834
7	133	4357
133	7	4357
7	30	3560
30	7	3560
7	80	3222
80	7	3223
7	147	3178
147	7	3179
7	199	1182
199	7	1183
7	152	1310
152	7	1311
7	138	4054
138	7	4054
7	58	4771
58	7	4771
7	150	1973
150	7	1974
7	77	2910
77	7	2911
7	116	650
116	7	650
7	94	3386
94	7	3387
8	186	1233
186	8	1234
8	152	968
152	8	969
8	199	4599
199	8	4600
8	182	4666
182	8	4666
8	106	2459
106	8	2460
8	147	1140
147	8	1141
8	195	4068
195	8	4069
8	141	3217
141	8	3218
8	122	2602
122	8	2602
8	150	3856
150	8	3856
8	115	3007
115	8	3008
8	18	924
18	8	924
8	124	2482
124	8	2483
8	155	3913
155	8	3914
8	37	3828
37	8	3829
8	135	4970
135	8	4971
8	107	4674
107	8	4674
8	42	3132
42	8	3133
8	153	2218
153	8	2218
8	175	149
175	8	150
9	145	4286
145	9	4286
9	136	4250
136	9	4250
9	181	4989
181	9	4990
9	48	3868
48	9	3868
9	183	4726
183	9	4727
9	119	2156
119	9	2156
9	102	4167
102	9	4168
9	92	3700
92	9	3701
9	186	3392
186	9	3393
9	89	4270
89	9	4270
9	25	2533
25	9	2533
9	107	4759
107	9	4760
9	33	4682
33	9	4682
9	161	2340
161	9	2340
9	49	2370
49	9	2370
9	105	4371
105	9	4371
9	41	2488
41	9	2489
9	116	3396
116	9	3397
9	10	3843
10	9	3844
10	36	1508
36	10	1508
10	97	4355
97	10	4356
10	153	3051
153	10	3051
10	94	657
94	10	658
10	120	4113
120	10	4113
10	37	4617
37	10	4617
10	162	3500
162	10	3500
10	39	1141
39	10	1141
10	115	4473
115	10	4473
10	150	3229
150	10	3230
10	132	890
132	10	890
10	72	4949
72	10	4949
10	200	4193
200	10	4193
10	14	4925
14	10	4926
10	32	1165
32	10	1165
10	123	3966
123	10	3966
10	28	1718
28	10	1718
11	40	3569
40	11	3569
11	111	4434
111	11	4434
11	29	4935
29	11	4935
11	167	4972
167	11	4972
11	174	2194
174	11	2194
11	158	1025
158	11	1026
11	46	330
46	11	331
11	124	3761
124	11	3762
11	125	1322
125	11	1322
11	24	4695
24	11	4696
11	187	1793
187	11	1793
11	50	4394
50	11	4395
11	67	501
67	11	501
11	165	1220
165	11	1221
11	155	2536
155	11	2537
11	162	4276
162	11	4277
11	64	1488
64	11	1488
11	75	3733
75	11	3734
11	31	4718
31	11	4718
11	146	1987
146	11	1988
12	47	4665
47	12	4666
12	67	4988
67	12	4988
12	182	4321
182	12	4322
12	135	1228
135	12	1228
12	145	2716
145	12	2717
12	193	4758
193	12	4758
12	96	336
96	12	336
12	121	1889
121	12	1890
12	120	4278
120	12	4278
12	155	4283
155	12	4283
12	128	731
128	12	731
12	60	3888
60	12	3889
12	81	3761
81	12	3762
12	125	4618
125	12	4619
12	73	4326
73	12	4326
12	123	4919
123	12	4919
12	140	3828
140	12	3829
12	158	4830
158	12	4831
12	156	1067
156	12	1068
12	151	2530
151	12	2531
13	175	3640
175	13	3641
13	113	4755
113	13	4755
13	66	4891
66	13	4891
13	19	3625
19	13	3626
13	164	3030
164	13	3031
13	68	4630
68	13	4630
13	131	1781
131	13	1782
13	199	2286
199	13	2287
13	51	4451
51	13	4451
13	54	3611
54	13	3612
13	118	4269
118	13	4269
13	189	3878
189	13	3879
13	39	1355
39	13	1355
13	139	822
139	13	822
13	170	3321
170	13	3322
13	161	759
161	13	759
13	195	2032
195	13	2032
13	76	1099
76	13	1099
13	88	3085
88	13	3085
13	163	2814
163	13	2815
14	159	1115
159	14	1116
14	136	125
136	14	126
14	155	4141
155	14	4142
14	55	4466
55	14	4466
14	43	2288
43	14	2289
14	170	758
170	14	759
14	23	4564
23	14	4564
14	166	1798
166	14	1798
14	195	3651
195	14	3651
14	21	2943
21	14	2943
14	169	3556
169	14	3557
14	44	4000
44	14	4001
14	120	3022
120	14	3023
14	67	794
67	14	794
14	179	2983
179	14	2984
14	128	3246
128	14	3246
14	157	3764
157	14	3764
14	107	3683
107	14	3684
14	70	1920
70	14	1920
15	61	2935
61	15	2935
15	90	1472
90	15	1473
15	146	2121
146	15	2122
15	54	4106
54	15	4107
15	19	4193
19	15	4193
15	118	3943
118	15	3943
15	41	2777
41	15	2777
15	57	4574
57	15	4575
15	16	1765
16	15	1765
15	149	2239
149	15	2240
15	72	4933
72	15	4933
15	63	1487
63	15	1488
15	92	2967
92	15	2968
15	153	2896
153	15	2896
15	171	4781
171	15	4782
15	87	1486
87	15	1487
15	27	4763
27	15	4764
15	158	3798
158	15	3799
15	147	1224
147	15	1224
15	170	4313
170	15	4313
16	200	2853
200	16	2853
16	23	4888
23	16	4889
16	17	2300
17	16	2300
16	104	834
104	16	835
16	117	3014
117	16	3014
16	52	4462
52	16	4462
16	177	1474
177	16	1475
16	59	3946
59	16	3946
16	163	4648
163	16	4649
16	145	2234
145	16	2235
16	105	74
105	16	74
16	109	2934
109	16	2935
16	123	4489
123	16	4489
16	35	4356
35	16	4357
16	153	4454
153	16	4454
16	91	2078
91	16	2078
16	74	3348
74	16	3348
16	32	4592
32	16	4593
16	159	3504
159	16	3505
17	44	3641
44	17	3641
17	116	1783
116	17	1784
17	162	3836
162	17	3837
17	57	3157
57	17	3157
17	34	4952
34	17	4952
17	111	4766
111	17	4766
17	64	3494
64	17	3495
17	29	4141
29	17	4141
17	40	3867
40	17	3867
17	77	4371
77	17	4371
17	118	2327
118	17	2327
17	18	3812
18	17	3812
17	79	2653
79	17	2654
17	52	1666
52	17	1667
17	121	2296
121	17	2296
17	153	4816
153	17	4816
17	33	3590
33	17	3590
17	109	4859
109	17	4860
17	168	4929
168	17	4930
18	167	2905
167	18	2906
18	80	3538
80	18	3539
18	189	4895
189	18	4895
18	79	3699
79	18	3699
18	29	2857
29	18	2858
18	163	3877
163	18	3878
18	95	1266
95	18	1267
18	49	3676
49	18	3677
18	26	4359
26	18	4360
18	168	2051
168	18	2052
18	173	4531
173	18	4531
18	97	4921
97	18	4922
18	45	1318
45	18	1318
18	116	3334
116	18	3334
18	22	2127
22	18	2127
18	40	3342
40	18	3343
18	81	816
81	18	816
18	169	4730
169	18	4731
19	143	900
143	19	901
19	141	172
141	19	172
19	36	4476
36	19	4477
19	121	4635
121	19	4635
19	42	4971
42	19	4972
19	84	3485
84	19	3486
19	145	1280
145	19	1281
19	54	4516
54	19	4516
19	200	3682
200	19	3683
19	31	3194
31	19	3194
19	118	4706
118	19	4706
19	64	2340
64	19	2340
19	120	2187
120	19	2188
19	123	2533
123	19	2533
19	117	3617
117	19	3618
19	124	4055
124	19	4055
19	116	201
116	19	202
20	42	1267
42	20	1267
20	126	4991
126	20	4992
20	160	3412
160	20	3413
20	46	4606
46	20	4606
20	120	4944
120	20	4944
20	30	4544
30	20	4545
20	99	3509
99	20	3510
20	85	4113
85	20	4113
20	159	2448
159	20	2449
20	154	3199
154	20	3199
20	74	4286
74	20	4286
20	21	686
21	20	686
20	52	1902
52	20	1903
20	63	158
63	20	158
20	47	2718
47	20	2718
20	93	261
93	20	262
20	163	1900
163	20	1900
20	136	2133
136	20	2134
20	45	3759
45	20	3759
20	177	4482
177	20	4483
21	142	3537
142	21	3537
21	55	2520
55	21	2520
21	111	135
111	21	136
21	47	3928
47	21	3928
21	164	4557
164	21	4558
21	167	4054
167	21	4055
21	180	3685
180	21	3685
21	104	1416
104	21	1416
21	157	3018
157	21	3019
21	198	4938
198	21	4939
21	145	3360
145	21	3361
21	194	3225
194	21	3225
21	72	948
72	21	948
21	49	4211
49	21	4211
21	137	1192
137	21	1192
22	43	4821
43	22	4822
22	44	2521
44	22	2522
22	118	3819
118	22	3819
22	46	2913
46	22	2913
22	137	524
137	22	524
22	193	1997
193	22	1997
22	111	415
111	22	416
22	75	2905
75	22	2906
22	152	4939
152	22	4940
22	103	2188
103	22	2188
22	171	3563
171	22	3564
22	123	3437
123	22	3437
22	70	4214
70	22	4214
22	89	3987
89	22	3988
23	153	4386
153	23	4387
23	79	4265
79	23	4266
23	67	4545
67	23	4545
23	102	3680
102	23	3680
23	122	134
122	23	134
23	57	380
57	23	380
23	161	1960
161	23	1960
23	28	1165
28	23	1165
23	162	4490
162	23	4490
23	117	2319
117	23	2320
23	29	3986
29	23	3986
23	49	4317
49	23	4318
23	134	2560
134	23	2561
23	71	2552
71	23	2553
24	199	151
199	24	151
24	75	4394
75	24	4394
24	27	4874
27	24	4874
24	101	594
101	24	595
24	132	4920
132	24	4921
24	131	2990
131	24	2991
24	130	366
130	24	366
24	73	3683
73	24	3684
24	88	4164
88	24	4164
24	104	563
104	24	564
24	66	387
66	24	387
24	111	4318
111	24	4319
24	118	4400
118	24	4401
24	84	4202
84	24	4203
25	167	4300
167	25	4300
25	137	546
137	25	546
25	118	1265
118	25	1265
25	139	4536
139	25	4537
25	48	4715
48	25	4715
25	37	2491
37	25	2491
25	117	4894
117	25	4895
25	102	4307
102	25	4307
25	93	2732
93	25	2733
25	179	1781
179	25	1782
25	108	4493
108	25	4493
25	82	1321
82	25	1322
25	116	1490
116	25	1491
25	75	1504
75	25	1504
25	44	4590
44	25	4590
25	90	4269
90	25	4270
25	186	1490
186	25	1490
26	93	4575
93	26	4575
26	183	4024
183	26	4024
26	116	842
116	26	843
26	197	2473
197	26	2473
26	148	1398
148	26	1399
26	49	1120
49	26	1121
26	153	3980
153	26	3980
26	31	1684
31	26	1685
26	50	2986
50	26	2987
26	42	2190
42	26	2191
26	92	4528
92	26	4529
26	127	4628
127	26	4629
26	115	4885
115	26	4886
26	121	3299
121	26	3300
26	85	2588
85	26	2588
26	158	4626
158	26	4627
26	88	4172
88	26	4173
27	121	2930
121	27	2931
27	49	3352
49	27	3353
27	193	4505
193	27	4506
27	138	4077
138	27	4077
27	169	3220
169	27	3220
27	135	3678
135	27	3678
27	170	3594
170	27	3595
27	81	421
81	27	421
27	59	301
59	27	302
27	149	4696
149	27	4697
27	104	310
104	27	311
27	161	3835
161	27	3835
27	187	4026
187	27	4026
27	153	651
153	27	651
27	73	3557
73	27	3557
27	92	2677
92	27	2678
27	141	3430
141	27	3430
28	121	875
121	28	876
28	192	4651
192	28	4651
28	53	3213
53	28	3213
28	198	2429
198	28	2430
28	35	293
35	28	294
28	58	4971
58	28	4971
28	184	951
184	28	952
28	118	4681
118	28	4682
28	160	1309
160	28	1310
28	140	2521
140	28	2522
28	164	2767
164	28	2768
28	165	2528
165	28	2529
28	100	4948
100	28	4949
28	111	4733
111	28	4734
28	57	2551
57	28	2552
28	195	4041
195	28	4042
28	186	3733
186	28	3734
29	38	1534
38	29	1535
29	148	3741
148	29	3742
29	123	3779
123	29	3780
29	44	1324
44	29	1325
29	98	3215
98	29	3215
29	55	1832
55	29	1833
29	129	4713
129	29	4714
29	198	2992
198	29	2992
29	146	4039
146	29	4039
29	161	1629
161	29	1629
29	189	4765
189	29	4765
29	155	3992
155	29	3992
29	43	4807
43	29	4807
29	118	4393
118	29	4394
30	73	851
73	30	852
30	152	4471
152	30	4472
30	70	3573
70	30	3574
30	176	2538
176	30	2538
30	186	1706
186	30	1707
30	133	1750
133	30	1750
30	100	2456
100	30	2456
30	141	2356
141	30	2356
30	110	1104
110	30	1105
30	158	2254
158	30	2254
30	36	4631
36	30	4631
30	151	4570
151	30	4570
30	177	1186
177	30	1187
31	94	3903
94	31	3904
31	59	3299
59	31	3300
31	152	4839
152	31	4839
31	117	4967
117	31	4968
31	75	3310
75	31	3310
31	46	3056
46	31	3056
31	110	4818
110	31	4818
31	62	4677
62	31	4677
31	133	4803
133	31	4803
31	84	2991
84	31	2991
31	49	4346
49	31	4347
31	146	2223
146	31	2223
32	110	3103
110	32	3103
32	102	2020
102	32	2021
32	115	1748
115	32	1748
32	180	3782
180	32	3783
32	173	3968
173	32	3968
32	83	1278
83	32	1278
32	193	2211
193	32	2211
32	198	4314
198	32	4315
32	56	2327
56	32	2327
32	66	2796
66	32	2797
32	127	1701
127	32	1702
32	129	3592
129	32	3592
32	152	4469
152	32	4470
32	59	4759
59	32	4760
33	122	1794
122	33	1794
33	148	4287
148	33	4288
33	156	4583
156	33	4584
33	117	2017
117	33	2018
33	67	2260
67	33	2260
33	178	4110
178	33	4110
33	141	2443
141	33	2443
33	34	4361
34	33	4362
33	110	2616
110	33	2617
33	46	4737
46	33	4738
33	100	1537
100	33	1537
33	173	2475
173	33	2475
33	103	4764
103	33	4764
33	90	1139
90	33	1139
33	68	4789
68	33	4790
34	43	3672
43	34	3673
34	101	4692
101	34	4693
34	76	4370
76	34	4371
34	107	3802
107	34	3802
34	123	4628
123	34	4629
34	69	1663
69	34	1664
34	137	3559
137	34	3560
34	140	4790
140	34	4790
34	79	2475
79	34	2475
34	171	3776
171	34	3776
34	119	2936
119	34	2937
34	42	4627
42	34	4628
34	178	1756
178	34	1757
34	169	4115
169	34	4115
34	93	2366
93	34	2367
35	141	2474
141	35	2474
35	144	174
144	35	175
35	117	4286
117	35	4287
35	170	4796
170	35	4797
35	161	4989
161	35	4990
35	154	691
154	35	692
35	158	4317
158	35	4317
35	129	4445
129	35	4446
35	61	606
61	35	606
35	104	4170
104	35	4171
35	198	4653
198	35	4653
35	125	3129
125	35	3129
35	73	486
73	35	486
35	45	4610
45	35	4611
35	173	4317
173	35	4317
36	59	2716
59	36	2717
36	109	209
109	36	209
36	195	1877
195	36	1877
36	166	2266
166	36	2267
36	130	4974
130	36	4974
36	124	4385
124	36	4386
36	110	1601
110	36	1601
36	99	4902
99	36	4903
36	98	2891
98	36	2891
36	176	3828
176	36	3829
36	37	4919
37	36	4919
36	187	4298
187	36	4298
36	66	910
66	36	911
36	47	3906
47	36	3906
36	143	4220
143	36	4221
37	173	3339
173	37	3340
37	136	1685
136	37	1686
37	82	381
82	37	382
37	84	3105
84	37	3106
37	60	3282
60	37	3283
37	61	3393
61	37	3394
37	83	4089
83	37	4089
37	142	4564
142	37	4564
37	74	312
74	37	313
37	196	4497
196	37	4498
37	78	4698
78	37	4699
37	57	3796
57	37	3797
37	189	3991
189	37	3991
38	47	1823
47	38	1824
38	117	1417
117	38	1417
38	126	2396
126	38	2396
38	53	4056
53	38	4057
38	65	3297
65	38	3298
38	158	973
158	38	973
38	78	3680
78	38	3681
38	113	2721
113	38	2722
38	82	773
82	38	774
38	159	3015
159	38	3016
38	148	2806
148	38	2807
38	138	365
138	38	366
38	76	2390
76	38	2390
38	83	4328
83	38	4329
38	62	2956
62	38	2957
39	148	259
148	39	259
39	55	4818
55	39	4818
39	56	842
56	39	843
39	51	4882
51	39	4883
39	66	2925
66	39	2925
39	40	4616
40	39	4617
39	96	4726
96	39	4727
39	101	4706
101	39	4706
39	147	1852
147	39	1853
39	196	3815
196	39	3815
40	110	2959
110	40	2959
40	108	1434
108	40	1435
40	187	837
187	40	837
40	141	3719
141	40	3719
40	64	4178
64	40	4178
40	164	4435
164	40	4436
40	46	1005
46	40	1005
40	62	4186
62	40	4187
40	52	4654
52	40	4654
40	41	3975
41	40	3976
40	126	4994
126	40	4995
41	60	1187
60	41	1188
41	187	4282
187	41	4282
41	116	4792
116	41	4793
41	43	4587
43	41	4587
41	160	2802
160	41	2802
41	134	279
134	41	279
41	159	60
159	41	61
41	177	3196
177	41	3196
41	91	4284
91	41	4284
41	66	2080
66	41	2080
41	61	2835
61	41	2836
41	152	4459
152	41	4459
41	56	2147
56	41	2147
41	169	3767
169	41	3767
41	87	309
87	41	310
42	86	3475
86	42	3475
42	55	2829
55	42	2830
42	114	4679
114	42	4679
42	166	4143
166	42	4144
42	91	4362
91	42	4363
42	44	4619
44	42	4619
42	175	4995
175	42	4995
42	195	2442
195	42	2442
42	93	4959
93	42	4959
42	47	4630
47	42	4630
42	189	4610
189	42	4611
42	75	3063
75	42	3063
42	43	1557
43	42	1558
42	187	3483
187	42	3483
43	105	4660
105	43	4660
43	133	2104
133	43	2104
43	91	4911
91	43	4912
43	141	1786
141	43	1787
43	63	4518
63	43	4518
43	138	3160
138	43	3160
43	140	4091
140	43	4092
43	125	4310
125	43	4310
43	53	4852
53	43	4853
43	121	4096
121	43	4096
43	58	1474
58	43	1474
43	93	3899
93	43	3899
44	111	2337
111	44	2338
44	103	4942
103	44	4942
44	125	4710
125	44	4710
44	185	3896
185	44	3896
44	164	4641
164	44	4642
44	132	358
132	44	358
44	81	4436
81	44	4436
44	79	4313
79	44	4314
45	84	4658
84	45	4658
45	148	2094
148	45	2095
45	66	3329
66	45	3330
45	67	1984
67	45	1984
45	136	2570
136	45	2571
45	123	4920
123	45	4920
45	174	4992
174	45	4993
45	95	3407
95	45	3407
45	48	1276
48	45	1276
45	167	3606
167	45	3607
45	127	956
127	45	956
45	88	4394
88	45	4394
45	140	2387
140	45	2388
45	93	3230
93	45	3230
45	106	2733
106	45	2734
46	64	201
64	46	202
46	110	1035
110	46	1036
46	102	2702
102	46	2702
46	158	2958
158	46	2958
46	155	1233
155	46	1234
46	137	1749
137	46	1750
46	127	4170
127	46	4171
46	135	1394
135	46	1394
46	143	4663
143	46	4664
46	136	4679
136	46	4680
46	79	3641
79	46	3641
46	114	2548
114	46	2548
47	113	4303
113	47	4304
47	116	2201
116	47	2201
47	53	3851
53	47	3851
47	150	3528
150	47	3529
47	105	2078
105	47	2079
47	49	4505
49	47	4505
47	103	1208
103	47	1208
47	156	4670
156	47	4671
47	69	4170
69	47	4170
47	73	3783
73	47	3783
47	48	2604
48	47	2604
47	71	4715
71	47	4715
48	148	4265
148	48	4266
48	115	4558
115	48	4558
48	104	4680
104	48	4680
48	156	4324
156	48	4324
48	179	3669
179	48	3670
48	107	4344
107	48	4345
48	173	1917
173	48	1917
48	77	4274
77	48	4275
48	121	2039
121	48	2040
48	186	3636
186	48	3636
48	73	4601
73	48	4602
48	165	2207
165	48	2208
49	98	757
98	49	757
49	173	2017
173	49	2018
49	97	4451
97	49	4451
49	101	1790
101	49	1791
49	142	1366
142	49	1366
49	108	4114
108	49	4114
49	170	4178
170	49	4178
50	68	3505
68	50	3506
50	106	4230
106	50	4230
50	56	3555
56	50	3556
50	174	1133
174	50	1133
50	100	414
100	50	415
50	130	1671
130	50	1672
50	158	3859
158	50	3859
50	153	4865
153	50	4865
50	78	4301
78	50	4302
50	64	2215
64	50	2215
50	99	2097
99	50	2097
50	129	1503
129	50	1504
50	148	1416
148	50	1417
51	66	4812
66	51	4813
51	130	2026
130	51	2026
51	167	4207
167	51	4208
51	144	4131
144	51	4131
51	149	1264
149	51	1265
51	107	3516
107	51	3516
51	195	1578
195	51	1579
51	162	1055
162	51	1055
51	85	2398
85	51	2398
51	164	4598
164	51	4598
51	136	3967
136	51	3968
51	59	4300
59	51	4301
51	143	3873
143	51	3873
51	114	3947
114	51	3948
51	67	1614
67	51	1615
51	60	3449
60	51	3449
52	109	2437
109	52	2437
52	73	4102
73	52	4102
52	115	4424
115	52	4424
52	85	3883
85	52	3884
52	137	3934
137	52	3934
52	114	3484
114	52	3485
52	67	1370
67	52	1370
52	71	3428
71	52	3428
52	134	3925
134	52	3925
52	78	4786
78	52	4787
52	180	2710
180	52	2711
52	133	2669
133	52	2670
52	113	1861
113	52	1862
53	125	2698
125	53	2698
53	65	4899
65	53	4900
53	140	4694
140	53	4694
53	120	4296
120	53	4297
53	113	201
113	53	202
53	134	3994
134	53	3995
53	111	833
111	53	833
53	59	3689
59	53	3689
53	148	3901
148	53	3902
53	118	2292
118	53	2292
53	61	4168
61	53	4169
53	62	4867
62	53	4867
54	157	4537
157	54	4538
54	135	2589
135	54	2589
54	145	1018
145	54	1019
54	107	4408
107	54	4408
54	152	1275
152	54	1276
54	111	3639
111	54	3639
54	174	3189
174	54	3190
54	87	4253
87	54	4254
54	71	4953
71	54	4954
54	153	2478
153	54	2478
54	113	4716
113	54	4716
54	121	4125
121	54	4125
54	156	1129
156	54	1130
54	83	4840
83	54	4840
54	169	2424
169	54	2424
55	91	3995
91	55	3995
55	60	2504
60	55	2504
55	112	940
112	55	941
55	157	3965
157	55	3965
55	113	1561
113	55	1562
55	107	2258
107	55	2258
55	174	3261
174	55	3261
55	142	4246
142	55	4246
55	87	1075
87	55	1075
55	114	2007
114	55	2007
56	138	3585
138	56	3586
56	109	4600
109	56	4600
56	134	577
134	56	577
56	142	839
142	56	839
56	147	4798
147	56	4798
56	60	3871
60	56	3872
56	165	4249
165	56	4249
56	99	4509
99	56	4510
56	157	3725
157	56	3725
56	179	3065
179	56	3066
56	161	3207
161	56	3208
56	67	2834
67	56	2835
57	63	2500
63	57	2500
57	73	4089
73	57	4090
57	176	1189
176	57	1190
57	62	3889
62	57	3889
57	84	4597
84	57	4598
57	116	4621
116	57	4621
57	187	579
187	57	580
57	171	3895
171	57	3896
57	111	1153
111	57	1154
57	154	4292
154	57	4292
57	174	3894
174	57	3894
57	169	4636
169	57	4636
57	101	3544
101	57	3545
57	88	4064
88	57	4064
58	88	4670
88	58	4670
58	115	3177
115	58	3178
58	151	4095
151	58	4096
58	61	3875
61	58	3876
58	63	3730
63	58	3730
58	149	2722
149	58	2723
58	165	4366
165	58	4367
58	154	3590
154	58	3590
58	148	1258
148	58	1259
58	75	4849
75	58	4849
58	91	487
91	58	487
58	157	4978
157	58	4978
58	90	2908
90	58	2909
58	79	3889
79	58	3889
59	158	3148
158	59	3149
59	93	4287
93	59	4287
59	169	1585
169	59	1585
59	87	4497
87	59	4498
59	146	2719
146	59	2719
59	140	4205
140	59	4205
59	106	4545
106	59	4545
60	104	4849
104	60	4849
60	139	1758
139	60	1758
60	71	4467
71	60	4468
60	120	3927
120	60	3927
60	165	4379
165	60	4379
60	141	3873
141	60	3873
60	118	332
118	60	332
60	151	2079
151	60	2079
60	155	2848
155	60	2849
60	149	3796
149	60	3797
60	191	72
191	60	73
61	125	2457
125	61	2457
61	165	2268
165	61	2268
61	72	4235
72	61	4235
61	80	3768
80	61	3769
61	180	464
180	61	465
61	144	3307
144	61	3307
61	85	2806
85	61	2807
61	145	4996
145	61	4996
61	95	4444
95	61	4444
61	140	2495
140	61	2496
61	179	1808
179	61	1809
61	114	1466
114	61	1467
62	136	4380
136	62	4380
62	168	216
168	62	216
62	175	1634
175	62	1635
62	79	3900
79	62	3900
62	94	1139
94	62	1139
62	137	4642
137	62	4643
62	81	4739
81	62	4740
62	71	3450
71	62	3451
62	155	4097
155	62	4097
62	145	615
145	62	616
63	118	4347
118	63	4348
63	91	4980
91	63	4980
63	134	3936
134	63	3937
63	78	4180
78	63	4181
63	80	4725
80	63	4725
63	178	684
178	63	685
63	160	4014
160	63	4015
63	165	1187
165	63	1187
63	169	4552
169	63	4552
63	142	4980
142	63	4981
63	126	600
126	63	601
64	166	2281
166	64	2281
64	68	442
68	64	442
64	172	1768
172	64	1768
64	114	360
114	64	360
64	85	1153
85	64	1153
64	157	4558
157	64	4558
64	164	4734
164	64	4735
64	132	2460
132	64	2460
64	145	2303
145	64	2304
64	65	1952
65	64	1952
64	70	4204
70	64	4205
64	93	1240
93	64	1240
65	169	2028
169	65	2029
65	92	3545
92	65	3545
65	69	3132
69	65	3133
65	89	989
89	65	990
65	116	1988
116	65	1989
65	134	4421
134	65	4421
65	164	2172
164	65	2172
65	112	3263
112	65	3264
65	99	4237
99	65	4237
65	163	275
163	65	275
66	170	2287
170	66	2287
66	148	4135
148	66	4136
66	199	643
199	66	644
66	173	2492
173	66	2492
66	177	3893
177	66	3893
66	149	4714
149	66	4715
66	178	3433
178	66	3433
66	79	4583
79	66	4584
66	73	1823
73	66	1823
67	129	3487
129	67	3488
67	173	3788
173	67	3788
67	79	2264
79	67	2264
67	148	2205
148	67	2205
67	98	4082
98	67	4083
67	108	1870
108	67	1870
67	145	3349
145	67	3349
67	91	4564
91	67	4565
67	127	4267
127	67	4267
68	139	3818
139	68	3818
68	102	3941
102	68	3941
68	80	3768
80	68	3769
68	92	1830
92	68	1831
68	162	3986
162	68	3986
68	109	4586
109	68	4586
68	156	2811
156	68	2811
68	72	4004
72	68	4004
68	77	3445
77	68	3446
68	101	1157
101	68	1158
69	73	4136
73	69	4136
69	172	4030
172	69	4031
69	135	3768
135	69	3769
69	154	2443
154	69	2443
69	196	4283
196	69	4284
69	127	4215
127	69	4216
69	84	4450
84	69	4451
69	102	1696
102	69	1696
69	170	3026
170	69	3027
69	126	4681
126	69	4682
69	121	3382
121	69	3383
69	174	1839
174	69	1839
70	170	3681
170	70	3681
70	128	2711
128	70	2712
70	140	4625
140	70	4626
70	100	1804
100	70	1805
70	75	2958
75	70	2959
70	143	4040
143	70	4040
70	189	4686
189	70	4687
70	86	3810
86	70	3810
70	123	4644
123	70	4644
70	160	2463
160	70	2463
70	157	4218
157	70	4219
71	123	4521
123	71	4521
71	168	3463
168	71	3463
71	164	4183
164	71	4183
71	97	2205
97	71	2206
71	127	4843
127	71	4844
71	120	510
120	71	511
71	115	4163
115	71	4164
71	159	4183
159	71	4184
71	196	4114
196	71	4114
71	99	4921
99	71	4922
71	191	2266
191	71	2267
72	75	4120
75	72	4120
72	110	4143
110	72	4144
72	77	3563
77	72	3563
72	83	4082
83	72	4082
72	144	4771
144	72	4772
72	177	247
177	72	248
72	82	904
82	72	905
72	161	2973
161	72	2973
72	140	4686
140	72	4686
72	114	3590
114	72	3591
72	99	4573
99	72	4573
73	109	4655
109	73	4655
73	83	4070
83	73	4070
73	87	3825
87	73	3825
73	173	3136
173	73	3137
73	192	4120
192	73	4120
74	175	3493
175	74	3493
74	131	2594
131	74	2595
74	108	3296
108	74	3296
74	143	3484
143	74	3484
74	142	4337
142	74	4337
74	103	3506
103	74	3507
74	151	74
151	74	75
74	164	3791
164	74	3791
74	78	3682
78	74	3683
74	83	3557
83	74	3557
74	102	2857
102	74	2857
74	97	3578
97	74	3579
75	133	4423
133	75	4424
75	105	2961
105	75	2961
75	124	3198
124	75	3199
75	172	1278
172	75	1278
75	94	4015
94	75	4016
75	92	4956
92	75	4957
75	149	3286
149	75	3286
76	162	4645
162	76	4646
76	152	3369
152	76	3370
76	170	4451
170	76	4452
76	77	1028
77	76	1028
76	134	4983
134	76	4984
76	163	4114
163	76	4115
76	100	4302
100	76	4302
76	119	4615
119	76	4615
76	142	3600
142	76	3600
76	96	1614
96	76	1615
76	176	3591
176	76	3591
76	200	2150
200	76	2150
76	161	3711
161	76	3712
77	145	1465
145	77	1465
77	117	4336
117	77	4336
77	124	1629
124	77	1629
77	131	4660
131	77	4661
77	139	142
139	77	143
77	102	2956
102	77	2956
77	91	2003
91	77	2004
77	132	3469
132	77	3470
77	93	4621
93	77	4621
78	90	2220
90	78	2221
78	148	2782
148	78	2782
78	149	2043
149	78	2044
78	94	1827
94	78	1827
78	140	3468
140	78	3469
78	154	2118
154	78	2119
78	132	1276
132	78	1277
78	86	4877
86	78	4878
78	195	4092
195	78	4093
78	157	3725
157	78	3726
78	101	3056
101	78	3056
79	115	495
115	79	496
79	95	4414
95	79	4414
79	86	1119
86	79	1120
79	98	4399
98	79	4399
79	173	4751
173	79	4752
79	130	4478
130	79	4479
79	164	3526
164	79	3527
80	196	2813
196	80	2814
80	152	2161
152	80	2161
80	130	4827
130	80	4828
80	111	4159
111	80	4160
80	154	3501
154	80	3502
80	108	704
108	80	705
80	170	4456
170	80	4457
80	165	2655
165	80	2655
80	101	3497
101	80	3497
81	163	3986
163	81	3987
81	162	2881
162	81	2881
81	140	4723
140	81	4723
81	180	1470
180	81	1471
81	126	2516
126	81	2517
81	155	4491
155	81	4492
81	177	371
177	81	371
81	131	4029
131	81	4029
81	192	3898
192	81	3899
81	152	3763
152	81	3763
82	104	3167
104	82	3168
82	83	3805
83	82	3805
82	121	1396
121	82	1397
82	109	232
109	82	232
82	179	1548
179	82	1548
82	160	4618
160	82	4619
82	122	4129
122	82	4130
82	155	1232
155	82	1232
82	195	3868
195	82	3868
82	86	4498
86	82	4498
82	96	2028
96	82	2028
82	99	3882
99	82	3882
82	161	2942
161	82	2943
82	144	2175
144	82	2175
83	104	3569
104	83	3569
83	144	787
144	83	787
83	145	2923
145	83	2924
83	149	1856
149	83	1857
83	128	1301
128	83	1301
83	153	4396
153	83	4397
83	165	1001
165	83	1002
83	150	4938
150	83	4939
84	178	3732
178	84	3732
84	100	4993
100	84	4993
84	129	3195
129	84	3195
84	134	4611
134	84	4611
84	95	3246
95	84	3247
84	131	2837
131	84	2837
84	200	1415
200	84	1415
84	137	3770
137	84	3770
84	98	1665
98	84	1666
84	124	3939
124	84	3939
84	103	3009
103	84	3009
85	110	4298
110	85	4299
85	141	3616
141	85	3616
85	163	4773
163	85	4773
85	134	549
134	85	549
85	154	3641
154	85	3641
85	114	3393
114	85	3394
85	89	3655
89	85	3656
85	96	4396
96	85	4397
85	101	3526
101	85	3527
85	122	4728
122	85	4728
86	114	3637
114	86	3637
86	109	2596
109	86	2596
86	99	4336
99	86	4337
86	161	3745
161	86	3745
86	106	4219
106	86	4220
86	115	2211
115	86	2211
86	89	3729
89	86	3730
86	173	1186
173	86	1186
86	132	1431
132	86	1431
86	168	4084
168	86	4085
87	140	3638
140	87	3639
87	98	1116
98	87	1116
87	108	3052
108	87	3053
87	180	372
180	87	373
87	156	2834
156	87	2834
87	168	1812
168	87	1812
87	147	4026
147	87	4026
87	110	4548
110	87	4549
87	125	2328
125	87	2329
87	162	4612
162	87	4612
87	92	2659
92	87	2660
87	102	2471
102	87	2471
87	117	959
117	87	960
88	130	3417
130	88	3417
88	89	2776
89	88	2777
88	96	2748
96	88	2749
88	124	147
124	88	148
88	103	705
103	88	706
88	94	4802
94	88	4803
88	95	4298
95	88	4298
88	127	1627
127	88	1627
88	122	3324
122	88	3325
88	135	4305
135	88	4305
89	171	1152
171	89	1153
89	128	4871
128	89	4871
89	129	4577
129	89	4578
89	155	4127
155	89	4127
89	133	3343
133	89	3343
89	147	2421
147	89	2421
89	156	2210
156	89	2211
89	122	4304
122	89	4304
89	172	1191
172	89	1191
90	119	3357
119	90	3358
90	151	753
151	90	754
90	132	3931
132	90	3931
90	125	2695
125	90	2695
90	160	2709
160	90	2709
90	97	4689
97	90	4689
90	105	4324
105	90	4324
90	107	4942
107	90	4942
90	137	4437
137	90	4438
90	110	3389
110	90	3389
90	168	3652
168	90	3653
91	200	4713
200	91	4713
91	120	1835
120	91	1835
91	163	2400
163	91	2400
91	164	4786
164	91	4787
91	124	1144
124	91	1144
91	154	2565
154	91	2566
92	142	152
142	92	153
92	94	679
94	92	679
92	145	4704
145	92	4705
92	138	4426
138	92	4426
92	107	520
107	92	520
92	175	3931
175	92	3932
92	130	3570
130	92	3570
93	101	2554
101	93	2554
93	166	1496
166	93	1497
93	175	1518
175	93	1518
93	140	2546
140	93	2547
93	123	3888
123	93	3888
93	154	3299
154	93	3300
93	125	3946
125	93	3947
93	105	2278
105	93	2279
94	199	1626
199	94	1627
94	119	546
119	94	547
94	105	373
105	94	373
94	135	1889
135	94	1890
94	113	2954
113	94	2955
94	171	3943
171	94	3944
94	112	654
112	94	654
95	126	3831
126	95	3831
95	110	3746
110	95	3747
95	124	4007
124	95	4007
95	148	401
148	95	402
95	105	3845
105	95	3845
95	122	4277
122	95	4278
95	137	2808
137	95	2808
95	121	2065
121	95	2066
95	119	4761
119	95	4761
95	146	1249
146	95	1249
95	168	3063
168	95	3064
96	98	4247
98	96	4248
96	119	3814
119	96	3815
96	177	1892
177	96	1892
96	133	920
133	96	921
96	124	2601
124	96	2602
96	107	3019
107	96	3020
96	131	2273
131	96	2273
96	172	2196
172	96	2196
96	155	599
155	96	599
97	166	1811
166	97	1812
97	138	3410
138	97	3411
97	160	4751
160	97	4751
97	126	3247
126	97	3247
97	151	3199
151	97	3199
97	141	410
141	97	410
97	189	2148
189	97	2149
97	155	4830
155	97	4830
97	176	4234
176	97	4234
97	178	2749
178	97	2750
97	114	1783
114	97	1783
97	162	3950
162	97	3950
98	163	1893
163	98	1893
98	110	4221
110	98	4221
98	162	3079
162	98	3080
98	170	1123
170	98	1123
98	120	4981
120	98	4981
98	172	4446
172	98	4447
98	104	3302
104	98	3303
98	103	4639
103	98	4640
99	125	4721
125	99	4722
99	143	872
143	99	873
99	142	330
142	99	331
99	123	4207
123	99	4208
99	175	4129
175	99	4130
100	168	2106
168	100	2106
100	174	2794
174	100	2794
100	192	4415
192	100	4415
100	106	2263
106	100	2263
100	170	1852
170	100	1852
100	172	3894
172	100	3895
100	129	4384
129	100	4385
100	166	4210
166	100	4211
100	124	3007
124	100	3007
101	166	3575
166	101	3576
101	124	1704
124	101	1705
101	125	4010
125	101	4011
103	147	4523
147	103	4523
103	154	785
154	103	785
103	134	4214
134	103	4215
105	151	4851
151	105	4851
105	164	617
164	105	617
105	160	4946
160	105	4946
105	137	4508
137	105	4508
105	124	218
124	105	218
106	144	2404
144	106	2405
106	135	3606
135	106	3606
106	125	3990
125	106	3991
106	108	1421
108	106	1421
106	142	3586
142	106	3587
106	167	4503
167	106	4504
106	178	4267
178	106	4268
108	171	1090
171	108	1091
108	173	2976
173	108	2977
108	177	4961
177	108	4961
108	156	3754
156	108	3755
108	126	2304
126	108	2304
112	147	3271
147	112	3271
112	132	2422
132	112	2423
112	123	1359
123	112	1359
112	151	2388
151	112	2389
112	156	1048
156	112	1049
112	168	4171
168	112	4171
112	199	1867
199	112	1867
112	200	4164
200	112	4165
112	177	534
177	112	534
113	139	4843
139	113	4844
113	133	4878
133	113	4878
113	144	1214
144	113	1215
113	141	3307
141	113	3307
119	166	3195
166	119	3195
119	143	1506
143	119	1507
119	141	4516
141	119	4516
119	180	3846
180	119	3846
119	168	4770
168	119	4771
126	160	4191
160	126	4192
127	135	4322
135	127	4323
128	191	4049
191	128	4050
128	150	3687
150	128	3687
128	172	4863
172	128	4864
128	167	3987
167	128	3987
128	146	4379
146	128	4379
128	156	993
156	128	994
128	174	860
174	128	860
128	144	1556
144	128	1557
129	130	2933
130	129	2934
129	175	4695
175	129	4695
129	143	2274
143	129	2274
129	132	1559
132	129	1559
129	138	3814
138	129	3815
129	199	4850
199	129	4850
130	159	2122
159	130	2122
130	172	3283
172	130	3283
130	131	2637
131	130	2638
131	179	3997
179	131	3997
131	154	3101
154	131	3101
131	137	1975
137	131	1976
131	132	422
132	131	422
133	172	1860
172	133	1861
133	160	2237
160	133	2237
133	163	4903
163	133	4904
137	146	806
146	137	806
138	174	1754
174	138	1755
138	160	3456
160	138	3457
138	163	1065
163	138	1066
139	166	4959
166	139	4959
139	147	4037
147	139	4038
139	150	3011
150	139	3011
139	146	4812
146	139	4813
139	179	63
179	139	63
139	156	876
156	139	876
143	180	4000
180	143	4001
143	171	3553
171	143	3553
146	180	2289
180	146	2290
146	159	3831
159	146	3832
146	179	4526
179	146	4526
146	172	3186
172	146	3186
146	150	2266
150	146	2267
149	166	775
166	149	775
149	200	981
200	149	981
150	178	3762
178	150	3763
150	174	1859
174	150	1859
150	160	1964
160	150	1964
150	192	2607
192	150	2607
150	175	4492
175	150	4493
159	200	4184
200	159	4184
166	167	3946
167	166	3947
166	176	4073
176	166	4073
167	180	2385
180	167	2385
167	174	1441
174	167	1442
167	178	2234
178	167	2235
167	176	4394
176	167	4394
171	179	3377
179	171	3378
176	178	3915
178	176	3915
176	179	4612
179	176	4613
178	179	4391
179	178	4392
