200	2822
2	2
2	2
5	5
3	3
4	4
2	2
2	2
4	4
4	4
5	5
3	3
4	4
5	5
2	2
2	2
4	4
4	4
2	2
3	3
2	2
3	3
4	4
4	4
5	5
5	5
4	4
2	2
4	4
3	3
4	4
5	5
5	5
3	3
2	2
4	4
3	3
4	4
5	5
5	5
3	3
2	2
5	5
4	4
5	5
4	4
2	2
4	4
5	5
3	3
3	3
5	5
3	3
2	2
3	3
3	3
2	2
3	3
5	5
5	5
2	2
5	5
4	4
4	4
3	3
5	5
3	3
3	3
2	2
5	5
2	2
4	4
3	3
3	3
5	5
4	4
3	3
5	5
2	2
5	5
5	5
5	5
2	2
2	2
4	4
5	5
4	4
4	4
4	4
5	5
5	5
2	2
3	3
3	3
4	4
4	4
5	5
3	3
5	5
3	3
3	3
4	4
3	3
3	3
2	2
2	2
4	4
5	5
2	2
4	4
3	3
5	5
4	4
4	4
5	5
4	4
5	5
2	2
2	2
4	4
2	2
2	2
3	3
2	2
3	3
2	2
4	4
5	5
2	2
2	2
3	3
5	5
4	4
2	2
4	4
3	3
3	3
3	3
2	2
4	4
5	5
4	4
5	5
4	4
2	2
5	5
3	3
2	2
4	4
3	3
3	3
3	3
5	5
2	2
2	2
3	3
4	4
2	2
4	4
4	4
5	5
2	2
3	3
3	3
2	2
2	2
5	5
3	3
2	2
5	5
3	3
2	2
5	5
2	2
2	2
2	2
3	3
3	3
2	2
5	5
3	3
3	3
3	3
5	5
5	5
4	4
2	2
4	4
5	5
3	3
5	5
3	3
4	4
4	4
5	5
5	5
3	3
5	5
4	4
3	3
5	5
1	163	2189
163	1	2190
1	194	1731
194	1	1731
1	138	4774
138	1	4775
1	10	318
10	1	318
1	101	3076
101	1	3076
1	105	4488
105	1	4489
1	120	4080
120	1	4080
1	174	2695
174	1	2695
1	195	3957
195	1	3957
1	134	3431
134	1	3431
1	70	1245
70	1	1245
1	159	3296
159	1	3296
1	24	4014
24	1	4015
1	42	4550
42	1	4551
1	180	2684
180	1	2684
1	93	3163
93	1	3164
1	72	500
72	1	501
1	31	1263
31	1	1263
1	18	3954
18	1	3955
1	167	4257
167	1	4257
2	104	3513
104	2	3514
2	188	1694
188	2	1694
2	171	4113
171	2	4114
2	180	4893
180	2	4894
2	156	1585
156	2	1585
2	59	3715
59	2	3716
2	127	3765
127	2	3766
2	139	56
139	2	57
2	81	1472
81	2	1473
2	36	764
36	2	765
2	185	3537
185	2	3537
2	44	1865
44	2	1865
2	47	3545
47	2	3546
2	69	3767
69	2	3767
2	117	562
117	2	562
2	132	4040
132	2	4041
2	145	3662
145	2	3662
2	66	1118
66	2	1118
2	43	4442
43	2	4443
2	92	4834
92	2	4835
3	153	4252
153	3	4253
3	136	4429
136	3	4429
3	38	2248
38	3	2248
3	132	1523
132	3	1524
3	114	1119
114	3	1119
3	122	273
122	3	273
3	49	4663
49	3	4664
3	36	2430
36	3	2431
3	97	3263
97	3	3263
3	116	4198
116	3	4198
3	183	1185
183	3	1186
3	70	2247
70	3	2247
3	86	3926
86	3	3926
3	10	4665
10	3	4665
3	83	4987
83	3	4987
3	48	4959
48	3	4960
3	54	550
54	3	550
3	46	427
46	3	427
3	190	341
190	3	341
3	139	4583
139	3	4583
4	38	3649
38	4	3650
4	142	4408
142	4	4408
4	31	3774
31	4	3775
4	94	4000
94	4	4000
4	44	4041
44	4	4042
4	123	4971
123	4	4971
4	157	4173
157	4	4174
4	105	4811
105	4	4812
4	114	4098
114	4	4099
4	156	4915
156	4	4915
4	188	4282
188	4	4283
4	18	1691
18	4	1691
4	61	4314
61	4	4314
4	11	1040
11	4	1040
4	193	4341
193	4	4341
4	20	4662
20	4	4662
4	151	3728
151	4	3729
4	140	3994
140	4	3994
4	22	4061
22	4	4062
4	77	2287
77	4	2288
5	90	1018
90	5	1018
5	66	1120
66	5	1120
5	191	2275
191	5	2276
5	118	4060
118	5	4061
5	99	1905
99	5	1906
5	19	4166
19	5	4166
5	39	3586
39	5	3586
5	100	4785
100	5	4786
5	170	2658
170	5	2659
5	46	554
46	5	555
5	136	3594
136	5	3595
5	30	3694
30	5	3695
5	133	1112
133	5	1113
5	85	883
85	5	883
5	120	3724
120	5	3724
5	76	4621
76	5	4622
5	36	4524
36	5	4525
5	199	834
199	5	835
5	86	3426
86	5	3427
5	68	3482
68	5	3482
6	43	4634
43	6	4634
6	111	4347
111	6	4347
6	92	890
92	6	891
6	163	3120
163	6	3120
6	156	4941
156	6	4942
6	139	4050
139	6	4051
6	112	4212
112	6	4212
6	15	4419
15	6	4419
6	20	4816
20	6	4817
6	68	469
68	6	469
6	64	3354
64	6	3355
6	24	3809
24	6	3810
6	28	4694
28	6	4695
6	157	3844
157	6	3845
6	69	4630
69	6	4631
6	168	4645
168	6	4645
6	102	3167
102	6	3167
6	44	3647
44	6	3648
6	16	1525
16	6	1525
6	148	1846
148	6	1846
7	142	3646
142	7	3647
7	56	1351
56	7	1351
7	63	161
63	7	161
7	101	3404
101	7	3405
7	37	4825
37	7	4825
7	178	1611
178	7	1611
7	28	762
28	7	763
7	42	4835
42	7	4836
7	117	3977
117	7	3978
7	10	1704
10	7	1704
7	73	2329
73	7	2329
7	72	3225
72	7	3226
7	145	3178
145	7	3178
7	104	3701
104	7	3701
7	103	3911
103	7	3912
7	161	3280
161	7	3280
7	113	2322
113	7	2322
7	14	635
14	7	636
7	141	2468
141	7	2469
7	39	2116
39	7	2116
8	199	474
199	8	475
8	21	4346
21	8	4347
8	168	3846
168	8	3847
8	113	1586
113	8	1587
8	80	1024
80	8	1025
8	161	3992
161	8	3993
8	165	1119
165	8	1120
8	122	3475
122	8	3476
8	176	4750
176	8	4750
8	67	2593
67	8	2593
8	28	546
28	8	546
8	79	3137
79	8	3138
8	36	4479
36	8	4479
8	181	4114
181	8	4114
8	62	4653
62	8	4654
8	41	3993
41	8	3993
8	125	2932
125	8	2933
8	154	3200
154	8	3200
8	70	142
70	8	143
8	22	4577
22	8	4577
9	114	4430
114	9	4430
9	72	4717
72	9	4718
9	77	4964
77	9	4965
9	67	4716
67	9	4716
9	70	2783
70	9	2783
9	147	3576
147	9	3577
9	168	4111
168	9	4111
9	107	1354
107	9	1355
9	128	3834
128	9	3834
9	125	2343
125	9	2344
9	182	4075
182	9	4076
9	32	4931
32	9	4932
9	18	1249
18	9	1249
9	65	3219
65	9	3219
9	50	4990
50	9	4990
9	46	2203
46	9	2203
9	51	3180
51	9	3181
9	49	4780
49	9	4781
9	10	3292
10	9	3293
9	41	4368
41	9	4369
10	47	1548
47	10	1548
10	15	656
15	10	657
10	148	4052
148	10	4053
10	193	4826
193	10	4826
10	32	4062
32	10	4063
10	72	2710
72	10	2711
10	41	4663
41	10	4664
10	136	1776
136	10	1776
10	159	917
159	10	918
10	81	3849
81	10	3849
10	198	4975
198	10	4975
10	75	4457
75	10	4457
10	197	2340
197	10	2341
10	22	3720
22	10	3720
10	145	2848
145	10	2849
10	14	4074
14	10	4074
11	68	4838
68	11	4838
11	160	4781
160	11	4781
11	62	4910
62	11	4910
11	186	1033
186	11	1033
11	164	3446
164	11	3446
11	94	404
94	11	405
11	118	4700
118	11	4701
11	193	2030
193	11	2031
11	152	3687
152	11	3687
11	37	3083
37	11	3084
11	126	4216
126	11	4217
11	142	3733
142	11	3734
11	176	1328
176	11	1329
11	88	2668
88	11	2668
11	90	4801
90	11	4802
11	71	2275
71	11	2275
11	149	4868
149	11	4869
11	146	3944
146	11	3944
11	158	1298
158	11	1298
12	107	4770
107	12	4771
12	118	4752
118	12	4753
12	194	4066
194	12	4067
12	14	1194
14	12	1194
12	69	2124
69	12	2125
12	77	4347
77	12	4347
12	32	852
32	12	852
12	13	1263
13	12	1263
12	168	4695
168	12	4695
12	120	4625
120	12	4626
12	42	238
42	12	238
12	72	4972
72	12	4973
12	50	4337
50	12	4338
12	130	4909
130	12	4910
12	30	4172
30	12	4172
12	152	3874
152	12	3874
12	197	4559
197	12	4560
12	185	4495
185	12	4496
12	59	2546
59	12	2547
12	175	2807
175	12	2807
13	195	4756
195	13	4757
13	96	4857
96	13	4858
13	52	3864
52	13	3864
13	135	3962
135	13	3962
13	53	1459
53	13	1460
13	164	3844
164	13	3844
13	50	1006
50	13	1007
13	60	1317
60	13	1318
13	104	4746
104	13	4746
13	29	3737
29	13	3737
13	196	3941
196	13	3942
13	26	3950
26	13	3950
13	180	1493
180	13	1494
13	70	141
70	13	141
13	141	2790
141	13	2790
13	24	845
24	13	845
13	169	2490
169	13	2490
13	132	2166
132	13	2167
13	183	2824
183	13	2824
14	45	3241
45	14	3241
14	123	3293
123	14	3294
14	29	383
29	14	384
14	48	4529
48	14	4530
14	25	3869
25	14	3869
14	177	1834
177	14	1835
14	67	764
67	14	765
14	77	4046
77	14	4047
14	31	2856
31	14	2857
14	91	3815
91	14	3816
14	72	2471
72	14	2471
14	103	3870
103	14	3871
14	73	3901
73	14	3902
14	59	2081
59	14	2081
14	74	220
74	14	220
14	100	3138
100	14	3139
14	131	2978
131	14	2979
15	146	4924
146	15	4925
15	102	3556
102	15	3556
15	195	2158
195	15	2159
15	133	3437
133	15	3437
15	28	3499
28	15	3499
15	58	2259
58	15	2260
15	82	4928
82	15	4928
15	116	4708
116	15	4709
15	95	3934
95	15	3935
15	87	2000
87	15	2000
15	33	4400
33	15	4400
15	39	2189
39	15	2189
15	71	3130
71	15	3130
15	21	4836
21	15	4837
15	17	3224
17	15	3224
15	73	3336
73	15	3336
15	76	2009
76	15	2009
15	131	4573
131	15	4574
16	114	1818
114	16	1819
16	138	4089
138	16	4089
16	67	4886
67	16	4886
16	163	2428
163	16	2429
16	26	3640
26	16	3641
16	45	1705
45	16	1706
16	177	4284
177	16	4285
16	117	3414
117	16	3414
16	143	496
143	16	496
16	118	1409
118	16	1410
16	183	3618
183	16	3618
16	179	3081
179	16	3081
16	168	4354
168	16	4354
16	52	4581
52	16	4582
16	190	2256
190	16	2256
16	27	184
27	16	184
16	48	3146
48	16	3146
16	55	3811
55	16	3811
16	161	4697
161	16	4698
17	53	3936
53	17	3936
17	39	2494
39	17	2494
17	77	2890
77	17	2890
17	174	4386
174	17	4386
17	45	4991
45	17	4992
17	32	4071
32	17	4072
17	56	2331
56	17	2331
17	196	4182
196	17	4183
17	180	1860
180	17	1861
17	35	3697
35	17	3697
17	104	3897
104	17	3897
17	128	1287
128	17	1287
17	144	4798
144	17	4799
17	131	4467
131	17	4468
17	121	4277
121	17	4277
17	38	1173
38	17	1173
17	73	3810
73	17	3811
17	154	2606
154	17	2607
17	183	1937
183	17	1938
18	90	1916
90	18	1916
18	35	3687
35	18	3687
18	159	4775
159	18	4775
18	184	3617
184	18	3617
18	128	3865
128	18	3865
18	161	2322
161	18	2323
18	74	4155
74	18	4155
18	40	3561
40	18	3561
18	154	4217
154	18	4218
18	194	2935
194	18	2935
18	56	4822
56	18	4822
18	195	2051
195	18	2051
18	21	3621
21	18	3622
18	145	4526
145	18	4526
18	183	2696
183	18	2697
18	143	4654
143	18	4655
18	192	4156
192	18	4157
19	78	3170
78	19	3171
19	169	2707
169	19	2708
19	112	1862
112	19	1862
19	86	2589
86	19	2589
19	36	796
36	19	796
19	90	3966
90	19	3966
19	110	920
110	19	921
19	141	466
141	19	467
19	29	4601
29	19	4601
19	106	4137
106	19	4137
19	48	3583
48	19	3584
19	26	2659
26	19	2659
19	143	2863
143	19	2863
19	188	4922
188	19	4923
19	162	4412
162	19	4413
19	27	1495
27	19	1495
19	164	4954
164	19	4955
19	174	3173
174	19	3173
19	83	2666
83	19	2667
20	160	3278
160	20	3279
20	76	4835
76	20	4836
20	34	4466
34	20	4466
20	87	859
87	20	859
20	159	2020
159	20	2020
20	138	4696
138	20	4696
20	181	3173
181	20	3174
20	91	4017
91	20	4017
20	184	4702
184	20	4703
20	104	4954
104	20	4954
20	100	4558
100	20	4559
20	67	3858
67	20	3858
20	49	2419
49	20	2419
20	39	3287
39	20	3288
20	114	4006
114	20	4007
20	193	442
193	20	442
20	188	2142
188	20	2143
20	118	806
118	20	807
21	85	2315
85	21	2315
21	166	374
166	21	375
21	94	2034
94	21	2035
21	156	3183
156	21	3184
21	91	3570
91	21	3570
21	147	3603
147	21	3604
21	116	3698
116	21	3698
21	141	3052
141	21	3052
21	168	992
168	21	992
21	169	3852
169	21	3853
21	125	4697
125	21	4697
21	82	4613
82	21	4613
21	79	4398
79	21	4399
21	100	3198
100	21	3199
21	47	2151
47	21	2152
22	74	4066
74	22	4067
22	140	1632
140	22	1632
22	189	2007
189	22	2007
22	63	659
63	22	660
22	170	4466
170	22	4466
22	181	1440
181	22	1441
22	121	3994
121	22	3995
22	28	1861
28	22	1861
22	152	4476
152	22	4476
22	161	1667
161	22	1667
22	93	285
93	22	285
22	86	1872
86	22	1873
23	131	434
131	23	434
23	124	2107
124	23	2107
23	100	3561
100	23	3562
23	142	3262
142	23	3263
23	88	4276
88	23	4277
23	63	2824
63	23	2825
23	145	4699
145	23	4699
23	177	4254
177	23	4255
23	149	4196
149	23	4196
23	181	4193
181	23	4194
23	176	3582
176	23	3583
23	95	3939
95	23	3940
23	36	650
36	23	650
23	91	465
91	23	466
23	35	3477
35	23	3477
23	46	1086
46	23	1086
23	65	3734
65	23	3735
23	93	3372
93	23	3373
24	76	3650
76	24	3650
24	190	4459
190	24	4460
24	101	2213
101	24	2214
24	147	2740
147	24	2741
24	181	645
181	24	645
24	176	3519
176	24	3520
24	34	3626
34	24	3627
24	81	283
81	24	284
24	110	4611
110	24	4612
24	46	1989
46	24	1990
24	106	536
106	24	536
24	113	4409
113	24	4410
24	89	4972
89	24	4972
24	31	211
31	24	212
24	194	724
194	24	724
25	89	4064
89	25	4064
25	152	4209
152	25	4209
25	120	4886
120	25	4886
25	26	4821
26	25	4822
25	30	477
30	25	477
25	174	1808
174	25	1809
25	195	3755
195	25	3755
25	80	3512
80	25	3512
25	86	3110
86	25	3110
25	197	3925
197	25	3925
25	71	3879
71	25	3880
25	188	1611
188	25	1611
25	155	2662
155	25	2663
25	124	3970
124	25	3971
25	179	1040
179	25	1041
25	163	1942
163	25	1943
25	93	1773
93	25	1774
25	170	4369
170	25	4370
26	123	4448
123	26	4449
26	70	1576
70	26	1577
26	187	4025
187	26	4025
26	32	4176
32	26	4176
26	64	256
64	26	257
26	103	2419
103	26	2419
26	107	1648
107	26	1649
26	141	2210
141	26	2211
26	156	3923
156	26	3924
26	147	3153
147	26	3154
26	158	2558
158	26	2559
26	37	2125
37	26	2126
27	84	4134
84	27	4135
27	43	4442
43	27	4442
27	71	3799
71	27	3799
27	79	2367
79	27	2368
27	110	1703
110	27	1704
27	171	3818
171	27	3818
27	64	4528
64	27	4528
27	141	2868
141	27	2868
27	111	2340
111	27	2340
27	102	4918
102	27	4919
27	188	4285
188	27	4285
27	39	3327
39	27	3327
27	53	4937
53	27	4937
27	88	3793
88	27	3793
27	179	274
179	27	275
27	82	480
82	27	480
28	153	4493
153	28	4493
28	80	378
80	28	378
28	34	3581
34	28	3581
28	65	4232
65	28	4232
28	113	851
113	28	852
28	175	3867
175	28	3868
28	188	1299
188	28	1299
28	106	2911
106	28	2911
28	162	777
162	28	778
28	40	4704
40	28	4704
28	150	1491
150	28	1491
28	174	3109
174	28	3109
29	74	662
74	29	662
29	180	4295
180	29	4296
29	121	342
121	29	342
29	138	4320
138	29	4321
29	45	3181
45	29	3182
29	126	1379
126	29	1380
29	192	3207
192	29	3207
29	60	2848
60	29	2848
29	161	3746
161	29	3746
29	132	4150
132	29	4150
29	64	2736
64	29	2737
29	90	3966
90	29	3967
30	92	3579
92	30	3579
30	159	2382
159	30	2383
30	93	4496
93	30	4496
30	156	4967
156	30	4968
30	128	2255
128	30	2255
30	47	2527
47	30	2528
30	69	3021
69	30	3022
30	150	4212
150	30	4213
30	79	2058
79	30	2059
30	166	3629
166	30	3629
30	178	2639
178	30	2640
30	71	4762
71	30	4762
30	118	4537
118	30	4537
30	196	4253
196	30	4253
30	185	3533
185	30	3533
30	138	589
138	30	589
31	181	4429
181	31	4430
31	34	4619
34	31	4620
31	129	2878
129	31	2879
31	161	1628
161	31	1628
31	126	1929
126	31	1930
31	164	3137
164	31	3138
31	80	1015
80	31	1016
31	140	1273
140	31	1273
31	75	1669
75	31	1670
31	58	3687
58	31	3688
31	141	3961
141	31	3962
31	74	1539
74	31	1540
31	153	4749
153	31	4750
32	181	1801
181	32	1802
32	54	4734
54	32	4734
32	133	4661
133	32	4661
32	158	1293
158	32	1293
32	98	1144
98	32	1145
32	164	3976
164	32	3976
32	154	3871
154	32	3872
32	157	3862
157	32	3863
32	116	3218
116	32	3219
32	79	3678
79	32	3679
32	145	2355
145	32	2356
33	197	2343
197	33	2343
33	82	1754
82	33	1755
33	47	2275
47	33	2276
33	92	4576
92	33	4577
33	70	3751
70	33	3751
33	138	1335
138	33	1335
33	181	1756
181	33	1757
33	132	4615
132	33	4616
33	95	1812
95	33	1813
33	99	3240
99	33	3241
33	74	1275
74	33	1275
33	161	4199
161	33	4200
33	113	4963
113	33	4964
33	200	4666
200	33	4667
33	116	3176
116	33	3176
33	123	4401
123	33	4401
33	117	4774
117	33	4775
34	171	1892
171	34	1893
34	36	3272
36	34	3272
34	103	4454
103	34	4454
34	129	3075
129	34	3076
34	88	4986
88	34	4986
34	45	1413
45	34	1414
34	113	4201
113	34	4201
34	154	2518
154	34	2518
34	133	2562
133	34	2563
34	38	4845
38	34	4846
34	72	3152
72	34	3152
34	146	4834
146	34	4834
34	49	4849
49	34	4849
34	163	4930
163	34	4931
34	138	4693
138	34	4694
35	165	4952
165	35	4953
35	100	4964
100	35	4965
35	66	2448
66	35	2448
35	119	4489
119	35	4489
35	50	3837
50	35	3837
35	65	2411
65	35	2412
35	107	4580
107	35	4580
35	140	1980
140	35	1980
35	172	3780
172	35	3780
35	60	2817
60	35	2817
35	185	4569
185	35	4570
35	129	1719
129	35	1719
35	106	2889
106	35	2889
35	52	304
52	35	305
35	81	4384
81	35	4384
36	104	4464
104	36	4464
36	172	3597
172	36	3598
36	156	683
156	36	683
36	125	4120
125	36	4121
36	61	4276
61	36	4277
36	153	658
153	36	658
36	107	3584
107	36	3585
36	101	4655
101	36	4655
37	175	2062
175	37	2062
37	137	164
137	37	164
37	57	4119
57	37	4119
37	42	4792
42	37	4792
37	166	3261
166	37	3261
37	102	893
102	37	893
37	159	2541
159	37	2541
37	164	169
164	37	169
37	94	4659
94	37	4659
37	179	3521
179	37	3522
37	130	2401
130	37	2402
37	69	4131
69	37	4132
37	58	3127
58	37	3128
37	60	3612
60	37	3613
37	85	3780
85	37	3781
37	142	4479
142	37	4479
38	64	749
64	38	750
38	152	4439
152	38	4439
38	189	4512
189	38	4512
38	168	2531
168	38	2531
38	102	1773
102	38	1774
38	124	854
124	38	854
38	140	2062
140	38	2063
38	94	2031
94	38	2032
38	135	2093
135	38	2093
38	187	4135
187	38	4136
38	139	3758
139	38	3759
38	81	517
81	38	517
38	132	4639
132	38	4640
38	109	4831
109	38	4831
38	127	4255
127	38	4256
39	54	4250
54	39	4250
39	195	3309
195	39	3309
39	140	1489
140	39	1489
39	114	1114
114	39	1114
39	170	4360
170	39	4361
39	137	1679
137	39	1679
39	148	243
148	39	243
39	194	4722
194	39	4722
39	96	3258
96	39	3259
39	149	614
149	39	615
39	58	2638
58	39	2638
40	129	1936
129	40	1937
40	164	107
164	40	107
40	138	1253
138	40	1253
40	156	3720
156	40	3721
40	185	3061
185	40	3062
40	105	461
105	40	461
40	46	4101
46	40	4101
40	131	327
131	40	327
40	128	4923
128	40	4923
40	50	2785
50	40	2786
40	157	3693
157	40	3693
40	125	4778
125	40	4778
40	160	3691
160	40	3692
41	62	3197
62	41	3198
41	52	4641
52	41	4642
41	70	1918
70	41	1919
41	82	1241
82	41	1241
41	53	883
53	41	884
41	138	4803
138	41	4804
41	50	4334
50	41	4335
41	123	4313
123	41	4313
41	57	3465
57	41	3465
41	89	4300
89	41	4301
41	90	3648
90	41	3648
41	49	4848
49	41	4848
41	91	4820
91	41	4821
41	134	1306
134	41	1307
41	61	4354
61	41	4355
41	111	4825
111	41	4825
42	57	4826
57	42	4827
42	115	1428
115	42	1429
42	132	824
132	42	824
42	112	969
112	42	969
42	173	1477
173	42	1478
42	106	4118
106	42	4118
42	134	1012
134	42	1013
42	52	2622
52	42	2623
42	90	4265
90	42	4266
42	103	1985
103	42	1985
42	189	4945
189	42	4945
42	178	342
178	42	343
42	75	2856
75	42	2857
42	61	1105
61	42	1106
42	176	4288
176	42	4288
43	121	4138
121	43	4139
43	140	4487
140	43	4487
43	94	4175
94	43	4176
43	189	3635
189	43	3635
43	138	3115
138	43	3115
43	117	4077
117	43	4077
43	97	4105
97	43	4106
43	119	3833
119	43	3834
43	77	2967
77	43	2967
43	48	2018
48	43	2018
43	123	3459
123	43	3459
43	89	3930
89	43	3930
43	116	2684
116	43	2685
43	87	4740
87	43	4740
43	98	1576
98	43	1577
43	162	4121
162	43	4121
44	72	2343
72	44	2343
44	101	4973
101	44	4973
44	152	4828
152	44	4828
44	112	4414
112	44	4414
44	68	4445
68	44	4446
44	180	3025
180	44	3026
44	60	4821
60	44	4821
44	148	3308
148	44	3309
44	59	4422
59	44	4423
44	71	4332
71	44	4333
44	58	4820
58	44	4821
44	61	3805
61	44	3805
44	136	546
136	44	547
44	77	3629
77	44	3630
45	189	3812
189	45	3812
45	174	4932
174	45	4932
45	109	2967
109	45	2968
45	118	1304
118	45	1304
45	95	3141
95	45	3142
45	165	1994
165	45	1995
45	90	4371
90	45	4372
45	87	4784
87	45	4784
45	55	3086
55	45	3086
45	84	3467
84	45	3467
46	95	4459
95	46	4460
46	91	961
91	46	962
46	108	4312
108	46	4312
46	72	1158
72	46	1159
46	107	1442
107	46	1442
46	148	3388
148	46	3388
46	136	506
136	46	506
46	138	1893
138	46	1894
46	160	2491
160	46	2491
46	151	2976
151	46	2977
46	169	2262
169	46	2262
47	70	2230
70	47	2230
47	134	3980
134	47	3981
47	49	1282
49	47	1283
47	160	3726
160	47	3726
47	102	4293
102	47	4293
47	93	4399
93	47	4400
47	74	2037
74	47	2038
47	104	3674
104	47	3675
47	175	1551
175	47	1551
47	105	4483
105	47	4484
47	119	4697
119	47	4698
48	66	1461
66	48	1462
48	166	3560
166	48	3560
48	101	1900
101	48	1900
48	84	4700
84	48	4700
48	171	4391
171	48	4392
48	152	3953
152	48	3953
48	128	3358
128	48	3358
48	74	3976
74	48	3977
48	85	3857
85	48	3857
48	153	4268
153	48	4268
49	165	4353
165	49	4354
49	52	3994
52	49	3994
49	60	3729
60	49	3730
49	159	4711
159	49	4712
49	126	2875
126	49	2876
49	109	3730
109	49	3730
49	152	3017
152	49	3017
49	88	4950
88	49	4950
49	92	3778
92	49	3779
50	132	1290
132	50	1291
50	101	936
101	50	936
50	173	2705
173	50	2706
50	169	4706
169	50	4706
50	52	1928
52	50	1929
50	163	1510
163	50	1510
50	156	3586
156	50	3586
50	180	4243
180	50	4243
50	123	4628
123	50	4629
50	78	3961
78	50	3961
50	149	4267
149	50	4268
50	84	1837
84	50	1837
50	97	818
97	50	818
51	117	2181
117	51	2181
51	186	4557
186	51	4557
51	148	4662
148	51	4662
51	155	3920
155	51	3920
51	161	3218
161	51	3219
51	104	1818
104	51	1818
51	115	2201
115	51	2201
51	142	2726
142	51	2726
51	132	3544
132	51	3544
51	80	2203
80	51	2203
51	167	4749
167	51	4750
51	195	4439
195	51	4439
51	124	3215
124	51	3215
51	163	4168
163	51	4168
51	99	2983
99	51	2984
51	145	3064
145	51	3064
52	165	2367
165	52	2367
52	103	4229
103	52	4230
52	69	4326
69	52	4327
52	164	4061
164	52	4062
52	58	3585
58	52	3586
52	65	3735
65	52	3736
52	172	2608
172	52	2609
52	154	3353
154	52	3353
52	60	3441
60	52	3441
53	69	4671
69	53	4672
53	153	4509
153	53	4510
53	60	3747
60	53	3748
53	164	4332
164	53	4332
53	125	1259
125	53	1259
53	116	2389
116	53	2389
53	179	2969
179	53	2969
53	77	4167
77	53	4168
53	75	3826
75	53	3826
53	161	2391
161	53	2391
53	177	2167
177	53	2167
53	156	2842
156	53	2843
53	157	1152
157	53	1153
53	163	4834
163	53	4834
53	147	4162
147	53	4163
54	62	4900
62	54	4900
54	97	750
97	54	750
54	110	3866
110	54	3867
54	100	257
100	54	257
54	98	3777
98	54	3777
54	91	4417
91	54	4418
54	163	2138
163	54	2138
54	67	3942
67	54	3942
54	81	3576
81	54	3577
54	78	4956
78	54	4957
54	173	1290
173	54	1290
54	135	2094
135	54	2095
55	130	4483
130	55	4483
55	117	2918
117	55	2919
55	59	4871
59	55	4871
55	71	1924
71	55	1924
55	94	4771
94	55	4771
55	91	4141
91	55	4141
55	141	1608
141	55	1609
55	172	4543
172	55	4543
55	169	3873
169	55	3873
55	174	2590
174	55	2591
55	61	3603
61	55	3604
55	165	2365
165	55	2366
55	122	4408
122	55	4409
55	135	2968
135	55	2968
56	139	262
139	56	263
56	107	3814
107	56	3815
56	102	2033
102	56	2033
56	162	1798
162	56	1798
56	83	2566
83	56	2566
56	124	3862
124	56	3862
56	73	1821
73	56	1821
56	108	2888
108	56	2888
56	127	4627
127	56	4627
56	116	4816
116	56	4817
56	130	895
130	56	895
56	66	287
66	56	287
56	71	4177
71	56	4178
57	90	4921
90	57	4922
57	133	4544
133	57	4545
57	65	4790
65	57	4790
57	84	4616
84	57	4616
57	151	3214
151	57	3215
57	100	2910
100	57	2910
57	58	1116
58	57	1117
57	103	2500
103	57	2500
57	154	4999
154	57	4999
57	164	1620
164	57	1621
57	136	4142
136	57	4143
57	72	4637
72	57	4638
57	74	3785
74	57	3786
57	176	999
176	57	1000
57	86	4060
86	57	4060
57	157	1008
157	57	1008
58	131	3756
131	58	3757
58	132	4111
132	58	4111
58	150	4695
150	58	4696
58	81	4327
81	58	4328
58	170	4758
170	58	4758
58	84	3509
84	58	3509
58	98	2402
98	58	2403
58	177	4288
177	58	4288
59	128	4671
128	59	4671
59	142	3780
142	59	3781
59	98	3493
98	59	3494
59	63	4779
63	59	4779
59	163	3968
163	59	3969
59	88	2994
88	59	2994
59	99	4176
99	59	4176
59	67	163
67	59	163
59	107	3933
107	59	3933
59	143	3253
143	59	3253
59	87	4322
87	59	4323
59	79	3053
79	59	3053
60	62	3839
62	60	3840
60	65	2393
65	60	2394
60	136	4405
136	60	4406
60	75	1957
75	60	1958
60	175	3895
175	60	3896
60	127	4559
127	60	4559
60	104	3873
104	60	3873
61	128	2881
128	61	2882
61	149	4949
149	61	4949
61	141	4198
141	61	4198
61	93	4932
93	61	4932
61	103	3856
103	61	3857
61	121	216
121	61	216
61	145	1406
145	61	1406
61	124	2637
124	61	2637
61	175	4529
175	61	4530
61	97	362
97	61	363
62	125	2671
125	62	2672
62	158	1119
158	62	1120
62	106	4129
106	62	4129
62	67	4662
67	62	4663
62	175	223
175	62	224
62	141	1437
141	62	1437
62	179	2884
179	62	2885
62	168	3896
168	62	3896
62	80	4176
80	62	4177
62	109	1807
109	62	1808
62	151	1517
151	62	1517
62	91	1672
91	62	1673
62	110	4473
110	62	4474
62	195	430
195	62	431
63	98	2681
98	63	2681
63	119	4293
119	63	4294
63	130	1186
130	63	1187
63	91	3763
91	63	3764
63	70	4105
70	63	4106
63	151	2827
151	63	2828
63	174	4981
174	63	4981
63	131	79
131	63	79
63	145	3781
145	63	3781
63	139	4149
139	63	4150
63	103	3976
103	63	3976
63	81	3907
81	63	3907
63	118	4980
118	63	4980
64	197	854
197	64	854
64	85	4204
85	64	4205
64	129	2710
129	64	2710
64	170	3581
170	64	3582
64	145	3523
145	64	3524
64	177	755
177	64	756
64	79	2704
79	64	2705
64	73	405
73	64	405
64	165	1177
165	64	1178
64	147	968
147	64	968
64	80	1311
80	64	1312
64	146	4117
146	64	4117
64	166	3638
166	64	3639
65	98	3393
98	65	3394
65	120	1275
120	65	1276
65	150	2315
150	65	2316
65	94	3737
94	65	3737
65	74	1072
74	65	1073
65	82	3288
82	65	3289
65	88	3708
88	65	3708
65	198	1768
198	65	1769
65	121	314
121	65	314
65	139	2425
139	65	2426
65	129	3573
129	65	3574
66	149	2883
149	66	2883
66	78	3431
78	66	3431
66	160	4292
160	66	4293
66	70	373
70	66	373
66	89	2349
89	66	2349
66	126	4013
126	66	4014
66	123	478
123	66	478
66	127	3327
127	66	3327
66	108	3844
108	66	3844
66	99	4433
99	66	4434
67	70	1632
70	67	1633
67	101	3582
101	67	3583
67	75	3408
75	67	3409
67	71	1778
71	67	1778
67	77	4615
77	67	4616
67	122	1910
122	67	1910
67	160	1168
160	67	1169
67	173	3604
173	67	3605
67	154	2881
154	67	2881
68	160	2672
160	68	2672
68	151	4502
151	68	4502
68	86	3974
86	68	3975
68	96	4571
96	68	4571
68	121	4818
121	68	4818
68	175	3567
175	68	3567
68	149	2661
149	68	2661
68	76	4301
76	68	4301
68	94	4948
94	68	4949
68	187	2771
187	68	2771
68	140	4372
140	68	4372
68	98	1615
98	68	1616
69	161	2315
161	69	2315
69	150	3807
150	69	3807
69	163	4967
163	69	4967
69	120	4854
120	69	4855
69	176	2021
176	69	2022
69	135	4556
135	69	4556
69	113	4247
113	69	4248
69	187	4792
187	69	4793
69	136	2516
136	69	2517
70	77	1043
77	70	1043
70	175	4805
175	70	4805
70	171	3030
171	70	3031
70	139	1284
139	70	1284
70	100	4979
100	70	4980
70	83	1214
83	70	1214
70	79	4618
79	70	4618
71	112	2103
112	71	2104
71	102	2776
102	71	2776
71	153	4992
153	71	4992
71	81	4802
81	71	4802
71	140	4023
140	71	4023
71	123	3796
123	71	3797
71	146	1482
146	71	1482
71	114	3562
114	71	3562
72	118	4416
118	72	4416
72	116	3338
116	72	3338
72	158	4544
158	72	4545
72	137	1393
137	72	1394
72	79	4765
79	72	4765
72	128	691
128	72	692
72	152	4015
152	72	4015
72	80	4304
80	72	4305
73	109	4671
109	73	4672
73	187	4960
187	73	4961
73	83	2087
83	73	2088
73	152	4730
152	73	4731
73	160	3906
160	73	3907
73	180	4421
180	73	4421
73	145	4336
145	73	4336
73	93	4732
93	73	4732
73	158	845
158	73	845
73	125	852
125	73	852
73	150	2766
150	73	2767
74	172	4960
172	74	4960
74	128	4257
128	74	4258
74	105	3884
105	74	3884
74	86	4572
86	74	4573
74	101	3899
101	74	3900
74	175	4514
175	74	4515
74	100	1218
100	74	1219
74	157	4191
157	74	4192
75	197	1508
197	75	1508
75	159	1604
159	75	1605
75	104	2434
104	75	2434
75	91	2854
91	75	2854
75	84	3531
84	75	3532
75	80	4514
80	75	4514
75	120	383
120	75	383
75	119	4784
119	75	4784
75	116	4491
116	75	4491
75	96	3986
96	75	3986
76	89	2181
89	76	2181
76	157	4784
157	76	4784
76	180	4132
180	76	4132
76	127	1014
127	76	1014
76	126	2953
126	76	2954
76	162	2199
162	76	2199
76	132	4630
132	76	4631
76	172	3883
172	76	3883
76	142	2927
142	76	2927
76	147	4698
147	76	4699
76	80	2911
80	76	2912
76	167	4541
167	76	4542
77	91	2859
91	77	2860
77	144	4490
144	77	4491
77	169	4282
169	77	4282
77	117	4903
117	77	4903
77	171	4060
171	77	4060
77	87	4279
87	77	4279
78	140	2342
140	78	2343
78	142	3684
142	78	3685
78	131	2312
131	78	2313
78	135	4225
135	78	4225
78	114	1918
114	78	1918
78	117	4302
117	78	4303
78	151	3245
151	78	3246
78	92	3660
92	78	3661
78	158	399
158	78	399
78	118	2085
118	78	2085
78	111	2003
111	78	2004
78	161	1653
161	78	1653
78	96	4334
96	78	4335
79	104	2090
104	79	2090
79	162	2526
162	79	2527
79	81	1248
81	79	1249
79	147	1786
147	79	1786
79	171	1573
171	79	1573
79	128	3320
128	79	3321
79	167	1042
167	79	1043
79	94	4940
94	79	4940
79	102	4716
102	79	4717
80	134	4708
134	80	4708
80	160	2879
160	80	2879
80	133	661
133	80	661
80	115	4975
115	80	4975
80	178	1883
178	80	1884
81	138	4760
138	81	4760
81	82	4876
82	81	4877
81	83	3820
83	81	3821
81	107	4428
107	81	4428
81	137	3482
137	81	3483
82	167	2368
167	82	2368
82	134	4163
134	82	4163
82	119	4458
119	82	4458
82	180	4317
180	82	4317
82	155	856
155	82	857
82	123	4151
123	82	4151
82	139	2390
139	82	2390
82	146	2960
146	82	2960
82	177	4652
177	82	4652
83	176	3082
176	83	3083
83	127	4523
127	83	4523
83	90	2045
90	83	2045
83	189	1305
189	83	1306
83	179	4791
179	83	4791
83	139	322
139	83	323
83	88	4967
88	83	4967
83	173	4624
173	83	4624
83	114	4897
114	83	4897
83	101	2261
101	83	2261
83	133	3945
133	83	3945
84	114	1014
114	84	1014
84	109	70
109	84	71
84	87	3087
87	84	3088
84	143	4106
143	84	4107
84	104	3903
104	84	3904
84	90	2942
90	84	2942
84	165	4384
165	84	4385
84	86	4955
86	84	4956
85	92	2405
92	85	2405
85	135	4503
135	85	4504
85	153	3266
153	85	3267
85	115	1066
115	85	1067
85	102	4936
102	85	4936
85	189	132
189	85	132
85	147	1630
147	85	1630
85	176	2515
176	85	2515
85	93	2105
93	85	2106
85	121	4385
121	85	4385
85	187	1152
187	85	1153
85	109	3568
109	85	3568
85	150	4906
150	85	4906
86	179	3774
179	86	3774
86	103	2185
103	86	2186
86	126	4142
126	86	4142
86	106	3487
106	86	3487
86	157	3210
157	86	3211
86	107	1643
107	86	1643
87	140	4642
140	87	4642
87	147	1181
147	87	1181
87	100	3734
100	87	3734
87	116	2044
116	87	2045
87	106	4698
106	87	4699
87	136	4259
136	87	4260
87	88	4303
88	87	4304
87	98	594
98	87	595
87	158	3608
158	87	3608
87	157	2944
157	87	2945
88	134	4299
134	88	4300
88	131	4507
131	88	4508
88	91	4446
91	88	4447
88	150	3627
150	88	3627
88	113	4389
113	88	4389
88	154	1059
154	88	1060
89	143	4396
143	89	4397
89	157	4864
157	89	4865
89	122	4760
122	89	4761
89	119	2624
119	89	2625
89	150	3935
150	89	3935
89	136	3310
136	89	3311
89	198	2157
198	89	2158
89	148	3756
148	89	3757
89	110	3520
110	89	3520
90	100	2369
100	90	2369
90	106	3005
106	90	3005
90	127	779
127	90	779
90	126	1086
126	90	1086
90	124	1316
124	90	1316
90	91	4737
91	90	4737
91	142	4156
142	91	4157
91	130	2347
130	91	2347
92	95	3955
95	92	3956
92	175	2974
175	92	2975
92	106	2201
106	92	2201
92	143	731
143	92	732
92	165	3139
165	92	3140
92	179	3324
179	92	3324
92	155	1072
155	92	1072
92	160	853
160	92	854
92	113	577
113	92	577
92	124	4846
124	92	4847
92	142	4894
142	92	4894
93	95	2675
95	93	2676
93	119	1765
119	93	1765
93	186	4452
186	93	4452
93	168	1091
168	93	1092
93	153	3951
153	93	3951
93	132	3718
132	93	3719
93	108	4534
108	93	4535
93	131	2507
131	93	2507
93	159	2909
159	93	2910
93	146	1333
146	93	1334
94	103	4676
103	94	4677
94	166	3478
166	94	3479
94	119	1296
119	94	1296
94	117	309
117	94	309
94	127	4830
127	94	4830
94	136	2243
136	94	2244
94	155	3132
155	94	3133
95	177	3935
177	95	3936
95	122	3677
122	95	3677
95	125	4412
125	95	4413
95	146	4488
146	95	4488
95	173	1380
173	95	1381
95	134	3790
134	95	3790
95	154	4474
154	95	4475
95	112	2791
112	95	2792
95	133	1069
133	95	1069
95	127	4834
127	95	4835
95	166	1162
166	95	1162
95	113	2397
113	95	2398
96	174	488
174	96	488
96	171	780
171	96	780
96	137	4930
137	96	4930
96	166	3702
166	96	3703
96	98	826
98	96	827
96	189	4061
189	96	4061
96	113	4419
113	96	4420
96	177	2749
177	96	2750
96	151	1172
151	96	1172
96	132	3035
132	96	3036
96	176	2057
176	96	2058
96	170	4677
170	96	4678
96	129	3451
129	96	3452
96	108	4830
108	96	4831
97	130	2374
130	97	2374
97	143	1214
143	97	1215
97	174	461
174	97	462
97	137	418
137	97	419
97	148	2425
148	97	2426
97	177	2397
177	97	2398
97	139	4352
139	97	4352
97	171	410
171	97	411
97	168	4583
168	97	4584
97	104	3905
104	97	3906
97	102	3696
102	97	3696
97	123	349
123	97	350
97	160	4185
160	97	4185
98	147	4859
147	98	4860
98	165	1231
165	98	1232
98	109	2452
109	98	2452
98	170	4988
170	98	4988
98	134	1574
134	98	1574
98	149	2233
149	98	2234
98	173	4922
173	98	4922
98	178	4076
178	98	4077
98	166	1756
166	98	1757
99	151	229
151	99	229
99	109	2905
109	99	2906
99	150	3226
150	99	3226
99	159	1116
159	99	1116
99	113	2897
113	99	2897
99	165	174
165	99	174
99	104	1368
104	99	1369
99	103	1821
103	99	1821
99	155	3889
155	99	3890
99	133	2856
133	99	2857
99	166	1357
166	99	1357
99	148	215
148	99	215
99	144	3406
144	99	3407
100	186	4649
186	100	4650
100	113	4750
113	100	4750
100	122	2094
122	100	2095
100	177	2118
177	100	2118
100	176	4997
176	100	4997
100	111	1644
111	100	1645
100	118	4046
118	100	4047
101	149	1529
149	101	1529
102	148	1775
148	102	1776
102	176	3691
176	102	3691
105	133	4025
133	105	4025
105	140	3323
140	105	3323
105	112	4912
112	105	4912
105	120	4605
120	105	4605
105	174	632
174	105	632
105	129	771
129	105	772
107	162	4773
162	107	4774
107	170	4126
170	107	4127
107	165	1250
165	107	1251
107	133	3061
133	107	3062
108	109	4688
109	108	4688
108	130	2578
130	108	2579
108	159	1697
159	108	1697
108	120	4978
120	108	4979
108	144	3916
144	108	3916
108	112	4878
112	108	4879
108	148	2421
148	108	2422
108	150	4027
150	108	4027
109	139	3397
139	109	3397
109	112	4924
112	109	4924
110	158	4515
158	110	4516
110	154	589
154	110	589
110	197	4372
197	110	4372
110	171	4110
171	110	4111
111	147	740
147	111	740
111	176	4321
176	111	4322
111	119	3617
119	111	3618
111	138	577
138	111	577
111	134	1331
134	111	1332
111	172	4585
172	111	4585
111	167	3942
167	111	3943
112	167	3297
167	112	3297
112	126	3623
126	112	3624
112	122	4336
122	112	4337
112	154	4398
154	112	4398
112	155	3252
155	112	3252
113	136	2177
136	113	2178
115	137	4136
137	115	4136
115	178	3581
178	115	3581
115	126	1947
126	115	1947
115	143	1172
143	115	1173
115	170	2923
170	115	2924
115	174	3098
174	115	3099
115	159	1335
159	115	1336
115	123	2079
123	115	2079
115	124	4346
124	115	4347
115	122	1935
122	115	1935
116	151	4031
151	116	4031
116	133	141
133	116	142
119	149	4979
149	119	4980
119	133	3517
133	119	3517
120	150	2363
150	120	2363
120	128	3080
128	120	3080
120	153	1870
153	120	1871
120	144	2534
144	120	2535
121	166	4949
166	121	4949
121	171	4211
171	121	4211
121	124	3980
124	121	3980
121	125	4583
125	121	4583
121	139	4119
139	121	4120
121	175	4795
175	121	4795
122	153	4606
153	122	4607
122	130	3887
130	122	3888
122	135	3910
135	122	3911
122	186	4503
186	122	4503
123	125	467
125	123	467
123	155	129
155	123	129
125	126	3464
126	125	3464
125	177	3182
177	125	3183
129	166	4679
166	129	4680
129	167	3146
167	129	3146
129	169	2572
169	129	2572
129	177	4521
177	129	4521
129	142	3827
142	129	3827
129	172	2133
172	129	2133
130	176	2482
176	130	2482
130	134	1743
134	130	1743
130	169	4803
169	130	4803
130	154	2637
154	130	2638
133	178	1469
178	133	1470
134	179	903
179	134	904
134	142	2964
142	134	2965
135	198	3277
198	135	3277
135	153	4759
153	135	4759
137	178	64
178	137	64
137	166	1965
166	137	1965
137	168	1980
168	137	1981
137	148	3486
148	137	3486
143	158	3642
158	143	3642
143	172	4024
172	143	4025
143	153	2384
153	143	2385
144	158	3913
158	144	3913
144	162	595
162	144	596
144	173	994
173	144	994
144	179	4580
179	144	4580
144	169	4464
169	144	4465
144	148	3251
148	144	3251
146	149	4414
149	146	4415
146	148	4319
148	146	4320
147	153	3336
153	147	3337
149	173	2489
173	149	2490
149	198	214
198	149	215
155	198	755
198	155	756
155	173	4075
173	155	4075
155	171	2349
171	155	2350
155	166	1121
166	155	1122
155	168	1257
168	155	1257
158	198	4815
198	158	4815
162	179	4598
179	162	4598
162	173	3967
173	162	3967
162	178	3770
178	162	3771
162	171	2410
171	162	2410
162	167	3455
167	162	3456
167	168	2292
168	167	2292
167	178	4403
178	167	4404
171	178	1157
178	171	1158
172	178	1489
178	172	1490
172	175	4299
175	172	4299
172	179	3805
179	172	3805
175	198	2387
198	175	2387
178	198	3918
198	178	3918
