900	5194
2	2
2	2
5	5
3	3
4	4
2	2
2	2
4	4
4	4
5	5
3	3
4	4
5	5
2	2
2	2
4	4
4	4
2	2
3	3
2	2
3	3
4	4
4	4
5	5
5	5
4	4
2	2
4	4
3	3
4	4
5	5
5	5
3	3
2	2
4	4
3	3
4	4
5	5
5	5
3	3
2	2
5	5
4	4
5	5
4	4
2	2
4	4
5	5
3	3
3	3
5	5
3	3
2	2
3	3
3	3
2	2
3	3
5	5
5	5
2	2
5	5
4	4
4	4
3	3
5	5
3	3
3	3
2	2
5	5
2	2
4	4
3	3
3	3
5	5
4	4
3	3
5	5
2	2
5	5
5	5
5	5
2	2
2	2
4	4
5	5
4	4
4	4
4	4
5	5
5	5
2	2
3	3
3	3
4	4
4	4
5	5
3	3
5	5
3	3
3	3
4	4
3	3
3	3
2	2
2	2
4	4
5	5
2	2
4	4
3	3
5	5
4	4
4	4
5	5
4	4
5	5
2	2
2	2
4	4
2	2
2	2
3	3
2	2
3	3
2	2
4	4
5	5
2	2
2	2
3	3
5	5
4	4
2	2
4	4
3	3
3	3
3	3
2	2
4	4
5	5
4	4
5	5
4	4
2	2
5	5
3	3
2	2
4	4
3	3
3	3
3	3
5	5
2	2
2	2
3	3
4	4
2	2
4	4
4	4
5	5
2	2
3	3
3	3
2	2
2	2
5	5
3	3
2	2
5	5
3	3
2	2
5	5
2	2
2	2
2	2
3	3
3	3
2	2
5	5
3	3
3	3
3	3
5	5
5	5
4	4
2	2
4	4
5	5
3	3
5	5
3	3
4	4
4	4
5	5
5	5
3	3
5	5
4	4
3	3
5	5
4	4
4	4
5	5
5	5
5	5
3	3
4	4
4	4
2	2
3	3
4	4
5	5
3	3
4	4
5	5
4	4
5	5
4	4
4	4
2	2
5	5
4	4
3	3
2	2
4	4
3	3
4	4
4	4
2	2
5	5
5	5
5	5
4	4
2	2
3	3
5	5
2	2
3	3
3	3
4	4
5	5
3	3
3	3
5	5
3	3
2	2
5	5
2	2
4	4
4	4
2	2
2	2
5	5
4	4
3	3
3	3
4	4
4	4
2	2
5	5
4	4
5	5
2	2
2	2
5	5
4	4
2	2
2	2
2	2
3	3
5	5
5	5
3	3
3	3
4	4
3	3
5	5
5	5
3	3
3	3
2	2
2	2
2	2
5	5
2	2
5	5
2	2
3	3
4	4
2	2
5	5
2	2
5	5
3	3
2	2
2	2
2	2
4	4
4	4
5	5
4	4
5	5
4	4
4	4
2	2
4	4
2	2
3	3
4	4
2	2
5	5
4	4
4	4
4	4
3	3
4	4
2	2
2	2
3	3
5	5
5	5
4	4
4	4
3	3
2	2
4	4
3	3
4	4
4	4
3	3
3	3
3	3
3	3
3	3
3	3
3	3
3	3
2	2
3	3
3	3
4	4
4	4
4	4
4	4
4	4
5	5
3	3
5	5
3	3
3	3
4	4
4	4
3	3
4	4
5	5
2	2
4	4
3	3
4	4
4	4
5	5
2	2
3	3
4	4
4	4
5	5
3	3
5	5
2	2
5	5
4	4
3	3
5	5
2	2
2	2
4	4
4	4
3	3
4	4
5	5
5	5
4	4
3	3
5	5
2	2
2	2
3	3
2	2
2	2
5	5
5	5
4	4
3	3
2	2
4	4
4	4
2	2
4	4
3	3
2	2
3	3
4	4
4	4
4	4
4	4
3	3
5	5
3	3
4	4
3	3
2	2
2	2
4	4
5	5
2	2
2	2
2	2
2	2
4	4
3	3
2	2
3	3
3	3
4	4
3	3
2	2
3	3
5	5
4	4
4	4
4	4
3	3
2	2
5	5
4	4
2	2
5	5
2	2
3	3
3	3
4	4
4	4
4	4
4	4
2	2
2	2
5	5
2	2
3	3
4	4
4	4
2	2
4	4
5	5
3	3
5	5
5	5
3	3
3	3
3	3
5	5
5	5
2	2
5	5
4	4
3	3
3	3
4	4
2	2
2	2
2	2
4	4
2	2
2	2
4	4
3	3
2	2
4	4
3	3
5	5
2	2
5	5
2	2
2	2
3	3
5	5
5	5
3	3
3	3
5	5
3	3
4	4
4	4
4	4
5	5
2	2
2	2
2	2
4	4
4	4
4	4
3	3
2	2
2	2
4	4
2	2
4	4
2	2
2	2
4	4
2	2
5	5
3	3
4	4
5	5
2	2
4	4
4	4
3	3
2	2
3	3
4	4
5	5
2	2
3	3
5	5
3	3
3	3
3	3
4	4
2	2
2	2
3	3
5	5
5	5
3	3
2	2
2	2
4	4
2	2
4	4
2	2
5	5
3	3
3	3
3	3
4	4
4	4
5	5
5	5
5	5
4	4
3	3
5	5
4	4
3	3
4	4
3	3
3	3
2	2
2	2
3	3
3	3
3	3
2	2
2	2
5	5
4	4
4	4
5	5
2	2
4	4
3	3
3	3
2	2
3	3
2	2
5	5
3	3
2	2
3	3
4	4
3	3
2	2
5	5
2	2
5	5
5	5
2	2
4	4
2	2
3	3
3	3
4	4
5	5
5	5
4	4
3	3
5	5
4	4
2	2
2	2
2	2
5	5
2	2
4	4
5	5
2	2
2	2
2	2
4	4
4	4
3	3
3	3
4	4
3	3
2	2
2	2
3	3
3	3
5	5
5	5
3	3
2	2
4	4
2	2
5	5
4	4
5	5
3	3
2	2
4	4
3	3
3	3
5	5
5	5
5	5
5	5
3	3
2	2
5	5
4	4
3	3
5	5
4	4
5	5
4	4
4	4
2	2
5	5
5	5
2	2
2	2
3	3
2	2
2	2
4	4
2	2
4	4
5	5
4	4
4	4
4	4
4	4
2	2
2	2
4	4
3	3
2	2
2	2
5	5
2	2
3	3
4	4
2	2
2	2
4	4
5	5
4	4
2	2
4	4
5	5
5	5
3	3
4	4
5	5
5	5
4	4
4	4
4	4
3	3
2	2
5	5
4	4
3	3
4	4
4	4
4	4
2	2
4	4
4	4
4	4
3	3
4	4
4	4
3	3
2	2
4	4
4	4
2	2
2	2
4	4
3	3
2	2
2	2
2	2
3	3
4	4
4	4
4	4
5	5
5	5
4	4
3	3
4	4
4	4
3	3
3	3
3	3
4	4
4	4
3	3
4	4
3	3
4	4
4	4
5	5
2	2
3	3
4	4
5	5
5	5
4	4
5	5
4	4
2	2
2	2
5	5
3	3
4	4
2	2
5	5
3	3
5	5
3	3
5	5
4	4
2	2
3	3
4	4
3	3
2	2
5	5
2	2
3	3
3	3
3	3
5	5
3	3
3	3
2	2
4	4
3	3
2	2
2	2
5	5
5	5
3	3
3	3
5	5
2	2
2	2
2	2
2	2
3	3
3	3
5	5
3	3
3	3
4	4
3	3
2	2
5	5
5	5
5	5
5	5
5	5
2	2
4	4
2	2
5	5
4	4
5	5
3	3
5	5
4	4
3	3
5	5
4	4
5	5
3	3
4	4
4	4
5	5
3	3
2	2
4	4
4	4
5	5
2	2
4	4
5	5
3	3
2	2
2	2
3	3
2	2
4	4
4	4
5	5
5	5
5	5
4	4
5	5
5	5
3	3
2	2
3	3
3	3
4	4
2	2
2	2
2	2
3	3
4	4
2	2
3	3
5	5
4	4
4	4
5	5
3	3
5	5
5	5
3	3
2	2
3	3
3	3
3	3
3	3
4	4
5	5
3	3
2	2
2	2
2	2
5	5
3	3
2	2
5	5
5	5
2	2
2	2
2	2
3	3
4	4
3	3
4	4
3	3
3	3
3	3
4	4
3	3
2	2
4	4
5	5
4	4
3	3
5	5
5	5
5	5
3	3
2	2
3	3
4	4
4	4
4	4
5	5
3	3
3	3
1	641	4519
641	1	4519
1	455	4648
455	1	4648
1	538	3840
538	1	3840
1	595	3119
595	1	3120
1	661	2840
661	1	2841
1	577	4149
577	1	4149
1	233	3807
233	1	3807
1	490	3773
490	1	3774
1	355	4819
355	1	4820
1	812	2474
812	1	2474
1	611	3642
611	1	3643
1	474	4062
474	1	4062
2	386	4097
386	2	4098
2	426	2532
426	2	2532
2	858	2756
858	2	2757
2	805	2722
805	2	2723
2	65	1082
65	2	1082
2	864	3776
864	2	3777
2	98	4240
98	2	4240
2	179	3715
179	2	3715
2	276	2880
276	2	2881
2	899	1494
899	2	1495
2	12	4181
12	2	4181
2	728	1086
728	2	1087
2	234	3619
234	2	3620
2	251	1720
251	2	1720
2	206	931
206	2	931
2	468	3264
468	2	3265
2	704	3839
704	2	3839
2	495	3185
495	2	3185
2	353	451
353	2	452
3	570	4157
570	3	4158
3	185	3998
185	3	3999
3	29	3116
29	3	3117
3	711	2106
711	3	2106
3	672	4008
672	3	4008
3	196	3802
196	3	3802
3	670	4903
670	3	4903
3	619	4268
619	3	4269
3	817	4847
817	3	4847
3	368	4448
368	3	4448
3	734	4672
734	3	4672
3	544	3979
544	3	3980
3	523	3044
523	3	3045
3	514	2699
514	3	2699
3	463	2706
463	3	2706
3	9	3845
9	3	3846
3	194	4915
194	3	4916
3	453	2275
453	3	2275
4	194	4011
194	4	4012
4	347	4516
347	4	4516
4	184	4950
184	4	4950
4	794	1088
794	4	1089
4	825	2030
825	4	2031
4	633	3780
633	4	3781
4	265	4769
265	4	4770
4	761	1185
761	4	1185
4	646	1822
646	4	1822
4	220	436
220	4	436
4	446	4937
446	4	4938
4	422	4338
422	4	4339
5	581	4574
581	5	4575
5	591	4441
591	5	4441
5	365	4751
365	5	4751
5	70	1194
70	5	1194
5	877	4969
877	5	4970
5	58	4803
58	5	4803
5	166	4737
166	5	4737
5	153	2787
153	5	2788
5	683	2224
683	5	2224
5	849	3810
849	5	3811
5	362	3954
362	5	3955
5	806	4685
806	5	4686
5	48	3423
48	5	3423
6	257	4783
257	6	4784
6	153	4896
153	6	4896
6	386	4150
386	6	4151
6	390	3074
390	6	3074
6	342	3854
342	6	3854
6	584	3805
584	6	3806
6	653	3980
653	6	3980
6	430	4302
430	6	4302
6	592	4242
592	6	4242
6	474	2148
474	6	2148
6	242	3600
242	6	3600
6	137	4555
137	6	4555
6	536	4216
536	6	4217
7	363	3832
363	7	3832
7	471	2800
471	7	2801
7	58	2826
58	7	2827
7	306	3222
306	7	3222
7	251	1902
251	7	1902
7	723	952
723	7	953
7	456	1091
456	7	1091
7	339	1777
339	7	1777
7	593	4813
593	7	4814
7	666	2528
666	7	2529
7	173	2418
173	7	2418
7	707	399
707	7	399
7	691	4321
691	7	4322
7	51	4477
51	7	4477
7	255	3436
255	7	3436
8	711	1989
711	8	1989
8	889	4449
889	8	4449
8	210	1035
210	8	1035
8	121	3619
121	8	3620
8	842	3437
842	8	3438
8	709	2672
709	8	2672
8	167	4084
167	8	4085
8	213	1283
213	8	1283
8	192	1377
192	8	1378
8	541	4676
541	8	4676
8	18	4040
18	8	4041
8	381	4728
381	8	4728
8	726	4542
726	8	4542
9	250	3965
250	9	3965
9	584	3944
584	9	3944
9	318	4101
318	9	4101
9	195	1004
195	9	1005
9	278	3556
278	9	3557
9	504	4701
504	9	4701
9	529	4770
529	9	4771
9	17	2346
17	9	2347
9	847	4168
847	9	4168
9	654	293
654	9	294
9	82	1793
82	9	1793
9	267	2631
267	9	2632
9	381	4991
381	9	4991
9	218	2300
218	9	2300
9	119	914
119	9	914
9	199	1285
199	9	1286
9	271	4036
271	9	4036
10	57	3494
57	10	3494
10	247	765
247	10	765
10	674	4858
674	10	4859
10	473	4907
473	10	4908
10	582	3692
582	10	3692
10	212	2746
212	10	2747
10	861	1011
861	10	1011
10	408	3005
408	10	3005
10	438	1668
438	10	1668
10	866	2463
866	10	2463
10	222	2515
222	10	2515
10	878	4465
878	10	4465
10	822	3171
822	10	3172
10	135	3684
135	10	3684
10	91	4259
91	10	4260
10	615	4762
615	10	4763
10	307	4857
307	10	4858
10	478	1707
478	10	1708
11	250	2149
250	11	2149
11	775	786
775	11	786
11	191	389
191	11	390
11	324	4099
324	11	4100
11	32	3837
32	11	3837
11	187	4173
187	11	4174
11	595	4115
595	11	4116
11	205	1610
205	11	1610
11	239	2464
239	11	2465
11	241	4106
241	11	4106
11	293	1871
293	11	1871
11	436	4286
436	11	4287
11	79	1371
79	11	1372
11	522	247
522	11	248
11	766	4385
766	11	4385
11	53	4529
53	11	4530
11	181	3642
181	11	3643
12	600	4525
600	12	4526
12	366	4323
366	12	4323
12	856	2769
856	12	2770
12	897	1674
897	12	1675
12	702	1289
702	12	1290
12	405	2866
405	12	2866
12	855	2890
855	12	2890
12	345	1038
345	12	1039
12	648	4876
648	12	4877
12	539	78
539	12	79
12	214	1813
214	12	1813
12	47	3449
47	12	3450
13	127	4321
127	13	4322
13	759	4484
759	13	4484
13	662	1348
662	13	1348
13	310	4742
310	13	4742
13	738	894
738	13	895
13	355	2502
355	13	2502
13	296	4120
296	13	4120
13	145	4712
145	13	4712
13	288	3678
288	13	3678
13	195	2327
195	13	2327
13	244	3513
244	13	3513
13	72	2454
72	13	2454
13	284	4937
284	13	4938
13	175	3942
175	13	3943
13	57	885
57	13	885
14	264	2806
264	14	2806
14	134	2825
134	14	2825
14	671	4964
671	14	4964
14	555	4889
555	14	4889
14	694	4594
694	14	4595
14	269	2980
269	14	2980
14	21	4683
21	14	4683
14	172	1169
172	14	1170
14	137	4468
137	14	4469
14	333	2909
333	14	2909
14	520	3146
520	14	3146
14	126	3581
126	14	3581
14	730	1048
730	14	1049
14	205	3204
205	14	3205
14	776	4034
776	14	4034
15	739	3269
739	15	3270
15	472	1235
472	15	1236
15	340	3993
340	15	3993
15	475	1742
475	15	1743
15	539	4843
539	15	4843
15	811	3528
811	15	3528
15	301	4135
301	15	4135
15	783	4585
783	15	4586
15	676	4292
676	15	4293
15	836	4432
836	15	4433
15	134	3291
134	15	3292
15	258	441
258	15	442
15	33	2407
33	15	2407
16	449	3689
449	16	3690
16	308	3926
308	16	3927
16	410	1426
410	16	1427
16	358	2633
358	16	2634
16	136	2490
136	16	2490
16	507	2536
507	16	2536
16	778	4831
778	16	4831
16	701	3600
701	16	3601
16	501	1907
501	16	1908
16	853	4594
853	16	4594
16	838	2732
838	16	2732
16	718	4915
718	16	4915
17	85	4188
85	17	4189
17	280	2364
280	17	2364
17	810	4269
810	17	4269
17	748	4171
748	17	4171
17	898	2477
898	17	2478
17	92	4312
92	17	4313
17	169	3677
169	17	3678
17	824	1697
824	17	1698
17	348	1427
348	17	1428
17	180	4236
180	17	4237
17	330	3741
330	17	3742
17	349	2790
349	17	2791
18	401	2718
401	18	2719
18	580	4596
580	18	4597
18	399	282
399	18	282
18	454	2968
454	18	2968
18	626	1551
626	18	1551
18	579	4371
579	18	4371
18	267	3975
267	18	3976
18	544	4665
544	18	4665
18	87	258
87	18	258
18	380	3810
380	18	3811
18	743	1362
743	18	1363
19	679	3751
679	19	3751
19	540	448
540	19	448
19	522	4947
522	19	4948
19	592	2004
592	19	2005
19	246	3979
246	19	3979
19	389	1419
389	19	1419
19	692	3089
692	19	3089
19	886	1359
886	19	1359
19	235	4960
235	19	4961
19	113	369
113	19	370
19	140	1198
140	19	1199
19	135	2780
135	19	2781
19	732	3340
732	19	3341
19	775	4302
775	19	4302
19	491	3807
491	19	3808
19	754	3518
754	19	3519
19	485	3915
485	19	3915
20	762	3861
762	20	3862
20	845	1044
845	20	1045
20	476	961
476	20	961
20	22	231
22	20	231
20	356	3797
356	20	3797
20	124	3216
124	20	3217
20	526	4472
526	20	4472
20	614	4310
614	20	4310
20	441	3947
441	20	3948
20	806	4671
806	20	4672
20	629	4791
629	20	4792
20	456	4828
456	20	4828
20	602	2066
602	20	2066
20	175	2566
175	20	2567
20	178	1151
178	20	1151
20	37	4435
37	20	4436
20	314	4099
314	20	4100
20	717	3837
717	20	3838
20	243	4324
243	20	4325
21	119	1628
119	21	1628
21	55	4115
55	21	4116
21	616	1778
616	21	1779
21	570	4506
570	21	4507
21	481	1771
481	21	1772
21	634	3694
634	21	3695
21	36	4409
36	21	4410
21	863	4422
863	21	4422
21	778	2067
778	21	2068
21	791	4138
791	21	4139
21	657	1654
657	21	1655
22	775	1239
775	22	1240
22	103	4831
103	22	4832
22	632	4216
632	22	4216
22	214	3763
214	22	3763
22	677	3140
677	22	3140
22	125	3337
125	22	3337
22	311	3979
311	22	3979
22	674	4138
674	22	4138
22	386	4258
386	22	4259
22	215	1493
215	22	1493
22	669	3146
669	22	3147
22	573	3242
573	22	3242
22	306	3105
306	22	3105
22	475	4759
475	22	4760
22	799	1202
799	22	1202
22	750	1998
750	22	1999
22	728	1785
728	22	1785
22	675	3762
675	22	3763
23	704	4192
704	23	4193
23	646	3692
646	23	3693
23	560	1842
560	23	1843
23	150	3196
150	23	3197
23	711	1123
711	23	1123
23	349	2797
349	23	2797
23	547	3035
547	23	3035
23	486	4734
486	23	4734
23	551	3685
551	23	3686
23	45	3953
45	23	3953
23	370	4059
370	23	4059
23	607	1272
607	23	1272
23	124	3938
124	23	3939
24	113	3856
113	24	3857
24	736	3742
736	24	3742
24	512	1889
512	24	1889
24	574	1290
574	24	1291
24	285	613
285	24	614
24	526	3438
526	24	3439
24	408	4800
408	24	4801
24	334	4834
334	24	4835
24	700	3270
700	24	3270
24	702	368
702	24	369
24	671	4030
671	24	4030
24	659	3253
659	24	3253
24	726	2785
726	24	2786
24	462	1533
462	24	1533
24	244	1873
244	24	1873
25	769	2837
769	25	2837
25	776	677
776	25	677
25	705	3157
705	25	3157
25	207	661
207	25	661
25	443	4096
443	25	4097
25	201	3524
201	25	3524
25	539	3337
539	25	3337
25	240	4061
240	25	4061
25	34	3921
34	25	3922
25	52	1505
52	25	1506
25	209	4148
209	25	4149
25	885	2468
885	25	2468
25	793	3794
793	25	3794
26	507	2322
507	26	2322
26	245	1933
245	26	1934
26	78	3187
78	26	3187
26	179	121
179	26	121
26	110	4833
110	26	4833
26	568	4827
568	26	4828
26	567	4230
567	26	4230
26	476	3407
476	26	3408
26	502	4015
502	26	4016
26	238	199
238	26	200
26	294	3337
294	26	3338
26	335	3240
335	26	3241
27	400	2159
400	27	2159
27	107	3652
107	27	3653
27	335	4751
335	27	4752
27	224	2598
224	27	2598
27	573	288
573	27	288
27	223	762
223	27	763
27	150	4025
150	27	4025
27	310	1002
310	27	1003
27	676	2576
676	27	2576
27	306	4107
306	27	4107
27	314	4507
314	27	4508
27	743	4660
743	27	4660
28	265	4471
265	28	4472
28	500	2724
500	28	2724
28	865	822
865	28	823
28	78	4777
78	28	4777
28	212	4656
212	28	4657
28	323	3038
323	28	3039
28	366	2890
366	28	2890
28	361	3697
361	28	3698
28	310	3540
310	28	3540
28	474	4041
474	28	4041
28	87	4720
87	28	4721
28	686	654
686	28	654
29	294	109
294	29	109
29	450	1573
450	29	1573
29	777	3853
777	29	3853
29	315	4309
315	29	4309
29	424	3170
424	29	3170
29	483	1120
483	29	1120
29	118	4485
118	29	4486
29	879	1667
879	29	1667
29	383	3829
383	29	3830
29	567	1251
567	29	1251
29	94	2620
94	29	2620
29	691	65
691	29	66
29	896	270
896	29	271
29	55	791
55	29	791
30	319	4263
319	30	4263
30	446	1355
446	30	1355
30	801	3551
801	30	3551
30	171	403
171	30	403
30	257	4950
257	30	4950
30	75	1363
75	30	1363
30	807	4299
807	30	4300
30	261	350
261	30	351
30	219	2105
219	30	2106
30	576	1383
576	30	1383
30	271	2880
271	30	2881
30	814	3181
814	30	3182
30	632	3890
632	30	3890
31	297	922
297	31	922
31	438	4684
438	31	4684
31	51	3775
51	31	3775
31	378	3728
378	31	3729
31	49	1438
49	31	1438
31	136	4227
136	31	4228
31	830	4448
830	31	4448
31	200	1079
200	31	1079
31	43	4080
43	31	4080
31	168	3663
168	31	3663
31	772	1627
772	31	1627
31	149	2392
149	31	2393
32	454	4002
454	32	4002
32	418	1009
418	32	1010
32	236	2079
236	32	2079
32	618	129
618	32	129
32	634	4888
634	32	4889
32	127	2106
127	32	2106
32	276	3557
276	32	3558
32	379	1714
379	32	1714
32	388	4176
388	32	4177
32	436	4903
436	32	4903
32	655	3769
655	32	3769
32	401	4953
401	32	4953
32	289	4449
289	32	4449
32	165	4506
165	32	4507
32	313	1872
313	32	1873
32	147	3439
147	32	3440
33	85	3110
85	33	3111
33	84	3595
84	33	3596
33	232	4865
232	33	4865
33	567	4139
567	33	4140
33	185	4251
185	33	4252
33	190	1906
190	33	1907
33	688	1054
688	33	1054
33	685	1937
685	33	1938
33	166	1555
166	33	1555
33	585	2752
585	33	2752
33	336	4684
336	33	4685
33	559	368
559	33	368
33	451	1770
451	33	1770
33	101	2071
101	33	2072
33	314	4862
314	33	4862
33	860	4192
860	33	4193
33	869	3956
869	33	3956
34	404	4782
404	34	4783
34	486	4265
486	34	4266
34	427	4978
427	34	4978
34	315	1498
315	34	1499
34	758	1625
758	34	1626
34	577	4865
577	34	4866
34	82	799
82	34	799
34	558	4940
558	34	4940
34	298	3718
298	34	3718
34	191	391
191	34	391
34	291	3169
291	34	3170
34	763	1962
763	34	1962
34	900	4140
900	34	4141
34	616	3278
616	34	3279
35	233	1333
233	35	1333
35	431	1498
431	35	1499
35	236	3841
236	35	3841
35	522	1987
522	35	1987
35	701	2148
701	35	2148
35	692	4856
692	35	4856
35	439	1748
439	35	1749
35	239	1314
239	35	1314
35	80	3726
80	35	3727
35	226	2566
226	35	2567
35	564	2431
564	35	2432
35	627	4606
627	35	4607
35	831	3279
831	35	3280
35	39	2016
39	35	2016
35	873	1804
873	35	1805
35	469	3304
469	35	3305
35	348	1869
348	35	1870
36	636	1727
636	36	1727
36	135	3714
135	36	3715
36	208	2003
208	36	2003
36	223	3743
223	36	3744
36	510	419
510	36	419
36	129	4022
129	36	4023
36	640	2755
640	36	2756
36	599	574
599	36	575
36	606	4732
606	36	4733
36	779	4462
779	36	4463
36	60	4186
60	36	4187
37	284	4480
284	37	4481
37	261	4510
261	37	4510
37	483	2544
483	37	2544
37	343	4159
343	37	4160
37	194	4503
194	37	4504
37	341	4826
341	37	4826
37	243	4181
243	37	4182
37	73	1030
73	37	1030
37	330	3558
330	37	3558
37	407	4107
407	37	4107
37	558	763
558	37	763
37	375	2239
375	37	2240
37	645	3473
645	37	3473
38	238	2132
238	38	2132
38	535	4296
535	38	4296
38	188	3775
188	38	3775
38	180	4852
180	38	4853
38	80	1466
80	38	1466
38	359	4589
359	38	4589
38	598	4378
598	38	4378
38	494	4670
494	38	4670
38	81	4204
81	38	4204
38	493	3741
493	38	3742
38	54	4254
54	38	4254
38	613	3707
613	38	3707
38	351	1320
351	38	1320
39	451	3179
451	39	3180
39	436	1833
436	39	1833
39	818	4146
818	39	4146
39	632	3442
632	39	3442
39	893	3504
893	39	3504
39	141	2283
141	39	2283
39	351	2030
351	39	2031
39	565	4018
565	39	4019
39	150	4390
150	39	4391
39	611	3742
611	39	3742
39	756	4971
756	39	4972
39	801	3632
801	39	3633
40	526	3579
526	40	3579
40	170	3394
170	40	3395
40	895	4190
895	40	4190
40	169	4181
169	40	4181
40	222	4630
222	40	4631
40	593	1388
593	40	1389
40	311	693
311	40	694
40	452	3822
452	40	3823
40	719	3077
719	40	3077
40	162	2048
162	40	2049
40	481	4405
481	40	4405
40	93	4686
93	40	4686
41	291	4944
291	41	4944
41	203	256
203	41	256
41	695	3823
695	41	3824
41	384	4617
384	41	4617
41	562	2445
562	41	2446
41	178	4373
178	41	4373
41	499	367
499	41	367
41	314	4322
314	41	4323
41	442	4415
442	41	4416
41	560	2818
560	41	2818
41	460	1873
460	41	1874
41	502	4630
502	41	4630
42	306	4648
306	42	4648
42	80	4913
80	42	4914
42	555	673
555	42	674
42	174	4298
174	42	4298
42	372	4554
372	42	4555
42	664	3941
664	42	3941
42	137	3566
137	42	3566
42	116	3892
116	42	3892
42	175	3322
175	42	3322
42	100	1804
100	42	1804
42	667	4133
667	42	4134
42	575	2920
575	42	2920
42	517	3055
517	42	3055
42	119	4729
119	42	4730
42	178	4718
178	42	4718
42	752	4082
752	42	4083
43	732	4270
732	43	4270
43	314	197
314	43	198
43	462	3967
462	43	3968
43	682	4440
682	43	4441
43	278	517
278	43	518
43	417	1776
417	43	1777
43	144	4491
144	43	4491
43	203	597
203	43	598
43	332	4067
332	43	4067
43	127	1368
127	43	1369
43	515	4713
515	43	4713
43	437	2919
437	43	2919
43	688	2535
688	43	2536
43	491	2482
491	43	2482
43	291	357
291	43	357
44	459	3050
459	44	3050
44	201	1107
201	44	1108
44	786	4784
786	44	4784
44	601	4952
601	44	4952
44	498	2671
498	44	2671
44	472	2335
472	44	2335
44	665	154
665	44	154
44	237	2468
237	44	2469
44	353	3010
353	44	3011
44	369	3928
369	44	3928
44	780	4434
780	44	4435
44	763	3082
763	44	3083
45	206	610
206	45	611
45	91	3807
91	45	3807
45	554	1154
554	45	1154
45	708	1240
708	45	1240
45	697	669
697	45	670
45	92	4212
92	45	4212
45	453	2941
453	45	2942
45	327	3747
327	45	3748
45	786	4676
786	45	4676
45	281	1456
281	45	1456
45	742	1715
742	45	1716
46	213	3635
213	46	3636
46	632	389
632	46	389
46	79	2900
79	46	2901
46	808	3029
808	46	3029
46	300	2492
300	46	2492
46	620	4992
620	46	4992
46	688	4070
688	46	4071
46	398	4054
398	46	4054
46	483	4717
483	46	4718
46	127	209
127	46	210
46	297	3182
297	46	3183
46	410	3751
410	46	3751
46	772	4103
772	46	4104
46	636	3190
636	46	3190
46	639	2629
639	46	2629
46	517	654
517	46	655
46	523	1242
523	46	1242
46	86	121
86	46	121
47	73	2571
73	47	2572
47	347	2484
347	47	2484
47	227	1352
227	47	1353
47	619	792
619	47	793
47	647	496
647	47	496
47	605	3287
605	47	3287
47	334	2842
334	47	2842
47	519	2445
519	47	2446
47	708	2427
708	47	2427
47	871	3523
871	47	3524
47	551	173
551	47	174
47	211	3763
211	47	3763
48	369	3974
369	48	3974
48	63	452
63	48	453
48	727	3093
727	48	3093
48	666	2503
666	48	2504
48	572	1193
572	48	1194
48	58	4067
58	48	4067
48	765	3455
765	48	3455
48	428	2939
428	48	2939
48	142	214
142	48	215
48	72	2780
72	48	2781
48	194	3653
194	48	3654
49	820	3617
820	49	3617
49	214	4299
214	49	4299
49	138	446
138	49	447
49	347	137
347	49	138
49	317	3302
317	49	3302
49	184	3355
184	49	3355
49	682	4777
682	49	4777
49	81	4466
81	49	4466
49	719	3178
719	49	3179
49	751	617
751	49	617
49	215	2875
215	49	2875
49	505	1213
505	49	1214
49	432	3860
432	49	3860
49	713	4399
713	49	4399
49	221	4162
221	49	4162
49	348	4260
348	49	4260
49	737	4262
737	49	4262
49	732	1575
732	49	1576
50	497	3322
497	50	3323
50	756	2909
756	50	2910
50	428	4693
428	50	4693
50	96	4962
96	50	4962
50	493	4315
493	50	4315
50	165	4293
165	50	4294
50	142	455
142	50	455
50	624	3632
624	50	3633
50	540	4630
540	50	4630
50	480	3894
480	50	3895
50	760	4577
760	50	4577
50	121	3693
121	50	3693
50	62	4572
62	50	4573
50	164	88
164	50	88
50	194	531
194	50	531
50	80	1139
80	50	1140
51	663	4097
663	51	4097
51	205	887
205	51	888
51	501	3915
501	51	3915
51	475	4217
475	51	4217
51	569	3165
569	51	3166
51	384	3909
384	51	3910
51	857	2542
857	51	2542
51	633	3948
633	51	3949
51	93	1951
93	51	1951
51	78	1339
78	51	1340
51	144	3493
144	51	3493
52	477	3577
477	52	3578
52	71	2594
71	52	2594
52	376	4405
376	52	4406
52	894	3755
894	52	3756
52	236	4488
236	52	4489
52	758	2640
758	52	2640
52	158	1569
158	52	1569
52	354	3891
354	52	3891
52	225	3887
225	52	3887
52	54	3899
54	52	3900
52	334	959
334	52	960
52	819	4956
819	52	4957
52	296	3771
296	52	3772
52	400	4603
400	52	4604
52	495	3622
495	52	3623
52	336	527
336	52	528
53	393	4041
393	53	4041
53	875	3900
875	53	3900
53	118	3138
118	53	3139
53	318	3304
318	53	3305
53	786	4474
786	53	4475
53	197	3371
197	53	3371
53	500	1735
500	53	1735
53	669	3188
669	53	3189
53	122	3132
122	53	3132
53	109	4614
109	53	4615
53	417	3374
417	53	3374
53	196	4252
196	53	4252
53	408	2647
408	53	2648
53	775	1059
775	53	1060
53	339	4404
339	53	4405
53	762	4018
762	53	4018
53	162	4466
162	53	4467
53	545	3614
545	53	3615
54	696	2670
696	54	2671
54	295	4013
295	54	4014
54	782	4556
782	54	4556
54	289	1855
289	54	1856
54	194	2549
194	54	2549
54	223	3655
223	54	3655
54	787	4499
787	54	4499
54	328	659
328	54	660
54	583	1291
583	54	1292
54	221	4011
221	54	4011
54	606	3324
606	54	3324
54	752	1201
752	54	1202
54	162	3179
162	54	3179
54	502	4500
502	54	4501
54	74	4995
74	54	4995
54	531	4747
531	54	4748
54	382	3741
382	54	3741
55	61	4930
61	55	4930
55	392	93
392	55	93
55	179	3011
179	55	3012
55	116	4559
116	55	4559
55	84	4041
84	55	4042
55	660	3839
660	55	3839
55	797	1425
797	55	1426
55	690	1804
690	55	1805
55	568	509
568	55	509
55	221	4536
221	55	4536
55	289	4728
289	55	4728
55	236	3582
236	55	3583
55	781	145
781	55	146
55	874	4169
874	55	4170
56	443	4690
443	56	4691
56	165	2354
165	56	2355
56	329	1881
329	56	1882
56	462	4409
462	56	4410
56	97	4004
97	56	4004
56	317	2918
317	56	2918
56	146	3370
146	56	3370
56	676	4453
676	56	4453
56	768	3599
768	56	3600
56	476	2552
476	56	2552
56	549	3220
549	56	3220
56	132	4027
132	56	4027
56	335	3867
335	56	3868
56	204	4671
204	56	4671
56	813	2132
813	56	2133
56	191	4430
191	56	4431
57	200	1237
200	57	1237
57	353	3935
353	57	3936
57	566	3695
566	57	3695
57	394	3603
394	57	3603
57	90	2514
90	57	2515
57	689	4749
689	57	4749
57	567	493
567	57	493
57	84	2195
84	57	2196
57	249	3834
249	57	3835
57	797	2286
797	57	2286
57	195	1992
195	57	1992
57	208	812
208	57	812
57	852	4537
852	57	4538
58	485	3497
485	58	3498
58	105	3176
105	58	3177
58	430	4063
430	58	4064
58	457	2303
457	58	2303
58	207	4697
207	58	4697
58	352	1523
352	58	1523
58	316	4657
316	58	4657
58	71	1309
71	58	1310
58	377	4550
377	58	4551
59	214	3127
214	59	3127
59	299	2387
299	59	2388
59	862	2209
862	59	2209
59	624	4273
624	59	4273
59	455	2786
455	59	2786
59	89	4242
89	59	4243
59	758	1142
758	59	1142
59	277	1944
277	59	1944
59	564	3942
564	59	3942
59	810	2054
810	59	2054
59	655	3456
655	59	3456
59	526	3068
526	59	3068
59	396	4652
396	59	4652
59	513	2058
513	59	2058
59	703	3888
703	59	3888
60	364	3254
364	60	3255
60	283	4568
283	60	4568
60	202	2755
202	60	2756
60	86	718
86	60	718
60	546	4664
546	60	4664
60	507	4459
507	60	4460
60	425	4727
425	60	4728
60	523	3777
523	60	3778
60	378	4837
378	60	4838
60	890	4468
890	60	4469
60	590	3349
590	60	3350
60	344	3886
344	60	3887
60	465	4632
465	60	4633
60	447	1766
447	60	1766
61	882	2447
882	61	2448
61	444	2109
444	61	2110
61	493	3325
493	61	3325
61	178	2618
178	61	2618
61	238	4937
238	61	4937
61	543	2201
543	61	2201
61	275	4964
275	61	4965
61	666	3528
666	61	3529
61	698	2595
698	61	2595
61	741	3869
741	61	3870
61	320	2574
320	61	2574
61	391	4695
391	61	4696
61	725	771
725	61	771
62	368	2378
368	62	2379
62	594	793
594	62	793
62	202	1984
202	62	1985
62	806	1218
806	62	1218
62	548	148
548	62	149
62	833	2946
833	62	2947
62	719	4662
719	62	4662
62	628	1044
628	62	1044
62	119	3854
119	62	3854
62	704	2622
704	62	2622
62	689	2008
689	62	2009
62	500	2840
500	62	2840
63	228	1214
228	63	1214
63	404	4160
404	63	4160
63	150	1487
150	63	1488
63	741	1906
741	63	1907
63	765	4865
765	63	4866
63	389	4446
389	63	4446
63	111	2712
111	63	2712
63	839	4617
839	63	4618
63	625	1463
625	63	1464
63	172	3982
172	63	3982
63	656	4547
656	63	4548
63	255	4777
255	63	4777
63	410	4809
410	63	4810
63	607	4911
607	63	4912
63	725	1597
725	63	1597
63	829	4722
829	63	4723
63	671	4824
671	63	4824
63	238	3737
238	63	3738
64	317	3625
317	64	3625
64	279	4171
279	64	4171
64	118	4830
118	64	4830
64	247	4178
247	64	4178
64	815	4784
815	64	4784
64	516	2075
516	64	2076
64	478	1213
478	64	1213
64	575	4823
575	64	4824
64	778	4098
778	64	4098
64	216	4067
216	64	4068
64	338	655
338	64	656
64	141	4800
141	64	4801
64	393	3518
393	64	3519
64	329	1533
329	64	1534
64	164	4288
164	64	4289
64	571	4965
571	64	4966
64	255	3782
255	64	3782
65	535	940
535	65	940
65	239	4445
239	65	4446
65	658	4425
658	65	4426
65	487	3856
487	65	3856
65	174	4100
174	65	4101
65	638	4774
638	65	4775
65	891	940
891	65	941
65	220	2017
220	65	2017
65	120	771
120	65	772
65	443	3781
443	65	3782
65	336	1535
336	65	1535
66	241	4225
241	66	4226
66	338	1719
338	66	1720
66	359	1351
359	66	1351
66	114	2946
114	66	2947
66	546	3299
546	66	3299
66	206	4116
206	66	4117
66	458	2140
458	66	2140
66	739	1259
739	66	1260
66	170	3806
170	66	3806
66	386	3666
386	66	3666
66	752	4852
752	66	4853
66	628	2259
628	66	2260
66	720	4543
720	66	4543
66	72	2280
72	66	2281
67	277	4798
277	67	4798
67	209	2590
209	67	2591
67	550	4141
550	67	4142
67	784	4904
784	67	4905
67	407	476
407	67	476
67	760	2810
760	67	2810
67	289	4204
289	67	4205
67	158	1788
158	67	1789
67	204	4966
204	67	4967
67	189	4909
189	67	4910
67	108	4465
108	67	4466
67	178	2270
178	67	2271
67	574	4244
574	67	4245
67	282	919
282	67	920
67	226	2614
226	67	2615
68	584	616
584	68	617
68	256	4267
256	68	4268
68	432	3150
432	68	3150
68	377	2729
377	68	2729
68	250	1344
250	68	1344
68	872	3233
872	68	3234
68	223	3801
223	68	3802
68	357	1023
357	68	1024
68	381	2599
381	68	2599
68	289	4059
289	68	4060
68	541	4978
541	68	4978
68	678	1975
678	68	1976
69	436	3032
436	69	3032
69	246	436
246	69	436
69	650	787
650	69	788
69	670	394
670	69	395
69	385	4323
385	69	4323
69	883	4214
883	69	4214
69	792	4850
792	69	4851
69	770	1508
770	69	1508
69	703	3143
703	69	3144
69	434	4683
434	69	4684
69	76	4182
76	69	4182
69	669	1584
669	69	1585
70	388	4863
388	70	4864
70	767	2906
767	70	2907
70	503	4138
503	70	4139
70	273	4349
273	70	4350
70	798	1621
798	70	1622
70	121	4793
121	70	4793
70	739	4748
739	70	4749
70	254	3375
254	70	3375
70	377	4063
377	70	4064
70	416	4609
416	70	4610
70	603	963
603	70	964
70	534	3478
534	70	3479
70	356	4030
356	70	4030
70	420	205
420	70	206
70	77	463
77	70	464
71	116	3112
116	71	3112
71	172	2003
172	71	2004
71	510	4785
510	71	4786
71	359	4351
359	71	4351
71	153	3321
153	71	3321
71	574	4562
574	71	4563
71	531	4899
531	71	4900
71	550	4650
550	71	4651
71	740	1130
740	71	1130
71	232	3884
232	71	3884
71	142	4498
142	71	4499
71	412	3836
412	71	3836
71	355	2314
355	71	2314
72	79	4693
79	72	4694
72	81	2000
81	72	2001
72	598	1539
598	72	1539
72	403	4486
403	72	4487
72	224	4624
224	72	4625
72	557	3770
557	72	3771
72	409	2599
409	72	2600
72	279	4520
279	72	4520
72	136	4734
136	72	4734
72	127	681
127	72	681
72	434	4735
434	72	4736
72	271	2417
271	72	2417
72	150	4385
150	72	4385
73	213	4321
213	73	4322
73	518	3771
518	73	3772
73	586	3910
586	73	3910
73	125	3888
125	73	3889
73	259	1044
259	73	1045
73	783	1855
783	73	1855
73	266	3381
266	73	3381
73	470	4977
470	73	4978
73	645	4671
645	73	4672
73	103	1776
103	73	1777
73	347	3857
347	73	3857
73	826	4698
826	73	4699
73	228	4542
228	73	4542
74	497	4731
497	74	4732
74	329	3756
329	74	3756
74	155	418
155	74	419
74	867	1189
867	74	1190
74	362	1285
362	74	1286
74	262	4885
262	74	4886
74	187	1151
187	74	1151
74	422	2893
422	74	2893
74	107	3961
107	74	3961
74	418	4401
418	74	4401
74	147	4655
147	74	4655
74	470	1617
470	74	1617
74	109	503
109	74	503
75	125	977
125	75	977
75	597	3347
597	75	3348
75	571	3172
571	75	3172
75	481	2092
481	75	2093
75	121	897
121	75	898
75	349	228
349	75	228
75	409	4829
409	75	4830
75	868	4650
868	75	4650
75	263	2572
263	75	2572
75	298	4708
298	75	4709
75	876	2650
876	75	2651
75	130	4052
130	75	4053
75	370	987
370	75	987
75	611	4720
611	75	4721
75	143	359
143	75	359
75	850	926
850	75	926
75	643	599
643	75	599
75	269	1520
269	75	1521
76	800	4443
800	76	4443
76	119	1789
119	76	1789
76	458	294
458	76	295
76	289	4158
289	76	4159
76	353	3243
353	76	3244
76	498	3877
498	76	3877
76	372	4683
372	76	4683
76	125	2591
125	76	2591
76	789	3121
789	76	3121
76	158	2138
158	76	2138
76	202	1599
202	76	1600
76	798	3671
798	76	3671
76	437	2592
437	76	2592
76	173	3332
173	76	3333
76	843	3566
843	76	3566
76	122	1760
122	76	1760
76	424	4303
424	76	4303
76	352	4161
352	76	4161
77	428	4741
428	77	4741
77	119	3874
119	77	3875
77	317	4745
317	77	4746
77	588	4654
588	77	4654
77	141	4006
141	77	4007
77	446	3559
446	77	3559
77	767	1667
767	77	1668
77	527	4935
527	77	4936
77	392	4705
392	77	4705
77	106	4796
106	77	4796
77	257	4940
257	77	4940
77	477	4517
477	77	4517
77	518	1625
518	77	1625
77	471	2289
471	77	2289
78	658	1593
658	78	1594
78	661	4449
661	78	4450
78	767	188
767	78	189
78	350	2014
350	78	2014
78	511	1665
511	78	1666
78	287	4903
287	78	4903
78	621	3404
621	78	3404
78	709	1759
709	78	1759
78	85	4574
85	78	4575
79	356	4149
356	79	4149
79	248	3673
248	79	3674
79	100	350
100	79	351
79	287	1915
287	79	1915
79	730	3052
730	79	3053
79	473	4158
473	79	4158
79	92	2615
92	79	2615
79	244	3935
244	79	3935
79	644	1814
644	79	1814
79	884	4826
884	79	4826
79	454	3880
454	79	3881
79	581	4764
581	79	4765
79	489	4668
489	79	4669
79	700	2087
700	79	2087
79	536	1467
536	79	1468
79	281	2132
281	79	2133
80	549	4889
549	80	4890
80	472	2784
472	80	2785
80	114	3453
114	80	3453
80	185	3937
185	80	3937
80	428	4555
428	80	4555
80	762	1489
762	80	1490
80	167	1678
167	80	1678
80	347	4448
347	80	4449
80	227	2071
227	80	2072
80	569	1186
569	80	1187
80	361	4436
361	80	4436
80	702	1360
702	80	1360
80	682	2892
682	80	2893
80	280	4669
280	80	4670
80	659	341
659	80	342
81	309	4274
309	81	4275
81	690	4062
690	81	4062
81	179	2355
179	81	2355
81	157	292
157	81	293
81	790	921
790	81	921
81	668	4820
668	81	4821
81	521	1099
521	81	1099
81	149	3822
149	81	3823
81	228	3634
228	81	3634
81	107	4732
107	81	4733
81	846	3571
846	81	3572
81	888	3386
888	81	3387
81	848	3944
848	81	3945
81	564	3953
564	81	3954
81	234	3564
234	81	3564
82	212	3632
212	82	3633
82	97	2870
97	82	2871
82	238	1018
238	82	1019
82	278	374
278	82	374
82	608	3851
608	82	3852
82	832	3941
832	82	3941
82	147	4931
147	82	4932
82	117	4607
117	82	4607
82	460	3829
460	82	3830
82	346	625
346	82	626
82	334	3197
334	82	3197
82	492	3679
492	82	3680
82	309	4324
309	82	4324
82	255	4632
255	82	4632
82	466	2382
466	82	2383
82	594	2933
594	82	2933
82	380	4347
380	82	4347
83	425	4235
425	83	4236
83	354	4268
354	83	4268
83	532	527
532	83	527
83	309	4688
309	83	4689
83	294	1464
294	83	1465
83	268	2665
268	83	2665
83	404	383
404	83	383
83	608	3829
608	83	3830
83	377	452
377	83	452
83	717	837
717	83	838
83	806	3822
806	83	3822
83	131	4400
131	83	4401
83	554	4052
554	83	4052
83	297	4741
297	83	4741
83	417	4340
417	83	4340
83	637	4317
637	83	4317
83	356	4006
356	83	4007
83	340	1488
340	83	1489
84	362	3838
362	84	3838
84	599	4827
599	84	4827
84	353	911
353	84	912
84	256	2277
256	84	2277
84	797	364
797	84	365
84	248	1320
248	84	1321
84	664	3769
664	84	3769
84	554	1649
554	84	1649
84	354	105
354	84	106
84	181	2095
181	84	2095
85	360	4898
360	85	4899
85	563	1050
563	85	1051
85	450	4989
450	85	4989
85	406	4964
406	85	4964
85	256	1668
256	85	1668
85	742	4386
742	85	4387
85	117	1711
117	85	1712
85	619	4802
619	85	4802
85	123	2981
123	85	2982
85	841	1169
841	85	1170
85	540	3222
540	85	3223
85	799	2537
799	85	2538
85	143	3964
143	85	3964
85	807	1683
807	85	1683
85	508	4278
508	85	4279
86	561	3972
561	86	3972
86	101	4276
101	86	4277
86	753	4476
753	86	4477
86	519	3568
519	86	3569
86	330	4369
330	86	4370
86	417	4435
417	86	4435
86	630	4355
630	86	4356
86	527	1175
527	86	1176
86	184	3582
184	86	3582
86	245	3927
245	86	3927
86	350	4937
350	86	4938
86	229	2691
229	86	2692
86	604	3225
604	86	3226
86	513	4121
513	86	4122
86	221	4517
221	86	4518
86	198	4471
198	86	4472
86	368	865
368	86	865
87	328	3012
328	87	3012
87	870	1858
870	87	1859
87	447	55
447	87	55
87	204	3504
204	87	3504
87	726	3056
726	87	3056
87	113	4790
113	87	4791
87	651	4344
651	87	4345
87	309	3850
309	87	3850
87	220	4123
220	87	4123
87	202	4881
202	87	4882
87	174	494
174	87	495
87	163	3388
163	87	3389
87	687	3096
687	87	3097
87	564	1500
564	87	1500
88	240	4342
240	88	4343
88	126	2234
126	88	2235
88	289	4067
289	88	4067
88	253	560
253	88	561
88	389	2527
389	88	2527
88	359	1377
359	88	1377
88	764	4643
764	88	4644
88	339	4481
339	88	4481
88	774	4901
774	88	4902
88	497	3151
497	88	3151
88	349	3742
349	88	3742
88	466	4123
466	88	4123
88	608	4203
608	88	4204
88	627	2457
627	88	2458
88	317	2218
317	88	2218
88	257	3577
257	88	3577
89	123	3664
123	89	3665
89	412	4456
412	89	4457
89	288	2673
288	89	2673
89	140	993
140	89	994
89	603	4493
603	89	4493
89	241	4240
241	89	4240
89	674	286
674	89	287
89	227	4301
227	89	4301
89	264	3769
264	89	3769
89	752	3678
752	89	3678
89	312	3717
312	89	3717
89	90	4092
90	89	4092
89	368	2745
368	89	2746
89	213	1280
213	89	1281
89	428	2908
428	89	2908
89	148	4818
148	89	4819
89	851	4008
851	89	4008
90	349	353
349	90	354
90	575	1412
575	90	1412
90	136	430
136	90	430
90	506	2504
506	90	2504
90	281	4155
281	90	4156
90	305	1702
305	90	1702
90	109	2452
109	90	2453
90	304	3930
304	90	3931
90	407	4475
407	90	4475
90	383	1866
383	90	1867
91	661	4459
661	91	4460
91	816	3098
816	91	3099
91	368	146
368	91	147
91	391	4466
391	91	4466
91	342	1406
342	91	1406
91	383	1250
383	91	1251
91	144	2626
144	91	2626
91	676	1117
676	91	1118
91	237	4161
237	91	4161
92	246	4911
246	92	4911
92	251	3857
251	92	3857
92	287	3029
287	92	3030
92	389	2242
389	92	2243
93	519	1521
519	93	1522
93	533	4974
533	93	4974
93	621	4820
621	93	4820
93	773	2180
773	93	2181
94	339	1359
339	94	1360
94	355	1861
355	94	1861
94	859	3540
859	94	3540
94	377	2674
377	94	2675
95	316	3740
316	95	3740
95	585	4317
585	95	4318
95	325	4977
325	95	4977
95	511	2998
511	95	2998
95	101	3332
101	95	3333
95	399	2246
399	95	2246
95	416	1300
416	95	1300
95	823	1322
823	95	1323
95	458	723
458	95	724
95	531	1476
531	95	1477
95	854	4166
854	95	4167
96	332	4699
332	96	4699
96	221	3983
221	96	3983
96	798	2303
798	96	2303
96	621	3555
621	96	3555
96	198	3933
198	96	3934
96	181	1127
181	96	1127
97	685	252
685	97	252
97	306	384
306	97	384
97	391	1526
391	97	1526
97	154	4743
154	97	4743
98	228	480
228	98	480
98	235	2752
235	98	2752
98	553	4623
553	98	4623
98	647	1281
647	98	1281
98	170	3822
170	98	3823
99	376	3325
376	99	3325
99	432	649
432	99	649
99	712	762
712	99	763
99	172	2479
172	99	2479
99	447	4309
447	99	4310
99	183	3686
183	99	3687
99	384	2397
384	99	2398
99	763	4061
763	99	4062
99	328	3017
328	99	3017
100	680	3683
680	100	3684
100	339	3659
339	100	3660
100	763	2029
763	100	2030
100	157	1663
157	100	1663
100	798	3595
798	100	3595
100	667	2895
667	100	2896
101	103	3809
103	101	3809
101	443	4412
443	101	4413
101	658	1865
658	101	1866
101	348	4638
348	101	4639
102	231	4365
231	102	4365
102	464	3619
464	102	3620
102	360	1373
360	102	1374
102	245	3989
245	102	3989
102	697	4677
697	102	4678
102	212	4477
212	102	4478
103	204	4212
204	103	4212
103	791	3520
791	103	3520
104	534	4846
534	104	4847
104	637	4727
637	104	4727
104	199	3757
199	104	3758
104	153	2713
153	104	2713
104	420	1427
420	104	1428
104	416	3148
416	104	3149
104	274	1428
274	104	1428
104	308	3010
308	104	3010
104	316	1006
316	104	1006
104	441	3290
441	104	3291
105	193	1012
193	105	1012
105	732	3514
732	105	3514
105	350	3959
350	105	3960
105	120	737
120	105	738
105	282	4920
282	105	4921
105	211	2944
211	105	2945
106	681	215
681	106	215
106	287	1688
287	106	1689
106	250	4556
250	106	4556
106	375	3146
375	106	3146
107	286	4921
286	107	4921
107	345	3548
345	107	3549
107	761	1235
761	107	1235
107	160	2031
160	107	2032
108	730	2270
730	108	2271
108	809	4436
809	108	4436
108	706	4180
706	108	4181
108	790	1883
790	108	1883
108	315	4248
315	108	4248
108	702	2639
702	108	2640
108	525	4057
525	108	4057
109	631	1468
631	109	1469
109	386	1152
386	109	1152
109	383	4902
383	109	4902
109	432	4461
432	109	4462
109	401	1738
401	109	1739
109	160	1619
160	109	1619
109	125	2618
125	109	2618
109	245	3781
245	109	3782
110	673	1952
673	110	1953
110	837	1655
837	110	1655
110	217	1728
217	110	1728
110	182	2329
182	110	2329
110	192	4148
192	110	4149
110	317	3782
317	110	3782
110	382	4404
382	110	4405
111	489	325
489	111	325
111	142	4857
142	111	4857
111	262	2534
262	111	2535
111	204	4104
204	111	4105
111	530	1572
530	111	1573
112	742	4010
742	112	4010
112	174	4119
174	112	4119
112	438	4654
438	112	4654
112	482	1883
482	112	1884
112	115	3063
115	112	3063
112	659	4703
659	112	4703
112	617	4307
617	112	4307
112	403	1121
403	112	1122
112	628	2383
628	112	2384
112	589	4041
589	112	4041
112	764	3118
764	112	3119
113	175	4595
175	113	4596
113	835	3189
835	113	3189
113	195	246
195	113	246
113	416	4796
416	113	4796
114	599	1853
599	114	1854
114	583	4369
583	114	4369
114	173	2802
173	114	2803
114	234	4483
234	114	4484
114	433	215
433	114	216
114	389	3570
389	114	3571
115	684	4317
684	115	4317
115	243	1054
243	115	1054
115	512	1292
512	115	1293
115	269	207
269	115	207
115	534	2452
534	115	2452
115	284	3858
284	115	3858
116	140	3500
140	116	3501
116	260	1031
260	116	1031
116	593	2792
593	116	2793
116	730	216
730	116	217
116	521	3539
521	116	3539
116	319	4337
319	116	4337
116	214	2441
214	116	2442
116	168	3237
168	116	3238
117	562	1445
562	117	1445
117	366	1902
366	117	1902
117	725	4418
725	117	4418
118	755	4835
755	118	4835
118	164	4226
164	118	4226
119	150	4283
150	119	4284
119	146	2403
146	119	2404
120	193	3447
193	120	3448
120	201	4458
201	120	4458
120	219	4991
219	120	4991
120	144	3989
144	120	3989
120	345	4936
345	120	4937
120	704	136
704	120	136
120	426	1090
426	120	1091
121	376	295
376	121	296
121	355	3529
355	121	3530
121	509	4122
509	121	4122
121	622	3548
622	121	3548
121	285	4257
285	121	4257
121	347	2874
347	121	2875
121	431	1904
431	121	1904
122	152	3862
152	122	3863
122	584	3523
584	122	3523
122	429	3759
429	122	3759
122	413	3140
413	122	3141
122	414	4582
414	122	4583
122	367	4070
367	122	4070
122	746	1449
746	122	1450
122	439	1169
439	122	1170
122	153	4080
153	122	4081
123	727	4015
727	123	4015
123	684	4211
684	123	4212
123	736	3544
736	123	3545
123	533	3526
533	123	3527
123	296	2529
296	123	2529
124	402	4246
402	124	4247
124	244	1402
244	124	1402
124	589	4921
589	124	4922
124	410	4065
410	124	4065
124	437	4136
437	124	4136
124	180	4502
180	124	4503
124	492	4421
492	124	4422
124	375	1718
375	124	1719
124	224	2974
224	124	2975
125	357	2636
357	125	2636
125	170	934
170	125	935
125	731	1139
731	125	1139
126	134	1018
134	126	1018
126	332	4106
332	126	4107
126	178	1583
178	126	1584
126	505	4343
505	126	4343
126	378	951
378	126	952
126	423	1131
423	126	1131
126	358	4984
358	126	4984
126	189	2902
189	126	2903
126	224	2441
224	126	2442
127	257	2749
257	127	2749
127	807	4285
807	127	4285
127	355	2513
355	127	2514
128	444	2554
444	128	2554
128	556	3832
556	128	3833
128	339	4895
339	128	4896
128	205	4887
205	128	4888
128	716	3381
716	128	3381
128	129	4423
129	128	4424
128	292	3536
292	128	3536
128	142	3293
142	128	3294
128	399	1483
399	128	1483
129	795	2770
795	129	2770
129	381	2945
381	129	2946
129	143	2928
143	129	2929
129	189	3440
189	129	3441
129	283	250
283	129	251
129	706	3954
706	129	3955
130	317	3852
317	130	3852
130	844	3905
844	130	3905
130	446	3750
446	130	3751
130	566	852
566	130	852
130	707	4738
707	130	4738
130	561	4710
561	130	4710
131	647	4998
647	131	4998
131	596	892
596	131	893
131	331	3809
331	131	3810
131	655	4235
655	131	4235
131	268	4071
268	131	4072
131	367	194
367	131	195
131	821	1546
821	131	1547
132	416	440
416	132	441
132	145	4264
145	132	4264
132	251	4409
251	132	4409
132	374	3831
374	132	3832
132	203	3890
203	132	3891
132	543	637
543	132	638
132	578	4456
578	132	4456
133	362	3083
362	133	3083
133	585	3331
585	133	3332
133	624	4764
624	133	4764
133	727	4935
727	133	4935
133	233	932
233	133	933
133	657	68
657	133	68
133	220	1980
220	133	1981
133	427	1571
427	133	1571
133	282	4215
282	133	4215
133	571	4678
571	133	4679
134	461	3973
461	134	3973
134	425	2148
425	134	2149
134	492	4090
492	134	4090
134	396	4274
396	134	4274
134	440	4500
440	134	4501
134	413	3669
413	134	3669
135	515	4819
515	135	4820
135	157	3224
157	135	3225
135	809	1950
809	135	1950
135	192	2149
192	135	2149
135	609	4109
609	135	4110
135	693	3934
693	135	3935
136	346	4520
346	136	4520
136	261	3777
261	136	3777
137	311	3920
311	137	3920
137	649	4174
649	137	4174
137	148	3665
148	137	3666
137	340	2682
340	137	2683
137	232	4718
232	137	4718
137	376	2058
376	137	2059
137	212	4562
212	137	4563
137	800	4530
800	137	4531
138	172	1423
172	138	1424
138	356	3269
356	138	3269
138	469	4971
469	138	4972
138	277	3949
277	138	3949
138	223	2816
223	138	2816
138	269	2087
269	138	2087
139	203	4075
203	139	4076
139	383	2402
383	139	2403
139	840	2423
840	139	2423
139	753	4988
753	139	4989
139	301	4895
301	139	4896
139	505	3665
505	139	3666
140	784	1313
784	140	1314
140	404	4618
404	140	4618
140	322	1486
322	140	1486
140	793	3905
793	140	3905
140	192	4577
192	140	4578
140	229	4124
229	140	4125
140	369	3511
369	140	3511
140	272	4863
272	140	4864
141	338	397
338	141	397
141	242	1684
242	141	1684
141	554	134
554	141	134
141	347	286
347	141	286
141	784	3116
784	141	3116
141	341	4080
341	141	4080
141	353	2664
353	141	2665
142	281	3048
281	142	3049
142	749	4880
749	142	4881
142	160	4635
160	142	4635
142	442	437
442	142	437
142	296	3543
296	142	3543
143	161	4583
161	143	4584
143	446	2201
446	143	2201
143	238	4794
238	143	4794
143	661	2081
661	143	2082
144	400	2970
400	144	2971
144	296	4860
296	144	4861
144	213	4523
213	144	4524
145	215	4851
215	145	4851
145	320	3767
320	145	3768
145	756	2868
756	145	2868
146	406	1838
406	146	1838
146	211	2173
211	146	2173
146	237	2413
237	146	2414
146	219	3922
219	146	3922
146	652	3464
652	146	3464
146	541	4118
541	146	4118
146	420	1960
420	146	1960
147	423	4618
423	147	4619
147	150	4805
150	147	4805
147	597	4840
597	147	4841
147	795	4216
795	147	4216
147	408	1188
408	147	1189
147	342	4608
342	147	4608
148	154	664
154	148	665
148	381	1013
381	148	1013
148	335	1923
335	148	1924
149	181	3832
181	149	3832
149	499	4547
499	149	4547
149	326	2983
326	149	2984
149	459	542
459	149	543
149	284	1777
284	149	1778
149	336	3991
336	149	3991
149	339	408
339	149	408
149	881	3795
881	149	3795
149	185	3805
185	149	3806
150	510	1132
510	150	1132
151	224	484
224	151	484
151	210	3274
210	151	3275
151	251	2978
251	151	2978
151	223	2525
223	151	2526
151	792	3743
792	151	3744
151	693	3930
693	151	3930
151	296	2817
296	151	2818
151	405	1864
405	151	1865
152	154	3624
154	152	3624
152	731	4839
731	152	4840
152	180	4608
180	152	4608
152	762	1270
762	152	1270
152	422	4688
422	152	4689
152	305	1882
305	152	1883
153	828	4676
828	153	4677
153	209	4400
209	153	4400
154	157	4398
157	154	4399
154	764	4466
764	154	4467
154	413	1273
413	154	1273
154	187	1696
187	154	1696
154	755	2872
755	154	2872
155	709	4655
709	155	4655
155	714	1787
714	155	1788
155	680	4046
680	155	4046
155	834	2257
834	155	2258
155	354	4844
354	155	4844
155	395	3016
395	155	3016
156	352	4167
352	156	4167
156	635	2696
635	156	2696
156	794	4308
794	156	4308
156	304	1834
304	156	1835
156	792	4809
792	156	4810
156	623	1463
623	156	1464
156	420	3024
420	156	3024
156	160	1525
160	156	1526
157	159	4470
159	157	4471
157	770	2798
770	157	2799
157	427	3234
427	157	3235
157	319	1314
319	157	1315
157	566	4473
566	157	4474
157	253	3729
253	157	3729
157	449	2663
449	157	2664
158	707	4709
707	158	4709
158	892	2458
892	158	2459
158	609	4803
609	158	4803
158	697	2743
697	158	2744
158	395	4346
395	158	4346
158	421	3294
421	158	3295
158	291	1203
291	158	1203
158	530	3012
530	158	3013
159	448	512
448	159	513
159	168	4035
168	159	4035
159	223	4273
223	159	4273
159	187	4172
187	159	4173
159	407	2431
407	159	2431
159	519	3563
519	159	3563
160	792	2340
792	160	2341
160	510	4179
510	160	4179
160	589	4198
589	160	4199
160	163	3268
163	160	3269
160	184	353
184	160	354
160	491	2267
491	160	2267
160	301	3908
301	160	3908
161	260	2835
260	161	2835
161	197	1454
197	161	1455
161	524	563
524	161	564
161	479	3365
479	161	3366
161	743	4862
743	161	4863
162	563	3760
563	162	3761
162	303	3708
303	162	3708
163	286	1040
286	163	1041
163	612	2500
612	163	2500
163	496	1945
496	163	1945
163	390	1843
390	163	1843
163	656	2451
656	163	2451
163	193	3182
193	163	3182
164	220	3372
220	164	3373
164	222	1479
222	164	1479
165	357	2934
357	165	2934
165	658	757
658	165	757
165	747	4858
747	165	4858
165	398	2060
398	165	2060
166	259	4001
259	166	4002
166	744	1816
744	166	1816
166	726	3602
726	166	3603
166	311	4662
311	166	4662
166	408	4596
408	166	4597
166	414	4750
414	166	4751
167	212	4876
212	167	4877
167	638	4819
638	167	4819
167	186	1984
186	167	1985
167	771	4907
771	167	4907
167	796	4657
796	167	4657
167	198	1917
198	167	1918
168	662	2346
662	168	2347
168	327	3472
327	168	3472
168	291	4284
291	168	4285
168	415	1320
415	168	1321
168	220	632
220	168	633
168	281	1349
281	168	1350
168	236	2575
236	168	2576
169	284	1372
284	169	1373
169	693	1972
693	169	1972
169	748	4813
748	169	4814
169	181	1544
181	169	1545
170	371	273
371	170	273
170	795	4679
795	170	4679
171	799	2582
799	171	2582
171	257	2364
257	171	2365
171	715	4108
715	171	4109
171	337	1908
337	171	1908
171	598	4940
598	171	4940
171	436	1364
436	171	1364
171	413	4200
413	171	4201
171	262	4821
262	171	4822
171	324	3994
324	171	3995
172	312	266
312	172	267
172	430	4681
430	172	4682
172	613	3892
613	172	3893
172	455	2132
455	172	2132
172	200	1418
200	172	1419
173	387	4380
387	173	4381
173	295	2210
295	173	2211
173	269	4866
269	173	4866
173	787	1473
787	173	1473
173	395	3006
395	173	3007
174	635	3911
635	174	3912
174	407	4228
407	174	4228
174	697	4052
697	174	4053
174	633	3852
633	174	3852
175	245	288
245	175	289
175	482	94
482	175	94
175	276	3335
276	175	3335
175	547	4226
547	175	4227
176	273	2460
273	176	2461
176	291	1411
291	176	1412
176	262	1697
262	176	1697
176	232	685
232	176	686
176	804	1637
804	176	1637
176	241	2370
241	176	2370
176	267	3758
267	176	3759
176	406	1839
406	176	1840
177	203	3833
203	177	3833
177	648	3699
648	177	3700
177	284	3885
284	177	3886
177	287	1141
287	177	1141
177	601	1072
601	177	1072
177	288	3993
288	177	3994
177	317	1140
317	177	1140
177	235	4889
235	177	4889
178	281	4073
281	178	4073
178	467	3002
467	178	3002
178	391	3651
391	178	3651
178	590	1569
590	178	1570
178	550	2004
550	178	2005
179	234	4880
234	179	4881
179	325	3829
325	179	3829
179	294	4454
294	179	4455
179	260	4002
260	179	4003
179	419	4168
419	179	4168
180	765	4504
765	180	4505
180	447	2044
447	180	2044
180	789	2991
789	180	2991
180	695	3014
695	180	3015
180	561	2746
561	180	2747
181	389	4348
389	181	4348
181	311	4662
311	181	4663
181	328	4075
328	181	4075
181	292	897
292	181	897
181	333	3261
333	181	3262
181	211	2758
211	181	2758
182	444	2567
444	182	2567
182	273	1386
273	182	1387
182	338	956
338	182	956
182	341	210
341	182	210
182	426	1031
426	182	1031
182	265	769
265	182	770
182	413	4352
413	182	4353
183	408	4734
408	183	4734
183	385	852
385	183	853
183	254	4317
254	183	4318
183	728	3344
728	183	3344
183	783	4328
783	183	4329
184	626	4598
626	184	4599
185	543	4739
543	185	4740
185	263	3404
263	185	3404
185	425	4642
425	185	4643
185	279	4797
279	185	4798
185	344	4123
344	185	4123
186	191	4762
191	186	4763
186	211	566
211	186	567
186	260	2054
260	186	2055
186	727	2276
727	186	2277
186	425	2826
425	186	2827
186	409	4254
409	186	4255
186	767	4609
767	186	4610
186	342	4285
342	186	4286
186	399	4562
399	186	4562
187	278	1747
278	187	1748
187	722	1220
722	187	1221
187	396	4465
396	187	4465
187	392	2702
392	187	2702
187	335	707
335	187	708
187	325	4729
325	187	4729
187	394	75
394	187	75
188	296	2006
296	188	2006
188	516	3727
516	188	3728
188	342	4422
342	188	4422
188	249	4784
249	188	4784
188	276	3691
276	188	3692
188	394	4870
394	188	4870
189	549	2486
549	189	2487
189	285	3633
285	189	3634
189	402	1775
402	189	1776
189	723	4040
723	189	4040
189	543	3323
543	189	3324
189	427	3238
427	189	3239
190	479	661
479	190	661
190	400	4199
400	190	4200
190	290	3485
290	190	3486
190	312	1810
312	190	1810
190	330	3844
330	190	3845
190	350	2516
350	190	2517
191	296	4788
296	191	4788
191	679	3164
679	191	3165
191	318	3320
318	191	3321
191	248	3045
248	191	3045
191	547	2017
547	191	2017
192	221	1365
221	192	1365
192	225	3641
225	192	3641
192	393	1712
393	192	1712
192	228	4793
228	192	4793
192	295	4813
295	192	4814
192	394	137
394	192	137
193	373	4652
373	193	4652
193	617	3669
617	193	3670
193	354	4259
354	193	4260
193	274	3372
274	193	3372
195	300	4402
300	195	4403
195	664	4407
664	195	4408
196	444	4141
444	196	4142
196	784	3072
784	196	3073
196	394	2480
394	196	2480
196	237	3671
237	196	3672
197	684	2048
684	197	2048
197	224	3518
224	197	3518
197	715	3713
715	197	3714
197	721	1386
721	197	1386
197	272	4116
272	197	4117
197	303	3623
303	197	3624
198	729	4772
729	198	4772
198	787	4778
787	198	4778
198	246	4839
246	198	4840
198	284	2706
284	198	2707
198	719	2701
719	198	2701
199	269	3652
269	199	3652
199	367	1220
367	199	1220
199	408	2078
408	199	2078
199	388	4581
388	199	4581
199	214	1517
214	199	1518
199	709	4369
709	199	4370
199	260	4957
260	199	4958
199	210	1179
210	199	1179
199	660	4923
660	199	4924
200	699	4258
699	200	4259
200	745	1625
745	200	1625
200	441	2310
441	200	2311
200	421	1209
421	200	1210
200	449	2204
449	200	2204
200	403	4557
403	200	4558
200	293	4098
293	200	4099
200	771	4300
771	200	4300
201	578	3229
578	201	3230
201	423	4319
423	201	4320
201	427	4374
427	201	4375
202	279	3919
279	202	3919
202	803	4274
803	202	4275
203	333	4399
333	203	4399
203	313	2956
313	203	2957
203	236	1297
236	203	1298
203	390	1489
390	203	1489
203	332	3104
332	203	3105
204	722	4093
722	204	4093
205	317	3977
317	205	3977
205	275	1952
275	205	1952
205	426	4250
426	205	4251
205	332	4426
332	205	4426
205	753	1848
753	205	1849
206	230	2067
230	206	2068
206	729	4758
729	206	4759
206	428	3662
428	206	3662
206	257	4746
257	206	4746
206	373	4653
373	206	4654
206	796	1906
796	206	1907
207	355	4066
355	207	4067
207	251	2286
251	207	2286
207	422	1580
422	207	1581
207	293	3244
293	207	3245
207	287	4742
287	207	4742
207	601	4768
601	207	4768
208	425	1667
425	208	1668
208	294	894
294	208	894
208	337	3771
337	208	3772
208	324	4851
324	208	4851
208	538	1952
538	208	1953
208	438	3979
438	208	3979
208	609	2423
609	208	2423
208	338	3549
338	208	3550
208	299	620
299	208	620
209	562	2591
562	209	2592
209	408	1090
408	209	1090
209	692	3763
692	209	3763
209	312	3878
312	209	3878
210	515	4927
515	210	4927
210	266	3858
266	210	3859
210	216	4488
216	210	4488
210	744	538
744	210	538
210	637	2301
637	210	2301
210	435	2710
435	210	2711
210	429	1058
429	210	1058
210	782	3676
782	210	3676
211	385	4023
385	211	4023
211	458	1609
458	211	1610
211	744	1666
744	211	1667
213	315	4346
315	213	4347
213	442	1061
442	213	1061
213	659	2512
659	213	2513
213	789	288
789	213	289
213	236	3970
236	213	3971
213	320	1221
320	213	1221
214	537	1516
537	214	1516
214	401	4514
401	214	4515
215	358	3541
358	215	3542
215	673	4773
673	215	4773
216	311	1190
311	216	1190
216	293	4924
293	216	4925
216	746	1279
746	216	1279
217	313	2291
313	217	2292
217	253	849
253	217	849
217	425	4047
425	217	4048
217	644	4253
644	217	4253
217	372	625
372	217	626
218	342	4764
342	218	4764
218	383	4363
383	218	4364
218	426	1647
426	218	1647
218	593	2568
593	218	2569
219	542	4486
542	219	4487
219	229	746
229	219	747
220	550	4836
550	220	4836
221	749	1226
749	221	1227
221	414	4118
414	221	4119
221	605	4216
605	221	4216
221	725	4249
725	221	4249
221	269	4065
269	221	4066
222	309	2881
309	222	2882
222	286	1104
286	222	1105
222	250	4760
250	222	4761
222	421	651
421	222	651
222	291	4570
291	222	4571
222	434	359
434	222	360
222	307	4830
307	222	4831
223	421	455
421	223	455
223	714	1921
714	223	1922
223	380	4894
380	223	4895
223	358	4052
358	223	4053
224	552	4092
552	224	4092
224	575	4045
575	224	4046
224	257	3178
257	224	3179
224	684	4074
684	224	4074
224	379	3828
379	224	3829
225	680	3170
680	225	3170
225	252	124
252	225	125
225	764	4136
764	225	4137
225	451	963
451	225	963
225	433	4061
433	225	4062
225	335	3778
335	225	3779
226	528	464
528	226	465
226	253	125
253	226	125
226	276	3482
276	226	3482
226	389	1438
389	226	1439
226	429	3009
429	226	3010
226	323	1709
323	226	1710
227	358	2848
358	227	2849
227	234	1654
234	227	1655
227	270	1581
270	227	1581
227	721	612
721	227	613
227	359	4903
359	227	4904
227	330	60
330	227	61
227	645	3868
645	227	3868
227	746	2751
746	227	2752
228	390	4368
390	228	4368
228	429	4860
429	228	4860
228	467	3351
467	228	3352
228	509	4734
509	228	4734
228	343	3644
343	228	3644
229	742	4961
742	229	4962
229	747	3723
747	229	3723
229	379	1772
379	229	1773
229	335	4901
335	229	4902
229	548	4490
548	229	4491
229	273	1220
273	229	1221
230	622	3690
622	230	3691
230	359	1014
359	230	1014
230	435	168
435	230	168
230	331	2830
331	230	2831
230	515	1348
515	230	1349
231	292	4862
292	231	4862
231	583	4913
583	231	4914
231	537	1011
537	231	1012
231	335	4050
335	231	4050
231	338	3985
338	231	3985
231	401	2102
401	231	2103
231	312	4115
312	231	4116
231	617	1267
617	231	1267
231	360	1245
360	231	1245
232	509	3216
509	232	3216
232	640	4172
640	232	4172
232	461	4175
461	232	4175
232	488	4034
488	232	4034
233	443	2937
443	233	2938
233	785	4029
785	233	4029
234	771	4884
771	234	4885
234	261	2577
261	234	2578
235	298	1461
298	235	1461
235	376	3464
376	235	3464
235	309	209
309	235	209
235	426	3668
426	235	3669
235	245	3401
245	235	3401
235	296	3430
296	235	3430
236	488	4081
488	236	4082
236	724	2092
724	236	2093
237	735	3852
735	237	3852
237	809	4918
809	237	4918
237	578	4620
578	237	4620
238	387	4643
387	238	4643
238	437	3564
437	238	3564
239	443	2036
443	239	2036
239	467	3599
467	239	3599
239	255	1741
255	239	1741
240	380	916
380	240	917
240	276	4175
276	240	4176
240	505	721
505	240	721
240	304	2129
304	240	2129
240	272	4303
272	240	4304
241	446	4659
446	241	4660
241	745	558
745	241	558
241	793	4818
793	241	4819
241	797	2425
797	241	2426
241	450	4088
450	241	4088
241	560	4066
560	241	4066
241	448	4141
448	241	4141
242	289	4257
289	242	4258
242	252	2140
252	242	2141
242	417	2804
417	242	2805
242	560	4683
560	242	4683
242	327	79
327	242	79
242	516	4971
516	242	4972
243	381	3336
381	243	3337
243	749	470
749	243	470
243	420	1316
420	243	1316
243	320	4667
320	243	4668
243	268	3415
268	243	3415
243	411	4719
411	243	4720
244	362	2111
362	244	2112
244	334	188
334	244	189
244	249	4176
249	244	4177
246	751	421
751	246	421
246	400	4141
400	246	4142
246	713	3925
713	246	3925
247	421	1115
421	247	1116
247	429	734
429	247	734
247	330	4134
330	247	4135
248	396	754
396	248	754
248	597	4741
597	248	4741
248	542	4763
542	248	4763
248	395	1020
395	248	1021
249	608	4461
608	249	4462
249	571	3038
571	249	3038
249	650	2883
650	249	2883
249	668	4404
668	249	4405
250	272	4790
272	250	4790
250	383	4294
383	250	4295
250	630	1130
630	250	1130
250	311	1675
311	250	1676
252	389	2342
389	252	2343
252	375	321
375	252	321
252	740	4708
740	252	4709
252	294	544
294	252	545
252	282	3729
282	252	3730
252	274	239
274	252	239
253	396	4503
396	253	4504
253	471	3682
471	253	3683
253	307	4222
307	253	4222
253	409	2087
409	253	2087
253	304	344
304	253	344
253	292	3037
292	253	3037
253	315	4362
315	253	4363
254	313	2547
313	254	2548
254	288	2930
288	254	2930
254	261	3350
261	254	3350
254	276	2860
276	254	2860
254	285	4121
285	254	4121
255	650	3787
650	255	3787
256	333	4065
333	256	4066
256	430	893
430	256	893
257	652	1616
652	257	1616
257	277	2135
277	257	2136
258	323	1905
323	258	1905
258	631	4913
631	258	4914
258	799	1874
799	258	1875
258	525	3676
525	258	3677
258	404	3902
404	258	3902
259	304	2226
304	259	2226
259	320	2160
320	259	2160
259	392	3726
392	259	3727
259	755	3229
755	259	3230
259	429	2942
429	259	2943
259	319	3772
319	259	3772
259	318	4516
318	259	4517
260	392	4789
392	260	4790
260	542	80
542	260	81
262	387	1635
387	262	1636
262	668	3289
668	262	3290
262	376	1233
376	262	1234
262	656	4506
656	262	4507
262	399	3886
399	262	3887
262	340	4683
340	262	4683
262	295	1536
295	262	1537
263	694	1869
694	263	1870
263	528	682
528	263	682
263	370	1972
370	263	1973
263	650	2008
650	263	2008
264	278	4202
278	264	4203
264	373	2606
373	264	2607
264	321	4945
321	264	4945
264	472	4694
472	264	4694
265	367	3599
367	265	3600
265	405	4234
405	265	4235
265	412	3817
412	265	3818
266	363	2144
363	266	2144
266	274	4931
274	266	4931
266	283	658
283	266	658
266	270	2449
270	266	2449
266	410	1153
410	266	1154
266	381	3917
381	266	3917
267	299	4967
299	267	4967
267	647	3806
647	267	3807
268	426	3960
426	268	3960
268	461	1607
461	268	1608
268	375	3439
375	268	3439
268	405	4832
405	268	4833
268	305	1053
305	268	1053
268	364	3295
364	268	3295
268	496	1561
496	268	1561
268	679	3705
679	268	3706
269	343	4846
343	269	4846
269	391	4882
391	269	4883
270	376	2276
376	270	2276
270	411	1869
411	270	1869
270	604	2781
604	270	2782
270	446	4202
446	270	4202
271	788	3129
788	271	3129
271	604	4985
604	271	4986
271	294	1081
294	271	1082
271	323	4360
323	271	4361
271	352	4739
352	271	4740
271	394	4887
394	271	4887
271	587	1067
587	271	1067
272	284	1148
284	272	1149
272	827	2043
827	272	2044
272	382	3727
382	272	3728
273	340	1410
340	273	1410
273	374	58
374	273	58
273	435	3933
435	273	3934
273	887	4404
887	273	4405
273	508	3912
508	273	3913
273	700	978
700	273	978
274	466	1730
466	274	1731
275	464	3770
464	275	3770
275	613	802
613	275	803
275	352	3540
352	275	3540
275	289	2367
289	275	2367
275	337	2632
337	275	2633
277	370	3133
370	277	3134
277	537	4547
537	277	4547
277	436	1643
436	277	1643
277	626	867
626	277	868
277	710	2912
710	277	2912
277	425	1637
425	277	1638
278	432	3824
432	278	3825
278	501	4909
501	278	4909
278	446	3284
446	278	3284
278	660	3822
660	278	3822
278	643	4720
643	278	4721
279	365	157
365	279	157
279	724	3793
724	279	3793
279	521	3365
521	279	3366
279	357	4100
357	279	4101
279	311	4331
311	279	4331
279	350	2595
350	279	2595
279	476	1355
476	279	1355
280	434	3912
434	280	3912
280	402	104
402	280	104
280	395	3627
395	280	3628
280	537	2686
537	280	2686
280	352	536
352	280	536
280	640	4717
640	280	4717
280	369	4409
369	280	4409
280	361	4529
361	280	4530
282	880	4180
880	282	4181
283	386	4520
386	283	4520
283	409	536
409	283	537
283	322	4507
322	283	4507
285	287	4236
287	285	4237
285	538	2358
538	285	2359
285	337	1805
337	285	1805
285	420	4089
420	285	4089
285	318	2957
318	285	2958
285	383	2671
383	285	2671
285	322	1899
322	285	1900
286	616	2704
616	286	2705
286	390	4942
390	286	4942
287	422	4981
422	287	4982
287	396	334
396	287	335
287	398	2794
398	287	2794
288	344	3059
344	288	3060
288	336	4526
336	288	4527
288	439	835
439	288	836
290	434	4021
434	290	4022
290	423	4648
423	290	4648
290	488	1222
488	290	1222
290	713	3458
713	290	3458
290	445	4896
445	290	4896
290	721	2295
721	290	2296
290	586	2093
586	290	2093
290	302	4893
302	290	4894
290	328	1208
328	290	1209
290	333	2401
333	290	2401
291	694	1322
694	291	1323
291	441	4934
441	291	4934
291	674	869
674	291	870
292	410	4619
410	292	4620
292	488	4173
488	292	4174
292	379	4888
379	292	4888
292	563	4787
563	292	4787
292	378	3764
378	292	3764
292	389	3843
389	292	3843
292	406	4109
406	292	4109
293	351	2693
351	293	2694
293	333	93
333	293	93
293	432	4160
432	293	4160
293	417	4619
417	293	4620
294	406	1490
406	294	1491
294	389	2117
389	294	2118
294	356	3311
356	294	3311
294	369	1671
369	294	1671
295	317	3511
317	295	3512
295	807	1475
807	295	1476
295	386	4985
386	295	4986
297	382	1529
382	297	1529
297	369	3497
369	297	3497
298	354	4723
354	298	4724
298	313	1231
313	298	1232
298	364	4617
364	298	4618
298	668	2983
668	298	2983
299	377	4516
377	299	4516
299	324	4951
324	299	4951
299	374	3845
374	299	3845
300	425	1637
425	300	1637
300	803	3478
803	300	3479
300	616	314
616	300	315
300	429	2682
429	300	2682
300	328	4508
328	300	4509
301	360	1157
360	301	1157
301	380	4143
380	301	4143
302	419	574
419	302	575
302	440	3089
440	302	3090
302	330	4070
330	302	4070
302	710	4604
710	302	4604
302	386	3781
386	302	3782
302	366	4137
366	302	4137
302	746	3547
746	302	3548
302	631	1613
631	302	1614
303	381	4634
381	303	4634
303	450	4298
450	303	4298
303	443	2482
443	303	2483
303	435	3855
435	303	3856
303	440	2352
440	303	2353
303	395	78
395	303	78
303	527	4117
527	303	4117
304	384	4754
384	304	4755
304	350	4691
350	304	4692
304	445	3786
445	304	3787
304	788	4169
788	304	4169
304	376	4914
376	304	4915
304	437	3495
437	304	3495
305	321	4411
321	305	4411
305	748	4614
748	305	4614
305	322	3039
322	305	3039
305	450	2441
450	305	2441
306	443	4269
443	306	4270
306	695	2083
695	306	2084
306	640	3356
640	306	3357
307	430	3296
430	307	3297
307	350	3913
350	307	3914
307	440	3510
440	307	3510
308	642	4253
642	308	4253
308	346	1479
346	308	1479
308	449	1386
449	308	1387
310	585	1896
585	310	1896
310	450	2482
450	310	2482
310	342	2142
342	310	2142
310	441	4168
441	310	4168
310	663	1925
663	310	1925
310	337	3045
337	310	3045
310	409	3326
409	310	3326
310	312	1362
312	310	1363
311	382	800
382	311	800
311	642	3782
642	311	3783
311	471	4079
471	311	4080
312	470	4848
470	312	4848
312	447	4323
447	312	4323
312	371	3625
371	312	3625
313	383	774
383	313	775
313	348	2830
348	313	2830
315	352	3897
352	315	3897
315	748	81
748	315	82
315	637	3415
637	315	3415
315	482	1503
482	315	1503
315	424	4298
424	315	4299
316	541	4155
541	316	4155
316	400	3953
400	316	3954
316	642	3565
642	316	3566
316	346	1474
346	316	1475
319	375	4038
375	319	4039
319	374	4780
374	319	4780
319	431	4843
431	319	4843
319	345	3502
345	319	3502
321	643	1703
643	321	1703
321	338	4238
338	321	4238
321	370	4713
370	321	4714
321	402	1645
402	321	1645
321	663	3843
663	321	3844
321	329	4347
329	321	4348
321	403	4986
403	321	4987
321	789	3828
789	321	3829
322	409	1878
409	322	1879
322	440	4186
440	322	4186
322	346	4651
346	322	4652
323	442	4915
442	323	4916
324	423	3047
423	324	3048
324	338	2269
338	324	2269
324	382	3780
382	324	3781
325	610	2502
610	325	2502
325	423	664
423	325	664
325	384	4706
384	325	4706
326	439	2318
439	326	2318
326	395	4919
395	326	4920
326	377	3261
377	326	3262
326	663	4543
663	326	4543
326	420	1785
420	326	1785
326	337	4243
337	326	4244
326	423	4566
423	326	4567
326	450	1517
450	326	1518
326	656	4850
656	326	4850
327	385	3703
385	327	3703
327	331	4303
331	327	4304
327	372	4989
372	327	4989
327	398	3470
398	327	3471
327	395	3664
395	327	3665
328	422	334
422	328	334
328	376	794
376	328	795
328	344	2745
344	328	2746
329	388	1157
388	329	1157
331	803	4923
803	331	4924
331	339	2415
339	331	2416
331	342	3244
342	331	3244
333	377	2032
377	333	2033
333	408	888
408	333	889
333	388	755
388	333	755
336	442	3097
442	336	3098
336	404	3530
404	336	3531
337	570	2540
570	337	2540
337	422	2148
422	337	2148
337	390	1871
390	337	1872
338	552	3794
552	338	3794
338	430	4177
430	338	4177
339	384	2581
384	339	2582
339	445	2649
445	339	2649
340	364	2374
364	340	2375
340	751	1512
751	340	1513
340	423	4215
423	340	4216
341	385	4858
385	341	4859
341	371	905
371	341	905
341	344	1792
344	341	1793
341	418	1358
418	341	1359
341	356	3110
356	341	3110
343	418	3951
418	343	3951
343	378	2274
378	343	2274
343	365	4505
365	343	4505
343	419	4209
419	343	4209
343	403	1932
403	343	1932
343	401	4188
401	343	4188
345	422	3947
422	345	3948
345	381	2186
381	345	2187
345	363	4042
363	345	4042
348	431	2073
431	348	2073
348	562	2676
562	348	2677
348	412	3912
412	348	3912
350	464	1880
464	350	1881
350	360	2139
360	350	2140
351	424	3774
424	351	3775
351	431	3382
431	351	3383
351	398	3118
398	351	3119
351	464	3781
464	351	3781
352	420	2612
420	352	2612
352	376	3821
376	352	3822
352	435	186
435	352	187
352	436	1788
436	352	1789
354	447	1596
447	354	1596
356	415	2742
415	356	2742
356	363	2795
363	356	2795
356	733	4250
733	356	4250
357	383	2454
383	357	2454
357	408	236
408	357	236
357	385	4826
385	357	4827
357	442	4430
442	357	4431
359	393	4305
393	359	4305
359	438	4377
438	359	4377
359	387	3582
387	359	3582
359	448	4844
448	359	4845
359	435	4386
435	359	4387
360	371	3837
371	360	3837
360	597	1667
597	360	1667
360	412	4537
412	360	4538
361	449	3636
449	361	3637
361	406	4573
406	361	4573
361	419	3475
419	361	3476
361	412	2677
412	361	2677
361	803	1196
803	361	1196
363	442	2143
442	363	2144
363	364	4572
364	363	4572
364	419	3811
419	364	3811
364	395	1878
395	364	1879
364	733	2806
733	364	2806
365	448	2693
448	365	2693
365	587	4056
587	365	4056
365	419	4120
419	365	4120
365	401	2876
401	365	2877
365	428	2029
428	365	2030
366	450	1369
450	366	1369
366	384	2963
384	366	2963
366	405	2928
405	366	2928
366	404	2369
404	366	2370
367	509	4620
509	367	4621
371	427	4312
427	371	4313
371	384	4685
384	371	4685
371	412	4453
412	371	4453
371	415	598
415	371	598
371	527	4439
527	371	4439
371	382	3730
382	371	3731
371	379	764
379	371	765
372	435	1403
435	372	1403
372	392	4462
392	372	4463
373	430	1893
430	373	1893
373	388	4803
388	373	4804
373	757	2618
757	373	2619
373	395	4442
395	373	4442
373	436	3257
436	373	3257
373	445	3556
445	373	3557
373	422	3368
422	373	3368
373	449	90
449	373	90
374	403	179
403	374	179
374	681	2278
681	374	2278
374	405	360
405	374	361
374	414	2849
414	374	2850
374	395	1268
395	374	1268
375	733	1681
733	375	1681
375	419	388
419	375	389
375	430	1473
430	375	1474
375	681	4346
681	375	4347
378	409	4985
409	378	4985
378	418	2801
418	378	2802
378	404	4274
404	378	4275
378	423	4824
423	378	4825
379	445	3855
445	379	3855
379	388	539
388	379	539
379	406	4206
406	379	4206
379	436	1226
436	379	1227
379	428	4964
428	379	4965
380	394	3585
394	380	3585
380	403	1625
403	380	1625
380	429	4329
429	380	4330
380	392	4526
392	380	4526
380	415	4273
415	380	4273
380	436	4694
436	380	4695
385	442	4556
442	385	4556
385	429	3395
429	385	3396
385	412	3220
412	385	3221
385	439	4236
439	385	4237
387	757	515
757	387	515
387	390	250
390	387	250
388	587	3945
587	388	3945
388	578	3420
578	388	3420
388	419	4722
419	388	4723
390	414	4438
414	390	4439
390	438	1839
438	390	1840
392	418	4017
418	392	4017
392	444	4081
444	392	4082
393	415	831
415	393	831
393	419	3778
419	393	3778
394	398	3893
398	394	3893
394	570	4431
570	394	4432
397	448	3646
448	397	3646
397	436	4248
436	397	4248
397	401	1652
401	397	1652
397	433	862
433	397	862
397	420	3970
420	397	3971
397	411	4289
411	397	4289
397	402	4258
402	397	4258
398	484	4956
484	398	4956
401	430	1181
430	401	1182
401	440	4361
440	401	4361
401	428	4872
428	401	4873
402	419	4041
419	402	4041
402	433	4275
433	402	4276
402	431	2681
431	402	2682
402	438	60
438	402	61
402	447	1958
447	402	1958
403	587	3863
587	403	3864
403	433	144
433	403	144
403	423	233
423	403	234
404	804	4078
804	404	4079
405	444	1967
444	405	1968
409	427	2341
427	409	2341
409	802	4906
802	409	4907
411	449	768
449	411	769
411	415	1049
415	411	1049
411	440	3782
440	411	3782
411	439	4417
439	411	4418
411	412	2881
412	411	2882
411	757	4830
757	411	4831
411	802	4445
802	411	4445
414	791	4766
791	414	4767
414	415	4896
415	414	4896
414	438	4176
438	414	4176
414	444	4877
444	414	4878
415	757	4705
757	415	4705
419	435	250
435	419	251
420	431	1647
431	420	1648
424	699	4025
699	424	4026
424	733	3677
733	424	3678
424	449	1678
449	424	1678
424	439	4265
439	424	4266
424	791	4327
791	424	4327
427	444	3003
444	427	3003
427	430	2055
430	427	2056
427	435	2164
435	427	2165
427	439	2566
439	427	2566
433	802	3828
802	433	3829
435	699	2884
699	435	2884
437	448	2600
448	437	2601
439	449	875
449	439	876
440	447	2969
447	440	2970
447	802	4945
802	447	4946
447	448	4077
448	447	4077
