200	2794
2	2
2	3
5	8
3	6
4	6
2	3
2	2
4	8
4	8
5	10
3	5
4	6
5	9
2	2
2	2
4	6
4	8
2	2
3	5
2	2
3	5
4	8
4	7
5	10
5	9
4	6
2	2
4	7
3	5
4	8
5	10
5	8
3	4
2	2
4	8
3	4
4	7
5	8
5	10
3	5
2	4
5	10
4	8
5	8
4	7
2	2
4	7
5	9
3	4
3	5
5	8
3	6
2	4
3	4
3	5
2	3
3	6
5	10
5	10
2	2
5	10
4	6
4	6
3	4
5	10
3	6
3	4
2	2
5	10
2	2
4	6
3	5
3	4
5	10
4	6
3	6
5	10
2	2
5	8
5	8
5	9
2	3
2	2
4	8
5	9
4	7
4	8
4	8
5	10
5	9
2	4
3	4
3	5
4	6
4	7
5	9
3	5
5	9
3	4
3	5
4	6
3	6
3	4
2	3
2	3
4	7
5	9
2	2
4	6
3	6
5	10
4	8
4	6
5	10
4	7
5	9
2	3
2	3
4	8
2	3
2	2
3	4
2	2
3	5
2	2
4	8
5	10
2	4
2	3
3	4
5	9
4	7
2	3
4	8
3	5
3	5
3	6
2	3
4	7
5	9
4	7
5	10
4	7
2	3
5	10
3	5
2	3
4	7
3	4
3	6
3	6
5	10
2	3
2	3
3	4
4	7
2	3
4	7
4	7
5	9
2	4
3	6
3	5
2	3
2	2
5	10
3	5
2	3
5	10
3	5
2	3
5	9
2	2
2	3
2	2
3	5
3	4
2	3
5	9
3	6
3	5
3	6
5	9
5	10
4	7
2	3
4	8
5	10
3	4
5	9
3	6
4	6
4	7
5	9
5	8
3	6
5	10
4	7
3	5
5	9
1	94	1230
94	1	1230
1	132	1365
132	1	1365
1	137	4876
137	1	4877
1	26	514
26	1	514
1	112	1446
112	1	1447
1	46	3639
46	1	3640
1	62	4549
62	1	4550
1	139	2228
139	1	2229
1	41	4985
41	1	4986
1	162	1230
162	1	1230
1	119	2496
119	1	2496
1	134	2463
134	1	2464
1	87	3645
87	1	3645
1	188	4537
188	1	4538
1	19	1500
19	1	1500
1	21	1886
21	1	1887
1	51	857
51	1	858
1	129	3016
129	1	3016
1	22	3934
22	1	3934
1	108	4296
108	1	4297
2	26	4102
26	2	4102
2	45	2929
45	2	2930
2	177	4332
177	2	4333
2	49	4060
49	2	4061
2	164	2575
164	2	2575
2	18	4431
18	2	4431
2	95	4863
95	2	4863
2	144	885
144	2	886
2	192	3085
192	2	3085
2	85	688
85	2	689
2	6	4842
6	2	4843
2	9	1239
9	2	1240
2	74	3760
74	2	3760
2	128	4678
128	2	4678
2	191	94
191	2	94
2	3	4166
3	2	4166
2	123	4426
123	2	4427
2	129	3423
129	2	3424
2	131	3820
131	2	3821
2	107	4876
107	2	4876
3	181	4296
181	3	4297
3	173	4347
173	3	4348
3	16	2715
16	3	2715
3	156	3387
156	3	3388
3	189	2174
189	3	2175
3	178	175
178	3	175
3	27	4812
27	3	4813
3	33	2481
33	3	2481
3	99	2639
99	3	2639
3	84	3979
84	3	3979
3	198	2126
198	3	2127
3	168	1393
168	3	1394
3	42	2779
42	3	2779
3	53	4565
53	3	4566
3	136	4501
136	3	4501
3	89	3883
89	3	3884
3	29	537
29	3	538
3	70	62
70	3	63
3	140	2233
140	3	2233
4	43	3821
43	4	3822
4	87	4413
87	4	4413
4	102	4015
102	4	4015
4	193	4965
193	4	4965
4	51	3802
51	4	3802
4	138	3527
138	4	3527
4	54	4799
54	4	4799
4	59	4025
59	4	4025
4	140	4484
140	4	4485
4	95	4711
95	4	4712
4	20	3948
20	4	3949
4	167	3924
167	4	3924
4	184	3445
184	4	3446
4	71	3702
71	4	3703
4	145	1020
145	4	1021
4	44	3866
44	4	3867
4	137	3576
137	4	3576
4	150	4398
150	4	4399
4	159	4376
159	4	4376
4	162	4189
162	4	4190
5	66	1425
66	5	1426
5	24	2435
24	5	2436
5	196	1661
196	5	1661
5	173	1592
173	5	1593
5	84	4887
84	5	4888
5	23	1753
23	5	1754
5	62	4915
62	5	4915
5	189	4129
189	5	4129
5	143	4640
143	5	4641
5	78	1832
78	5	1832
5	122	827
122	5	828
5	192	4590
192	5	4590
5	153	4196
153	5	4197
5	168	2948
168	5	2949
5	190	1203
190	5	1204
5	44	3699
44	5	3700
5	150	4441
150	5	4441
5	20	2558
20	5	2559
5	100	3125
100	5	3126
5	138	1775
138	5	1775
6	94	1504
94	6	1505
6	125	4775
125	6	4776
6	155	3805
155	6	3806
6	8	355
8	6	355
6	50	1466
50	6	1466
6	62	3665
62	6	3665
6	126	4434
126	6	4435
6	80	3545
80	6	3545
6	53	4091
53	6	4091
6	165	3880
165	6	3881
6	159	1386
159	6	1386
6	145	2426
145	6	2426
6	144	4446
144	6	4446
6	134	4216
134	6	4217
6	67	4958
67	6	4958
6	48	3851
48	6	3851
6	81	4252
81	6	4253
6	157	2669
157	6	2669
6	167	4193
167	6	4194
7	125	3361
125	7	3362
7	51	1711
51	7	1712
7	19	3756
19	7	3756
7	54	921
54	7	921
7	178	454
178	7	454
7	12	3271
12	7	3272
7	36	4317
36	7	4318
7	47	3427
47	7	3427
7	169	487
169	7	487
7	20	4227
20	7	4228
7	165	4802
165	7	4802
7	197	2207
197	7	2208
7	172	3008
172	7	3008
7	95	2817
95	7	2818
7	118	1382
118	7	1382
7	14	4956
14	7	4956
7	176	4944
176	7	4945
7	57	1628
57	7	1629
7	123	2310
123	7	2311
7	143	378
143	7	378
8	49	1914
49	8	1915
8	15	2853
15	8	2853
8	81	737
81	8	737
8	109	4320
109	8	4320
8	105	3978
105	8	3979
8	93	3151
93	8	3152
8	140	1880
140	8	1880
8	159	4450
159	8	4450
8	80	1868
80	8	1868
8	107	1978
107	8	1979
8	154	4495
154	8	4495
8	85	1613
85	8	1614
8	128	652
128	8	653
8	178	1725
178	8	1726
8	51	3556
51	8	3556
8	73	3547
73	8	3547
8	65	3596
65	8	3597
8	129	3968
129	8	3969
8	183	2308
183	8	2309
9	126	2071
126	9	2071
9	196	729
196	9	729
9	65	3873
65	9	3874
9	154	4712
154	9	4713
9	106	4356
106	9	4356
9	133	4473
133	9	4473
9	54	3672
54	9	3673
9	87	3463
87	9	3463
9	145	3830
145	9	3831
9	51	4469
51	9	4469
9	191	2169
191	9	2169
9	15	3665
15	9	3665
9	172	2955
172	9	2956
9	173	4240
173	9	4240
9	82	3977
82	9	3977
9	34	3415
34	9	3416
9	162	1306
162	9	1306
9	58	4159
58	9	4160
9	175	1925
175	9	1926
10	156	1512
156	10	1513
10	138	3833
138	10	3833
10	89	2404
89	10	2404
10	148	3645
148	10	3645
10	182	1329
182	10	1330
10	134	926
134	10	926
10	178	4993
178	10	4994
10	197	1456
197	10	1456
10	129	3696
129	10	3697
10	112	1558
112	10	1559
10	73	4520
73	10	4520
10	47	3079
47	10	3080
10	13	470
13	10	471
10	20	3959
20	10	3960
10	173	3865
173	10	3866
10	92	4462
92	10	4462
10	172	2515
172	10	2515
10	46	4824
46	10	4824
10	25	2304
25	10	2304
10	64	4468
64	10	4468
11	134	4416
134	11	4416
11	186	3773
186	11	3773
11	61	3525
61	11	3525
11	94	2187
94	11	2187
11	14	1676
14	11	1676
11	159	495
159	11	495
11	73	4056
73	11	4056
11	59	3394
59	11	3394
11	142	4620
142	11	4621
11	155	1099
155	11	1100
11	17	3712
17	11	3713
11	41	3987
41	11	3988
11	114	2817
114	11	2818
11	132	1539
132	11	1540
11	50	4213
50	11	4213
11	95	3404
95	11	3405
11	19	4309
19	11	4310
11	158	4835
158	11	4835
11	198	2582
198	11	2582
11	183	4825
183	11	4825
12	172	3694
172	12	3695
12	105	3823
105	12	3824
12	186	2677
186	12	2677
12	21	2148
21	12	2149
12	36	4113
36	12	4113
12	41	965
41	12	965
12	20	2629
20	12	2629
12	56	4148
56	12	4149
12	14	3538
14	12	3538
12	30	450
30	12	450
12	69	4644
69	12	4644
12	47	4755
47	12	4756
12	120	3972
120	12	3973
12	148	4360
148	12	4361
12	50	3743
50	12	3744
12	60	3502
60	12	3502
12	17	4187
17	12	4187
12	190	1527
190	12	1528
12	142	1623
142	12	1623
13	103	4872
103	13	4872
13	145	4943
145	13	4944
13	161	3790
161	13	3791
13	26	4313
26	13	4313
13	101	1729
101	13	1730
13	195	3503
195	13	3504
13	60	83
60	13	84
13	163	2723
163	13	2724
13	55	4742
55	13	4742
13	179	4370
179	13	4371
13	146	4658
146	13	4659
13	173	3542
173	13	3543
13	130	2200
130	13	2201
13	175	789
175	13	789
13	81	2526
81	13	2526
13	52	102
52	13	103
13	127	1139
127	13	1139
13	89	2246
89	13	2247
13	144	2503
144	13	2504
14	33	1177
33	14	1177
14	96	2184
96	14	2185
14	146	884
146	14	885
14	92	4182
92	14	4182
14	85	4081
85	14	4082
14	135	1531
135	14	1531
14	82	989
82	14	990
14	62	4155
62	14	4156
14	172	2433
172	14	2434
14	28	4831
28	14	4831
14	173	68
173	14	68
14	55	4325
55	14	4325
14	76	3875
76	14	3876
14	136	1850
136	14	1851
14	106	601
106	14	601
14	110	1658
110	14	1659
14	32	2849
32	14	2849
15	98	3961
98	15	3961
15	83	4723
83	15	4724
15	94	2062
94	15	2062
15	130	2124
130	15	2124
15	143	1656
143	15	1656
15	140	2555
140	15	2555
15	157	4400
157	15	4400
15	82	4607
82	15	4608
15	26	4547
26	15	4548
15	70	2833
70	15	2833
15	129	4354
129	15	4354
15	128	2853
128	15	2853
15	156	1956
156	15	1957
15	91	3666
91	15	3666
15	74	3457
74	15	3458
15	196	1046
196	15	1046
15	81	1055
81	15	1055
15	176	4541
176	15	4542
16	58	1875
58	16	1875
16	18	4974
18	16	4975
16	185	4908
185	16	4909
16	146	3328
146	16	3328
16	137	3733
137	16	3733
16	161	3060
161	16	3061
16	93	4923
93	16	4924
16	35	3388
35	16	3388
16	174	541
174	16	541
16	54	3095
54	16	3096
16	47	3544
47	16	3545
16	118	1306
118	16	1306
16	95	4120
95	16	4121
16	98	4555
98	16	4555
16	166	2018
166	16	2018
16	177	113
177	16	113
16	59	2741
59	16	2742
16	88	4516
88	16	4517
16	191	4156
191	16	4157
17	143	3597
143	17	3598
17	94	2472
94	17	2473
17	106	2309
106	17	2310
17	129	4543
129	17	4544
17	75	4947
75	17	4948
17	170	4342
170	17	4343
17	100	2100
100	17	2101
17	159	4856
159	17	4857
17	142	2838
142	17	2838
17	64	4913
64	17	4913
17	91	4236
91	17	4237
17	60	1653
60	17	1653
17	194	4433
194	17	4434
17	22	4447
22	17	4448
17	161	4794
161	17	4795
17	63	3054
63	17	3054
17	141	4561
141	17	4562
17	62	2980
62	17	2980
18	95	1640
95	18	1641
18	169	1127
169	18	1127
18	87	4497
87	18	4497
18	165	3631
165	18	3631
18	73	4488
73	18	4489
18	174	4909
174	18	4909
18	30	2942
30	18	2942
18	197	4375
197	18	4375
18	99	3754
99	18	3755
18	188	3821
188	18	3821
18	136	1672
136	18	1672
18	34	4672
34	18	4672
18	176	820
176	18	821
18	92	4970
92	18	4970
18	111	4691
111	18	4692
18	66	1114
66	18	1115
18	39	4624
39	18	4624
18	78	4381
78	18	4381
19	92	2136
92	19	2137
19	162	1597
162	19	1598
19	38	2820
38	19	2820
19	93	3302
93	19	3303
19	160	450
160	19	450
19	42	4803
42	19	4804
19	200	213
200	19	214
19	154	218
154	19	219
19	91	4905
91	19	4905
19	138	4301
138	19	4301
19	142	4148
142	19	4149
19	199	1564
199	19	1564
19	58	2757
58	19	2757
19	54	4224
54	19	4225
19	26	4650
26	19	4650
19	136	2761
136	19	2762
19	126	4477
126	19	4477
20	117	2419
117	20	2420
20	170	3335
170	20	3335
20	47	1218
47	20	1219
20	186	4669
186	20	4670
20	39	4736
39	20	4737
20	22	940
22	20	941
20	30	2016
30	20	2017
20	166	4472
166	20	4472
20	182	3231
182	20	3232
20	90	4822
90	20	4822
20	139	4579
139	20	4580
20	64	3877
64	20	3877
20	36	4484
36	20	4485
20	104	3573
104	20	3574
20	196	1993
196	20	1993
21	25	2557
25	21	2557
21	174	4341
174	21	4341
21	121	642
121	21	643
21	35	2123
35	21	2124
21	128	579
128	21	579
21	27	1930
27	21	1931
21	77	647
77	21	648
21	69	3293
69	21	3293
21	182	2424
182	21	2425
21	162	4915
162	21	4916
21	75	4817
75	21	4818
21	36	3752
36	21	3752
21	26	1417
26	21	1418
21	29	3505
29	21	3505
21	171	4004
171	21	4004
22	100	4755
100	22	4756
22	159	4121
159	22	4121
22	88	4580
88	22	4581
22	99	1522
99	22	1522
22	101	1898
101	22	1899
22	78	3560
78	22	3560
22	108	2612
108	22	2612
22	23	1577
23	22	1577
22	129	619
129	22	619
22	135	3885
135	22	3885
22	162	2905
162	22	2905
22	138	4209
138	22	4209
22	168	1968
168	22	1969
22	105	3817
105	22	3818
22	113	1696
113	22	1696
23	48	63
48	23	64
23	188	2430
188	23	2430
23	114	287
114	23	287
23	118	1992
118	23	1992
23	135	4579
135	23	4579
23	35	1359
35	23	1359
23	97	4889
97	23	4890
23	64	1535
64	23	1536
23	142	4761
142	23	4761
23	147	4341
147	23	4342
23	68	3679
68	23	3680
23	177	4943
177	23	4943
23	66	3641
66	23	3642
23	191	4697
191	23	4698
23	43	390
43	23	391
23	111	139
111	23	140
24	160	3089
160	24	3090
24	55	2925
55	24	2925
24	180	4791
180	24	4791
24	142	2467
142	24	2467
24	139	4560
139	24	4560
24	197	4891
197	24	4892
24	168	2255
168	24	2256
24	124	2358
124	24	2359
24	77	726
77	24	727
24	101	3585
101	24	3585
24	198	3729
198	24	3730
24	159	907
159	24	907
24	100	3878
100	24	3878
24	117	1393
117	24	1393
24	68	436
68	24	437
25	66	4239
66	25	4239
25	156	4977
156	25	4978
25	120	185
120	25	185
25	59	232
59	25	233
25	31	4011
31	25	4011
25	161	4409
161	25	4410
25	115	4585
115	25	4585
25	98	3884
98	25	3884
25	40	1773
40	25	1774
25	143	2535
143	25	2535
25	165	4911
165	25	4912
25	200	3746
200	25	3747
25	73	2986
73	25	2986
25	167	4685
167	25	4685
26	82	4057
82	26	4057
26	41	2990
41	26	2990
26	86	1878
86	26	1878
26	56	4888
56	26	4889
26	99	3416
99	26	3417
26	59	1864
59	26	1865
26	102	1681
102	26	1681
26	62	4941
62	26	4941
26	185	3953
185	26	3954
26	130	1181
130	26	1182
27	128	4445
128	27	4445
27	153	4999
153	27	4999
27	61	830
61	27	830
27	33	2651
33	27	2652
27	158	2803
158	27	2803
27	58	1817
58	27	1818
27	192	3977
192	27	3978
27	166	2998
166	27	2998
27	185	3335
185	27	3335
27	136	3399
136	27	3400
27	98	4952
98	27	4952
27	107	4052
107	27	4053
27	200	4600
200	27	4601
27	101	1024
101	27	1025
27	43	2772
43	27	2773
27	122	4641
122	27	4641
27	149	4564
149	27	4564
28	117	2675
117	28	2676
28	108	2094
108	28	2095
28	61	3972
61	28	3973
28	97	3953
97	28	3954
28	102	3425
102	28	3426
28	55	3575
55	28	3576
28	143	3657
143	28	3657
28	50	464
50	28	464
28	106	123
106	28	124
28	46	4936
46	28	4937
28	49	923
49	28	923
28	64	4033
64	28	4034
28	177	4310
177	28	4310
28	200	784
200	28	784
28	174	4052
174	28	4052
28	29	2961
29	28	2961
29	56	1476
56	29	1477
29	151	199
151	29	199
29	60	3961
60	29	3962
29	89	615
89	29	616
29	194	1401
194	29	1402
29	31	582
31	29	582
29	92	4627
92	29	4627
29	59	935
59	29	935
29	163	4265
163	29	4266
29	169	1302
169	29	1303
29	51	2157
51	29	2157
29	96	2406
96	29	2406
29	75	1168
75	29	1169
29	101	3811
101	29	3812
29	73	3725
73	29	3725
29	91	2625
91	29	2625
30	98	4826
98	30	4826
30	77	4627
77	30	4628
30	59	1414
59	30	1414
30	166	4070
166	30	4071
30	110	4589
110	30	4590
30	50	1125
50	30	1125
30	102	2341
102	30	2342
30	142	2594
142	30	2594
30	113	4431
113	30	4431
30	62	3482
62	30	3482
30	119	4654
119	30	4654
30	129	1206
129	30	1206
30	68	4058
68	30	4058
31	77	3712
77	31	3713
31	114	4329
114	31	4330
31	148	3969
148	31	3969
31	38	829
38	31	830
31	104	4526
104	31	4527
31	44	3517
44	31	3517
31	113	1436
113	31	1436
31	65	2558
65	31	2559
31	150	2432
150	31	2433
31	142	1375
142	31	1376
31	126	3497
126	31	3498
31	48	1190
48	31	1191
31	32	1045
32	31	1046
32	110	4252
110	32	4252
32	102	3820
102	32	3820
32	115	1436
115	32	1437
32	180	4981
180	32	4982
32	173	2768
173	32	2768
32	83	4018
83	32	4018
32	188	4592
188	32	4592
32	193	2398
193	32	2398
32	56	2640
56	32	2641
32	66	3769
66	32	3769
32	127	3582
127	32	3582
32	129	4222
129	32	4222
32	152	1462
152	32	1462
32	59	4237
59	32	4238
33	142	2106
142	33	2106
33	61	2044
61	33	2044
33	111	1862
111	33	1863
33	96	1733
96	33	1734
33	200	4878
200	33	4879
33	53	3918
53	33	3918
33	194	2412
194	33	2412
33	158	2298
158	33	2298
33	38	3777
38	33	3777
33	134	241
134	33	241
33	35	3473
35	33	3474
33	112	1090
112	33	1090
33	159	4343
159	33	4343
33	52	4799
52	33	4799
34	118	4751
118	34	4752
34	36	1937
36	34	1938
34	166	4840
166	34	4840
34	99	3937
99	34	3937
34	167	2625
167	34	2625
34	127	2252
127	34	2252
34	100	4329
100	34	4330
34	41	2763
41	34	2764
34	137	3936
137	34	3936
34	134	2212
134	34	2213
34	143	3986
143	34	3986
34	111	2317
111	34	2318
34	155	1875
155	34	1875
34	174	4269
174	34	4270
34	163	2667
163	34	2668
34	89	4363
89	34	4364
34	172	4082
172	34	4083
35	47	3963
47	35	3964
35	183	4410
183	35	4411
35	81	4870
81	35	4871
35	170	4460
170	35	4460
35	79	2835
79	35	2836
35	155	4806
155	35	4806
35	172	3725
172	35	3726
35	160	1381
160	35	1382
35	57	4586
57	35	4587
35	41	1085
41	35	1086
35	124	4227
124	35	4228
35	63	2140
63	35	2140
35	180	3807
180	35	3808
36	66	1112
66	36	1113
36	105	2553
105	36	2553
36	144	398
144	36	398
36	45	4585
45	36	4585
36	166	4486
166	36	4487
36	116	4090
116	36	4090
36	142	403
142	36	404
36	139	4946
139	36	4946
36	151	3886
151	36	3887
36	74	966
74	36	966
37	78	4868
78	37	4868
37	144	4601
144	37	4602
37	175	2776
175	37	2776
37	89	344
89	37	345
37	58	4889
58	37	4890
37	170	3638
170	37	3639
37	115	2041
115	37	2042
37	163	617
163	37	618
37	134	2615
134	37	2616
37	90	721
90	37	721
37	109	3977
109	37	3978
37	122	4126
122	37	4127
37	178	1017
178	37	1018
37	83	4790
83	37	4791
37	126	2645
126	37	2646
37	69	4577
69	37	4577
37	67	4098
67	37	4098
38	50	4224
50	38	4225
38	186	805
186	38	805
38	178	3983
178	38	3984
38	71	4113
71	38	4114
38	44	1916
44	38	1916
38	134	1263
134	38	1263
38	61	686
61	38	687
38	100	3440
100	38	3440
38	90	1836
90	38	1837
38	131	1694
131	38	1695
38	55	4829
55	38	4830
38	49	4456
49	38	4457
39	149	444
149	39	445
39	55	4411
55	39	4412
39	56	4625
56	39	4626
39	51	3596
51	39	3596
39	66	3913
66	39	3914
39	40	1519
40	39	1520
39	96	1953
96	39	1954
39	101	1032
101	39	1033
39	148	4956
148	39	4956
39	197	3076
197	39	3076
39	147	460
147	39	460
39	103	4888
103	39	4889
39	43	1910
43	39	1910
39	68	598
68	39	598
39	94	2068
94	39	2069
40	75	1656
75	40	1656
40	173	989
173	40	990
40	158	2577
158	40	2578
40	148	3918
148	40	3919
40	110	2366
110	40	2367
40	200	173
200	40	174
40	105	4112
105	40	4113
40	100	821
100	40	821
40	123	3766
123	40	3766
40	130	429
130	40	430
40	186	3554
186	40	3554
40	129	4882
129	40	4883
40	128	3706
128	40	3706
40	144	2042
144	40	2043
40	87	4978
87	40	4978
40	166	1933
166	40	1933
40	121	1726
121	40	1727
41	146	784
146	41	785
41	118	2244
118	41	2245
41	100	4024
100	41	4025
41	181	4098
181	41	4098
41	156	3273
156	41	3273
41	164	4334
164	41	4334
41	48	3587
48	41	3588
41	124	3682
124	41	3683
41	141	3980
141	41	3980
41	157	1893
157	41	1893
41	59	3686
59	41	3686
41	119	3708
119	41	3709
42	91	4759
91	42	4760
42	129	3152
129	42	3153
42	104	987
104	42	987
42	177	275
177	42	276
42	56	3448
56	42	3449
42	165	4273
165	42	4273
42	69	1733
69	42	1734
42	169	1048
169	42	1048
42	44	3595
44	42	3596
42	49	2101
49	42	2101
42	85	4726
85	42	4727
42	64	4610
64	42	4610
42	81	3072
81	42	3072
42	43	3172
43	42	3173
42	93	4332
93	42	4332
42	84	3731
84	42	3732
42	130	4775
130	42	4775
43	167	4737
167	43	4737
43	94	3653
94	43	3653
43	113	3471
113	43	3472
43	155	4068
155	43	4068
43	112	3820
112	43	3820
43	143	4440
143	43	4441
43	148	3443
148	43	3443
43	175	1349
175	43	1350
43	62	3072
62	43	3073
43	127	4637
127	43	4638
43	159	3096
159	43	3096
44	102	4380
102	44	4380
44	179	2889
179	44	2890
44	99	4403
99	44	4404
44	170	2343
170	44	2344
44	57	4819
57	44	4820
44	69	4134
69	44	4135
44	161	4194
161	44	4194
44	87	4704
87	44	4705
44	47	1158
47	44	1159
44	78	3771
78	44	3772
44	88	2959
88	44	2960
44	46	4070
46	44	4071
44	186	4712
186	44	4713
45	93	4372
93	45	4373
45	137	4799
137	45	4800
45	144	331
144	45	332
45	86	3080
86	45	3081
45	108	3761
108	45	3761
45	84	4664
84	45	4664
45	111	3007
111	45	3008
45	130	2850
130	45	2850
45	138	3137
138	45	3138
45	143	2752
143	45	2753
45	182	4795
182	45	4795
45	85	4629
85	45	4629
45	110	2947
110	45	2947
45	197	2668
197	45	2668
45	82	3547
82	45	3547
45	159	818
159	45	818
46	127	4237
127	46	4237
46	79	1626
79	46	1626
46	89	2832
89	46	2833
46	138	2975
138	46	2976
46	197	212
197	46	212
46	180	2871
180	46	2872
46	133	3103
133	46	3103
46	52	1104
52	46	1105
46	170	2627
170	46	2627
46	73	1221
73	46	1221
46	49	3934
49	46	3935
46	136	1314
136	46	1315
47	161	4870
161	47	4871
47	152	4658
152	47	4659
47	153	4828
153	47	4829
47	100	2997
100	47	2997
47	48	4366
48	47	4366
47	49	2449
49	47	2450
47	121	3960
121	47	3961
47	99	3590
99	47	3590
47	190	2045
190	47	2046
47	60	4195
60	47	4196
48	190	2841
190	48	2841
48	140	3992
140	48	3992
48	108	4169
108	48	4170
48	145	4087
145	48	4088
48	75	1673
75	48	1673
48	51	3586
51	48	3586
48	59	4838
59	48	4839
48	191	4708
191	48	4709
48	64	4257
64	48	4258
48	73	3967
73	48	3967
49	121	4548
121	49	4548
49	109	3780
109	49	3780
49	168	2627
168	49	2628
49	101	4240
101	49	4241
49	175	1982
175	49	1983
49	97	4714
97	49	4714
49	185	4854
185	49	4855
49	158	1013
158	49	1014
50	84	450
84	50	450
50	126	2070
126	50	2070
50	85	3535
85	50	3536
50	147	1786
147	50	1787
50	172	2268
172	50	2268
50	171	3861
171	50	3862
50	96	4802
96	50	4802
50	163	4636
163	50	4636
50	100	4846
100	50	4847
50	53	4925
53	50	4925
50	176	2041
176	50	2042
51	177	891
177	51	892
51	87	732
87	51	733
51	137	3853
137	51	3854
51	125	4824
125	51	4825
51	157	4827
157	51	4828
51	160	2131
160	51	2132
51	92	2609
92	51	2610
51	139	3466
139	51	3466
51	78	3091
78	51	3091
51	103	3537
103	51	3538
51	62	3443
62	51	3444
52	93	4807
93	52	4808
52	128	4901
128	52	4902
52	121	1121
121	52	1122
52	177	4623
177	52	4624
52	65	2461
65	52	2462
52	168	3279
168	52	3280
52	63	3322
63	52	3322
52	170	4400
170	52	4401
52	139	3973
139	52	3974
52	179	4773
179	52	4774
52	82	3582
82	52	3582
52	61	4299
61	52	4299
52	88	1265
88	52	1265
53	85	1592
85	53	1593
53	108	1238
108	53	1239
53	68	4012
68	53	4013
53	92	4035
92	53	4035
53	123	4130
123	53	4131
53	74	4486
74	53	4486
53	185	1508
185	53	1508
53	158	2182
158	53	2182
53	137	2549
137	53	2550
53	87	4359
87	53	4360
53	170	4601
170	53	4601
54	120	2267
120	54	2268
54	133	1151
133	54	1152
54	76	3209
76	54	3210
54	103	2070
103	54	2070
54	81	4409
81	54	4409
54	178	4301
178	54	4302
54	148	4051
148	54	4051
54	176	474
176	54	475
54	200	4042
200	54	4042
54	110	427
110	54	427
55	74	4355
74	55	4356
55	137	4948
137	55	4948
55	157	2828
157	55	2828
55	127	3849
127	55	3849
55	112	3644
112	55	3644
55	135	4705
135	55	4706
55	89	3452
89	55	3452
55	164	2780
164	55	2780
55	85	4879
85	55	4879
55	173	1146
173	55	1147
55	57	4298
57	55	4298
55	133	2714
133	55	2714
55	115	3785
115	55	3785
56	167	4569
167	56	4569
56	161	3239
161	56	3239
56	108	3566
108	56	3567
56	137	4057
137	56	4057
56	104	2445
104	56	2446
56	163	4755
163	56	4755
56	129	1405
129	56	1405
56	135	3699
135	56	3699
56	173	2620
173	56	2620
56	187	3402
187	56	3402
56	123	3761
123	56	3762
57	155	3071
155	57	3071
57	173	1254
173	57	1254
57	81	1677
81	57	1677
57	82	4573
82	57	4573
57	115	2855
115	57	2855
57	68	3255
68	57	3255
57	89	4238
89	57	4239
57	63	4633
63	57	4634
57	113	882
113	57	883
57	148	824
148	57	825
57	147	3968
147	57	3969
58	83	4775
83	58	4775
58	132	3651
132	58	3652
58	119	4387
119	58	4387
58	74	4838
74	58	4838
58	88	3071
88	58	3071
58	114	3236
114	58	3236
58	147	3324
147	58	3324
58	108	2500
108	58	2500
58	117	4820
117	58	4820
58	122	2603
122	58	2604
59	160	3811
160	59	3811
59	200	4408
200	59	4408
59	112	4320
112	59	4321
59	123	118
123	59	119
59	105	3543
105	59	3544
59	97	2513
97	59	2514
59	153	3843
153	59	3844
60	113	4020
113	60	4021
60	174	4972
174	60	4972
60	119	4391
119	60	4392
60	75	4320
75	60	4321
60	118	3713
118	60	3714
60	153	3257
153	60	3257
60	72	4612
72	60	4612
60	134	4093
134	60	4094
60	109	3817
109	60	3818
60	186	2135
186	60	2135
60	100	4604
100	60	4604
61	122	4488
122	61	4488
61	150	1725
150	61	1726
61	153	4659
153	61	4659
61	79	442
79	61	442
61	141	4762
141	61	4763
61	98	2202
98	61	2203
61	162	3878
162	61	3879
61	139	3232
139	61	3233
61	90	4733
90	61	4734
61	91	2552
91	61	2553
61	66	4692
66	61	4692
61	157	2204
157	61	2205
62	116	3971
116	62	3971
62	97	4734
97	62	4735
62	174	4761
174	62	4762
62	117	2513
117	62	2514
62	78	4313
78	62	4314
62	161	3869
161	62	3870
62	114	3649
114	62	3649
63	81	4381
81	63	4382
63	140	410
140	63	411
63	144	1377
144	63	1378
63	155	2909
155	63	2910
63	152	4145
152	63	4146
63	78	679
78	63	679
63	164	1842
164	63	1843
63	97	1381
97	63	1381
63	138	4461
138	63	4461
63	148	3620
148	63	3621
63	141	917
141	63	918
63	95	2767
95	63	2768
63	166	2612
166	63	2613
64	87	4496
87	64	4496
64	152	3702
152	64	3703
64	154	1527
154	64	1527
64	158	2651
158	64	2652
64	88	1244
88	64	1244
64	112	4095
112	64	4096
64	85	120
85	64	120
64	170	3249
170	64	3249
64	71	4919
71	64	4919
64	187	3464
187	64	3465
65	80	4177
80	65	4177
65	106	4501
106	65	4502
65	193	1157
193	65	1158
65	72	4841
72	65	4841
65	126	729
126	65	730
65	164	3503
164	65	3503
65	173	3711
173	65	3712
65	166	3772
166	65	3772
65	71	4308
71	65	4309
65	104	4701
104	65	4702
65	93	379
93	65	379
65	101	4775
101	65	4776
65	151	3029
151	65	3030
65	122	4685
122	65	4686
66	130	4398
130	66	4399
66	127	479
127	66	480
66	132	2318
132	66	2318
66	138	742
138	66	743
66	82	2775
82	66	2776
66	144	655
144	66	656
66	107	979
107	66	979
67	68	4109
68	67	4109
67	180	3549
180	67	3550
67	79	2705
79	67	2706
67	97	1709
97	67	1710
67	83	1003
83	67	1003
67	117	4223
117	67	4224
67	140	3487
140	67	3488
67	166	2829
166	67	2830
67	143	3986
143	67	3986
67	131	1771
131	67	1772
67	69	352
69	67	352
67	128	1293
128	67	1293
67	86	3916
86	67	3917
67	74	2825
74	67	2825
68	102	2584
102	68	2585
68	76	4554
76	68	4554
68	129	3149
129	68	3150
68	97	2195
97	68	2196
68	154	4767
154	68	4767
68	88	408
88	68	409
68	108	1988
108	68	1988
68	135	4542
135	68	4543
68	94	3878
94	68	3879
68	112	3233
112	68	3234
69	105	4818
105	69	4819
69	135	1480
135	69	1481
69	108	2314
108	69	2314
69	119	4644
119	69	4644
69	178	3443
178	69	3443
69	154	2897
154	69	2897
69	89	4122
89	69	4122
69	85	1296
85	69	1296
69	109	2250
109	69	2251
69	148	4948
148	69	4948
70	146	3955
146	70	3955
70	86	4855
86	70	4856
70	92	4885
92	70	4885
70	97	4670
97	70	4670
70	166	1394
166	70	1394
70	121	4901
121	70	4901
70	90	3978
90	70	3979
70	124	3367
124	70	3368
70	72	4869
72	70	4870
70	102	1440
102	70	1440
70	163	2308
163	70	2309
70	175	4666
175	70	4666
70	145	3826
145	70	3827
70	187	4017
187	70	4018
71	81	2681
81	71	2681
71	100	3621
100	71	3621
71	86	4517
86	71	4517
71	155	4734
155	71	4734
71	109	1270
109	71	1270
71	138	1578
138	71	1579
71	169	4660
169	71	4660
71	89	1082
89	71	1082
71	161	1466
161	71	1467
71	122	3916
122	71	3917
71	139	1296
139	71	1297
71	133	4316
133	71	4316
71	90	2191
90	71	2191
71	125	283
125	71	284
71	141	3783
141	71	3783
72	124	4370
124	72	4370
72	106	4553
106	72	4554
72	156	3901
156	72	3902
72	108	1685
108	72	1686
72	165	3849
165	72	3849
72	173	4886
173	72	4886
72	76	1197
76	72	1197
72	135	4388
135	72	4388
72	101	2721
101	72	2722
72	131	4283
131	72	4283
72	130	226
130	72	226
72	151	4643
151	72	4644
72	104	4900
104	72	4901
72	121	3988
121	72	3988
72	157	4215
157	72	4215
72	148	2190
148	72	2191
73	121	3882
121	73	3883
73	89	4791
89	73	4792
73	94	4246
94	73	4246
73	82	4680
82	73	4680
73	149	4178
149	73	4179
73	110	409
110	73	410
73	114	643
114	73	643
74	175	3129
175	74	3129
74	83	3927
83	74	3927
74	150	4665
150	74	4665
74	174	4408
174	74	4409
74	111	4307
111	74	4308
74	94	3978
94	74	3979
74	123	4614
123	74	4615
74	105	2920
105	74	2920
74	134	3992
134	74	3993
74	78	1671
78	74	1672
74	80	1055
80	74	1056
74	81	1753
81	74	1753
75	177	2664
177	75	2664
75	86	4415
86	75	4416
75	155	4947
155	75	4948
75	126	592
126	75	592
75	109	4739
109	75	4739
75	168	4141
168	75	4141
75	91	4176
91	75	4176
75	167	1591
167	75	1592
75	113	4601
113	75	4602
75	88	4368
88	75	4368
75	95	1925
95	75	1926
75	111	3270
111	75	3271
76	127	2682
127	76	2683
76	172	4398
172	76	4398
76	91	4706
91	76	4706
76	147	2261
147	76	2261
76	121	4929
121	76	4930
76	83	3379
83	76	3379
76	115	4311
115	76	4312
76	109	3468
109	76	3468
76	179	4475
179	76	4476
76	162	4701
162	76	4701
76	140	4081
140	76	4082
76	163	4468
163	76	4468
77	114	4758
114	77	4758
77	148	1334
148	77	1335
77	103	4830
103	77	4830
77	136	1575
136	77	1576
77	78	4995
78	77	4995
77	168	1940
168	77	1941
77	109	4081
109	77	4082
77	166	2051
166	77	2051
77	133	4267
133	77	4267
77	139	236
139	77	236
77	159	1533
159	77	1534
78	143	1323
143	78	1323
78	95	2143
95	78	2143
78	94	4475
94	78	4475
78	113	2787
113	78	2787
78	119	2526
119	78	2526
78	100	3092
100	78	3093
78	158	2091
158	78	2091
78	157	2491
157	78	2492
78	169	3241
169	78	3241
79	89	1014
89	79	1014
79	132	3665
132	79	3665
79	130	4821
130	79	4821
79	139	4477
139	79	4478
79	85	3029
85	79	3029
79	167	770
167	79	771
79	159	3725
159	79	3726
79	102	1958
102	79	1959
79	149	3679
149	79	3679
79	168	4694
168	79	4695
79	112	4056
112	79	4056
79	111	4125
111	79	4125
79	153	1173
153	79	1173
79	176	3480
176	79	3481
79	128	3780
128	79	3781
80	164	4224
164	80	4224
80	92	4729
92	80	4729
80	82	513
82	80	513
80	106	3516
106	80	3517
80	110	1534
110	80	1535
80	135	3303
135	80	3304
80	143	4431
143	80	4431
80	97	1622
97	80	1622
80	87	3594
87	80	3594
80	147	3191
147	80	3192
80	177	2226
177	80	2227
81	126	4551
126	81	4552
81	171	191
171	81	191
81	98	4748
98	81	4749
81	187	3853
187	81	3853
81	86	3855
86	81	3856
81	124	3271
124	81	3272
82	132	3757
132	82	3758
82	177	2081
177	82	2082
82	91	593
91	82	593
82	143	1433
143	82	1433
82	187	3923
187	82	3923
82	163	4458
163	82	4459
83	155	1044
155	83	1045
83	169	3969
169	83	3970
83	150	3765
150	83	3765
83	90	3086
90	83	3086
83	144	3892
144	83	3892
83	112	2012
112	83	2013
83	96	1634
96	83	1634
83	89	4173
89	83	4174
83	91	124
91	83	125
83	109	1705
109	83	1706
84	96	1055
96	84	1055
84	156	2237
156	84	2237
84	175	4892
175	84	4892
84	117	2365
117	84	2366
84	102	3858
102	84	3858
84	139	4265
139	84	4265
84	152	4511
152	84	4512
84	98	2693
98	84	2694
84	121	4905
121	84	4905
84	101	2976
101	84	2977
84	153	1977
153	84	1978
84	179	2702
179	84	2702
84	172	4898
172	84	4899
84	176	1115
176	84	1115
85	133	4832
133	85	4832
85	107	1504
107	85	1504
85	174	4056
174	85	4056
85	152	4151
152	85	4151
85	155	4150
155	85	4150
85	116	444
116	85	445
85	144	4411
144	85	4412
85	119	2586
119	85	2586
86	134	3806
134	86	3806
86	92	4191
92	86	4192
86	106	4964
106	86	4964
86	87	4445
87	86	4446
86	171	4488
171	86	4489
86	97	2044
97	86	2045
86	102	4999
102	86	5000
86	187	3735
187	86	3735
86	91	3648
91	86	3648
86	118	1875
118	86	1876
86	180	4869
180	86	4870
86	98	2912
98	86	2912
87	165	3395
165	87	3395
87	150	4668
150	87	4669
87	180	4535
180	87	4536
87	133	1263
133	87	1264
87	141	1667
141	87	1667
87	162	4689
162	87	4690
87	128	1761
128	87	1761
87	138	2674
138	87	2674
88	103	4500
103	88	4501
88	124	4154
124	88	4154
88	169	2214
169	88	2214
88	143	4576
143	88	4577
88	91	1316
91	88	1316
88	190	3345
190	88	3346
88	178	631
178	88	631
88	110	2595
110	88	2595
89	133	1794
133	89	1795
90	157	2068
157	90	2068
90	161	783
161	90	784
90	98	214
98	90	214
90	163	3993
163	90	3994
90	104	4424
104	90	4425
90	158	2938
158	90	2938
90	159	1117
159	90	1118
90	151	4220
151	90	4220
90	169	2783
169	90	2783
91	131	3748
131	91	3748
91	96	4052
96	91	4052
91	92	3802
92	91	3802
91	116	2275
116	91	2275
91	120	2985
120	91	2985
92	165	1406
165	92	1406
92	102	4103
102	92	4103
92	98	1547
98	92	1548
92	101	1121
101	92	1122
93	158	355
158	93	355
93	180	4954
180	93	4954
93	182	1696
182	93	1697
93	171	2033
171	93	2033
93	146	4614
146	93	4614
93	132	4753
132	93	4754
93	179	4557
179	93	4558
93	134	4686
134	93	4687
93	100	2421
100	93	2422
94	179	4046
179	94	4047
94	121	4346
121	94	4347
94	118	1229
118	94	1229
94	180	2694
180	94	2694
94	126	4744
126	94	4745
94	165	1409
165	94	1409
94	144	3466
144	94	3467
95	139	326
139	95	327
95	164	58
164	95	59
95	126	4368
126	95	4369
95	168	4150
168	95	4151
95	98	99
98	95	99
95	137	4065
137	95	4066
95	123	4424
123	95	4424
96	152	2900
152	96	2900
96	106	2276
106	96	2276
96	117	2118
117	96	2118
96	167	2238
167	96	2238
96	172	3582
172	96	3583
96	164	2345
164	96	2345
96	169	4452
169	96	4452
96	153	1756
153	96	1757
97	114	2355
114	97	2356
97	177	116
177	97	116
97	141	278
141	97	279
97	175	2932
175	97	2933
97	151	1048
151	97	1048
97	135	4018
135	97	4019
97	120	498
120	97	498
98	114	4927
114	98	4928
98	134	4710
134	98	4711
98	116	4887
116	98	4888
98	104	92
104	98	92
98	105	4600
105	98	4601
98	180	4017
180	98	4017
99	105	2912
105	99	2913
99	106	1845
106	99	1845
99	113	4102
113	99	4103
99	174	1303
174	99	1303
99	168	2846
168	99	2847
99	172	4427
172	99	4428
99	153	4977
153	99	4977
99	140	1335
140	99	1335
100	123	786
123	100	786
100	171	2210
171	100	2210
100	104	1505
104	100	1505
100	160	1032
160	100	1033
100	161	2726
161	100	2727
101	141	605
141	101	605
103	171	1780
171	103	1780
103	179	1341
179	103	1341
103	155	3674
155	103	3674
103	124	2774
124	103	2775
103	123	2633
123	103	2634
103	125	282
125	103	283
104	168	2614
168	104	2614
105	106	4006
106	105	4006
106	122	3976
122	106	3977
106	165	2231
165	106	2232
106	107	2685
107	106	2686
107	132	3567
132	107	3568
107	131	1318
131	107	1318
107	136	3688
136	107	3689
107	113	2118
113	107	2119
110	144	1828
144	110	1828
111	136	4066
136	111	4066
111	114	4732
114	111	4732
111	124	2729
124	111	2729
111	120	3692
120	111	3693
112	119	4113
119	112	4113
112	131	474
131	112	475
115	122	726
122	115	727
115	167	4099
167	115	4100
115	137	4202
137	115	4202
115	135	2158
135	115	2159
115	144	2452
144	115	2453
115	145	4757
145	115	4758
115	118	2462
118	115	2463
115	176	2375
176	115	2376
116	160	4913
160	116	4914
116	179	4458
179	116	4458
116	146	3559
146	116	3560
116	147	1686
147	116	1686
116	174	3618
174	116	3619
117	178	2569
178	117	2569
117	122	4537
122	117	4538
117	130	4937
130	117	4938
117	140	249
140	117	249
117	182	4366
182	117	4367
118	149	3871
149	118	3871
118	151	551
151	118	552
118	157	4934
157	118	4935
118	154	3913
154	118	3913
119	190	829
190	119	830
119	145	2814
145	119	2815
119	169	3829
169	119	3829
120	141	3893
141	120	3893
120	182	2379
182	120	2380
120	169	4766
169	120	4767
120	123	1683
123	120	1684
120	160	4895
160	120	4896
122	174	1589
174	122	1590
122	179	3443
179	122	3443
122	171	3534
171	122	3534
122	124	3791
124	122	3792
124	136	1460
136	124	1461
124	164	1766
164	124	1767
125	157	1317
157	125	1317
125	170	1776
170	125	1777
125	127	3011
127	125	3012
125	174	3190
174	125	3190
125	172	3901
172	125	3902
125	132	1890
132	125	1890
125	155	3710
155	125	3710
127	157	895
157	127	895
127	178	4638
178	127	4639
128	131	4565
131	128	4565
128	164	1271
164	128	1271
128	179	3054
179	128	3054
128	156	1229
156	128	1229
130	133	1442
133	130	1442
131	152	3549
152	131	3549
131	149	4542
149	131	4542
131	179	4904
179	131	4904
132	179	4143
179	132	4144
132	176	4691
176	132	4691
132	147	4816
147	132	4816
132	135	4250
135	132	4251
132	151	4418
151	132	4419
133	164	3598
164	133	3598
133	171	3575
171	133	3575
133	175	266
175	133	266
133	182	1362
182	133	1363
135	152	1215
152	135	1215
136	140	2876
140	136	2876
137	150	4653
150	137	4654
137	190	729
190	137	730
140	176	1397
176	140	1397
141	190	4163
190	141	4163
141	156	4485
156	141	4485
141	149	2524
149	141	2525
141	146	1694
146	141	1695
141	187	1678
187	141	1678
145	152	3581
152	145	3581
145	164	1039
164	145	1039
145	176	3113
176	145	3114
145	162	845
162	145	846
146	160	1361
160	146	1362
146	187	2911
187	146	2912
146	171	4228
171	146	4229
146	151	710
151	146	711
146	174	717
174	146	718
146	149	2456
149	146	2456
147	175	2362
175	147	2363
147	156	4674
156	147	4674
147	160	4990
160	147	4990
147	154	1486
154	147	1487
147	152	4867
152	147	4867
149	187	4431
187	149	4431
149	154	582
154	149	582
149	152	3734
152	149	3735
149	171	4386
171	149	4386
149	153	1690
153	149	1690
149	150	4343
150	149	4344
150	152	4895
152	150	4895
150	175	1526
175	150	1527
150	151	2045
151	150	2045
150	156	533
156	150	533
154	182	612
182	154	612
154	178	4347
178	154	4348
154	171	2594
171	154	2595
154	175	1395
175	154	1396
171	175	2259
175	171	2260
