200	2798
2	2
2	2
5	5
3	3
4	4
2	2
2	2
4	4
4	4
5	5
3	3
4	4
5	5
2	2
2	2
4	4
4	4
2	2
3	3
2	2
3	3
4	4
4	4
5	5
5	5
4	4
2	2
4	4
3	3
4	4
5	5
5	5
3	3
2	2
4	4
3	3
4	4
5	5
5	5
3	3
2	2
5	5
4	4
5	5
4	4
2	2
4	4
5	5
3	3
3	3
5	5
3	3
2	2
3	3
3	3
2	2
3	3
5	5
5	5
2	2
5	5
4	4
4	4
3	3
5	5
3	3
3	3
2	2
5	5
2	2
4	4
3	3
3	3
5	5
4	4
3	3
5	5
2	2
5	5
5	5
5	5
2	2
2	2
4	4
5	5
4	4
4	4
4	4
5	5
5	5
2	2
3	3
3	3
4	4
4	4
5	5
3	3
5	5
3	3
3	3
4	4
3	3
3	3
2	2
2	2
4	4
5	5
2	2
4	4
3	3
5	5
4	4
4	4
5	5
4	4
5	5
2	2
2	2
4	4
2	2
2	2
3	3
2	2
3	3
2	2
4	4
5	5
2	2
2	2
3	3
5	5
4	4
2	2
4	4
3	3
3	3
3	3
2	2
4	4
5	5
4	4
5	5
4	4
2	2
5	5
3	3
2	2
4	4
3	3
3	3
3	3
5	5
2	2
2	2
3	3
4	4
2	2
4	4
4	4
5	5
2	2
3	3
3	3
2	2
2	2
5	5
3	3
2	2
5	5
3	3
2	2
5	5
2	2
2	2
2	2
3	3
3	3
2	2
5	5
3	3
3	3
3	3
5	5
5	5
4	4
2	2
4	4
5	5
3	3
5	5
3	3
4	4
4	4
5	5
5	5
3	3
5	5
4	4
3	3
5	5
1	161	1252
161	1	1253
1	139	1822
139	1	1822
1	198	4909
198	1	4910
1	142	879
142	1	880
1	79	2229
79	1	2229
1	159	4009
159	1	4009
1	146	3597
146	1	3597
1	163	2972
163	1	2973
1	105	4554
105	1	4554
1	116	2256
116	1	2256
1	46	3221
46	1	3221
1	62	1307
62	1	1308
1	4	4931
4	1	4931
1	66	4071
66	1	4071
1	181	2552
181	1	2553
1	29	1698
29	1	1699
1	109	631
109	1	631
1	65	2508
65	1	2509
1	91	4565
91	1	4566
1	76	4480
76	1	4481
2	12	3882
12	2	3882
2	159	2320
159	2	2320
2	107	4000
107	2	4000
2	141	4024
141	2	4024
2	61	1054
61	2	1054
2	142	3980
142	2	3980
2	133	3671
133	2	3672
2	135	801
135	2	802
2	73	3205
73	2	3205
2	19	441
19	2	441
2	48	4145
48	2	4145
2	45	2399
45	2	2400
2	63	4394
63	2	4395
2	174	3540
174	2	3541
2	85	566
85	2	566
2	6	4608
6	2	4609
2	30	3654
30	2	3654
2	39	3143
39	2	3144
2	148	4783
148	2	4783
2	103	4738
103	2	4738
3	18	4725
18	3	4726
3	46	3546
46	3	3547
3	35	1292
35	3	1293
3	148	3001
148	3	3001
3	44	1732
44	3	1732
3	32	841
32	3	841
3	99	4080
99	3	4080
3	127	3344
127	3	3344
3	133	1307
133	3	1308
3	25	4250
25	3	4251
3	38	2318
38	3	2318
3	96	1583
96	3	1584
3	10	4738
10	3	4739
3	195	4445
195	3	4446
3	135	4080
135	3	4081
3	111	4656
111	3	4657
3	4	600
4	3	600
3	120	919
120	3	920
3	24	2886
24	3	2887
3	88	4845
88	3	4845
4	55	4904
55	4	4904
4	155	3924
155	4	3924
4	39	3947
39	4	3948
4	71	4122
71	4	4123
4	135	4566
135	4	4566
4	30	3944
30	4	3945
4	138	4647
138	4	4647
4	119	4322
119	4	4323
4	107	3834
107	4	3834
4	90	3508
90	4	3509
4	185	4163
185	4	4163
4	141	2842
141	4	2842
4	40	4614
40	4	4614
4	58	2710
58	4	2710
4	158	4399
158	4	4400
4	15	4723
15	4	4723
4	156	3662
156	4	3662
4	194	4223
194	4	4224
5	195	4951
195	5	4952
5	33	2009
33	5	2010
5	74	1165
74	5	1166
5	129	1413
129	5	1414
5	117	3246
117	5	3247
5	179	4547
179	5	4547
5	165	2680
165	5	2680
5	186	4150
186	5	4150
5	188	4213
188	5	4213
5	79	3914
79	5	3914
5	143	1652
143	5	1653
5	114	309
114	5	309
5	110	4796
110	5	4797
5	16	4856
16	5	4856
5	137	1860
137	5	1860
5	57	1330
57	5	1331
5	185	3845
185	5	3845
5	63	4124
63	5	4124
5	183	4016
183	5	4016
5	173	2645
173	5	2645
6	142	3177
142	6	3177
6	103	2317
103	6	2318
6	93	3966
93	6	3966
6	56	3702
56	6	3703
6	9	289
9	6	289
6	41	1514
41	6	1515
6	55	3564
55	6	3564
6	179	3982
179	6	3983
6	150	3574
150	6	3575
6	81	4902
81	6	4902
6	125	4761
125	6	4761
6	197	3046
197	6	3047
6	188	1159
188	6	1160
6	70	4094
70	6	4094
6	169	3911
169	6	3912
6	86	3721
86	6	3721
6	140	4953
140	6	4954
6	44	4755
44	6	4755
6	148	3145
148	6	3146
7	135	4510
135	7	4510
7	51	2731
51	7	2732
7	85	1170
85	7	1170
7	175	4183
175	7	4184
7	91	3083
91	7	3084
7	193	664
193	7	664
7	36	1993
36	7	1994
7	111	4144
111	7	4144
7	32	1361
32	7	1361
7	114	517
114	7	518
7	13	4448
13	7	4448
7	25	4342
25	7	4343
7	12	3465
12	7	3466
7	142	3416
142	7	3416
7	17	3382
17	7	3382
7	11	2755
11	7	2755
7	102	4521
102	7	4522
7	15	4834
15	7	4834
7	54	1882
54	7	1882
7	46	1285
46	7	1286
8	65	943
65	8	943
8	166	1222
166	8	1222
8	54	1325
54	8	1326
8	46	925
46	8	926
8	14	4803
14	8	4804
8	124	4051
124	8	4052
8	133	2097
133	8	2097
8	85	3018
85	8	3018
8	106	4176
106	8	4177
8	165	2360
165	8	2360
8	105	1798
105	8	1798
8	135	3758
135	8	3758
8	128	2406
128	8	2406
8	17	215
17	8	216
8	91	1777
91	8	1777
8	127	4121
127	8	4122
8	198	4865
198	8	4866
8	67	4665
67	8	4666
8	21	4996
21	8	4997
8	125	2344
125	8	2344
9	142	1218
142	9	1218
9	140	346
140	9	347
9	37	4756
37	9	4756
9	77	4003
77	9	4004
9	181	4433
181	9	4433
9	63	4295
63	9	4296
9	175	3707
175	9	3707
9	116	3024
116	9	3025
9	25	3662
25	9	3663
9	156	4783
156	9	4784
9	195	1997
195	9	1997
9	190	3937
190	9	3938
9	169	2927
169	9	2928
9	12	4080
12	9	4080
9	17	3791
17	9	3792
9	194	1032
194	9	1033
9	19	1628
19	9	1629
9	39	4566
39	9	4566
9	118	2119
118	9	2119
10	150	2549
150	10	2550
10	72	4507
72	10	4507
10	97	2105
97	10	2105
10	75	4745
75	10	4746
10	171	1024
171	10	1025
10	168	274
168	10	275
10	178	4368
178	10	4368
10	98	1603
98	10	1604
10	107	3622
107	10	3622
10	193	1863
193	10	1863
10	192	4227
192	10	4227
10	49	1362
49	10	1362
10	180	233
180	10	234
10	61	3949
61	10	3949
10	127	4656
127	10	4657
10	157	4621
157	10	4621
10	190	2787
190	10	2788
10	136	3551
136	10	3552
10	147	2975
147	10	2975
11	89	4970
89	11	4971
11	160	4424
160	11	4425
11	14	4949
14	11	4949
11	197	4744
197	11	4745
11	58	1256
58	11	1257
11	147	2734
147	11	2735
11	86	677
86	11	677
11	136	4219
136	11	4220
11	192	1375
192	11	1375
11	77	3820
77	11	3820
11	126	2718
126	11	2718
11	73	3930
73	11	3930
11	79	4605
79	11	4605
11	62	1210
62	11	1211
11	174	2540
174	11	2541
11	161	3563
161	11	3563
11	142	1139
142	11	1139
11	15	4751
15	11	4752
11	194	4017
194	11	4017
12	143	2284
143	12	2284
12	39	3503
39	12	3504
12	84	4518
84	12	4518
12	66	4863
66	12	4864
12	83	1866
83	12	1867
12	96	1355
96	12	1355
12	52	3995
52	12	3996
12	97	470
97	12	470
12	60	2675
60	12	2675
12	70	4568
70	12	4568
12	72	4700
72	12	4700
12	128	465
128	12	466
12	156	4059
156	12	4060
12	89	3789
89	12	3789
12	67	4786
67	12	4786
12	145	4459
145	12	4459
12	73	3618
73	12	3618
13	193	4940
193	13	4941
13	96	4439
96	13	4439
13	52	1993
52	13	1994
13	135	2296
135	13	2297
13	53	4424
53	13	4425
13	164	4551
164	13	4552
13	50	3530
50	13	3531
13	60	3505
60	13	3505
13	104	3453
104	13	3454
13	29	4163
29	13	4164
13	194	2579
194	13	2579
13	26	1775
26	13	1776
13	180	4150
180	13	4150
13	70	3955
70	13	3955
13	141	4316
141	13	4317
13	24	4072
24	13	4072
13	169	3240
169	13	3241
13	132	79
132	13	79
13	182	1303
182	13	1304
14	167	517
167	14	517
14	98	2928
98	14	2928
14	175	1584
175	14	1584
14	176	3431
176	14	3432
14	51	1774
51	14	1775
14	68	2318
68	14	2318
14	43	417
43	14	417
14	47	3782
47	14	3783
14	125	4341
125	14	4342
14	170	2116
170	14	2116
14	165	862
165	14	862
14	163	4090
163	14	4091
14	94	2485
94	14	2485
14	160	3925
160	14	3925
14	131	393
131	14	394
14	97	4710
97	14	4710
14	137	4578
137	14	4578
14	29	3279
29	14	3279
15	27	964
27	15	964
15	83	1030
83	15	1031
15	99	2364
99	15	2365
15	54	4131
54	15	4131
15	137	4192
137	15	4193
15	159	1382
159	15	1382
15	92	2877
92	15	2878
15	25	2149
25	15	2149
15	21	1263
21	15	1264
15	170	3523
170	15	3523
15	58	4474
58	15	4475
15	75	3915
75	15	3915
15	38	2449
38	15	2450
15	90	4465
90	15	4466
15	103	2351
103	15	2351
15	161	2359
161	15	2359
15	152	3787
152	15	3788
16	65	1052
65	16	1052
16	178	3024
178	16	3025
16	180	2834
180	16	2834
16	77	3751
77	16	3752
16	151	1550
151	16	1550
16	82	4760
82	16	4761
16	71	4402
71	16	4403
16	165	2994
165	16	2995
16	183	3890
183	16	3890
16	145	3136
145	16	3137
16	25	4457
25	16	4457
16	103	2524
103	16	2524
16	182	907
182	16	907
16	95	2051
95	16	2052
16	33	3885
33	16	3885
16	158	2248
158	16	2248
16	175	4012
175	16	4013
16	133	4178
133	16	4178
16	78	1304
78	16	1304
17	161	166
161	17	166
17	185	1446
185	17	1446
17	104	3518
104	17	3519
17	164	4458
164	17	4458
17	79	3826
79	17	3826
17	139	3378
139	17	3378
17	68	1550
68	17	1551
17	147	3766
147	17	3767
17	160	4764
160	17	4764
17	186	4624
186	17	4625
17	18	3306
18	17	3306
17	64	4048
64	17	4048
17	94	1846
94	17	1846
17	102	3889
102	17	3889
17	135	3847
135	17	3848
17	144	1327
144	17	1328
17	65	4438
65	17	4438
18	105	4166
105	18	4166
18	94	4536
94	18	4537
18	87	2265
87	18	2266
18	191	4418
191	18	4419
18	46	1715
46	18	1716
18	169	2972
169	18	2972
18	180	2454
180	18	2455
18	40	3529
40	18	3530
18	132	4576
132	18	4577
18	162	4086
162	18	4087
18	149	4569
149	18	4570
18	183	2924
183	18	2925
18	56	4990
56	18	4990
18	89	3600
89	18	3601
18	75	3669
75	18	3669
18	123	1477
123	18	1478
18	88	4517
88	18	4518
18	41	945
41	18	946
19	181	3664
181	19	3664
19	106	4643
106	19	4644
19	116	1797
116	19	1798
19	119	3934
119	19	3934
19	190	4791
190	19	4792
19	113	3261
113	19	3262
19	28	1852
28	19	1852
19	170	2482
170	19	2483
19	58	2401
58	19	2402
19	155	815
155	19	816
19	169	4964
169	19	4964
19	135	256
135	19	257
19	172	749
172	19	749
19	32	3518
32	19	3519
19	138	3816
138	19	3817
19	82	4229
82	19	4229
19	152	3253
152	19	3253
19	70	2036
70	19	2036
20	66	4197
66	20	4198
20	163	3570
163	20	3570
20	30	3088
30	20	3088
20	121	4241
121	20	4241
20	52	2339
52	20	2339
20	51	1300
51	20	1301
20	181	2635
181	20	2635
20	87	4806
87	20	4807
20	70	4134
70	20	4134
20	146	185
146	20	185
20	48	1865
48	20	1865
20	58	4766
58	20	4766
20	65	1045
65	20	1046
20	171	3708
171	20	3708
20	192	3785
192	20	3786
20	128	3694
128	20	3695
20	137	3567
137	20	3567
20	129	3884
129	20	3885
20	28	2001
28	20	2001
20	147	2902
147	20	2903
21	90	4941
90	21	4942
21	133	906
133	21	906
21	148	1010
148	21	1010
21	82	778
82	21	779
21	153	2020
153	21	2021
21	24	61
24	21	61
21	68	1391
68	21	1392
21	103	1748
103	21	1748
21	57	3519
57	21	3519
21	56	4548
56	21	4548
21	87	4909
87	21	4909
21	167	1408
167	21	1409
21	52	590
52	21	591
21	59	4746
59	21	4746
21	108	4228
108	21	4229
21	116	3609
116	21	3610
22	30	3743
30	22	3744
22	125	2316
125	22	2317
22	86	1459
86	22	1460
22	113	3690
113	22	3690
22	33	2120
33	22	2120
22	178	3204
178	22	3204
22	43	551
43	22	552
22	139	4291
139	22	4292
22	74	2573
74	22	2573
22	188	4608
188	22	4609
22	41	3325
41	22	3325
22	181	4648
181	22	4649
22	71	2179
71	22	2179
22	132	347
132	22	347
22	24	3394
24	22	3395
22	169	118
169	22	119
22	29	2118
29	22	2118
23	186	4406
186	23	4407
23	123	2257
123	23	2257
23	72	4537
72	23	4538
23	67	2723
67	23	2723
23	115	3628
115	23	3628
23	166	4830
166	23	4830
23	31	3744
31	23	3745
23	61	4384
61	23	4384
23	192	3956
192	23	3957
23	83	3771
83	23	3771
23	165	417
165	23	418
23	56	809
56	23	810
23	138	1280
138	23	1281
23	155	2675
155	23	2676
23	156	4333
156	23	4334
23	107	3233
107	23	3233
23	105	3520
105	23	3521
23	114	4767
114	23	4768
24	170	1011
170	24	1012
24	178	2405
178	24	2405
24	143	117
143	24	118
24	42	4298
42	24	4298
24	157	4884
157	24	4885
24	144	692
144	24	693
24	131	4817
131	24	4817
24	36	1907
36	24	1907
24	76	839
76	24	840
24	187	3647
187	24	3647
24	154	4444
154	24	4444
24	54	711
54	24	711
24	136	534
136	24	535
24	110	4161
110	24	4162
25	44	4406
44	25	4406
25	102	4988
102	25	4988
25	81	3840
81	25	3841
25	131	2429
131	25	2430
25	100	2447
100	25	2447
25	157	4275
157	25	4275
25	66	3905
66	25	3905
25	149	1264
149	25	1264
25	83	3562
83	25	3563
25	161	4399
161	25	4400
26	167	2305
167	26	2305
26	194	2253
194	26	2253
26	92	4331
92	26	4331
26	90	1596
90	26	1596
26	94	2370
94	26	2371
26	85	2438
85	26	2438
26	36	3650
36	26	3651
26	101	4501
101	26	4502
26	43	1816
43	26	1816
26	152	4530
152	26	4530
26	120	4854
120	26	4854
26	172	101
172	26	101
26	174	2448
174	26	2449
26	143	2743
143	26	2743
26	146	1320
146	26	1321
27	129	3973
129	27	3974
27	97	3153
97	27	3154
27	132	2028
132	27	2029
27	188	2393
188	27	2393
27	53	4754
53	27	4754
27	196	3580
196	27	3580
27	98	4017
98	27	4018
27	36	2529
36	27	2530
27	197	1776
197	27	1776
27	169	3929
169	27	3929
27	157	3978
157	27	3978
27	69	2002
69	27	2002
27	189	1308
189	27	1309
27	164	3513
164	27	3514
27	90	4951
90	27	4951
27	183	1180
183	27	1180
27	159	3603
159	27	3604
27	115	3508
115	27	3509
28	139	836
139	28	836
28	57	806
57	28	807
28	119	4523
119	28	4523
28	173	844
173	28	844
28	185	4543
185	28	4543
28	116	4895
116	28	4895
28	150	242
150	28	242
28	68	3952
68	28	3952
28	59	3261
59	28	3262
28	53	1257
53	28	1258
28	44	673
44	28	673
28	159	3686
159	28	3686
28	82	660
82	28	661
28	79	1160
79	28	1161
28	111	767
111	28	767
28	86	4841
86	28	4842
29	153	364
153	29	365
29	30	4415
30	29	4415
29	115	3437
115	29	3438
29	166	3152
166	29	3152
29	134	1681
134	29	1682
29	106	3163
106	29	3164
29	57	4005
57	29	4005
29	45	3595
45	29	3595
29	111	1583
111	29	1584
29	167	3821
167	29	3822
29	62	4509
62	29	4510
29	182	1492
182	29	1492
29	160	3993
160	29	3994
30	171	4820
171	30	4820
30	64	1278
64	30	1279
30	120	2759
120	30	2760
30	74	2974
74	30	2974
30	170	4311
170	30	4312
30	95	1659
95	30	1660
30	144	4242
144	30	4243
30	92	1395
92	30	1395
30	94	4665
94	30	4666
30	40	4045
40	30	4045
30	58	4984
58	30	4984
31	143	4116
143	31	4116
31	48	448
48	31	448
31	95	4199
95	31	4200
31	57	3653
57	31	3654
31	93	2864
93	31	2864
31	111	3364
111	31	3364
31	36	1863
36	31	1864
31	175	1943
175	31	1944
31	149	2268
149	31	2268
31	154	3320
154	31	3321
31	99	1177
99	31	1178
31	133	4608
133	31	4609
31	151	3932
151	31	3933
31	77	2082
77	31	2083
31	179	4422
179	31	4422
31	50	1868
50	31	1868
31	68	3857
68	31	3857
31	146	4935
146	31	4935
32	74	2411
74	32	2411
32	116	2448
116	32	2449
32	169	4289
169	32	4290
32	144	4903
144	32	4903
32	129	3791
129	32	3792
32	148	1536
148	32	1536
32	101	3590
101	32	3590
32	93	2103
93	32	2104
32	154	1361
154	32	1362
32	167	1364
167	32	1365
32	49	1809
49	32	1809
32	68	4800
68	32	4801
32	165	4047
165	32	4047
33	109	1606
109	33	1607
33	153	2259
153	33	2259
33	179	4469
179	33	4470
33	195	631
195	33	631
33	45	2180
45	33	2180
33	92	2049
92	33	2049
33	162	3647
162	33	3647
33	87	4643
87	33	4643
33	53	4495
53	33	4495
33	165	2940
165	33	2941
33	152	4861
152	33	4862
33	97	4518
97	33	4519
33	49	3088
49	33	3089
33	38	1518
38	33	1518
34	122	4810
122	34	4811
34	97	2964
97	34	2965
34	162	3553
162	34	3554
34	68	1276
68	34	1276
34	155	3951
155	34	3952
34	81	3076
81	34	3076
34	121	2004
121	34	2004
34	187	4024
187	34	4024
34	153	2297
153	34	2297
34	109	3765
109	34	3766
34	133	3755
133	34	3756
34	78	4972
78	34	4973
34	105	4845
105	34	4845
34	85	3908
85	34	3908
34	130	3565
130	34	3565
34	107	2701
107	34	2701
35	61	4649
61	35	4650
35	143	4189
143	35	4190
35	95	3275
95	35	3275
35	49	4024
49	35	4025
35	103	2215
103	35	2216
35	183	3599
183	35	3599
35	98	1282
98	35	1282
35	69	4096
69	35	4097
35	180	3129
180	35	3129
35	163	1843
163	35	1843
35	91	639
91	35	639
35	70	4254
70	35	4255
35	115	3655
115	35	3655
35	48	4531
48	35	4531
35	166	612
166	35	613
35	161	3643
161	35	3644
36	130	4628
130	36	4628
36	128	434
128	36	435
36	189	4206
189	36	4207
36	168	4847
168	36	4848
36	95	1576
95	36	1577
36	134	885
134	36	885
36	136	4158
136	36	4158
36	100	4299
100	36	4300
36	161	3142
161	36	3142
36	183	669
183	36	669
36	129	2734
129	36	2735
36	131	594
131	36	594
37	176	4050
176	37	4051
37	190	4830
190	37	4831
37	197	1449
197	37	1450
37	148	4858
148	37	4859
37	165	1076
165	37	1077
37	162	3761
162	37	3761
37	39	4019
39	37	4019
37	185	3873
185	37	3873
37	69	704
69	37	704
37	171	3768
171	37	3769
37	89	3500
89	37	3500
37	102	1206
102	37	1207
37	178	2300
178	37	2300
37	38	355
38	37	356
37	153	2603
153	37	2603
37	147	2048
147	37	2048
38	40	1688
40	38	1689
38	111	3813
111	38	3814
38	154	3698
154	38	3699
38	86	399
86	38	399
38	96	4989
96	38	4990
38	151	4306
151	38	4306
38	124	3988
124	38	3988
38	140	3860
140	38	3861
38	54	1314
54	38	1314
38	68	3355
68	38	3355
38	123	2269
123	38	2270
38	91	3693
91	38	3694
38	170	2365
170	38	2366
38	44	546
44	38	546
38	82	3685
82	38	3685
39	95	2232
95	39	2233
39	52	762
52	39	763
39	119	1666
119	39	1666
39	103	3083
103	39	3084
39	172	716
172	39	716
39	161	2948
161	39	2949
39	128	4111
128	39	4112
39	123	2650
123	39	2651
39	133	361
133	39	361
39	168	4005
168	39	4005
39	180	299
180	39	300
39	157	3596
157	39	3596
40	87	797
87	40	798
40	95	3656
95	40	3657
40	126	4399
126	40	4400
40	176	4942
176	40	4942
40	103	2939
103	40	2939
40	191	4818
191	40	4819
40	147	1245
147	40	1246
40	122	1068
122	40	1069
40	148	644
148	40	645
40	84	3219
84	40	3220
40	189	3564
189	40	3564
41	92	4879
92	41	4879
41	114	2660
114	41	2660
41	117	3832
117	41	3832
41	77	3508
77	41	3508
41	193	4784
193	41	4785
41	147	4745
147	41	4746
41	160	1234
160	41	1234
41	44	4902
44	41	4903
41	99	4208
99	41	4208
41	51	4978
51	41	4978
41	199	2456
199	41	2456
41	168	176
168	41	176
41	95	863
95	41	863
41	47	2361
47	41	2362
41	154	4426
154	41	4426
42	177	1251
177	42	1252
42	81	1636
81	42	1637
42	175	3968
175	42	3968
42	150	3473
150	42	3473
42	74	4157
74	42	4158
42	61	4731
61	42	4731
42	89	1396
89	42	1397
42	64	2979
64	42	2979
42	153	4596
153	42	4596
42	58	3548
58	42	3548
42	122	3768
122	42	3769
42	54	3724
54	42	3724
42	142	4512
142	42	4513
42	106	2276
106	42	2276
42	137	3721
137	42	3721
43	93	4752
93	43	4752
43	176	4920
176	43	4921
43	165	3076
165	43	3076
43	132	1338
132	43	1339
43	80	2154
80	43	2155
43	44	4881
44	43	4882
43	56	1191
56	43	1191
43	181	3805
181	43	3806
43	81	2591
81	43	2592
43	177	4741
177	43	4741
43	60	1592
60	43	1592
43	61	4297
61	43	4297
43	83	4061
83	43	4062
43	140	4012
140	43	4012
43	194	4338
194	43	4338
44	63	3347
63	44	3347
44	74	4480
74	44	4481
44	129	2936
129	44	2936
44	80	4117
80	44	4118
44	82	4875
82	44	4876
44	174	4089
174	44	4089
44	81	3563
81	44	3564
44	57	661
57	44	661
44	140	1625
140	44	1625
44	107	4379
107	44	4380
44	134	4473
134	44	4473
44	195	3188
195	44	3189
45	66	2037
66	45	2037
45	141	2471
141	45	2472
45	98	2130
98	45	2131
45	180	4305
180	45	4305
45	101	4140
101	45	4140
45	68	3005
68	45	3005
45	91	1550
91	45	1551
45	136	4141
136	45	4141
45	63	828
63	45	829
45	146	4369
146	45	4370
45	55	1621
55	45	1621
45	178	1335
178	45	1336
46	125	1518
125	46	1518
46	65	196
65	46	197
46	47	1794
47	46	1794
46	94	3390
94	46	3390
46	89	1464
89	46	1464
46	138	3219
138	46	3219
46	83	2418
83	46	2419
46	104	4992
104	46	4993
46	135	3263
135	46	3263
46	127	3519
127	46	3519
47	119	4274
119	47	4274
47	48	3519
48	47	3520
47	181	3131
181	47	3131
47	79	4971
79	47	4971
47	138	3145
138	47	3146
47	130	4526
130	47	4526
47	83	4095
83	47	4095
47	51	3362
51	47	3362
47	101	3837
101	47	3838
47	159	3382
159	47	3383
47	124	4293
124	47	4293
47	156	4633
156	47	4634
47	193	4102
193	47	4103
47	74	1811
74	47	1811
47	137	4931
137	47	4932
48	172	4109
172	48	4109
48	89	4533
89	48	4534
48	113	4897
113	48	4898
48	139	3830
139	48	3830
48	128	4993
128	48	4994
48	155	4167
155	48	4168
48	194	1222
194	48	1223
48	116	4448
116	48	4448
48	73	1473
73	48	1473
48	142	4044
142	48	4044
49	55	4767
55	49	4767
49	90	2349
90	49	2349
49	190	449
190	49	449
49	50	3239
50	49	3240
49	127	4618
127	49	4619
49	191	2036
191	49	2036
49	120	2131
120	49	2132
49	68	4987
68	49	4988
49	162	3713
162	49	3714
49	150	4122
150	49	4122
49	121	4949
121	49	4949
49	169	3522
169	49	3523
50	157	1835
157	50	1835
50	103	645
103	50	645
50	156	347
156	50	347
50	142	3940
142	50	3941
50	68	4090
68	50	4090
50	85	4178
85	50	4179
50	158	2258
158	50	2259
50	187	2161
187	50	2161
50	67	1341
67	50	1341
50	112	2220
112	50	2220
50	122	4609
122	50	4610
50	70	3099
70	50	3099
50	123	3846
123	50	3846
50	138	3607
138	50	3607
50	61	1425
61	50	1425
50	52	4389
52	50	4389
51	96	2664
96	51	2665
51	97	2148
97	51	2149
51	69	2240
69	51	2241
51	184	4867
184	51	4867
51	84	4238
84	51	4239
51	105	4349
105	51	4349
51	83	3806
83	51	3806
51	134	4000
134	51	4000
51	199	3287
199	51	3287
51	66	1670
66	51	1671
51	176	2916
176	51	2916
52	141	4294
141	52	4294
52	104	4385
104	52	4385
52	162	4902
162	52	4902
52	120	4688
120	52	4688
52	91	1739
91	52	1739
52	97	1039
97	52	1039
52	170	2567
170	52	2567
52	144	4947
144	52	4947
52	140	4346
140	52	4347
53	119	2280
119	53	2281
53	132	3005
132	53	3006
53	75	1698
75	53	1698
53	102	1785
102	53	1785
53	80	4733
80	53	4733
53	176	3966
176	53	3967
53	146	4840
146	53	4841
53	174	202
174	53	203
53	190	4562
190	53	4562
53	109	882
109	53	883
53	58	3699
58	53	3700
53	151	4825
151	53	4825
53	126	1934
126	53	1934
54	95	3766
95	54	3767
54	97	4597
97	54	4597
54	136	4364
136	54	4364
54	176	2488
176	54	2488
54	89	1241
89	54	1241
54	127	4438
127	54	4438
54	64	3039
64	54	3040
54	93	3528
93	54	3528
54	101	2394
101	54	2394
54	125	4696
125	54	4697
55	93	4715
93	55	4716
55	173	1689
173	55	1690
55	97	4671
97	55	4672
55	89	4908
89	55	4909
55	184	2881
184	55	2882
55	191	4618
191	55	4618
55	82	1320
82	55	1320
55	111	4792
111	55	4793
55	170	2632
170	55	2633
55	68	3263
68	55	3263
55	181	3685
181	55	3686
55	178	1391
178	55	1392
55	108	2987
108	55	2987
55	110	2622
110	55	2622
55	109	4637
109	55	4638
56	73	3105
73	56	3105
56	199	2160
199	56	2160
56	149	3988
149	56	3989
56	122	3781
122	56	3781
56	180	832
180	56	832
56	119	533
119	56	533
56	82	3710
82	56	3710
56	103	4776
103	56	4776
56	174	3784
174	56	3785
56	126	4673
126	56	4673
56	129	4621
129	56	4622
56	60	2611
60	56	2612
56	68	1290
68	56	1290
56	86	1329
86	56	1330
57	176	2500
176	57	2500
57	142	4621
142	57	4622
57	69	1981
69	57	1982
57	62	4093
62	57	4093
57	200	4176
200	57	4177
57	170	4931
170	57	4931
57	81	813
81	57	814
57	171	3923
171	57	3924
57	66	3313
66	57	3314
57	199	4279
199	57	4279
58	172	3647
172	58	3647
58	110	3730
110	58	3730
58	88	3630
88	58	3630
58	145	3675
145	58	3675
58	148	3524
148	58	3524
58	61	1482
61	58	1483
58	126	4224
126	58	4225
58	127	4610
127	58	4610
58	90	4404
90	58	4404
59	74	1020
74	59	1020
59	96	4197
96	59	4197
59	191	4855
191	59	4855
59	173	2395
173	59	2395
59	119	4100
119	59	4100
59	93	364
93	59	364
59	143	4875
143	59	4876
59	160	2587
160	59	2588
59	174	4818
174	59	4818
59	97	2673
97	59	2674
59	154	3843
154	59	3843
59	132	2261
132	59	2262
59	95	4301
95	59	4301
59	184	1591
184	59	1592
59	135	3522
135	59	3522
60	129	4350
129	60	4351
60	184	4610
184	60	4610
60	85	1198
85	60	1199
60	86	4389
86	60	4390
60	180	3798
180	60	3798
60	153	4079
153	60	4079
60	199	4227
199	60	4227
60	114	303
114	60	303
60	132	2963
132	60	2964
60	146	2545
146	60	2546
60	136	4320
136	60	4321
60	131	830
131	60	831
60	78	1072
78	60	1072
60	141	2143
141	60	2143
60	111	3752
111	60	3753
61	150	4257
150	61	4257
61	112	135
112	61	135
61	98	1761
98	61	1761
61	113	2382
113	61	2383
61	127	4184
127	61	4184
61	154	4337
154	61	4338
61	133	2549
133	61	2549
61	100	1373
100	61	1374
61	106	2706
106	61	2706
62	151	4603
151	62	4603
62	154	367
154	62	368
62	140	2492
140	62	2492
62	81	3893
81	62	3893
62	180	3053
180	62	3053
62	67	4905
67	62	4905
62	160	3789
160	62	3789
62	179	2363
179	62	2364
62	95	4600
95	62	4601
62	105	76
105	62	76
62	162	4925
162	62	4925
63	73	3860
73	63	3860
63	167	4366
167	63	4366
63	98	4398
98	63	4398
63	127	3600
127	63	3601
63	79	603
79	63	604
63	171	4597
171	63	4598
63	177	2866
177	63	2867
63	74	4578
74	63	4578
63	157	4342
157	63	4343
63	101	499
101	63	499
63	121	2851
121	63	2852
63	176	601
176	63	602
63	108	2822
108	63	2822
64	165	262
165	64	262
64	91	1848
91	64	1849
64	68	3663
68	64	3664
64	88	4218
88	64	4218
64	115	1107
115	64	1107
64	132	2168
132	64	2168
64	160	1561
160	64	1561
64	111	3700
111	64	3700
64	98	2709
98	64	2709
64	159	2473
159	64	2473
64	119	3572
119	64	3572
64	183	1865
183	64	1865
64	82	600
82	64	600
65	102	3427
102	65	3427
65	85	4324
85	65	4325
65	90	3026
90	65	3027
65	173	1834
173	65	1834
65	158	4110
158	65	4110
65	171	558
171	65	559
65	123	3286
123	65	3286
65	119	3538
119	65	3539
65	106	571
106	65	571
66	178	1720
178	66	1720
66	82	3586
82	66	3587
66	139	4183
139	66	4184
66	91	2920
91	66	2921
66	92	3764
92	66	3765
66	156	1959
156	66	1960
66	90	3359
90	66	3359
66	158	4734
158	66	4734
66	115	1835
115	66	1836
66	132	2306
132	66	2306
67	171	4217
171	67	4218
67	93	2334
93	67	2335
67	134	1992
134	67	1992
67	176	4267
176	67	4268
67	120	3772
120	67	3773
67	101	4982
101	67	4982
67	164	4042
164	67	4042
67	108	4881
108	67	4882
67	158	1335
158	67	1335
67	161	3991
161	67	3992
67	143	3985
143	67	3985
67	105	1457
105	67	1457
67	148	4855
148	67	4856
67	152	1349
152	67	1349
68	75	1531
75	68	1532
68	169	4331
169	68	4331
68	165	4504
165	68	4504
69	108	3792
108	69	3792
69	126	3465
126	69	3465
69	174	4913
174	69	4914
69	152	3552
152	69	3553
69	197	3629
197	69	3629
69	113	3008
113	69	3008
69	190	2457
190	69	2457
69	106	4122
106	69	4123
69	79	1008
79	69	1009
69	74	1266
74	69	1267
69	125	4338
125	69	4338
69	162	1693
162	69	1693
69	103	4802
103	69	4802
69	193	1362
193	69	1363
70	81	517
81	70	517
70	114	4060
114	70	4061
70	183	4390
183	70	4390
70	73	4814
73	70	4814
70	176	4050
176	70	4050
70	160	3389
160	70	3389
70	97	4025
97	70	4025
70	126	4008
126	70	4009
70	117	2446
117	70	2446
70	178	3919
178	70	3920
71	120	1507
120	71	1508
71	180	4532
180	71	4532
71	123	757
123	71	758
71	139	4564
139	71	4564
71	125	4659
125	71	4660
71	178	4489
178	71	4489
71	126	4898
126	71	4898
71	146	2141
146	71	2141
71	97	4365
97	71	4365
71	177	3734
177	71	3735
71	171	4092
171	71	4093
71	95	4272
95	71	4272
71	72	4445
72	71	4446
71	87	799
87	71	799
71	73	212
73	71	213
72	78	2410
78	72	2411
72	142	4523
142	72	4524
72	81	3671
81	72	3671
72	121	4925
121	72	4925
72	113	4304
113	72	4305
72	193	4896
193	72	4896
72	122	3901
122	72	3902
72	98	1126
98	72	1126
72	105	4151
105	72	4152
72	86	3352
86	72	3353
72	134	2639
134	72	2639
72	164	1045
164	72	1046
73	107	2872
107	73	2872
73	102	4558
102	73	4559
73	91	4509
91	73	4510
73	158	58
158	73	59
73	125	3931
125	73	3931
73	149	3777
149	73	3778
73	142	3984
142	73	3984
73	81	2353
81	73	2354
73	179	3945
179	73	3946
73	183	4561
183	73	4561
74	115	1374
115	74	1374
74	107	2565
107	74	2565
74	138	1622
138	74	1622
74	114	3984
114	74	3985
74	103	4069
103	74	4069
74	174	2369
174	74	2370
74	145	3718
145	74	3719
75	150	1752
150	75	1752
75	176	4904
176	75	4905
75	99	1970
99	75	1970
75	102	4297
102	75	4298
75	177	3562
177	75	3562
75	160	4650
160	75	4650
75	101	4945
101	75	4946
75	131	4756
131	75	4757
75	128	2425
128	75	2426
75	80	4897
80	75	4897
75	162	1931
162	75	1932
75	174	3574
174	75	3574
75	91	2193
91	75	2194
75	199	4229
199	75	4229
76	141	1339
141	76	1340
76	151	3550
151	76	3551
76	103	207
103	76	207
76	155	3159
155	76	3159
76	144	2083
144	76	2084
76	119	1896
119	76	1896
76	81	4908
81	76	4909
76	136	2650
136	76	2651
76	112	3340
112	76	3341
76	128	3131
128	76	3131
76	99	2787
99	76	2787
76	162	3390
162	76	3391
76	90	2205
90	76	2206
77	166	3499
166	77	3499
77	84	3541
84	77	3542
77	88	4682
88	77	4683
77	160	3952
160	77	3953
77	79	1633
79	77	1633
77	175	141
175	77	142
77	105	4136
105	77	4137
77	158	1503
158	77	1503
77	178	4822
178	77	4822
77	136	3563
136	77	3564
78	177	4038
177	78	4039
78	174	3807
174	78	3808
78	108	1164
108	78	1165
78	82	3061
82	78	3061
78	200	4801
200	78	4801
78	163	4704
163	78	4705
78	149	4969
149	78	4970
78	184	564
184	78	565
78	138	3644
138	78	3645
78	135	1338
135	78	1339
78	134	1387
134	78	1387
78	100	3589
100	78	3589
78	154	1806
154	78	1806
78	107	3703
107	78	3704
79	176	2386
176	79	2387
79	109	1391
109	79	1391
79	132	4272
132	79	4272
79	133	919
133	79	919
79	87	3850
87	79	3850
79	127	4051
127	79	4052
80	108	4038
108	80	4039
80	91	1493
91	80	1493
80	144	4900
144	80	4901
80	156	1232
156	80	1232
80	128	392
128	80	393
80	125	1218
125	80	1218
80	89	3871
89	80	3872
80	134	3840
134	80	3841
80	178	2725
178	80	2725
80	143	4702
143	80	4702
80	95	3662
95	80	3662
80	169	2743
169	80	2743
81	142	4190
142	81	4190
81	126	2410
126	81	2410
81	112	2349
112	81	2350
81	152	4717
152	81	4718
81	158	762
158	81	762
81	96	3290
96	81	3291
81	146	1101
146	81	1102
82	151	2404
151	82	2405
82	154	3970
154	82	3970
82	168	2813
168	82	2814
82	157	4271
157	82	4271
82	171	4211
171	82	4211
82	87	4024
87	82	4025
83	163	1723
163	83	1724
83	126	4421
126	83	4422
83	129	2769
129	83	2770
83	148	2332
148	83	2332
83	99	3068
99	83	3068
83	113	3863
113	83	3863
83	151	1448
151	83	1449
83	130	4250
130	83	4250
83	105	1677
105	83	1677
83	131	3952
131	83	3952
84	117	3907
117	84	3907
84	88	3769
88	84	3769
84	141	720
141	84	720
84	139	3916
139	84	3917
84	136	2850
136	84	2851
84	129	4416
129	84	4416
84	145	4024
145	84	4025
84	138	4964
138	84	4965
84	180	4615
180	84	4615
84	152	4465
152	84	4465
84	101	2464
101	84	2465
84	120	4382
120	84	4382
85	140	4512
140	85	4513
85	162	4630
162	85	4630
85	176	2927
176	85	2928
85	139	4389
139	85	4389
85	144	2195
144	85	2195
85	165	3209
165	85	3210
85	138	4814
138	85	4814
86	163	4674
163	86	4674
86	158	2584
158	86	2585
86	131	1120
131	86	1120
86	175	816
175	86	817
86	200	1708
200	86	1708
86	134	3354
134	86	3354
86	139	4404
139	86	4405
86	111	4736
111	86	4737
87	155	2326
155	87	2327
87	173	4680
173	87	4680
87	109	3257
109	87	3257
87	131	2536
131	87	2536
87	143	169
143	87	169
87	159	3203
159	87	3203
87	120	2058
120	87	2058
87	96	2728
96	87	2728
87	179	122
179	87	122
88	148	327
148	88	327
88	139	4222
139	88	4223
88	146	3710
146	88	3711
88	126	3055
126	88	3055
88	114	1869
114	88	1869
88	102	4320
102	88	4320
88	122	1321
122	88	1322
88	164	4206
164	88	4207
88	144	4987
144	88	4987
88	167	4713
167	88	4714
89	131	2359
131	89	2360
89	106	1314
106	89	1314
89	130	1472
130	89	1472
89	137	4814
137	89	4814
89	161	3032
161	89	3033
89	160	2419
160	89	2419
89	166	499
166	89	499
89	118	4315
118	89	4315
90	93	1633
93	90	1634
90	144	2251
144	90	2252
90	200	3981
200	90	3982
90	99	3752
99	90	3752
90	128	4961
128	90	4961
90	124	3717
124	90	3718
90	167	1527
167	90	1528
90	175	4081
175	90	4082
91	119	4404
119	91	4405
91	171	2154
171	91	2155
91	114	1038
114	91	1038
91	102	4866
102	91	4867
91	110	1612
110	91	1613
92	94	1202
94	92	1202
92	161	509
161	92	510
92	147	355
147	92	355
92	122	4384
122	92	4384
92	158	4155
158	92	4156
92	118	304
118	92	305
92	124	4657
124	92	4657
92	163	4883
163	92	4884
92	152	1921
152	92	1921
92	153	2945
153	92	2946
92	102	1024
102	92	1024
93	116	1556
116	93	1557
93	171	4743
171	93	4744
93	179	2048
179	93	2049
93	114	4713
114	93	4714
93	177	1153
177	93	1154
93	101	2288
101	93	2289
93	151	248
151	93	249
93	155	118
155	93	119
93	109	1238
109	93	1239
93	122	1118
122	93	1118
94	107	4426
107	94	4426
94	114	934
114	94	934
94	96	4126
96	94	4126
94	145	3609
145	94	3609
94	170	4607
170	94	4608
94	159	830
159	94	830
94	98	4029
98	94	4029
94	172	4413
172	94	4414
94	152	3109
152	94	3110
94	160	1384
160	94	1384
95	116	4738
116	95	4739
95	167	2614
167	95	2614
95	97	2940
97	95	2940
95	177	3808
177	95	3809
95	170	3917
170	95	3918
96	120	2505
120	96	2505
96	159	928
159	96	928
96	111	2264
111	96	2264
96	164	1884
164	96	1884
96	136	2930
136	96	2930
96	100	2516
100	96	2517
96	113	274
113	96	275
97	137	2710
137	97	2710
98	102	1303
102	98	1303
98	138	4906
138	98	4907
98	120	1260
120	98	1261
98	177	1807
177	98	1808
98	131	906
131	98	906
99	179	2222
179	99	2223
99	123	4318
123	99	4319
99	119	3599
119	99	3600
99	141	1359
141	99	1360
99	105	2567
105	99	2568
99	116	3682
116	99	3682
99	145	2535
145	99	2536
99	163	4129
163	99	4130
99	155	2052
155	99	2052
99	129	1437
129	99	1437
99	147	3631
147	99	3631
100	141	4064
141	100	4064
100	104	1216
104	100	1216
100	184	4160
184	100	4161
100	110	3707
110	100	3707
100	177	473
177	100	474
100	152	83
152	100	83
100	145	3914
145	100	3914
100	115	4051
115	100	4052
100	158	1497
158	100	1497
100	126	2632
126	100	2632
101	143	4410
143	101	4410
101	145	2808
145	101	2809
101	170	1042
170	101	1043
101	153	4225
153	101	4226
102	113	3803
113	102	3803
103	171	4240
171	103	4241
104	114	1933
114	104	1934
104	126	3944
126	104	3944
104	147	1794
147	104	1795
104	106	4614
106	104	4615
104	166	4947
166	104	4947
104	179	574
179	104	574
106	170	4368
170	106	4368
106	123	4158
123	106	4158
106	161	693
161	106	694
107	167	3600
167	107	3601
107	162	4804
162	107	4805
107	123	785
123	107	786
107	152	3137
152	107	3137
108	177	4495
177	108	4496
108	124	3909
124	108	3910
108	163	1204
163	108	1205
109	168	4073
168	109	4073
109	137	2832
137	109	2832
110	166	3576
166	110	3576
110	124	3007
124	110	3008
110	112	2587
112	110	2588
110	145	3733
145	110	3733
110	151	4528
151	110	4529
111	117	2815
117	111	2816
111	144	1929
144	111	1930
112	134	1392
134	112	1392
112	155	2459
155	112	2460
112	151	1330
151	112	1331
112	138	2238
138	112	2239
112	123	3549
123	112	3550
113	115	3272
115	113	3273
113	121	4224
121	113	4224
113	134	54
134	113	54
115	151	4023
151	115	4024
115	145	4724
145	115	4724
115	156	3440
156	115	3441
116	149	2444
149	116	2444
116	173	3294
173	116	3295
116	140	3009
140	116	3009
117	179	3968
179	117	3969
117	146	4673
146	117	4673
117	149	3600
149	117	3601
117	173	3871
173	117	3871
117	172	3978
172	117	3979
117	138	4681
138	117	4681
117	157	4230
157	117	4230
118	173	3741
173	118	3741
118	166	4982
166	118	4983
118	151	4784
151	118	4785
118	121	344
121	118	344
118	150	3263
150	118	3264
118	179	1860
179	118	1860
118	149	2193
149	118	2194
118	177	3909
177	118	3909
118	157	364
157	118	364
121	166	1639
166	121	1639
121	152	4487
152	121	4488
121	164	3793
164	121	3794
121	130	2457
130	121	2457
121	145	1473
145	121	1474
122	128	2080
128	122	2081
122	144	3677
144	122	3677
122	136	2762
136	122	2763
122	124	2895
124	122	2896
124	153	689
153	124	689
124	150	2630
150	124	2630
124	175	3144
175	124	3144
128	177	4278
177	128	4278
128	164	168
164	128	168
130	140	913
140	130	913
130	145	2238
145	130	2238
130	136	2934
136	130	2934
130	168	3900
168	130	3900
134	141	4813
141	134	4814
137	179	1616
179	137	1617
140	179	4447
179	140	4448
140	168	4417
168	140	4417
140	170	394
170	140	394
140	150	4049
150	140	4050
144	152	4809
152	144	4810
147	149	2829
149	147	2830
147	173	4675
173	147	4675
147	166	4726
166	147	4727
150	153	3239
153	150	3239
150	156	2755
156	150	2756
150	184	904
184	150	905
156	168	380
168	156	381
164	168	3958
168	164	3958
164	173	1455
173	164	1456
164	172	2873
172	164	2874
168	172	3344
172	168	3345
168	175	3930
175	168	3930
172	175	3598
175	172	3598
