900	5234
2	2
2	2
5	5
3	3
4	4
2	2
2	2
4	4
4	4
5	5
3	3
4	4
5	5
2	2
2	2
4	4
4	4
2	2
3	3
2	2
3	3
4	4
4	4
5	5
5	5
4	4
2	2
4	4
3	3
4	4
5	5
5	5
3	3
2	2
4	4
3	3
4	4
5	5
5	5
3	3
2	2
5	5
4	4
5	5
4	4
2	2
4	4
5	5
3	3
3	3
5	5
3	3
2	2
3	3
3	3
2	2
3	3
5	5
5	5
2	2
5	5
4	4
4	4
3	3
5	5
3	3
3	3
2	2
5	5
2	2
4	4
3	3
3	3
5	5
4	4
3	3
5	5
2	2
5	5
5	5
5	5
2	2
2	2
4	4
5	5
4	4
4	4
4	4
5	5
5	5
2	2
3	3
3	3
4	4
4	4
5	5
3	3
5	5
3	3
3	3
4	4
3	3
3	3
2	2
2	2
4	4
5	5
2	2
4	4
3	3
5	5
4	4
4	4
5	5
4	4
5	5
2	2
2	2
4	4
2	2
2	2
3	3
2	2
3	3
2	2
4	4
5	5
2	2
2	2
3	3
5	5
4	4
2	2
4	4
3	3
3	3
3	3
2	2
4	4
5	5
4	4
5	5
4	4
2	2
5	5
3	3
2	2
4	4
3	3
3	3
3	3
5	5
2	2
2	2
3	3
4	4
2	2
4	4
4	4
5	5
2	2
3	3
3	3
2	2
2	2
5	5
3	3
2	2
5	5
3	3
2	2
5	5
2	2
2	2
2	2
3	3
3	3
2	2
5	5
3	3
3	3
3	3
5	5
5	5
4	4
2	2
4	4
5	5
3	3
5	5
3	3
4	4
4	4
5	5
5	5
3	3
5	5
4	4
3	3
5	5
4	4
4	4
5	5
5	5
5	5
3	3
4	4
4	4
2	2
3	3
4	4
5	5
3	3
4	4
5	5
4	4
5	5
4	4
4	4
2	2
5	5
4	4
3	3
2	2
4	4
3	3
4	4
4	4
2	2
5	5
5	5
5	5
4	4
2	2
3	3
5	5
2	2
3	3
3	3
4	4
5	5
3	3
3	3
5	5
3	3
2	2
5	5
2	2
4	4
4	4
2	2
2	2
5	5
4	4
3	3
3	3
4	4
4	4
2	2
5	5
4	4
5	5
2	2
2	2
5	5
4	4
2	2
2	2
2	2
3	3
5	5
5	5
3	3
3	3
4	4
3	3
5	5
5	5
3	3
3	3
2	2
2	2
2	2
5	5
2	2
5	5
2	2
3	3
4	4
2	2
5	5
2	2
5	5
3	3
2	2
2	2
2	2
4	4
4	4
5	5
4	4
5	5
4	4
4	4
2	2
4	4
2	2
3	3
4	4
2	2
5	5
4	4
4	4
4	4
3	3
4	4
2	2
2	2
3	3
5	5
5	5
4	4
4	4
3	3
2	2
4	4
3	3
4	4
4	4
3	3
3	3
3	3
3	3
3	3
3	3
3	3
3	3
2	2
3	3
3	3
4	4
4	4
4	4
4	4
4	4
5	5
3	3
5	5
3	3
3	3
4	4
4	4
3	3
4	4
5	5
2	2
4	4
3	3
4	4
4	4
5	5
2	2
3	3
4	4
4	4
5	5
3	3
5	5
2	2
5	5
4	4
3	3
5	5
2	2
2	2
4	4
4	4
3	3
4	4
5	5
5	5
4	4
3	3
5	5
2	2
2	2
3	3
2	2
2	2
5	5
5	5
4	4
3	3
2	2
4	4
4	4
2	2
4	4
3	3
2	2
3	3
4	4
4	4
4	4
4	4
3	3
5	5
3	3
4	4
3	3
2	2
2	2
4	4
5	5
2	2
2	2
2	2
2	2
4	4
3	3
2	2
3	3
3	3
4	4
3	3
2	2
3	3
5	5
4	4
4	4
4	4
3	3
2	2
5	5
4	4
2	2
5	5
2	2
3	3
3	3
4	4
4	4
4	4
4	4
2	2
2	2
5	5
2	2
3	3
4	4
4	4
2	2
4	4
5	5
3	3
5	5
5	5
3	3
3	3
3	3
5	5
5	5
2	2
5	5
4	4
3	3
3	3
4	4
2	2
2	2
2	2
4	4
2	2
2	2
4	4
3	3
2	2
4	4
3	3
5	5
2	2
5	5
2	2
2	2
3	3
5	5
5	5
3	3
3	3
5	5
3	3
4	4
4	4
4	4
5	5
2	2
2	2
2	2
4	4
4	4
4	4
3	3
2	2
2	2
4	4
2	2
4	4
2	2
2	2
4	4
2	2
5	5
3	3
4	4
5	5
2	2
4	4
4	4
3	3
2	2
3	3
4	4
5	5
2	2
3	3
5	5
3	3
3	3
3	3
4	4
2	2
2	2
3	3
5	5
5	5
3	3
2	2
2	2
4	4
2	2
4	4
2	2
5	5
3	3
3	3
3	3
4	4
4	4
5	5
5	5
5	5
4	4
3	3
5	5
4	4
3	3
4	4
3	3
3	3
2	2
2	2
3	3
3	3
3	3
2	2
2	2
5	5
4	4
4	4
5	5
2	2
4	4
3	3
3	3
2	2
3	3
2	2
5	5
3	3
2	2
3	3
4	4
3	3
2	2
5	5
2	2
5	5
5	5
2	2
4	4
2	2
3	3
3	3
4	4
5	5
5	5
4	4
3	3
5	5
4	4
2	2
2	2
2	2
5	5
2	2
4	4
5	5
2	2
2	2
2	2
4	4
4	4
3	3
3	3
4	4
3	3
2	2
2	2
3	3
3	3
5	5
5	5
3	3
2	2
4	4
2	2
5	5
4	4
5	5
3	3
2	2
4	4
3	3
3	3
5	5
5	5
5	5
5	5
3	3
2	2
5	5
4	4
3	3
5	5
4	4
5	5
4	4
4	4
2	2
5	5
5	5
2	2
2	2
3	3
2	2
2	2
4	4
2	2
4	4
5	5
4	4
4	4
4	4
4	4
2	2
2	2
4	4
3	3
2	2
2	2
5	5
2	2
3	3
4	4
2	2
2	2
4	4
5	5
4	4
2	2
4	4
5	5
5	5
3	3
4	4
5	5
5	5
4	4
4	4
4	4
3	3
2	2
5	5
4	4
3	3
4	4
4	4
4	4
2	2
4	4
4	4
4	4
3	3
4	4
4	4
3	3
2	2
4	4
4	4
2	2
2	2
4	4
3	3
2	2
2	2
2	2
3	3
4	4
4	4
4	4
5	5
5	5
4	4
3	3
4	4
4	4
3	3
3	3
3	3
4	4
4	4
3	3
4	4
3	3
4	4
4	4
5	5
2	2
3	3
4	4
5	5
5	5
4	4
5	5
4	4
2	2
2	2
5	5
3	3
4	4
2	2
5	5
3	3
5	5
3	3
5	5
4	4
2	2
3	3
4	4
3	3
2	2
5	5
2	2
3	3
3	3
3	3
5	5
3	3
3	3
2	2
4	4
3	3
2	2
2	2
5	5
5	5
3	3
3	3
5	5
2	2
2	2
2	2
2	2
3	3
3	3
5	5
3	3
3	3
4	4
3	3
2	2
5	5
5	5
5	5
5	5
5	5
2	2
4	4
2	2
5	5
4	4
5	5
3	3
5	5
4	4
3	3
5	5
4	4
5	5
3	3
4	4
4	4
5	5
3	3
2	2
4	4
4	4
5	5
2	2
4	4
5	5
3	3
2	2
2	2
3	3
2	2
4	4
4	4
5	5
5	5
5	5
4	4
5	5
5	5
3	3
2	2
3	3
3	3
4	4
2	2
2	2
2	2
3	3
4	4
2	2
3	3
5	5
4	4
4	4
5	5
3	3
5	5
5	5
3	3
2	2
3	3
3	3
3	3
3	3
4	4
5	5
3	3
2	2
2	2
2	2
5	5
3	3
2	2
5	5
5	5
2	2
2	2
2	2
3	3
4	4
3	3
4	4
3	3
3	3
3	3
4	4
3	3
2	2
4	4
5	5
4	4
3	3
5	5
5	5
5	5
3	3
2	2
3	3
4	4
4	4
4	4
5	5
3	3
3	3
1	136	4375
136	1	4376
1	766	3918
766	1	3918
1	170	3797
170	1	3798
1	309	2710
309	1	2710
1	333	3135
333	1	3135
1	350	4204
350	1	4204
1	211	3728
211	1	3728
1	789	3737
789	1	3738
1	376	4066
376	1	4067
1	894	1382
894	1	1383
1	293	4029
293	1	4029
1	429	4432
429	1	4433
1	195	4151
195	1	4151
1	477	2639
477	1	2640
1	426	2994
426	1	2995
1	318	1188
318	1	1188
1	166	1759
166	1	1759
1	141	3945
141	1	3946
2	832	4119
832	2	4119
2	20	4893
20	2	4893
2	602	1692
602	2	1692
2	512	1293
512	2	1294
2	294	4157
294	2	4158
2	435	3009
435	2	3009
2	158	4987
158	2	4988
2	365	1771
365	2	1772
2	182	601
182	2	601
2	161	1145
161	2	1145
2	121	4527
121	2	4528
2	313	2483
313	2	2483
2	74	532
74	2	532
3	856	4661
856	3	4662
3	16	4068
16	3	4069
3	100	1222
100	3	1223
3	336	3352
336	3	3352
3	377	3759
377	3	3759
3	760	3702
760	3	3703
3	524	3555
524	3	3556
3	590	4196
590	3	4197
3	761	3911
761	3	3912
3	743	4566
743	3	4566
3	725	4212
725	3	4212
3	363	4677
363	3	4677
3	528	2441
528	3	2441
3	215	2554
215	3	2555
3	189	3245
189	3	3245
3	6	4371
6	3	4372
4	523	3852
523	4	3853
4	590	2171
590	4	2171
4	407	4418
407	4	4419
4	891	4065
891	4	4066
4	494	3823
494	4	3823
4	196	1069
196	4	1070
4	205	2273
205	4	2274
4	794	3905
794	4	3905
4	853	4240
853	4	4241
4	773	3459
773	4	3460
4	68	2000
68	4	2000
4	435	171
435	4	171
4	216	4313
216	4	4314
4	787	4593
787	4	4593
5	874	3518
874	5	3518
5	657	4473
657	5	4473
5	898	4710
898	5	4711
5	109	1412
109	5	1412
5	470	3762
470	5	3763
5	267	4017
267	5	4017
5	327	4358
327	5	4358
5	416	3229
416	5	3229
5	202	2995
202	5	2995
5	94	3896
94	5	3896
5	209	4957
209	5	4957
5	484	3810
484	5	3811
5	762	2482
762	5	2482
5	400	375
400	5	376
5	540	4375
540	5	4375
5	31	4593
31	5	4594
5	175	1682
175	5	1683
5	381	4028
381	5	4029
6	129	3999
129	6	4000
6	72	4160
72	6	4161
6	200	4208
200	6	4209
6	331	4191
331	6	4191
6	511	1111
511	6	1112
6	231	4774
231	6	4775
6	501	4547
501	6	4547
6	842	4154
842	6	4155
6	149	3890
149	6	3891
6	618	3433
618	6	3433
6	447	2448
447	6	2448
6	173	1044
173	6	1044
6	373	1190
373	6	1191
6	110	537
110	6	537
6	448	3038
448	6	3039
6	797	2341
797	6	2342
6	185	3988
185	6	3989
7	328	2248
328	7	2249
7	884	3473
884	7	3473
7	33	698
33	7	698
7	593	3863
593	7	3863
7	179	4611
179	7	4611
7	243	2028
243	7	2028
7	581	2666
581	7	2666
7	862	4485
862	7	4485
7	285	2659
285	7	2659
7	524	3724
524	7	3725
7	720	1452
720	7	1452
7	374	2857
374	7	2857
7	157	4637
157	7	4638
7	105	2392
105	7	2392
8	768	1354
768	8	1354
8	837	4552
837	8	4553
8	560	4132
560	8	4132
8	653	4446
653	8	4446
8	45	4628
45	8	4629
8	642	4953
642	8	4953
8	407	4032
407	8	4032
8	102	4975
102	8	4976
8	72	2557
72	8	2558
8	47	4759
47	8	4759
8	263	3540
263	8	3540
8	269	4786
269	8	4787
8	548	1758
548	8	1759
8	103	4488
103	8	4488
8	256	803
256	8	803
8	345	2297
345	8	2298
8	799	3493
799	8	3494
8	512	3910
512	8	3911
8	420	2475
420	8	2476
9	499	63
499	9	63
9	73	1937
73	9	1938
9	553	4191
553	9	4192
9	150	2262
150	9	2262
9	309	626
309	9	627
9	70	4020
70	9	4021
9	406	4548
406	9	4548
9	848	3631
848	9	3631
9	420	1359
420	9	1360
9	594	1182
594	9	1182
9	755	2596
755	9	2597
9	65	3158
65	9	3158
9	275	2311
275	9	2312
9	350	1150
350	9	1151
9	405	4255
405	9	4255
9	118	1433
118	9	1434
9	36	4194
36	9	4195
9	624	4156
624	9	4157
10	807	3831
807	10	3831
10	341	4537
341	10	4537
10	394	2784
394	10	2784
10	48	2474
48	10	2475
10	768	209
768	10	209
10	310	662
310	10	662
10	258	3564
258	10	3565
10	504	4016
504	10	4017
10	213	4262
213	10	4263
10	100	4296
100	10	4297
10	421	3038
421	10	3039
10	45	3047
45	10	3048
10	859	3773
859	10	3773
10	442	2098
442	10	2098
10	805	4707
805	10	4708
10	606	1841
606	10	1842
10	588	63
588	10	64
10	405	3977
405	10	3978
11	117	4784
117	11	4784
11	553	4925
553	11	4925
11	125	4400
125	11	4401
11	714	3757
714	11	3757
11	620	1741
620	11	1741
11	355	3163
355	11	3163
11	771	2543
771	11	2544
11	279	2012
279	11	2012
11	86	1562
86	11	1562
11	563	3050
563	11	3050
11	798	3559
798	11	3560
11	165	408
165	11	409
11	318	3245
318	11	3245
11	344	1133
344	11	1133
11	704	3975
704	11	3975
11	785	4268
785	11	4269
11	460	1395
460	11	1395
12	32	3728
32	12	3729
12	164	117
164	12	117
12	609	2109
609	12	2110
12	56	4711
56	12	4711
12	322	4275
322	12	4275
12	441	4222
441	12	4222
12	900	2728
900	12	2728
12	392	4745
392	12	4745
12	893	1384
893	12	1384
12	688	3867
688	12	3868
12	293	4583
293	12	4584
12	281	803
281	12	803
12	19	2299
19	12	2300
12	708	3013
708	12	3013
12	191	3792
191	12	3792
12	841	4912
841	12	4912
12	107	4829
107	12	4830
12	417	2963
417	12	2964
13	397	3806
397	13	3806
13	417	3481
417	13	3482
13	383	4031
383	13	4032
13	207	2531
207	13	2531
13	818	2308
818	13	2309
13	617	4799
617	13	4800
13	890	2045
890	13	2045
13	505	1390
505	13	1391
13	173	4920
173	13	4920
13	296	2361
296	13	2361
13	135	2468
135	13	2468
13	111	4727
111	13	4727
14	776	3307
776	14	3308
14	426	3913
426	14	3914
14	378	4330
378	14	4331
14	179	3860
179	14	3860
14	371	3723
371	14	3723
14	115	4424
115	14	4424
14	83	3947
83	14	3948
14	743	2911
743	14	2911
14	25	230
25	14	230
14	613	1253
613	14	1254
14	784	4984
784	14	4985
14	50	4049
50	14	4050
14	142	1045
142	14	1046
14	339	3239
339	14	3240
15	559	2777
559	15	2777
15	811	3488
811	15	3488
15	500	4958
500	15	4959
15	417	4817
417	15	4818
15	480	3482
480	15	3483
15	75	4248
75	15	4248
15	321	3003
321	15	3004
15	601	4997
601	15	4997
15	317	4550
317	15	4550
15	468	1353
468	15	1354
15	327	4288
327	15	4289
15	32	3969
32	15	3970
15	66	2519
66	15	2519
15	813	4341
813	15	4341
15	203	4374
203	15	4375
15	427	3367
427	15	3367
15	326	2517
326	15	2518
16	175	4298
175	16	4299
16	854	4163
854	16	4164
16	30	2782
30	16	2782
16	651	2996
651	16	2996
16	588	4475
588	16	4476
16	117	649
117	16	650
16	78	1580
78	16	1580
16	231	2514
231	16	2515
16	849	4884
849	16	4884
16	666	4947
666	16	4948
16	644	4660
644	16	4661
16	149	506
149	16	507
16	782	4005
782	16	4006
16	584	1125
584	16	1125
17	211	3656
211	17	3656
17	626	265
626	17	266
17	729	4674
729	17	4675
17	789	1715
789	17	1715
17	437	4927
437	17	4928
17	27	1630
27	17	1631
17	872	2639
872	17	2640
17	600	4644
600	17	4644
17	409	4544
409	17	4545
17	100	534
100	17	535
17	764	1800
764	17	1801
17	587	1436
587	17	1437
17	126	3359
126	17	3360
18	301	3604
301	18	3604
18	578	4830
578	18	4831
18	33	3637
33	18	3638
18	600	3552
600	18	3552
18	508	4115
508	18	4115
18	766	3120
766	18	3121
18	222	594
222	18	594
18	451	108
451	18	108
18	28	4261
28	18	4261
18	395	2592
395	18	2593
18	544	4295
544	18	4295
18	226	4070
226	18	4071
19	72	698
72	19	698
19	810	4445
810	19	4446
19	284	3787
284	19	3788
19	276	3758
276	19	3758
19	250	1418
250	19	1418
19	505	1757
505	19	1758
19	149	3242
149	19	3242
19	703	4352
703	19	4353
19	636	4806
636	19	4806
19	774	3868
774	19	3868
19	558	3679
558	19	3679
19	323	1457
323	19	1457
19	571	4306
571	19	4307
20	603	3331
603	20	3331
20	716	4793
716	20	4794
20	140	2207
140	20	2207
20	531	3817
531	20	3817
20	249	4805
249	20	4806
20	643	4671
643	20	4671
20	579	2414
579	20	2415
20	555	3865
555	20	3865
20	199	2959
199	20	2960
20	301	1691
301	20	1691
20	740	4180
740	20	4180
20	699	4806
699	20	4806
20	672	4551
672	20	4552
21	669	3168
669	21	3168
21	138	3356
138	21	3356
21	797	4435
797	21	4435
21	49	4101
49	21	4101
21	390	4547
390	21	4547
21	169	1961
169	21	1962
21	222	1306
222	21	1306
21	162	2826
162	21	2826
21	368	3023
368	21	3023
21	89	611
89	21	612
21	415	2590
415	21	2590
21	646	2176
646	21	2176
21	611	3222
611	21	3223
22	75	4290
75	22	4290
22	601	4278
601	22	4278
22	292	3733
292	22	3733
22	888	3014
888	22	3014
22	594	2031
594	22	2032
22	649	1425
649	22	1425
22	718	1146
718	22	1147
22	556	1812
556	22	1812
22	321	4880
321	22	4881
22	149	4425
149	22	4426
22	709	4342
709	22	4342
22	790	4696
790	22	4697
22	495	2424
495	22	2424
22	259	4794
259	22	4795
22	474	4550
474	22	4551
22	454	4353
454	22	4354
23	710	2129
710	23	2129
23	243	4969
243	23	4970
23	507	927
507	23	928
23	186	1414
186	23	1414
23	712	4604
712	23	4605
23	689	4966
689	23	4966
23	730	3138
730	23	3138
23	628	750
628	23	751
23	899	4977
899	23	4977
23	417	1405
417	23	1405
23	772	2340
772	23	2340
23	828	2050
828	23	2050
23	348	1331
348	23	1331
23	820	2761
820	23	2762
23	326	146
326	23	146
23	245	1372
245	23	1372
24	633	191
633	24	192
24	643	4277
643	24	4277
24	59	3820
59	24	3820
24	610	2510
610	24	2510
24	307	4531
307	24	4532
24	37	4720
37	24	4720
24	386	1344
386	24	1345
24	527	4811
527	24	4812
24	748	2294
748	24	2294
24	537	4635
537	24	4635
24	611	2429
611	24	2429
24	507	1718
507	24	1719
24	639	3156
639	24	3157
24	573	2390
573	24	2391
25	267	4202
267	25	4202
25	548	4860
548	25	4860
25	668	4951
668	25	4952
25	667	1263
667	25	1264
25	801	4342
801	25	4342
25	582	2285
582	25	2285
25	843	2059
843	25	2059
25	191	1641
191	25	1641
25	278	1191
278	25	1191
25	86	3536
86	25	3537
25	347	4163
347	25	4163
25	736	2958
736	25	2959
25	257	992
257	25	993
25	138	436
138	25	437
25	525	3581
525	25	3581
25	598	1237
598	25	1237
26	137	1424
137	26	1425
26	331	4799
331	26	4800
26	154	3627
154	26	3628
26	586	4503
586	26	4504
26	175	3998
175	26	3999
26	549	1303
549	26	1303
26	682	451
682	26	452
26	194	4497
194	26	4497
26	759	4291
759	26	4292
26	749	2722
749	26	2723
26	370	1876
370	26	1876
26	895	3905
895	26	3906
26	99	3652
99	26	3652
26	517	4760
517	26	4761
26	452	3503
452	26	3504
26	237	609
237	26	610
27	731	300
731	27	300
27	445	1699
445	27	1699
27	172	3822
172	27	3823
27	425	4860
425	27	4861
27	120	1247
120	27	1248
27	233	1732
233	27	1732
27	141	3560
141	27	3561
27	659	2691
659	27	2692
27	347	4233
347	27	4234
27	65	2824
65	27	2824
27	151	2892
151	27	2892
28	489	890
489	28	891
28	68	63
68	28	63
28	331	284
331	28	285
28	530	4406
530	28	4407
28	292	3247
292	28	3247
28	364	4949
364	28	4949
28	748	774
748	28	774
28	100	3959
100	28	3960
28	655	1812
655	28	1812
28	304	3664
304	28	3664
28	816	146
816	28	146
28	274	3016
274	28	3016
28	303	1800
303	28	1800
28	378	3156
378	28	3157
28	324	1972
324	28	1973
28	112	3703
112	28	3703
28	55	562
55	28	563
29	592	4396
592	29	4396
29	199	4874
199	29	4875
29	110	4077
110	29	4077
29	399	1933
399	29	1933
29	441	4719
441	29	4720
29	161	4611
161	29	4611
29	677	3407
677	29	3408
29	363	3557
363	29	3558
29	51	3787
51	29	3788
29	622	2141
622	29	2142
29	763	1447
763	29	1448
29	612	3503
612	29	3503
29	686	2116
686	29	2117
29	259	1172
259	29	1173
29	513	979
513	29	980
30	559	4133
559	30	4134
30	770	3481
770	30	3481
30	439	4042
439	30	4042
30	160	2437
160	30	2437
30	284	4928
284	30	4929
30	494	4116
494	30	4117
30	109	3975
109	30	3975
30	195	4838
195	30	4838
30	343	4538
343	30	4538
30	528	4516
528	30	4516
30	547	1160
547	30	1161
30	682	2030
682	30	2031
30	858	2916
858	30	2916
30	748	4080
748	30	4081
30	577	4250
577	30	4251
30	258	4833
258	30	4834
30	265	4546
265	30	4546
31	195	1968
195	31	1969
31	238	2658
238	31	2659
31	95	2214
95	31	2215
31	586	1475
586	31	1475
31	336	1795
336	31	1796
31	838	4221
838	31	4221
31	607	475
607	31	475
31	615	2580
615	31	2580
31	583	2849
583	31	2850
31	186	3822
186	31	3822
31	736	3889
736	31	3890
31	815	3649
815	31	3649
32	101	4393
101	32	4394
32	346	3757
346	32	3758
32	778	4228
778	32	4228
32	821	2447
821	32	2448
32	501	2448
501	32	2449
32	296	4146
296	32	4146
32	683	923
683	32	924
32	452	3904
452	32	3904
32	213	4898
213	32	4898
32	784	821
784	32	822
32	578	2829
578	32	2829
32	421	1366
421	32	1366
32	782	3665
782	32	3666
32	307	1153
307	32	1153
32	400	2084
400	32	2084
33	883	1424
883	33	1425
33	158	4160
158	33	4161
33	649	2156
649	33	2157
33	388	1733
388	33	1733
33	224	4416
224	33	4416
33	47	3269
47	33	3270
33	208	3257
208	33	3257
33	787	4725
787	33	4726
33	493	2333
493	33	2333
33	742	2581
742	33	2581
33	630	3874
630	33	3875
33	408	3816
408	33	3816
33	399	2931
399	33	2931
33	876	1951
876	33	1952
34	675	2138
675	34	2139
34	564	2886
564	34	2886
34	330	1509
330	34	1510
34	783	3678
783	34	3679
34	230	1194
230	34	1194
34	601	4083
601	34	4084
34	216	1575
216	34	1576
34	105	4014
105	34	4015
34	152	1865
152	34	1865
34	138	549
138	34	549
34	493	3610
493	34	3611
34	313	3921
313	34	3921
35	814	4156
814	35	4156
35	473	3739
473	35	3740
35	424	3851
424	35	3852
35	637	3328
637	35	3329
35	243	4035
243	35	4036
35	532	3752
532	35	3752
35	663	4475
663	35	4475
35	199	4476
199	35	4476
35	756	2528
756	35	2529
35	434	3622
434	35	3622
35	77	4690
77	35	4691
35	747	474
747	35	475
35	840	1689
840	35	1690
36	336	3340
336	36	3341
36	744	3258
744	36	3259
36	773	4979
773	36	4980
36	290	4566
290	36	4566
36	132	4858
132	36	4858
36	723	3144
723	36	3145
36	412	4250
412	36	4250
36	435	3812
435	36	3813
36	612	3521
612	36	3522
36	557	4873
557	36	4874
36	236	4325
236	36	4326
36	341	4629
341	36	4630
37	782	4732
782	37	4732
37	638	1521
638	37	1522
37	615	3393
615	37	3393
37	391	3187
391	37	3187
37	226	4531
226	37	4532
37	465	2994
465	37	2995
37	328	4713
328	37	4714
37	93	2780
93	37	2780
37	319	2349
319	37	2349
37	250	4712
250	37	4713
37	610	4714
610	37	4714
37	738	4595
738	37	4596
37	369	4612
369	37	4613
37	875	4764
875	37	4765
37	158	4848
158	37	4849
38	621	1458
621	38	1459
38	296	4151
296	38	4152
38	43	3675
43	38	3675
38	425	3540
425	38	3541
38	506	1026
506	38	1027
38	346	335
346	38	335
38	855	3961
855	38	3961
38	435	4305
435	38	4306
38	421	2349
421	38	2349
38	217	3891
217	38	3892
38	220	4286
220	38	4286
38	79	3748
79	38	3748
38	219	647
219	38	648
38	657	4395
657	38	4395
38	214	4150
214	38	4150
38	483	3157
483	38	3157
38	187	4734
187	38	4735
39	746	92
746	39	93
39	669	4691
669	39	4691
39	46	4105
46	39	4106
39	367	3257
367	39	3258
39	623	2892
623	39	2892
39	615	4212
615	39	4212
39	684	4600
684	39	4601
39	379	3742
379	39	3743
39	296	2478
296	39	2478
39	662	4554
662	39	4555
39	160	4524
160	39	4525
39	866	3993
866	39	3993
40	60	4114
60	40	4114
40	80	4719
80	40	4719
40	694	1297
694	40	1298
40	485	3493
485	40	3493
40	405	4123
405	40	4124
40	392	1777
392	40	1777
40	572	1611
572	40	1612
40	620	3730
620	40	3730
40	97	3879
97	40	3879
40	800	4618
800	40	4619
40	48	3637
48	40	3638
40	831	957
831	40	958
40	197	4356
197	40	4357
40	880	4265
880	40	4266
40	114	669
114	40	669
40	435	2158
435	40	2159
40	727	4159
727	40	4159
40	139	928
139	40	928
40	604	4324
604	40	4324
41	785	2637
785	41	2638
41	589	4955
589	41	4955
41	640	1415
640	41	1416
41	252	2388
252	41	2389
41	103	1344
103	41	1345
41	677	617
677	41	618
41	753	3072
753	41	3073
41	250	3134
250	41	3134
41	201	4439
201	41	4440
41	667	4449
667	41	4450
41	579	2614
579	41	2615
41	62	3074
62	41	3075
41	257	446
257	41	446
42	66	2852
66	42	2852
42	600	1856
600	42	1857
42	302	4129
302	42	4130
42	119	3809
119	42	3810
42	887	3451
887	42	3451
42	554	817
554	42	817
42	763	3736
763	42	3737
42	539	2966
539	42	2967
42	151	1835
151	42	1835
42	76	398
76	42	398
42	486	4787
486	42	4788
42	661	1871
661	42	1871
42	833	4577
833	42	4577
43	361	3556
361	43	3557
43	741	2622
741	43	2622
43	790	1487
790	43	1488
43	621	4480
621	43	4481
43	79	251
79	43	252
43	296	2705
296	43	2705
43	114	3118
114	43	3118
43	421	2424
421	43	2424
43	164	3826
164	43	3827
43	252	3755
252	43	3755
43	523	3525
523	43	3526
43	380	3830
380	43	3831
43	699	588
699	43	589
43	49	1612
49	43	1612
43	419	4800
419	43	4800
44	134	4799
134	44	4799
44	574	3395
574	44	3395
44	284	1331
284	44	1332
44	405	646
405	44	647
44	137	1579
137	44	1579
44	852	287
852	44	288
44	712	3038
712	44	3039
44	81	1897
81	44	1897
44	180	1280
180	44	1280
44	187	838
187	44	838
44	48	897
48	44	898
44	504	1274
504	44	1274
44	515	1694
515	44	1695
45	77	1918
77	45	1919
45	218	3032
218	45	3033
45	403	4301
403	45	4302
45	478	772
478	45	772
45	422	4556
422	45	4557
45	460	3914
460	45	3914
45	91	610
91	45	610
45	380	2805
380	45	2805
45	400	2833
400	45	2834
45	885	2027
885	45	2027
45	493	4942
493	45	4943
45	447	1888
447	45	1889
45	439	2837
439	45	2838
45	635	723
635	45	724
45	267	1150
267	45	1150
45	145	4069
145	45	4070
46	128	3951
128	46	3952
46	281	4235
281	46	4235
46	159	176
159	46	177
46	384	70
384	46	70
46	803	3358
803	46	3359
46	501	2523
501	46	2524
46	390	4734
390	46	4734
46	755	3595
755	46	3596
46	201	3441
201	46	3442
46	792	1098
792	46	1099
46	691	3406
691	46	3406
46	769	2992
769	46	2992
46	335	4564
335	46	4564
46	677	4309
677	46	4310
46	180	4407
180	46	4407
46	114	3863
114	46	3863
46	702	4148
702	46	4149
46	188	1519
188	46	1520
47	693	1195
693	47	1195
47	698	1692
698	47	1693
47	184	4167
184	47	4168
47	711	4268
711	47	4269
47	410	3792
410	47	3792
47	708	4050
708	47	4051
47	55	559
55	47	560
47	321	3959
321	47	3959
47	491	4580
491	47	4580
47	395	4471
395	47	4472
47	538	3884
538	47	3884
47	691	4654
691	47	4655
47	623	4513
623	47	4514
47	802	785
802	47	785
48	731	222
731	48	223
48	307	2259
307	48	2259
48	92	3942
92	48	3943
48	184	103
184	48	103
48	421	3796
421	48	3797
48	424	4095
424	48	4095
48	668	2407
668	48	2407
48	787	4111
787	48	4111
48	153	2435
153	48	2435
48	844	4057
844	48	4058
48	515	3256
515	48	3257
48	234	1530
234	48	1530
48	537	1195
537	48	1195
49	51	4890
51	49	4891
49	516	2446
516	49	2446
49	208	3761
208	49	3762
49	607	4157
607	49	4157
49	257	4789
257	49	4790
49	793	1125
793	49	1126
49	462	1789
462	49	1789
49	238	3638
238	49	3639
49	54	4457
54	49	4458
49	210	3761
210	49	3762
49	105	126
105	49	127
49	389	4995
389	49	4996
49	227	3534
227	49	3534
50	54	4593
54	50	4593
50	693	3702
693	50	3702
50	787	311
787	50	311
50	104	3685
104	50	3686
50	146	4844
146	50	4844
50	478	2177
478	50	2178
50	661	1427
661	50	1428
50	654	4920
654	50	4920
50	812	2689
812	50	2689
50	326	1057
326	50	1058
50	228	1154
228	50	1155
50	241	1478
241	50	1479
50	124	3943
124	50	3944
51	640	3313
640	51	3314
51	481	4543
481	51	4543
51	290	1721
290	51	1721
51	863	2693
863	51	2693
51	675	3932
675	51	3933
51	609	3784
609	51	3784
51	94	4466
94	51	4467
51	177	4413
177	51	4413
51	537	2929
537	51	2929
51	789	4121
789	51	4122
51	192	4913
192	51	4913
52	529	1444
529	52	1445
52	664	3405
664	52	3406
52	103	3811
103	52	3812
52	213	3725
213	52	3726
52	674	901
674	52	901
52	825	2207
825	52	2207
52	574	4804
574	52	4805
52	786	1446
786	52	1446
52	174	2435
174	52	2436
52	389	1568
389	52	1569
52	557	4870
557	52	4870
52	493	4989
493	52	4990
52	210	4907
210	52	4908
52	318	3571
318	52	3572
52	636	4938
636	52	4939
52	366	600
366	52	601
52	298	1471
298	52	1471
53	765	372
765	53	373
53	456	3808
456	53	3809
53	779	4070
779	53	4070
53	236	2450
236	53	2451
53	544	1695
544	53	1695
53	721	925
721	53	926
53	373	4417
373	53	4417
53	426	4551
426	53	4552
53	671	4192
671	53	4193
53	247	536
247	53	536
53	134	3903
134	53	3904
53	758	3819
758	53	3819
53	433	3228
433	53	3228
53	69	2602
69	53	2603
53	400	4551
400	53	4552
53	535	4967
535	53	4967
54	490	1150
490	54	1151
54	366	3119
366	54	3119
54	740	3608
740	54	3608
54	701	4637
701	54	4638
54	709	3413
709	54	3413
54	623	3337
623	54	3338
54	440	3845
440	54	3845
54	204	3500
204	54	3501
54	482	3525
482	54	3525
54	310	3489
310	54	3490
54	770	3966
770	54	3967
54	247	2943
247	54	2943
54	214	3939
214	54	3939
55	388	4875
388	55	4876
55	144	3656
144	55	3656
55	651	1212
651	55	1212
55	405	4359
405	55	4360
55	239	831
239	55	831
55	722	2522
722	55	2523
55	299	3835
299	55	3835
55	345	2083
345	55	2083
55	414	1640
414	55	1641
55	823	511
823	55	512
56	96	4750
96	56	4750
56	743	1933
743	56	1933
56	657	2413
657	56	2414
56	300	3899
300	56	3900
56	331	2886
331	56	2887
56	624	4215
624	56	4215
56	82	2863
82	56	2863
56	665	4628
665	56	4629
56	431	2778
431	56	2779
56	291	4314
291	56	4314
56	425	3219
425	56	3220
56	344	2139
344	56	2139
56	329	1228
329	56	1229
56	249	4609
249	56	4609
56	335	1109
335	56	1110
56	471	3623
471	56	3623
56	348	1239
348	56	1240
56	175	1188
175	56	1189
57	470	4983
470	57	4984
57	425	2776
425	57	2777
57	538	1725
538	57	1726
57	581	1138
581	57	1139
57	127	4008
127	57	4009
57	449	2878
449	57	2879
57	78	4388
78	57	4388
57	808	1716
808	57	1716
57	173	4728
173	57	4729
57	480	3478
480	57	3478
57	627	481
627	57	482
57	207	4103
207	57	4103
57	764	4218
764	57	4218
57	877	3652
877	57	3652
57	593	4328
593	57	4329
57	282	4823
282	57	4824
57	819	4017
819	57	4018
57	718	1278
718	57	1278
58	448	4936
448	58	4936
58	867	3641
867	58	3642
58	316	2488
316	58	2488
58	340	1328
340	58	1329
58	77	3223
77	58	3224
58	675	1210
675	58	1211
58	733	2192
733	58	2192
58	312	4967
312	58	4968
58	301	1708
301	58	1708
58	779	4157
779	58	4157
58	196	3678
196	58	3679
58	847	2662
847	58	2662
58	403	4537
403	58	4538
58	764	2413
764	58	2414
59	284	4041
284	59	4042
59	169	904
169	59	904
59	462	1521
462	59	1522
59	157	620
157	59	620
59	528	1175
528	59	1176
59	669	3196
669	59	3196
59	168	280
168	59	281
59	410	2722
410	59	2723
59	215	4875
215	59	4876
59	318	3480
318	59	3481
59	139	3777
139	59	3778
59	638	2777
638	59	2778
59	779	3121
779	59	3122
59	502	2356
502	59	2356
59	441	2640
441	59	2640
59	151	4754
151	59	4755
60	881	2399
881	60	2399
60	588	2777
588	60	2778
60	517	3975
517	60	3976
60	519	4240
519	60	4240
60	780	3387
780	60	3388
60	699	4916
699	60	4916
60	623	3015
623	60	3016
60	230	4033
230	60	4034
60	896	4564
896	60	4564
60	500	4842
500	60	4842
60	829	4816
829	60	4817
60	313	4464
313	60	4465
60	204	1939
204	60	1939
61	212	4217
212	61	4217
61	434	4131
434	61	4132
61	406	4790
406	61	4791
61	781	4901
781	61	4901
61	320	4571
320	61	4571
61	797	3846
797	61	3847
61	166	4187
166	61	4188
61	77	4049
77	61	4049
61	734	2073
734	61	2074
61	184	2741
184	61	2741
61	70	3840
70	61	3841
61	419	4975
419	61	4975
61	306	4088
306	61	4089
61	845	572
845	61	573
61	764	3703
764	61	3704
61	604	3951
604	61	3951
62	469	1396
469	62	1397
62	406	4033
406	62	4033
62	165	3893
165	62	3894
62	235	4592
235	62	4592
62	168	528
168	62	529
62	371	4179
371	62	4180
62	542	4673
542	62	4673
62	431	4358
431	62	4358
62	689	4955
689	62	4956
62	376	3586
376	62	3586
62	279	524
279	62	524
62	465	1920
465	62	1920
62	229	731
229	62	731
62	258	4063
258	62	4063
62	653	1613
653	62	1613
63	270	3980
270	63	3980
63	446	2413
446	63	2414
63	179	3156
179	63	3156
63	334	1686
334	63	1686
63	505	1466
505	63	1466
63	552	4321
552	63	4321
63	182	1190
182	63	1190
63	123	1263
123	63	1264
63	624	3677
624	63	3678
63	763	4621
763	63	4621
63	456	4421
456	63	4421
63	745	1600
745	63	1600
63	696	4318
696	63	4319
63	83	2006
83	63	2006
64	338	3938
338	64	3939
64	824	1679
824	64	1680
64	463	3567
463	64	3568
64	286	3774
286	64	3774
64	236	501
236	64	502
64	116	3105
116	64	3106
64	277	3690
277	64	3690
64	822	3181
822	64	3182
64	399	4466
399	64	4467
64	608	4114
608	64	4115
64	355	3920
355	64	3920
64	645	3193
645	64	3194
65	336	4835
336	65	4836
65	486	559
486	65	560
65	202	2721
202	65	2722
65	165	933
165	65	934
65	681	4787
681	65	4787
65	369	2141
369	65	2141
65	257	1197
257	65	1197
65	312	2860
312	65	2861
65	318	1556
318	65	1557
65	321	4517
321	65	4518
66	685	3223
685	66	3223
66	406	1254
406	66	1255
66	539	4311
539	66	4312
66	664	4683
664	66	4683
66	499	3060
499	66	3060
66	86	1510
86	66	1510
66	80	849
80	66	849
66	597	142
597	66	142
66	382	540
382	66	540
66	735	3958
735	66	3958
66	489	3644
489	66	3645
66	410	4118
410	66	4118
66	134	1664
134	66	1665
66	336	2116
336	66	2116
67	195	3791
195	67	3792
67	602	4248
602	67	4249
67	467	2854
467	67	2854
67	439	4576
439	67	4577
67	658	1628
658	67	1629
67	630	4530
630	67	4531
67	616	4751
616	67	4752
67	372	1961
372	67	1961
67	415	4323
415	67	4323
67	401	4205
401	67	4206
67	719	2778
719	67	2778
67	103	4107
103	67	4108
67	731	4746
731	67	4747
67	806	144
806	67	145
68	541	2208
541	68	2208
68	209	4284
209	68	4284
68	440	106
440	68	106
68	548	464
548	68	464
68	95	2416
95	68	2417
68	335	2843
335	68	2843
68	749	3612
749	68	3613
68	254	4473
254	68	4474
68	410	2761
410	68	2761
68	225	4160
225	68	4161
68	744	3947
744	68	3947
68	278	4952
278	68	4952
68	796	2498
796	68	2499
68	656	4684
656	68	4684
69	834	4131
834	69	4131
69	78	4890
78	69	4891
69	428	2277
428	69	2278
69	106	4305
106	69	4306
69	270	2937
270	69	2938
69	138	1662
138	69	1662
69	367	4526
367	69	4527
69	786	4476
786	69	4477
69	377	4098
377	69	4099
69	179	2196
179	69	2196
69	158	3824
158	69	3825
69	192	4012
192	69	4012
69	177	134
177	69	134
69	450	4158
450	69	4158
69	424	2894
424	69	2894
69	104	4534
104	69	4534
70	826	4168
826	70	4169
70	476	4591
476	70	4592
70	87	4535
87	70	4535
70	156	3518
156	70	3518
70	229	3312
229	70	3312
70	739	3242
739	70	3242
70	292	2499
292	70	2499
70	141	4783
141	70	4784
70	485	4823
485	70	4823
70	423	1067
423	70	1068
70	729	3672
729	70	3672
70	101	4637
101	70	4638
71	207	4478
207	71	4478
71	865	4900
865	71	4900
71	505	4389
505	71	4389
71	128	197
128	71	197
71	155	3240
155	71	3240
71	450	1350
450	71	1350
71	781	4059
781	71	4060
71	239	2585
239	71	2586
71	225	2498
225	71	2499
71	380	3989
380	71	3990
71	448	3809
448	71	3809
71	174	4489
174	71	4489
71	105	3354
105	71	3354
72	160	506
160	72	507
72	589	961
589	72	962
72	717	246
717	72	247
72	254	3488
254	72	3488
72	422	2612
422	72	2612
72	213	454
213	72	455
72	871	259
871	72	260
72	434	4741
434	72	4742
72	237	3970
237	72	3971
72	520	2422
520	72	2423
73	567	4280
567	73	4280
73	359	2654
359	73	2655
73	595	4187
595	73	4187
73	140	108
140	73	108
73	373	3924
373	73	3925
73	389	843
389	73	843
73	261	297
261	73	297
73	374	368
374	73	368
73	94	1392
94	73	1393
73	495	4515
495	73	4516
73	738	2779
738	73	2779
74	395	302
395	74	303
74	317	4319
317	74	4319
74	80	2047
80	74	2047
74	175	4890
175	74	4890
74	432	3803
432	74	3803
74	455	2803
455	74	2804
74	383	1809
383	74	1809
74	348	2133
348	74	2134
74	292	2144
292	74	2144
74	739	4987
739	74	4987
74	115	1051
115	74	1052
75	302	1411
302	75	1412
75	147	3663
147	75	3663
75	76	2608
76	75	2608
75	126	3937
126	75	3938
75	772	4257
772	75	4258
75	543	4813
543	75	4813
75	427	752
427	75	752
75	889	3799
889	75	3800
75	886	4531
886	75	4531
75	204	3509
204	75	3509
75	106	4851
106	75	4852
75	693	2857
693	75	2858
76	744	4210
744	76	4211
76	602	4827
602	76	4828
76	310	3761
310	76	3762
76	212	4650
212	76	4650
76	90	4544
90	76	4545
76	322	1315
322	76	1316
76	506	1531
506	76	1532
76	381	1327
381	76	1327
76	751	3887
751	76	3888
76	729	361
729	76	362
77	568	2533
568	77	2533
77	723	3245
723	77	3246
77	375	4078
375	77	4079
77	104	2555
104	77	2555
77	598	3159
598	77	3160
77	204	4930
204	77	4930
77	647	4088
647	77	4089
77	344	3824
344	77	3825
77	365	212
365	77	212
78	460	3447
460	78	3447
78	367	2473
367	78	2474
78	248	4714
248	78	4714
78	725	2535
725	78	2536
78	564	4549
564	78	4549
78	675	1486
675	78	1487
78	299	4417
299	78	4418
78	115	4054
115	78	4054
78	258	3805
258	78	3806
78	868	4320
868	78	4321
78	466	2220
466	78	2221
78	267	3275
267	78	3275
78	496	3065
496	78	3065
78	759	4262
759	78	4263
78	754	2985
754	78	2985
78	690	2676
690	78	2677
79	286	4573
286	79	4574
79	716	4236
716	79	4237
79	526	2674
526	79	2674
79	316	1288
316	79	1289
79	446	3608
446	79	3608
79	410	2381
410	79	2381
79	441	2112
441	79	2112
79	104	4844
104	79	4845
79	321	1392
321	79	1393
79	457	2884
457	79	2885
80	89	4372
89	80	4372
80	316	917
316	80	918
80	335	4148
335	80	4148
80	93	4827
93	80	4828
80	668	2248
668	80	2249
80	473	675
473	80	676
80	535	209
535	80	210
80	280	4574
280	80	4575
80	270	1107
270	80	1108
80	487	4840
487	80	4840
80	195	3965
195	80	3965
81	318	4367
318	81	4367
81	141	3533
141	81	3533
81	597	1230
597	81	1230
81	400	4788
400	81	4788
81	607	4608
607	81	4608
81	150	3635
150	81	3635
81	534	4201
534	81	4202
81	359	1433
359	81	1433
81	99	2995
99	81	2995
81	693	602
693	81	602
81	258	4415
258	81	4416
82	616	4902
616	82	4903
82	556	3635
556	82	3636
82	205	4953
205	82	4954
82	403	3620
403	82	3620
82	358	686
358	82	687
82	220	2763
220	82	2764
82	336	3794
336	82	3794
82	694	4768
694	82	4768
82	735	4976
735	82	4977
82	788	2853
788	82	2853
82	233	1578
233	82	1579
83	794	4613
794	83	4614
83	551	4401
551	83	4401
83	276	4098
276	83	4099
83	605	389
605	83	390
83	467	4996
467	83	4996
83	134	2499
134	83	2500
83	749	1966
749	83	1966
83	511	460
511	83	461
83	344	3922
344	83	3922
83	178	513
178	83	513
83	181	776
181	83	777
83	790	4129
790	83	4129
83	194	3734
194	83	3734
84	678	3801
678	84	3801
84	348	4062
348	84	4063
84	326	4143
326	84	4143
84	258	4541
258	84	4541
84	644	4334
644	84	4334
84	126	2058
126	84	2059
84	311	3713
311	84	3714
84	303	4705
303	84	4705
84	142	1606
142	84	1607
84	353	2111
353	84	2111
84	124	73
124	84	74
84	648	1653
648	84	1653
84	94	4913
94	84	4913
84	302	2818
302	84	2819
84	439	953
439	84	954
84	469	2711
469	84	2711
85	391	4585
391	85	4586
85	549	3095
549	85	3095
85	323	3894
323	85	3895
85	511	4085
511	85	4085
85	357	1879
357	85	1879
85	638	4389
638	85	4390
85	431	1893
431	85	1894
85	467	3924
467	85	3924
85	90	2529
90	85	2529
85	150	2893
150	85	2893
85	224	3219
224	85	3220
85	805	2486
805	85	2486
85	231	4378
231	85	4378
85	420	2246
420	85	2246
85	503	4414
503	85	4414
85	653	3738
653	85	3738
86	297	4229
297	86	4230
86	441	4420
441	86	4421
86	686	4401
686	86	4401
86	662	4884
662	86	4885
86	759	4930
759	86	4931
86	481	4717
481	86	4718
86	96	1934
96	86	1934
86	737	4307
737	86	4307
86	668	4917
668	86	4918
86	262	4998
262	86	4998
87	189	3462
189	87	3462
87	159	1526
159	87	1526
87	389	4989
389	87	4989
87	857	4253
857	87	4253
87	345	4361
345	87	4361
87	245	1363
245	87	1364
87	210	1513
210	87	1514
87	112	1569
112	87	1570
87	348	775
348	87	775
87	383	4886
383	87	4886
87	256	2916
256	87	2916
87	457	3810
457	87	3810
87	835	4634
835	87	4635
87	212	4277
212	87	4278
87	113	4252
113	87	4252
88	204	4218
204	88	4218
88	603	244
603	88	245
88	575	1757
575	88	1758
88	247	1062
247	88	1063
88	425	2391
425	88	2392
88	634	4055
634	88	4055
88	687	1906
687	88	1907
88	565	4438
565	88	4438
88	252	95
252	88	96
88	543	2458
543	88	2458
88	430	2110
430	88	2110
88	518	4907
518	88	4908
88	475	3502
475	88	3502
88	365	4702
365	88	4703
88	333	1245
333	88	1245
89	450	4611
450	89	4611
89	326	4101
326	89	4102
89	95	4553
95	89	4553
89	692	2666
692	89	2667
89	322	2017
322	89	2017
89	343	4321
343	89	4322
89	506	4404
506	89	4405
89	223	4862
223	89	4863
89	242	3254
242	89	3255
89	398	465
398	89	466
89	499	3844
499	89	3844
89	152	4413
152	89	4413
89	480	855
480	89	856
89	275	3993
275	89	3993
90	143	3741
143	90	3742
90	301	4017
301	90	4018
90	303	3542
303	90	3543
90	422	3944
422	90	3944
90	262	3241
262	90	3241
90	673	2108
673	90	2108
90	104	1282
104	90	1283
90	860	4925
860	90	4925
90	333	4888
333	90	4889
90	254	3044
254	90	3045
90	177	1882
177	90	1883
90	369	765
369	90	766
90	403	1115
403	90	1115
91	786	4739
786	91	4739
91	213	2935
213	91	2935
91	290	2223
290	91	2223
91	568	4109
568	91	4110
91	394	4265
394	91	4265
91	132	1291
132	91	1291
91	616	4063
616	91	4063
91	534	2032
534	91	2033
92	111	598
111	92	598
92	165	4591
165	92	4591
92	131	3491
131	92	3491
92	145	2417
145	92	2418
92	509	1700
509	92	1700
92	271	3039
271	92	3040
92	336	3560
336	92	3561
92	614	4835
614	92	4836
92	306	4155
306	92	4155
92	219	2062
219	92	2062
93	686	2255
686	93	2256
93	366	2001
366	93	2001
93	494	3921
494	93	3922
93	369	3744
369	93	3745
94	728	2217
728	94	2217
95	351	2493
351	95	2493
95	428	2003
428	95	2004
95	347	4033
347	95	4033
95	282	1458
282	95	1458
96	414	4009
414	96	4009
96	421	4979
421	96	4980
96	124	4747
124	96	4747
96	800	2613
800	96	2614
96	437	2116
437	96	2116
97	803	1442
803	97	1443
97	185	1934
185	97	1934
97	356	1044
356	97	1045
97	108	923
108	97	923
97	784	1518
784	97	1519
98	406	4502
406	98	4503
98	477	3569
477	98	3569
98	139	4987
139	98	4987
98	568	1645
568	98	1646
98	326	4393
326	98	4394
98	286	4064
286	98	4065
98	280	1799
280	98	1799
98	382	110
382	98	110
99	203	770
203	99	770
99	696	3489
696	99	3490
99	462	3592
462	99	3593
99	576	273
576	99	273
99	677	3373
677	99	3374
100	732	4475
732	100	4475
100	645	2519
645	100	2520
100	534	4833
534	100	4833
101	739	2427
739	101	2427
101	339	572
339	101	573
101	510	809
510	101	809
101	217	2317
217	101	2317
101	114	4485
114	101	4485
101	489	3900
489	101	3900
101	415	2967
415	101	2968
101	146	4315
146	101	4316
101	128	3175
128	101	3176
102	680	4077
680	102	4077
102	662	3588
662	102	3589
102	757	3273
757	102	3274
102	615	1308
615	102	1308
102	873	3984
873	102	3985
102	648	3288
648	102	3288
102	687	4547
687	102	4548
102	511	4404
511	102	4404
102	897	3410
897	102	3411
102	626	3614
626	102	3614
103	674	3518
674	103	3518
103	453	4310
453	103	4310
103	755	1225
755	103	1226
104	809	4236
809	104	4237
105	237	3539
237	105	3540
105	365	4204
365	105	4204
105	362	3794
362	105	3795
105	146	4740
146	105	4740
106	406	4169
406	106	4169
106	882	4427
882	106	4428
106	749	4301
749	106	4301
106	577	2371
577	106	2372
106	310	1207
310	106	1208
106	280	3371
280	106	3371
106	322	2425
322	106	2425
107	122	2428
122	107	2429
107	722	3044
722	107	3044
107	538	2594
538	107	2594
107	359	2960
359	107	2961
107	382	4926
382	107	4926
107	705	3772
705	107	3772
107	242	877
242	107	878
107	545	3869
545	107	3869
107	533	2947
533	107	2947
108	608	362
608	108	363
108	455	2347
455	108	2347
108	302	4225
302	108	4225
108	128	2221
128	108	2222
108	267	3933
267	108	3933
108	168	3734
168	108	3735
108	429	2905
429	108	2906
108	250	1203
250	108	1204
108	379	1778
379	108	1779
109	773	3958
773	109	3959
109	286	4007
286	109	4007
109	364	1459
364	109	1459
109	342	4588
342	109	4588
110	391	1428
391	110	1428
110	220	4671
220	110	4672
110	631	3139
631	110	3140
110	573	3085
573	110	3086
110	140	4253
140	110	4253
110	297	3976
297	110	3977
110	869	2084
869	110	2085
110	639	1874
639	110	1874
111	363	3125
363	111	3126
111	378	4423
378	111	4424
111	781	1600
781	111	1601
111	801	1353
801	111	1353
111	455	1956
455	111	1957
111	238	2117
238	111	2118
111	635	3919
635	111	3920
111	417	4795
417	111	4795
112	379	3903
379	112	3903
112	192	268
192	112	269
112	253	4727
253	112	4727
112	870	1661
870	112	1661
112	776	4108
776	112	4108
112	370	1834
370	112	1834
113	742	4726
742	113	4727
113	603	4326
603	113	4327
113	204	4305
204	113	4306
113	476	2013
476	113	2014
113	683	2428
683	113	2428
114	413	4154
413	114	4155
114	209	4312
209	114	4312
114	326	3115
326	114	3116
114	414	2818
414	114	2818
115	264	4859
264	115	4860
115	140	3108
140	115	3108
115	648	3669
648	115	3669
115	446	2845
446	115	2845
115	637	359
637	115	360
115	275	4608
275	115	4608
116	345	1359
345	116	1359
116	266	3918
266	116	3918
116	341	2505
341	116	2505
116	124	4405
124	116	4406
117	519	80
519	117	80
117	742	4428
742	117	4429
117	626	4636
626	117	4636
118	648	2722
648	118	2723
118	333	1296
333	118	1296
118	687	299
687	118	300
118	380	1622
380	118	1622
118	143	4734
143	118	4735
119	486	4595
486	119	4596
119	433	1938
433	119	1939
119	846	1712
846	119	1713
119	314	960
314	119	961
119	522	3839
522	119	3840
119	380	4516
380	119	4517
119	715	2165
715	119	2165
119	347	3442
347	119	3443
119	809	3092
809	119	3092
119	236	3185
236	119	3186
120	754	3805
754	120	3806
120	712	4238
712	120	4239
120	534	4406
534	120	4407
120	647	3989
647	120	3990
121	299	1910
299	121	1911
121	319	3057
319	121	3057
121	772	3716
772	121	3716
121	892	3818
892	121	3819
121	705	4233
705	121	4233
121	738	4974
738	121	4974
121	366	607
366	121	608
121	404	1590
404	121	1591
121	408	213
408	121	213
122	280	4920
280	122	4921
122	147	3736
147	122	3737
122	599	4838
599	122	4839
122	266	4432
266	122	4432
122	514	2908
514	122	2908
122	750	1848
750	122	1849
122	637	3821
637	122	3822
122	124	4853
124	122	4854
122	414	4650
414	122	4651
123	521	2832
521	123	2832
123	320	4005
320	123	4006
123	182	4545
182	123	4545
123	609	1030
609	123	1031
123	272	2446
272	123	2447
124	580	3670
580	124	3670
124	190	4009
190	124	4010
124	566	4179
566	124	4180
124	299	4966
299	124	4966
125	700	4619
700	125	4620
125	574	2981
574	125	2982
125	725	4605
725	125	4605
125	138	3121
138	125	3121
125	390	3773
390	125	3773
125	617	4207
617	125	4208
125	218	4874
218	125	4875
125	381	3529
381	125	3529
125	653	4568
653	125	4569
125	186	2981
186	125	2981
126	170	2002
170	126	2003
126	599	1345
599	126	1345
126	641	3031
641	126	3032
126	344	2592
344	126	2593
126	562	1473
562	126	1474
126	382	4593
382	126	4593
126	698	3126
698	126	3126
126	198	4802
198	126	4802
127	176	263
176	127	263
127	428	3054
428	127	3054
127	535	3852
535	127	3853
127	214	1133
214	127	1133
127	695	2678
695	127	2678
127	250	1356
250	127	1357
127	400	3673
400	127	3674
127	155	1509
155	127	1510
127	722	1963
722	127	1963
127	149	3944
149	127	3944
128	222	3974
222	128	3974
128	793	3691
793	128	3691
128	739	1876
739	128	1877
129	642	4605
642	129	4605
129	130	4069
130	129	4070
129	620	1617
620	129	1618
129	268	1036
268	129	1036
130	803	3152
803	130	3153
130	141	2322
141	130	2323
130	395	3133
395	130	3134
130	385	1297
385	130	1297
130	195	859
195	130	859
131	382	3654
382	131	3655
131	717	3529
717	131	3529
131	390	4184
390	131	4184
131	552	4906
552	131	4907
131	205	806
205	131	807
131	781	3872
781	131	3873
131	394	4721
394	131	4722
131	191	4454
191	131	4455
131	140	559
140	131	559
131	344	4517
344	131	4518
132	197	4600
197	132	4601
132	344	4106
344	132	4107
132	412	125
412	132	126
132	363	1949
363	132	1949
132	367	891
367	132	891
132	620	4519
620	132	4519
132	341	4786
341	132	4787
132	642	3513
642	132	3514
132	761	3944
761	132	3944
133	275	613
275	133	613
133	413	4301
413	133	4301
133	156	2624
156	133	2625
133	421	2654
421	133	2655
133	520	4547
520	133	4547
133	183	4721
183	133	4721
133	226	1959
226	133	1959
134	257	754
257	134	754
134	139	2132
139	134	2132
135	777	2268
777	135	2268
135	325	3994
325	135	3995
135	335	3578
335	135	3578
135	169	4008
169	135	4009
135	635	3061
635	135	3062
135	279	3932
279	135	3932
135	614	4257
614	135	4257
135	271	4920
271	135	4921
136	154	4455
154	136	4455
136	138	4992
138	136	4993
136	365	2119
365	136	2119
136	167	2879
167	136	2879
136	680	1003
680	136	1003
136	160	4848
160	136	4848
136	233	4107
233	136	4107
136	338	3749
338	136	3750
136	757	665
757	136	666
137	243	4879
243	137	4880
137	552	3883
552	137	3883
137	384	4737
384	137	4737
139	178	3110
178	139	3111
139	245	3755
245	139	3756
139	429	1313
429	139	1314
139	359	4123
359	139	4124
139	414	4206
414	139	4206
139	444	1880
444	139	1880
140	850	2383
850	140	2384
140	642	4868
642	140	4868
140	564	3573
564	140	3573
140	603	2615
603	140	2615
140	221	2602
221	140	2602
141	331	4157
331	141	4158
141	830	2426
830	141	2427
141	173	2444
173	141	2445
142	701	3782
701	142	3783
142	595	4796
595	142	4796
142	403	4996
403	142	4997
142	197	2573
197	142	2574
143	498	3935
498	143	3935
143	292	4120
292	143	4120
143	411	3683
411	143	3683
143	510	3929
510	143	3930
143	851	4389
851	143	4389
143	752	4293
752	143	4294
143	783	4773
783	143	4774
144	379	2582
379	144	2583
144	287	2611
287	144	2611
144	557	642
557	144	642
144	297	698
297	144	698
144	357	3074
357	144	3075
144	416	4875
416	144	4876
144	200	3212
200	144	3212
144	385	1543
385	144	1543
144	671	4632
671	144	4632
144	439	3883
439	144	3884
145	264	384
264	145	385
145	566	4005
566	145	4005
145	417	4921
417	145	4921
145	302	1502
302	145	1503
145	808	3721
808	145	3722
145	585	2935
585	145	2935
145	429	1847
429	145	1848
145	772	4814
772	145	4814
145	555	3554
555	145	3555
146	396	4828
396	146	4828
146	595	3761
595	146	3762
146	618	3381
618	146	3382
146	150	2435
150	146	2436
146	804	1051
804	146	1052
146	217	2510
217	146	2510
147	164	4891
164	147	4892
147	277	1771
277	147	1772
147	670	4470
670	147	4471
147	324	2323
324	147	2324
147	800	4361
800	147	4362
147	576	4157
576	147	4157
147	418	4082
418	147	4083
148	304	3702
304	148	3702
148	502	1675
502	148	1675
148	513	4151
513	148	4152
148	537	761
537	148	762
148	210	1241
210	148	1241
150	712	1788
712	150	1788
151	183	3775
183	151	3776
151	788	4076
788	151	4076
151	584	2915
584	151	2915
151	479	422
479	151	422
151	328	1003
328	151	1003
151	698	4010
698	151	4011
151	579	922
579	151	922
151	665	3584
665	151	3585
152	743	4311
743	152	4311
152	217	3017
217	152	3017
152	154	1892
154	152	1893
152	388	2423
388	152	2424
152	390	3278
390	152	3279
152	397	1378
397	152	1379
153	629	3950
629	153	3951
153	433	4562
433	153	4562
153	436	2033
436	153	2034
153	368	2904
368	153	2904
154	758	4694
758	154	4694
154	257	4834
257	154	4834
154	290	4929
290	154	4929
154	745	2610
745	154	2611
155	215	4455
215	155	4456
155	393	2153
393	155	2153
155	268	3789
268	155	3790
155	187	3986
187	155	3987
155	264	3622
264	155	3622
155	191	3870
191	155	3870
155	591	1310
591	155	1311
155	409	1651
409	155	1652
155	450	3250
450	155	3250
156	213	3598
213	156	3599
156	162	2260
162	156	2261
156	193	4831
193	156	4831
156	596	294
596	156	294
156	389	3685
389	156	3686
156	418	2145
418	156	2146
156	395	4464
395	156	4464
156	400	2213
400	156	2214
157	230	4248
230	157	4248
157	445	1616
445	157	1616
157	310	4425
310	157	4426
158	228	1661
228	158	1661
158	817	2357
817	158	2357
158	332	1649
332	158	1650
159	160	4185
160	159	4185
159	387	1681
387	159	1681
159	388	3448
388	159	3448
160	789	3207
789	160	3208
160	271	4827
271	160	4828
160	254	4790
254	160	4791
160	252	2360
252	160	2360
161	591	3863
591	161	3864
161	306	3388
306	161	3389
161	360	4170
360	161	4171
161	426	1703
426	161	1704
161	330	4779
330	161	4779
162	655	4893
655	162	4893
162	279	3279
279	162	3280
162	403	2183
403	162	2184
162	314	414
314	162	414
162	373	4577
373	162	4577
162	552	3546
552	162	3547
162	404	4963
404	162	4963
162	330	1710
330	162	1711
162	551	3582
551	162	3583
163	398	2154
398	163	2155
163	428	3944
428	163	3944
163	703	4967
703	163	4967
163	339	1949
339	163	1950
163	754	948
754	163	948
163	370	2366
370	163	2367
163	369	4627
369	163	4628
164	350	1203
350	164	1204
164	461	1097
461	164	1098
164	724	321
724	164	321
164	571	3137
571	164	3137
164	355	4158
355	164	4159
164	217	3783
217	164	3783
165	679	3984
679	165	3985
165	343	3202
343	165	3203
165	320	2500
320	165	2500
166	471	2489
471	166	2490
166	529	2135
529	166	2135
166	388	3332
388	166	3332
166	230	1921
230	166	1921
166	175	2159
175	166	2159
166	266	1087
266	166	1087
166	381	2617
381	166	2618
166	619	777
619	166	777
167	795	4995
795	167	4995
167	206	1241
206	167	1241
167	189	3781
189	167	3781
167	280	1822
280	167	1822
167	266	3672
266	167	3673
167	277	4332
277	167	4332
167	264	4927
264	167	4928
168	184	4062
184	168	4062
168	200	3866
200	168	3867
168	497	4123
497	168	4124
168	179	2822
179	168	2822
168	429	4254
429	168	4255
168	307	4371
307	168	4372
168	839	2834
839	168	2834
169	460	2864
460	169	2864
169	367	1691
367	169	1691
169	804	4369
804	169	4370
169	633	2106
633	169	2107
169	438	493
438	169	494
169	371	2378
371	169	2379
169	591	2864
591	169	2864
169	315	2343
315	169	2343
170	383	2612
383	170	2613
170	694	3631
694	170	3631
170	185	1431
185	170	1432
171	371	576
371	171	576
171	177	4623
177	171	4623
171	451	1184
451	171	1184
171	200	2777
200	171	2777
171	178	3644
178	171	3645
171	428	2525
428	171	2526
172	313	3935
313	172	3935
172	775	1118
775	172	1119
172	473	4404
473	172	4405
172	294	3519
294	172	3519
172	487	4961
487	172	4961
172	542	958
542	172	958
172	392	4448
392	172	4449
172	715	4801
715	172	4802
173	297	2109
297	173	2109
173	263	1137
263	173	1138
173	350	3647
350	173	3647
173	272	2234
272	173	2234
173	448	4520
448	173	4521
173	337	1164
337	173	1165
173	316	2569
316	173	2569
174	363	3818
363	174	3819
174	319	4025
319	174	4025
174	561	3654
561	174	3655
175	353	4385
353	175	4385
175	629	245
629	175	245
175	402	218
402	175	219
175	804	1384
804	175	1384
175	529	4794
529	175	4795
176	655	1163
655	176	1164
176	533	2788
533	176	2788
176	479	3338
479	176	3339
176	262	80
262	176	80
176	699	2005
699	176	2005
176	473	2806
473	176	2806
177	309	4253
309	177	4253
177	198	4408
198	177	4408
177	442	4104
442	177	4104
177	363	3618
363	177	3618
177	288	3947
288	177	3947
178	395	2840
395	178	2841
178	257	2097
257	178	2098
178	328	4779
328	178	4780
178	373	2071
373	178	2072
178	565	4477
565	178	4477
179	328	4932
328	179	4932
179	338	2837
338	179	2838
179	430	4556
430	179	4556
179	755	2763
755	179	2764
180	339	1558
339	180	1558
180	271	4291
271	180	4292
180	246	4344
246	180	4344
180	355	3721
355	180	3721
180	244	3780
244	180	3781
180	334	3950
334	180	3951
180	189	278
189	180	279
180	330	1729
330	180	1730
180	630	1736
630	180	1737
181	513	2002
513	181	2003
181	256	1953
256	181	1953
181	200	4331
200	181	4331
181	229	3885
229	181	3885
181	270	4630
270	181	4631
182	263	693
263	182	694
182	241	1806
241	182	1806
182	273	2307
273	182	2308
182	414	3246
414	182	3247
182	256	1564
256	182	1565
182	239	753
239	182	753
183	673	561
673	183	562
183	361	1222
361	183	1222
183	283	299
283	183	300
183	605	4539
605	183	4539
183	276	4634
276	183	4634
184	533	835
533	184	835
184	288	4767
288	184	4768
185	484	1921
484	185	1922
185	223	4086
223	185	4086
185	314	4830
314	185	4830
185	450	692
450	185	692
185	422	3354
422	185	3355
186	680	4892
680	186	4892
186	571	3610
571	186	3611
186	275	4263
275	186	4263
187	339	4433
339	187	4434
187	396	352
396	187	352
187	383	1646
383	187	1646
187	379	3173
379	187	3173
187	503	1531
503	187	1531
187	364	3846
364	187	3846
187	332	4680
332	187	4681
187	322	4177
322	187	4177
188	459	4348
459	188	4349
188	485	1479
485	188	1480
188	291	1462
291	188	1462
188	458	3742
458	188	3742
188	297	2146
297	188	2147
188	225	165
225	188	165
188	260	4304
260	188	4305
188	444	810
444	188	810
188	411	3478
411	188	3478
189	322	4403
322	189	4404
189	425	4582
425	189	4582
190	383	4560
383	190	4560
190	432	4825
432	190	4825
190	469	4392
469	190	4393
190	351	1966
351	190	1966
191	358	3628
358	191	3628
191	293	1691
293	191	1692
191	433	4384
433	191	4385
191	638	3198
638	191	3198
191	564	3484
564	191	3485
191	317	782
317	191	783
191	316	3645
316	191	3645
192	446	1496
446	192	1497
192	692	1206
692	192	1207
192	323	4529
323	192	4530
192	391	1551
391	192	1552
192	205	4478
205	192	4478
193	230	2231
230	193	2232
193	391	3236
391	193	3236
193	864	2731
864	193	2732
193	478	3437
478	193	3438
194	343	1532
343	194	1533
194	861	4122
861	194	4123
194	691	4781
691	194	4782
194	456	4023
456	194	4024
194	827	4183
827	194	4183
196	770	925
770	196	926
196	210	4853
210	196	4853
196	368	3535
368	196	3535
196	263	4160
263	196	4160
196	236	2178
236	196	2178
197	438	4454
438	197	4455
197	325	260
325	197	261
197	289	4519
289	197	4520
197	363	1125
363	197	1126
197	260	1519
260	197	1520
197	202	3554
202	197	3554
197	673	1050
673	197	1051
198	631	4607
631	198	4608
198	795	4638
795	198	4638
198	380	1955
380	198	1955
198	207	4386
207	198	4386
198	323	4505
323	198	4505
198	443	632
443	198	632
199	480	4220
480	199	4220
199	708	4718
708	199	4718
199	368	2362
368	199	2363
199	219	2335
219	199	2336
199	291	4047
291	199	4047
199	422	3264
422	199	3264
199	293	1961
293	199	1961
200	625	4235
625	200	4235
200	249	2654
249	200	2655
200	492	4445
492	200	4445
200	640	3807
640	200	3807
201	348	3071
348	201	3072
201	694	3797
694	201	3797
201	448	4023
448	201	4024
201	373	1039
373	201	1039
201	809	3331
809	201	3332
201	530	1499
530	201	1499
201	496	1481
496	201	1482
201	409	4998
409	201	4999
202	788	3751
788	202	3752
202	416	4305
416	202	4305
203	409	1308
409	203	1308
203	634	4837
634	203	4838
203	565	4851
565	203	4852
204	306	4601
306	204	4601
204	359	4108
359	204	4108
204	286	4838
286	204	4839
205	374	2872
374	205	2872
206	214	1164
214	206	1165
206	335	1523
335	206	1524
206	719	2070
719	206	2070
206	386	4874
386	206	4875
206	300	4493
300	206	4493
207	464	3322
464	207	3322
207	389	3974
389	207	3974
207	295	4975
295	207	4976
208	443	3485
443	208	3485
208	788	1151
788	208	1152
208	418	3803
418	208	3803
208	235	3595
235	208	3596
209	383	4495
383	209	4495
209	424	4257
424	209	4258
209	715	1379
715	209	1380
209	370	4445
370	209	4446
209	366	3496
366	209	3497
209	457	3093
457	209	3094
209	373	1546
373	209	1546
210	500	4591
500	210	4591
211	785	3674
785	211	3674
211	270	2673
270	211	2674
211	510	643
510	211	644
211	348	4894
348	211	4894
211	251	3598
251	211	3599
211	221	2547
221	211	2548
211	229	4633
229	211	4634
212	289	2892
289	212	2893
212	290	3981
290	212	3982
212	409	627
409	212	628
213	306	2750
306	213	2751
213	478	3050
478	213	3050
213	323	4957
323	213	4958
213	309	4417
309	213	4417
214	790	4005
790	214	4006
214	381	3653
381	214	3653
215	577	4503
577	215	4503
215	794	274
794	215	275
215	650	1285
650	215	1286
215	374	3151
374	215	3151
216	360	2206
360	216	2206
216	431	3856
431	216	3857
216	377	3799
377	216	3800
216	381	2944
381	216	2945
217	242	3364
242	217	3365
217	433	4444
433	217	4444
218	532	1498
532	218	1498
218	323	1900
323	218	1901
218	377	275
377	218	275
218	614	4650
614	218	4650
218	251	1896
251	218	1897
218	666	2871
666	218	2872
218	219	4272
219	218	4273
219	783	3989
783	219	3989
219	266	4314
266	219	4315
220	392	1763
392	220	1764
220	244	4167
244	220	4168
220	459	2458
459	220	2459
220	229	2645
229	220	2645
220	439	426
439	220	426
220	354	4243
354	220	4243
221	311	4791
311	221	4792
221	250	450
250	221	451
221	365	3645
365	221	3646
221	340	4398
340	221	4399
222	767	1250
767	222	1251
222	795	2406
795	222	2407
222	683	4280
683	222	4280
223	632	410
632	223	411
223	227	3716
227	223	3716
223	316	2637
316	223	2638
223	380	4625
380	223	4626
223	324	3808
324	223	3808
223	306	4108
306	223	4108
223	503	3913
503	223	3914
223	242	2589
242	223	2589
224	309	1868
309	224	1869
224	280	4992
280	224	4993
224	242	164
242	224	165
225	283	4786
283	225	4786
225	391	763
391	225	764
225	510	4313
510	225	4314
225	433	597
433	225	597
225	272	1697
272	225	1698
226	503	4645
503	226	4646
226	491	4266
491	226	4267
226	314	4983
314	226	4984
226	360	4055
360	226	4056
227	444	1475
444	227	1475
227	261	3942
261	227	3942
227	439	3914
439	227	3914
227	676	2146
676	227	2146
227	492	648
492	227	649
227	708	4922
708	227	4922
227	557	745
557	227	746
227	661	4838
661	227	4838
228	528	4418
528	228	4418
228	673	520
673	228	521
228	465	131
465	228	132
228	303	1071
303	228	1072
228	476	3164
476	228	3165
229	298	1372
298	229	1373
229	735	3041
735	229	3041
229	355	3022
355	229	3023
229	483	2588
483	229	2588
229	427	1487
427	229	1487
229	608	261
608	229	261
231	775	4565
775	231	4565
231	582	420
582	231	420
231	390	3699
390	231	3700
231	251	1277
251	231	1277
231	411	4511
411	231	4511
232	289	4733
289	232	4733
232	671	1510
671	232	1511
232	358	4698
358	232	4699
232	438	4600
438	232	4600
232	236	4240
236	232	4240
232	233	3726
233	232	3727
233	394	1721
394	233	1722
233	679	3940
679	233	3941
233	259	4636
259	233	4636
233	517	3448
517	233	3448
234	374	4645
374	234	4646
234	689	2905
689	234	2905
234	395	989
395	234	989
234	416	1556
416	234	1556
234	343	2449
343	234	2450
234	436	4417
436	234	4418
235	485	4269
485	235	4269
235	355	2191
355	235	2192
235	426	3789
426	235	3789
235	696	4097
696	235	4098
235	500	2902
500	235	2902
235	459	3523
459	235	3524
235	645	2173
645	235	2174
235	255	1731
255	235	1731
236	417	3147
417	236	3148
236	711	3604
711	236	3605
236	307	3914
307	236	3915
236	458	3510
458	236	3511
236	238	1421
238	236	1422
237	520	4509
520	237	4509
237	322	4465
322	237	4466
237	332	3052
332	237	3052
237	318	1713
318	237	1713
237	365	2982
365	237	2982
237	711	194
711	237	195
237	274	4331
274	237	4331
238	293	1519
293	238	1520
239	289	2517
289	239	2517
239	255	3957
255	239	3957
239	379	1013
379	239	1013
239	345	4249
345	239	4249
239	386	4139
386	239	4140
239	329	4531
329	239	4532
239	436	4165
436	239	4165
240	250	4958
250	240	4958
240	711	1525
711	240	1526
240	453	3667
453	240	3668
240	311	2877
311	240	2878
240	262	673
262	240	673
240	288	4957
288	240	4957
240	713	109
713	240	109
240	570	3091
570	240	3092
240	710	4014
710	240	4015
240	325	4655
325	240	4655
240	878	2364
878	240	2365
241	632	263
632	241	264
241	410	1392
410	241	1392
241	622	3511
622	241	3512
241	269	4132
269	241	4133
241	319	4208
319	241	4208
241	530	4525
530	241	4526
241	392	2057
392	241	2057
241	254	1426
254	241	1426
241	342	4393
342	241	4393
242	368	278
368	242	279
242	271	4064
271	242	4064
243	458	2748
458	243	2748
243	395	515
395	243	515
243	377	1965
377	243	1965
243	393	4033
393	243	4034
244	686	1463
686	244	1464
244	627	4011
627	244	4012
244	277	2480
277	244	2480
245	443	1731
443	245	1732
245	742	4884
742	245	4885
245	342	250
342	245	251
245	791	4762
791	245	4763
245	396	4514
396	245	4514
245	361	1872
361	245	1872
245	773	836
773	245	837
246	719	4698
719	246	4699
246	367	133
367	246	133
246	758	3771
758	246	3771
246	412	3530
412	246	3530
246	791	2892
791	246	2892
246	750	4665
750	246	4666
246	737	1335
737	246	1335
246	634	2606
634	246	2606
246	261	4174
261	246	4174
246	451	4898
451	246	4898
247	488	4356
488	247	4357
247	546	2616
546	247	2616
248	491	3252
491	248	3252
248	325	2239
325	248	2240
248	662	131
662	248	132
248	293	4002
293	248	4002
248	395	314
395	248	315
248	791	4931
791	248	4931
248	406	629
406	248	630
249	591	3795
591	249	3796
249	577	4446
577	249	4447
249	517	3576
517	249	3577
249	325	3124
325	249	3124
249	684	153
684	249	153
249	479	1118
479	249	1119
250	393	3768
393	250	3768
251	345	2007
345	251	2008
251	276	1215
276	251	1215
251	260	3187
260	251	3188
251	681	2101
681	251	2102
252	791	3766
791	252	3767
253	690	4029
690	253	4030
253	390	3640
390	253	3640
253	343	532
343	253	532
253	276	1906
276	253	1907
253	267	2642
267	253	2643
253	306	2557
306	253	2557
253	396	3970
396	253	3971
253	269	2109
269	253	2110
253	352	3749
352	253	3750
253	357	4519
357	253	4520
254	304	2431
304	254	2431
254	567	2112
567	254	2113
254	282	3990
282	254	3990
254	278	1796
278	254	1796
254	341	2608
341	254	2608
255	379	3765
379	255	3765
255	269	4818
269	255	4819
255	420	4624
420	255	4624
255	509	251
509	255	252
255	627	2046
627	255	2046
255	697	1815
697	255	1815
255	301	1670
301	255	1671
256	458	4008
458	256	4009
256	464	4943
464	256	4943
256	417	4616
417	256	4616
256	395	1676
395	256	1676
256	445	1952
445	256	1952
258	430	708
430	258	709
258	700	2917
700	258	2917
258	317	1265
317	258	1266
258	689	3889
689	258	3889
259	418	2169
418	259	2169
259	757	3870
757	259	3870
259	378	4919
378	259	4920
259	437	4232
437	259	4232
259	335	4290
335	259	4290
259	275	4784
275	259	4784
260	267	1797
267	260	1798
260	403	4249
403	260	4250
260	396	923
396	260	924
260	464	3441
464	260	3441
260	295	1031
295	260	1031
261	269	4345
269	261	4345
261	567	4730
567	261	4731
261	308	4136
308	261	4137
262	263	4898
263	262	4899
262	451	2529
451	262	2530
262	431	4789
431	262	4789
263	274	3573
274	263	3573
263	625	2456
625	263	2456
263	295	1144
295	263	1144
264	550	2542
550	264	2542
265	310	4997
310	265	4998
265	661	3559
661	265	3559
265	634	4567
634	265	4568
265	754	3014
754	265	3015
268	465	1137
465	268	1138
268	387	1398
387	268	1398
268	670	4074
670	268	4075
268	280	2842
280	268	2842
268	367	4945
367	268	4945
268	394	1445
394	268	1446
269	287	3861
287	269	3861
270	411	4487
411	270	4487
270	378	4504
378	270	4504
270	434	1900
434	270	1900
270	551	1590
551	270	1590
270	435	2571
435	270	2572
270	276	4218
276	270	4219
271	398	1290
398	271	1291
271	449	2731
449	271	2731
271	491	3721
491	271	3722
271	445	4276
445	271	4277
272	286	3851
286	272	3852
272	355	484
355	272	484
272	481	2765
481	272	2765
272	440	4289
440	272	4289
272	332	819
332	272	820
272	373	4639
373	272	4640
273	388	2886
388	273	2886
273	347	2165
347	273	2165
273	276	1257
276	273	1258
273	303	3927
303	273	3928
273	641	1378
641	273	1379
273	724	818
724	273	819
274	508	1266
508	274	1267
274	397	2228
397	274	2229
276	371	3957
371	276	3958
276	836	4418
836	276	4419
277	301	1322
301	277	1323
277	488	4174
488	277	4175
277	313	3708
313	277	3708
277	419	173
419	277	174
277	442	4351
442	277	4351
278	333	3137
333	278	3137
278	387	4778
387	278	4778
278	359	3859
359	278	3859
279	719	2805
719	279	2805
279	555	1997
555	279	1998
279	681	4655
681	279	4656
279	652	172
652	279	173
279	750	4310
750	279	4310
279	414	2503
414	279	2503
280	402	724
402	280	725
280	376	4244
376	280	4245
280	333	3854
333	280	3855
280	616	4087
616	280	4087
281	378	3980
378	281	3981
281	710	4993
710	281	4993
281	285	71
285	281	72
281	290	3848
290	281	3849
281	308	4218
308	281	4218
282	316	3164
316	282	3165
282	430	1382
430	282	1383
283	364	4514
364	283	4514
283	411	2255
411	283	2255
283	728	1796
728	283	1796
284	394	3318
394	284	3318
284	349	2002
349	284	2002
284	442	4662
442	284	4662
284	341	4093
341	284	4093
285	317	623
317	285	624
285	761	2660
761	285	2661
285	449	1125
449	285	1126
285	307	4483
307	285	4483
285	706	266
706	285	267
285	585	4553
585	285	4554
285	406	4948
406	285	4948
285	536	1908
536	285	1909
286	392	2928
392	286	2928
287	701	3714
701	287	3715
287	555	1636
555	287	1636
287	652	1865
652	287	1866
287	357	4957
357	287	4957
288	314	3173
314	288	3174
288	695	3389
695	288	3390
288	437	1475
437	288	1475
289	625	3783
625	289	3783
291	565	818
565	291	818
291	379	4459
379	291	4459
291	310	4615
310	291	4616
291	665	3517
665	291	3518
291	417	4740
417	291	4741
291	313	4080
313	291	4081
291	320	4028
320	291	4029
291	295	4434
295	291	4435
292	358	1610
358	292	1611
293	692	244
692	293	245
293	359	3660
359	293	3661
293	353	4884
353	293	4884
293	468	1971
468	293	1971
293	328	1258
328	293	1258
294	307	1050
307	294	1050
294	389	3301
389	294	3301
294	697	4422
697	294	4422
294	305	2207
305	294	2208
294	450	4485
450	294	4485
294	320	1946
320	294	1946
294	641	3080
641	294	3081
295	396	3651
396	295	3651
297	441	2905
441	297	2906
297	393	4504
393	297	4504
297	386	3415
386	297	3415
298	385	4576
385	298	4576
298	502	4975
502	298	4975
298	420	3712
420	298	3713
298	446	1270
446	298	1271
298	396	2044
396	298	2045
299	429	957
429	299	957
299	585	1956
585	299	1957
300	370	3593
370	300	3594
300	472	2140
472	300	2141
300	796	3833
796	300	3833
300	640	189
640	300	190
300	426	3027
426	300	3027
301	442	3971
442	301	3971
301	508	3894
508	301	3895
301	396	4906
396	301	4907
302	391	4857
391	302	4857
303	655	3617
655	303	3617
303	446	1314
446	303	1315
304	311	4469
311	304	4470
304	347	4213
347	304	4214
304	379	3012
379	304	3012
304	323	4086
323	304	4086
304	383	3446
383	304	3446
304	670	530
670	304	531
304	389	4419
389	304	4419
305	758	4512
758	305	4512
305	385	3879
385	305	3880
305	413	3757
413	305	3758
305	627	4457
627	305	4458
305	447	4348
447	305	4349
307	310	2759
310	307	2760
307	324	4719
324	307	4720
307	358	4743
358	307	4744
308	382	2836
382	308	2836
308	338	2711
338	308	2712
308	415	4803
415	308	4804
308	737	3204
737	308	3205
308	622	2579
622	308	2580
308	320	4305
320	308	4306
308	399	4158
399	308	4159
309	365	3625
365	309	3626
309	438	4959
438	309	4959
309	570	3274
570	309	3275
310	795	1732
795	310	1732
310	400	2966
400	310	2966
311	690	2969
690	311	2970
311	626	1851
626	311	1852
311	566	4591
566	311	4592
311	312	2395
312	311	2396
311	468	1861
468	311	1862
312	371	1901
371	312	1901
312	737	3458
737	312	3458
312	597	444
597	312	444
312	444	4465
444	312	4465
312	330	3814
330	312	3814
312	323	3759
323	312	3760
312	367	3736
367	312	3736
312	423	4128
423	312	4129
313	386	401
386	313	402
313	450	2278
450	313	2278
313	391	4445
391	313	4445
313	343	116
343	313	116
313	666	1440
666	313	1440
314	343	1275
343	314	1276
314	397	4469
397	314	4469
314	354	3912
354	314	3912
314	382	4246
382	314	4246
314	421	4648
421	314	4648
315	430	3412
430	315	3413
315	443	4835
443	315	4835
315	431	4763
431	315	4764
315	660	3734
660	315	3735
319	360	3569
360	319	3569
319	436	1993
436	319	1994
319	442	3845
442	319	3846
320	456	3733
456	320	3733
320	376	3293
376	320	3294
320	349	4639
349	320	4639
320	546	4020
546	320	4020
320	355	3828
355	320	3828
322	362	4922
362	322	4922
322	442	1228
442	322	1228
322	360	4504
360	322	4505
322	416	3659
416	322	3659
324	373	4678
373	324	4679
325	332	2195
332	325	2195
325	368	2856
368	325	2857
325	431	4172
431	325	4172
325	434	1899
434	325	1899
327	410	131
410	327	131
327	427	4830
427	327	4831
327	351	3481
351	327	3481
327	519	3952
519	327	3952
327	393	2032
393	327	2033
327	481	4384
481	327	4384
327	352	3200
352	327	3200
327	726	3699
726	327	3700
329	341	4159
341	329	4160
329	335	2216
335	329	2217
329	331	4231
331	329	4232
329	434	4894
434	329	4895
329	700	3914
700	329	3914
329	447	4708
447	329	4708
329	363	1095
363	329	1096
330	438	3909
438	330	3909
330	728	331
728	330	332
331	427	259
427	331	260
331	437	1364
437	331	1365
331	361	1054
361	331	1055
332	697	4618
697	332	4618
332	402	1519
402	332	1520
332	411	1868
411	332	1868
332	374	2465
374	332	2466
334	483	846
483	334	847
334	570	328
570	334	328
334	392	3128
392	334	3128
334	446	4617
446	334	4617
334	370	2231
370	334	2231
334	335	86
335	334	86
334	379	1261
379	334	1261
334	414	4419
414	334	4419
335	443	3804
443	335	3805
335	376	3207
376	335	3208
337	362	3196
362	337	3197
337	440	1288
440	337	1289
337	384	2753
384	337	2753
337	400	3520
400	337	3520
338	398	4476
398	338	4476
338	385	842
385	338	842
338	529	3497
529	338	3497
338	387	3429
387	338	3430
340	404	2968
404	340	2969
340	385	3809
385	340	3809
340	568	2901
568	340	2902
340	393	4424
393	340	4425
341	400	4949
400	341	4949
342	654	2192
654	342	2192
342	358	3850
358	342	3851
343	356	4844
356	343	4844
345	671	3161
671	345	3161
345	437	3570
437	345	3571
345	438	3223
438	345	3224
345	740	1790
740	345	1790
345	414	3746
414	345	3746
346	432	2006
432	346	2007
346	508	3200
508	346	3200
346	879	4442
879	346	4442
347	761	3498
761	347	3498
347	445	1238
445	347	1239
347	632	3980
632	347	3981
347	357	1044
357	347	1044
347	407	3675
407	347	3676
349	399	195
399	349	195
349	550	3138
550	349	3138
349	376	2950
376	349	2951
349	409	2490
409	349	2490
350	388	2026
388	350	2027
350	400	4298
400	350	4299
350	444	2034
444	350	2035
350	426	126
426	350	126
351	684	4857
684	351	4858
351	384	4021
384	351	4021
351	654	4544
654	351	4544
351	730	4670
730	351	4671
351	391	3559
391	351	3559
351	362	4321
362	351	4321
351	403	4737
403	351	4738
351	427	4298
427	351	4299
352	410	1092
410	352	1093
352	660	4601
660	352	4602
352	375	3611
375	352	3612
352	398	3824
398	352	3825
352	415	2588
415	352	2588
352	353	3241
353	352	3241
352	531	2365
531	352	2366
352	361	2116
361	352	2117
353	360	4749
360	353	4749
354	365	4558
365	354	4558
354	652	1377
652	354	1378
354	718	1789
718	354	1790
356	619	1821
619	356	1822
356	385	4511
385	356	4511
356	660	4997
660	356	4998
356	373	1515
373	356	1515
356	569	1462
569	356	1463
356	567	3061
567	356	3061
356	449	1588
449	356	1589
356	367	665
367	356	666
357	440	2179
440	357	2180
360	370	4819
370	360	4820
361	449	4789
449	361	4789
361	569	4039
569	361	4039
361	363	3862
363	361	3863
361	446	610
446	361	611
361	381	3934
381	361	3934
361	412	4097
412	361	4097
362	509	501
509	362	502
362	407	1167
407	362	1168
363	427	4683
427	363	4684
363	367	1082
367	363	1083
364	398	4388
398	364	4388
365	370	3117
370	365	3118
366	423	4177
423	366	4178
366	426	2900
426	366	2901
367	434	3573
434	367	3573
368	402	2477
402	368	2478
370	652	1537
652	370	1538
372	436	82
436	372	82
372	509	1335
509	372	1336
372	728	173
728	372	173
372	753	1101
753	372	1101
372	411	3102
411	372	3103
372	416	1568
416	372	1569
372	484	701
484	372	701
372	550	881
550	372	882
372	378	4566
378	372	4567
374	423	4093
423	374	4093
374	380	1931
380	374	1932
374	707	4439
707	374	4440
374	753	4911
753	374	4911
374	443	3812
443	374	3813
375	443	808
443	375	809
375	398	4667
398	375	4667
375	411	1802
411	375	1803
375	401	4681
401	375	4682
375	531	3564
531	375	3564
375	566	3224
566	375	3224
375	430	4495
430	375	4495
376	387	4103
387	376	4104
376	459	4952
459	376	4952
377	531	4082
531	377	4083
377	433	3502
433	377	3502
377	472	2815
472	377	2815
377	388	1188
388	377	1188
377	450	4700
450	377	4700
378	438	842
438	378	842
378	426	435
426	378	435
378	415	4955
415	378	4956
378	398	2961
398	378	2962
379	418	3511
418	379	3512
381	414	4239
414	381	4239
381	407	1931
407	381	1931
381	752	3681
752	381	3681
381	398	3824
398	381	3825
383	419	938
419	383	939
384	412	4758
412	384	4759
384	397	4128
397	384	4129
384	444	3798
444	384	3799
385	730	4144
730	385	4144
386	654	4984
654	386	4985
386	404	2114
404	386	2115
386	414	950
414	386	950
386	753	4289
753	386	4289
386	418	4065
418	386	4066
387	401	3967
401	387	3967
387	441	4576
441	387	4577
387	427	275
427	387	275
387	632	3809
632	387	3809
387	417	4034
417	387	4035
387	426	4147
426	387	4148
389	433	4005
433	389	4005
389	399	1988
399	389	1989
391	419	643
419	391	643
393	411	3414
411	393	3414
393	436	4783
436	393	4783
393	587	770
587	393	771
397	570	470
570	397	471
397	660	4987
660	397	4987
397	441	3013
441	397	3014
399	418	1132
418	399	1133
399	447	4719
447	399	4720
399	440	494
440	399	494
401	445	1999
445	401	1999
401	424	3968
424	401	3969
402	445	4573
445	402	4574
402	436	1654
436	402	1655
402	444	4579
444	402	4580
402	718	4886
718	402	4886
402	415	4565
415	402	4565
404	427	3779
427	404	3780
406	423	4326
423	406	4327
406	441	3845
441	406	3845
406	424	4897
424	406	4898
407	713	733
713	407	733
407	440	2960
440	407	2960
408	440	4302
440	408	4302
408	415	4469
415	408	4469
408	413	1772
413	408	1772
408	409	4554
409	408	4555
408	438	3502
438	408	3503
408	442	2969
442	408	2970
408	424	1110
424	408	1110
408	713	1930
713	408	1931
408	587	2588
587	408	2589
409	416	4042
416	409	4043
409	421	1927
421	409	1928
409	418	1273
418	409	1273
409	413	672
413	409	672
411	446	2750
446	411	2751
413	468	3939
468	413	3939
413	442	3896
442	413	3897
415	427	1269
427	415	1269
416	434	2505
434	416	2505
416	430	3953
430	416	3954
418	440	53
440	418	54
418	438	3715
438	418	3715
418	476	4773
476	418	4773
421	432	2608
432	421	2609
423	679	386
679	423	386
423	434	3397
434	423	3397
430	436	1156
436	430	1157
430	441	3577
441	430	3577
430	434	3332
434	430	3333
432	441	4665
441	432	4666
432	434	3594
434	432	3595
432	436	3190
436	432	3191
432	619	1503
619	432	1503
432	438	4418
438	432	4418
436	442	1530
442	436	1531
436	445	3919
445	436	3920
446	619	4653
619	446	4653
