200	2842
2	2
2	3
5	8
3	6
4	6
2	3
2	2
4	8
4	8
5	10
3	5
4	6
5	9
2	2
2	2
4	6
4	8
2	2
3	5
2	2
3	5
4	8
4	7
5	10
5	9
4	6
2	2
4	7
3	5
4	8
5	10
5	8
3	4
2	2
4	8
3	4
4	7
5	8
5	10
3	5
2	4
5	10
4	8
5	8
4	7
2	2
4	7
5	9
3	4
3	5
5	8
3	6
2	4
3	4
3	5
2	3
3	6
5	10
5	10
2	2
5	10
4	6
4	6
3	4
5	10
3	6
3	4
2	2
5	10
2	2
4	6
3	5
3	4
5	10
4	6
3	6
5	10
2	2
5	8
5	8
5	9
2	3
2	2
4	8
5	9
4	7
4	8
4	8
5	10
5	9
2	4
3	4
3	5
4	6
4	7
5	9
3	5
5	9
3	4
3	5
4	6
3	6
3	4
2	3
2	3
4	7
5	9
2	2
4	6
3	6
5	10
4	8
4	6
5	10
4	7
5	9
2	3
2	3
4	8
2	3
2	2
3	4
2	2
3	5
2	2
4	8
5	10
2	4
2	3
3	4
5	9
4	7
2	3
4	8
3	5
3	5
3	6
2	3
4	7
5	9
4	7
5	10
4	7
2	3
5	10
3	5
2	3
4	7
3	4
3	6
3	6
5	10
2	3
2	3
3	4
4	7
2	3
4	7
4	7
5	9
2	4
3	6
3	5
2	3
2	2
5	10
3	5
2	3
5	10
3	5
2	3
5	9
2	2
2	3
2	2
3	5
3	4
2	3
5	9
3	6
3	5
3	6
5	9
5	10
4	7
2	3
4	8
5	10
3	4
5	9
3	6
4	6
4	7
5	9
5	8
3	6
5	10
4	7
3	5
5	9
1	90	3405
90	1	3406
1	103	2813
103	1	2813
1	79	4886
79	1	4886
1	81	674
81	1	674
1	142	3109
142	1	3110
1	155	3773
155	1	3774
1	104	3564
104	1	3564
1	120	2409
120	1	2410
1	102	4412
102	1	4413
1	77	1583
77	1	1584
1	115	1709
115	1	1709
1	116	3444
116	1	3445
1	55	4858
55	1	4858
1	3	4550
3	1	4551
1	101	2830
101	1	2830
1	95	3210
95	1	3210
1	53	753
53	1	753
1	141	1332
141	1	1333
1	153	4788
153	1	4788
1	25	3716
25	1	3717
2	79	4782
79	2	4783
2	85	2911
85	2	2911
2	7	4780
7	2	4781
2	129	3789
129	2	3789
2	111	2380
111	2	2381
2	32	4636
32	2	4637
2	68	4344
68	2	4345
2	176	915
176	2	915
2	91	2317
91	2	2317
2	145	188
145	2	188
2	153	4776
153	2	4776
2	180	1368
180	2	1369
2	141	4758
141	2	4759
2	138	4459
138	2	4460
2	149	906
149	2	906
2	62	4756
62	2	4757
2	100	4764
100	2	4764
2	28	3031
28	2	3031
2	181	4845
181	2	4845
2	120	4075
120	2	4075
3	114	4067
114	3	4067
3	67	4888
67	3	4889
3	71	1816
71	3	1817
3	7	2053
7	3	2053
3	121	1135
121	3	1136
3	18	722
18	3	722
3	116	4361
116	3	4361
3	42	2247
42	3	2247
3	154	2135
154	3	2135
3	61	4887
61	3	4888
3	110	1958
110	3	1958
3	49	2984
49	3	2984
3	120	3860
120	3	3861
3	65	4977
65	3	4978
3	195	4276
195	3	4276
3	36	3656
36	3	3657
3	134	211
134	3	212
3	89	906
89	3	906
3	64	546
64	3	546
4	100	3852
100	4	3853
4	40	3843
40	4	3844
4	59	3941
59	4	3942
4	65	4901
65	4	4902
4	60	4984
60	4	4984
4	19	3536
19	4	3537
4	43	4641
43	4	4642
4	138	3702
138	4	3702
4	66	4641
66	4	4642
4	54	4527
54	4	4528
4	23	4436
23	4	4436
4	117	4945
117	4	4946
4	159	2544
159	4	2544
4	56	4007
56	4	4008
4	6	179
6	4	179
4	132	4550
132	4	4551
4	183	4121
183	4	4121
4	186	4494
186	4	4495
4	49	4054
49	4	4055
4	139	4410
139	4	4411
5	33	2199
33	5	2199
5	168	1040
168	5	1040
5	177	1874
177	5	1874
5	117	1539
117	5	1540
5	176	4197
176	5	4198
5	13	3119
13	5	3119
5	140	4542
140	5	4542
5	88	4497
88	5	4498
5	63	4608
63	5	4609
5	81	2532
81	5	2532
5	108	517
108	5	517
5	102	4954
102	5	4954
5	182	4970
182	5	4970
5	43	3365
43	5	3366
5	198	399
198	5	399
5	84	3579
84	5	3579
5	178	4187
178	5	4187
5	36	4752
36	5	4753
5	95	110
95	5	111
5	100	1919
100	5	1920
6	140	2513
140	6	2514
6	36	3825
36	6	3825
6	181	4616
181	6	4617
6	168	281
168	6	281
6	167	3497
167	6	3497
6	83	3832
83	6	3833
6	62	4564
62	6	4564
6	51	3872
51	6	3872
6	65	4639
65	6	4640
6	60	4599
60	6	4599
6	25	290
25	6	291
6	183	2852
183	6	2853
6	70	4842
70	6	4842
6	101	4068
101	6	4068
6	87	4126
87	6	4126
6	135	4637
135	6	4637
6	173	4467
173	6	4467
6	151	2442
151	6	2442
6	146	4280
146	6	4281
7	97	3377
97	7	3378
7	29	3473
29	7	3473
7	200	4676
200	7	4676
7	138	2916
138	7	2917
7	160	601
160	7	602
7	112	2588
112	7	2589
7	44	4385
44	7	4385
7	83	736
83	7	736
7	9	833
9	7	834
7	18	4375
18	7	4376
7	33	4930
33	7	4930
7	59	1994
59	7	1995
7	117	2461
117	7	2462
7	172	2360
172	7	2360
7	62	2776
62	7	2776
7	155	4867
155	7	4867
7	81	3998
81	7	3998
7	166	3214
166	7	3214
8	56	1672
56	8	1673
8	169	158
169	8	158
8	118	1089
118	8	1090
8	112	2460
112	8	2461
8	34	601
34	8	601
8	81	4198
81	8	4199
8	139	3601
139	8	3601
8	102	1300
102	8	1300
8	90	1983
90	8	1984
8	57	4110
57	8	4110
8	60	2618
60	8	2619
8	31	2090
31	8	2090
8	177	3879
177	8	3879
8	82	2364
82	8	2365
8	50	940
50	8	941
8	132	1424
132	8	1425
8	142	4305
142	8	4306
8	91	3783
91	8	3783
8	101	3896
101	8	3897
8	193	4467
193	8	4468
9	16	1884
16	9	1885
9	22	2714
22	9	2715
9	124	958
124	9	959
9	45	4669
45	9	4669
9	143	4281
143	9	4282
9	20	4002
20	9	4003
9	52	4646
52	9	4646
9	193	4326
193	9	4327
9	66	2826
66	9	2827
9	94	4329
94	9	4330
9	199	3582
199	9	3582
9	11	2129
11	9	2130
9	95	4891
95	9	4891
9	96	1400
96	9	1400
9	46	4366
46	9	4367
9	196	3753
196	9	3754
9	131	1053
131	9	1053
9	151	1263
151	9	1264
9	42	4190
42	9	4191
10	198	1386
198	10	1386
10	142	1273
142	10	1274
10	141	4535
141	10	4536
10	86	1367
86	10	1368
10	38	3680
38	10	3681
10	185	1704
185	10	1705
10	62	198
62	10	198
10	133	4041
133	10	4042
10	156	4046
156	10	4046
10	174	4852
174	10	4852
10	74	1981
74	10	1982
10	178	4546
178	10	4547
10	122	1704
122	10	1704
10	24	92
24	10	93
10	143	4270
143	10	4270
10	92	4829
92	10	4829
10	33	3725
33	10	3726
10	63	3098
63	10	3098
10	55	4955
55	10	4955
10	22	2294
22	10	2294
11	170	3654
170	11	3654
11	93	4358
93	11	4358
11	105	3566
105	11	3567
11	57	4134
57	11	4134
11	124	3138
124	11	3138
11	200	3332
200	11	3332
11	169	280
169	11	280
11	113	4076
113	11	4077
11	144	3221
144	11	3222
11	64	246
64	11	247
11	103	1032
103	11	1033
11	67	4844
67	11	4845
11	85	976
85	11	977
11	156	2125
156	11	2125
11	15	2810
15	11	2811
11	45	4749
45	11	4750
11	196	1499
196	11	1499
11	38	4297
38	11	4298
11	150	3683
150	11	3684
12	125	1537
125	12	1537
12	156	4861
156	12	4861
12	194	4609
194	12	4610
12	29	4335
29	12	4335
12	73	1010
73	12	1010
12	152	1579
152	12	1579
12	197	4951
197	12	4951
12	198	649
198	12	649
12	162	2851
162	12	2852
12	138	4529
138	12	4529
12	149	4887
149	12	4887
12	98	323
98	12	323
12	84	4899
84	12	4900
12	56	4104
56	12	4105
12	102	4739
102	12	4740
12	178	4215
178	12	4215
12	37	3663
37	12	3663
12	62	3747
62	12	3748
12	44	3996
44	12	3997
12	89	3239
89	12	3240
13	131	2704
131	13	2705
13	77	3624
77	13	3624
13	103	4830
103	13	4831
13	175	4196
175	13	4196
13	80	3958
80	13	3958
13	157	2462
157	13	2462
13	125	4269
125	13	4270
13	41	1001
41	13	1002
13	73	3218
73	13	3219
13	173	3699
173	13	3699
13	119	4039
119	13	4040
13	199	4246
199	13	4246
13	177	4007
177	13	4008
13	139	1111
139	13	1112
13	25	183
25	13	184
13	58	2288
58	13	2289
13	179	1969
179	13	1970
13	180	1762
180	13	1763
13	82	3895
82	13	3896
14	133	1837
133	14	1837
14	53	2872
53	14	2873
14	176	2532
176	14	2533
14	165	538
165	14	539
14	163	3755
163	14	3756
14	72	4560
72	14	4561
14	84	3159
84	14	3160
14	33	331
33	14	332
14	38	4938
38	14	4939
14	24	2016
24	14	2017
14	106	3586
106	14	3587
14	117	1361
117	14	1362
14	26	4427
26	14	4428
14	83	4531
83	14	4531
14	184	3031
184	14	3031
14	115	349
115	14	350
14	127	1344
127	14	1345
14	63	2821
63	14	2821
14	55	4666
55	14	4667
14	159	3877
159	14	3878
15	180	2253
180	15	2253
15	100	2151
100	15	2151
15	153	2628
153	15	2628
15	44	1263
44	15	1263
15	177	4568
177	15	4569
15	99	4715
99	15	4715
15	51	3532
51	15	3532
15	73	3311
73	15	3312
15	59	3782
59	15	3782
15	129	2376
129	15	2376
15	160	3064
160	15	3065
15	35	4050
35	15	4050
15	168	2345
168	15	2345
15	46	1815
46	15	1816
15	134	2026
134	15	2027
15	39	4823
39	15	4823
15	98	2434
98	15	2434
15	96	4100
96	15	4101
15	119	4890
119	15	4890
16	21	1270
21	16	1271
16	198	4187
198	16	4187
16	177	3261
177	16	3261
16	95	4280
95	16	4280
16	156	1358
156	16	1359
16	107	694
107	16	695
16	61	1470
61	16	1470
16	196	4199
196	16	4199
16	77	1355
77	16	1356
16	181	4459
181	16	4460
16	175	4214
175	16	4214
16	117	1875
117	16	1876
16	131	847
131	16	848
16	108	3498
108	16	3499
16	160	4025
160	16	4026
16	45	4751
45	16	4751
16	52	3841
52	16	3841
16	121	2467
121	16	2467
16	53	1757
53	16	1757
17	65	3659
65	17	3659
17	52	3641
52	17	3641
17	66	3617
66	17	3617
17	57	1110
57	17	1111
17	44	4623
44	17	4623
17	114	2818
114	17	2819
17	126	4862
126	17	4863
17	160	4634
160	17	4634
17	48	3095
48	17	3095
17	120	4801
120	17	4802
17	79	4698
79	17	4698
17	40	3605
40	17	3606
17	84	2997
84	17	2997
17	33	4352
33	17	4352
17	169	2909
169	17	2909
17	75	1017
75	17	1017
17	178	1097
178	17	1097
17	31	4842
31	17	4843
17	143	4151
143	17	4151
17	25	4353
25	17	4353
18	184	3981
184	18	3981
18	134	2519
134	18	2519
18	75	3753
75	18	3753
18	175	3911
175	18	3911
18	31	4600
31	18	4601
18	55	1864
55	18	1865
18	109	4676
109	18	4676
18	194	3386
194	18	3386
18	116	3543
116	18	3543
18	94	3705
94	18	3706
18	195	4914
195	18	4914
18	132	4519
132	18	4520
18	95	3851
95	18	3851
18	108	2845
108	18	2845
18	29	2142
29	18	2143
18	148	2311
148	18	2311
18	73	2647
73	18	2648
18	71	209
71	18	210
19	152	4248
152	19	4248
19	98	282
98	19	282
19	41	910
41	19	911
19	198	3670
198	19	3671
19	104	4657
104	19	4657
19	49	4300
49	19	4300
19	80	2268
80	19	2269
19	143	2277
143	19	2277
19	142	3760
142	19	3760
19	199	3514
199	19	3514
19	111	1630
111	19	1631
19	54	4382
54	19	4383
19	65	2282
65	19	2282
19	173	3156
173	19	3156
19	162	1219
162	19	1220
19	117	4910
117	19	4911
19	87	4100
87	19	4100
19	88	818
88	19	818
19	55	1729
55	19	1730
20	110	3994
110	20	3995
20	76	2155
76	20	2155
20	53	3593
53	20	3593
20	136	3921
136	20	3922
20	191	4522
191	20	4522
20	63	4580
63	20	4581
20	126	4557
126	20	4557
20	148	1266
148	20	1267
20	86	2940
86	20	2941
20	46	4560
46	20	4561
20	24	743
24	20	744
20	23	3132
23	20	3132
20	162	659
162	20	660
20	111	2403
111	20	2403
20	39	1022
39	20	1023
20	69	1394
69	20	1394
20	164	1143
164	20	1144
20	28	4568
28	20	4568
20	178	4836
178	20	4836
21	62	4543
62	21	4543
21	36	3469
36	21	3469
21	137	937
137	21	937
21	75	4538
75	21	4539
21	68	4561
68	21	4562
21	25	3885
25	21	3885
21	50	3552
50	21	3553
21	98	2849
98	21	2850
21	52	1047
52	21	1047
21	43	4556
43	21	4557
21	134	3283
134	21	3284
21	179	1985
179	21	1985
21	186	288
186	21	289
21	158	4300
158	21	4301
22	23	1499
23	22	1499
22	44	3803
44	22	3804
22	81	1993
81	22	1993
22	129	4356
129	22	4356
22	71	2001
71	22	2002
22	33	493
33	22	493
22	63	3139
63	22	3140
22	181	339
181	22	339
22	137	2869
137	22	2869
22	30	4310
30	22	4310
22	122	1811
122	22	1812
22	176	4370
176	22	4371
22	143	1082
143	22	1083
23	171	3639
171	23	3640
23	26	4166
26	23	4166
23	173	4887
173	23	4887
23	130	4348
130	23	4348
23	172	4412
172	23	4413
23	39	4553
39	23	4553
23	52	132
52	23	133
23	155	414
155	23	415
23	190	2719
190	23	2719
23	117	3293
117	23	3293
23	33	4697
33	23	4697
23	112	2052
112	23	2053
23	124	4175
124	23	4175
23	54	4857
54	23	4858
23	95	2480
95	23	2480
23	116	1559
116	23	1560
24	44	497
44	24	498
24	163	4284
163	24	4285
24	195	4341
195	24	4342
24	76	776
76	24	776
24	99	4134
99	24	4135
24	39	3137
39	24	3138
24	120	839
120	24	839
24	29	4718
29	24	4718
24	111	4339
111	24	4339
24	108	767
108	24	768
24	148	456
148	24	456
24	133	4327
133	24	4327
24	103	4662
103	24	4662
24	63	4974
63	24	4974
24	144	4963
144	24	4963
24	197	350
197	24	350
25	98	1324
98	25	1325
25	85	4911
85	25	4911
25	155	3706
155	25	3706
25	161	2683
161	25	2684
25	127	4700
127	25	4701
25	165	4677
165	25	4678
25	148	3051
148	25	3051
25	160	2336
160	25	2337
25	184	4818
184	25	4818
25	172	1172
172	25	1173
25	27	1508
27	25	1508
25	60	3322
60	25	3323
25	68	3997
68	25	3997
25	81	4484
81	25	4484
26	191	1434
191	26	1434
26	167	4583
167	26	4583
26	130	4401
130	26	4401
26	160	614
160	26	614
26	53	1809
53	26	1810
26	126	2398
126	26	2398
26	84	1054
84	26	1055
26	60	4134
60	26	4135
26	94	2235
94	26	2235
26	28	3307
28	26	3308
26	185	2732
185	26	2733
26	63	4433
63	26	4433
26	155	4446
155	26	4447
26	166	4937
166	26	4938
27	149	1029
149	27	1030
27	65	1610
65	27	1610
27	134	3867
134	27	3868
27	174	4961
174	27	4962
27	60	3090
60	27	3090
27	92	1294
92	27	1295
27	78	4035
78	27	4036
27	177	4990
177	27	4990
27	188	1022
188	27	1022
27	132	4760
132	27	4761
27	95	3895
95	27	3896
27	110	416
110	27	416
27	86	539
86	27	539
27	49	4421
49	27	4421
27	111	807
111	27	807
27	125	4745
125	27	4745
28	41	4187
41	28	4188
28	51	848
51	28	848
28	115	4359
115	28	4359
28	116	3491
116	28	3492
28	144	3320
144	28	3321
28	129	240
129	28	240
28	76	3608
76	28	3609
28	156	2214
156	28	2215
28	189	1837
189	28	1838
28	111	971
111	28	972
28	172	4322
172	28	4323
28	185	222
185	28	222
28	97	3866
97	28	3866
28	138	3176
138	28	3176
29	168	2386
168	29	2387
29	125	1380
125	29	1381
29	167	1934
167	29	1935
29	36	3880
36	29	3881
29	56	4304
56	29	4304
29	103	1450
103	29	1450
29	84	4075
84	29	4075
29	87	4609
87	29	4609
29	75	1676
75	29	1677
29	188	4703
188	29	4703
29	70	4171
70	29	4171
29	172	899
172	29	899
29	72	2897
72	29	2897
30	58	2974
58	30	2974
30	190	3725
190	30	3725
30	61	2913
61	30	2914
30	70	4090
70	30	4090
30	95	2482
95	30	2483
30	55	4475
55	30	4475
30	94	4464
94	30	4464
30	121	4699
121	30	4699
30	111	3860
111	30	3860
30	71	694
71	30	695
30	194	4877
194	30	4878
30	142	4685
142	30	4686
30	90	1543
90	30	1543
30	102	1822
102	30	1822
31	75	1640
75	31	1641
31	55	1637
55	31	1638
31	72	1237
72	31	1237
31	170	2242
170	31	2242
31	178	3199
178	31	3199
31	127	4161
127	31	4162
31	192	4286
192	31	4286
31	180	1142
180	31	1143
31	173	3895
173	31	3895
31	142	1761
142	31	1761
31	79	4380
79	31	4381
31	126	3781
126	31	3781
31	89	1802
89	31	1802
31	50	1335
50	31	1336
31	120	4009
120	31	4010
32	44	4452
44	32	4452
32	76	4235
76	32	4236
32	47	1186
47	32	1186
32	99	3509
99	32	3510
32	53	3454
53	32	3454
32	56	1211
56	32	1211
32	173	3195
173	32	3196
32	67	3281
67	32	3281
32	159	4563
159	32	4563
32	151	4230
151	32	4231
32	197	1535
197	32	1535
32	85	2096
85	32	2096
32	188	4848
188	32	4849
32	33	1844
33	32	1845
33	190	3381
190	33	3381
33	79	1313
79	33	1313
33	126	4334
126	33	4335
33	85	4549
85	33	4549
33	65	4231
65	33	4232
33	90	2657
90	33	2658
33	48	4833
48	33	4833
33	185	4450
185	33	4451
33	92	1587
92	33	1588
33	83	1689
83	33	1690
33	178	4563
178	33	4564
34	102	1293
102	34	1293
34	76	4556
76	34	4556
34	83	2334
83	34	2335
34	64	3839
64	34	3839
34	40	1596
40	34	1596
34	140	3161
140	34	3161
34	109	3747
109	34	3747
34	57	1236
57	34	1236
34	110	4464
110	34	4464
34	129	4359
129	34	4360
34	173	4296
173	34	4296
34	55	3981
55	34	3981
34	182	4516
182	34	4516
34	115	3535
115	34	3535
34	67	1056
67	34	1057
35	76	3943
76	35	3943
35	126	93
126	35	94
35	119	1280
119	35	1280
35	148	4411
148	35	4412
35	117	1360
117	35	1360
35	199	4434
199	35	4435
35	73	1557
73	35	1557
35	121	3827
121	35	3828
35	106	1576
106	35	1577
35	98	1223
98	35	1224
35	112	557
112	35	558
35	79	4567
79	35	4568
35	61	4172
61	35	4172
35	40	4389
40	35	4389
35	152	312
152	35	312
35	113	4227
113	35	4228
36	177	4098
177	36	4099
36	167	582
167	36	582
36	77	4068
77	36	4068
36	90	4312
90	36	4313
36	123	1968
123	36	1969
36	130	400
130	36	400
36	79	3832
79	36	3833
36	185	3864
185	36	3864
36	140	3482
140	36	3483
36	57	296
57	36	297
36	78	1929
78	36	1930
37	112	2496
112	37	2497
37	173	4569
173	37	4569
37	141	4201
141	37	4202
37	56	2998
56	37	2998
37	153	4063
153	37	4064
37	158	2497
158	37	2498
37	77	3617
77	37	3618
37	54	4245
54	37	4245
37	88	4753
88	37	4754
37	81	1785
81	37	1785
37	182	4173
182	37	4173
37	99	3536
99	37	3537
37	136	1331
136	37	1331
37	82	2201
82	37	2201
37	188	852
188	37	852
37	111	2282
111	37	2282
38	130	1864
130	38	1864
38	179	1932
179	38	1933
38	53	4874
53	38	4875
38	162	4629
162	38	4629
38	99	762
99	38	762
38	114	4755
114	38	4755
38	90	3971
90	38	3971
38	157	4806
157	38	4806
38	152	4164
152	38	4164
38	191	1988
191	38	1989
38	77	1035
77	38	1036
38	69	2215
69	38	2216
38	119	4650
119	38	4651
38	80	2351
80	38	2351
38	104	780
104	38	780
39	199	4050
199	39	4051
39	123	2044
123	39	2044
39	159	246
159	39	247
39	101	1618
101	39	1619
39	43	1688
43	39	1689
39	127	225
127	39	226
39	179	3487
179	39	3487
39	109	4143
109	39	4144
39	154	1170
154	39	1170
39	45	524
45	39	525
39	178	3552
178	39	3552
39	184	58
184	39	58
39	58	4724
58	39	4725
40	64	2889
64	40	2889
40	175	3734
175	40	3734
40	92	4789
92	40	4789
40	143	4139
143	40	4139
40	50	3275
50	40	3276
40	114	4193
114	40	4194
40	179	1072
179	40	1072
40	119	1191
119	40	1191
40	110	466
110	40	466
40	89	4049
89	40	4049
40	104	3953
104	40	3953
40	144	4764
144	40	4764
40	91	1337
91	40	1337
41	57	4159
57	41	4159
41	45	4506
45	41	4506
41	189	4743
189	41	4743
41	146	4871
146	41	4871
41	196	3212
196	41	3213
41	101	4134
101	41	4135
41	107	3543
107	41	3544
41	55	4858
55	41	4858
41	174	4791
174	41	4792
41	105	510
105	41	510
41	172	890
172	41	890
41	156	2067
156	41	2067
41	119	4574
119	41	4575
42	183	3106
183	42	3107
42	170	2081
170	42	2081
42	71	4695
71	42	4696
42	167	2040
167	42	2040
42	56	4338
56	42	4339
42	162	598
162	42	599
42	63	2705
63	42	2706
42	67	1175
67	42	1175
42	100	3752
100	42	3753
42	175	4611
175	42	4612
42	80	4774
80	42	4775
42	152	106
152	42	106
42	166	4744
166	42	4744
42	105	1645
105	42	1646
42	117	4250
117	42	4251
42	165	3930
165	42	3930
43	130	4609
130	43	4610
43	88	1378
88	43	1379
43	121	2275
121	43	2276
43	63	2222
63	43	2222
43	44	4529
44	43	4529
43	172	2663
172	43	2663
43	192	3558
192	43	3558
43	177	1971
177	43	1971
43	143	4936
143	43	4936
43	136	2209
136	43	2210
43	128	3979
128	43	3980
43	81	3610
81	43	3610
44	56	4114
56	44	4114
44	138	3843
138	44	3843
44	166	1271
166	44	1272
44	92	4500
92	44	4500
44	113	1690
113	44	1691
44	144	4149
144	44	4150
44	105	3868
105	44	3868
44	178	4817
178	44	4818
45	66	4007
66	45	4008
45	111	314
111	45	315
45	97	3873
97	45	3873
45	71	3806
71	45	3807
45	79	3514
79	45	3514
45	82	1073
82	45	1073
45	69	2163
69	45	2164
45	93	2373
93	45	2373
45	59	3352
59	45	3352
45	190	3991
190	45	3992
46	142	3933
142	46	3933
46	150	1884
150	46	1885
46	139	2602
139	46	2603
46	188	4336
188	46	4337
46	71	3357
71	46	3357
46	65	3758
65	46	3759
46	117	1744
117	46	1745
46	63	1656
63	46	1657
46	185	3195
185	46	3195
46	115	674
115	46	674
46	83	2129
83	46	2129
46	140	1026
140	46	1026
46	152	2764
152	46	2765
46	141	3214
141	46	3215
47	197	2770
197	47	2771
47	71	3831
71	47	3832
47	69	1821
69	47	1821
47	163	4979
163	47	4979
47	155	4476
155	47	4476
47	95	4060
95	47	4060
47	94	1198
94	47	1199
47	143	4458
143	47	4459
47	89	2256
89	47	2256
47	168	3803
168	47	3804
47	160	4117
160	47	4117
47	195	2690
195	47	2691
47	176	3619
176	47	3620
47	183	853
183	47	853
47	101	3897
101	47	3897
47	118	4174
118	47	4175
48	98	3689
98	48	3689
48	148	2000
148	48	2001
48	128	3504
128	48	3505
48	78	4314
78	48	4314
48	169	4339
169	48	4339
48	50	4134
50	48	4135
48	168	3568
168	48	3569
48	80	4167
80	48	4167
48	127	3882
127	48	3882
48	59	1730
59	48	1730
48	140	4179
140	48	4180
48	62	2976
62	48	2976
48	49	4570
49	48	4571
48	174	4987
174	48	4988
48	64	3435
64	48	3436
48	53	150
53	48	151
49	154	3304
154	49	3305
49	72	3538
72	49	3539
49	156	1032
156	49	1032
49	183	2092
183	49	2093
49	87	4054
87	49	4055
49	84	4104
84	49	4105
49	56	4608
56	49	4609
49	109	3821
109	49	3822
49	133	4506
133	49	4507
49	61	2266
61	49	2267
49	164	724
164	49	724
50	133	1525
133	50	1526
50	118	4136
118	50	4136
50	136	4715
136	50	4716
50	102	3662
102	50	3662
50	62	3474
62	50	3474
50	131	1789
131	50	1790
50	137	1117
137	50	1117
50	143	2009
143	50	2010
50	113	4940
113	50	4940
50	172	1094
172	50	1094
51	161	4769
161	51	4769
51	129	4735
129	51	4735
51	158	2473
158	51	2473
51	62	3531
62	51	3531
51	135	3109
135	51	3109
51	134	2358
134	51	2359
51	152	1701
152	51	1702
51	106	4467
106	51	4468
51	95	4557
95	51	4558
51	160	4191
160	51	4191
51	126	4950
126	51	4951
51	179	4093
179	51	4093
51	170	1245
170	51	1245
51	84	4470
84	51	4471
51	59	2230
59	51	2231
52	123	4802
123	52	4803
52	55	4353
55	52	4354
52	187	4737
187	52	4737
52	53	3753
53	52	3753
52	176	3073
176	52	3073
52	145	3360
145	52	3360
52	197	2297
197	52	2297
52	161	4122
161	52	4123
52	191	4555
191	52	4556
52	186	1705
186	52	1706
52	182	2870
182	52	2870
52	150	1417
150	52	1418
52	71	1285
71	52	1285
52	153	4290
153	52	4290
53	75	4559
75	53	4559
53	90	4790
90	53	4791
53	199	462
199	53	462
53	128	4580
128	53	4581
53	124	548
124	53	549
53	84	4440
84	53	4441
53	140	351
140	53	351
53	72	3152
72	53	3153
54	126	3654
126	54	3654
54	130	4734
130	54	4735
54	146	4710
146	54	4711
54	141	2606
141	54	2607
54	87	1827
87	54	1827
54	71	4088
71	54	4088
54	65	1619
65	54	1620
54	112	4739
112	54	4739
54	163	2542
163	54	2543
54	162	4855
162	54	4856
54	56	4506
56	54	4506
54	104	1478
104	54	1479
54	77	4614
77	54	4614
54	103	4963
103	54	4964
54	111	1893
111	54	1894
55	155	4827
155	55	4827
55	164	2486
164	55	2487
55	63	4597
63	55	4598
55	159	1185
159	55	1186
55	154	91
154	55	91
56	129	4967
129	56	4968
56	85	1256
85	56	1257
56	107	2089
107	56	2090
56	95	2305
95	56	2305
56	84	4861
84	56	4862
56	108	2954
108	56	2955
56	78	2239
78	56	2240
56	187	4083
187	56	4084
56	126	4330
126	56	4331
57	81	863
81	57	864
57	65	781
65	57	782
57	138	3748
138	57	3749
57	89	4602
89	57	4602
57	88	4038
88	57	4038
57	84	4902
84	57	4902
57	190	4165
190	57	4166
57	113	1121
113	57	1122
57	62	3110
62	57	3111
57	125	2806
125	57	2806
57	160	2500
160	57	2500
58	104	4558
104	58	4558
58	96	2618
96	58	2619
58	162	4532
162	58	4533
58	80	3927
80	58	3928
58	187	3510
187	58	3511
58	112	68
112	58	69
58	140	3587
140	58	3588
58	117	1560
117	58	1561
58	172	4827
172	58	4828
58	120	4282
120	58	4282
58	144	4558
144	58	4559
58	130	4960
130	58	4961
58	164	4452
164	58	4453
58	137	3750
137	58	3751
58	191	2308
191	58	2308
58	128	4635
128	58	4636
59	100	4835
100	59	4835
59	132	4278
132	59	4279
59	167	2342
167	59	2342
59	99	3841
99	59	3842
59	162	4870
162	59	4870
59	92	1884
92	59	1884
59	85	4953
85	59	4954
59	180	509
180	59	509
59	189	3974
189	59	3974
59	103	1746
103	59	1746
59	160	4598
160	59	4598
59	192	3237
192	59	3237
60	75	4528
75	60	4528
60	154	2565
154	60	2565
60	103	4309
103	60	4310
60	69	1148
69	60	1149
60	176	4659
176	60	4660
60	150	4093
150	60	4094
60	133	4738
133	60	4738
60	180	1389
180	60	1389
60	135	4276
135	60	4276
61	151	3936
151	61	3937
61	182	4244
182	61	4244
61	164	3825
164	61	3825
61	132	579
132	61	579
61	187	2626
187	61	2627
61	162	1656
162	61	1657
61	90	4106
90	61	4106
61	141	1220
141	61	1220
61	152	2246
152	61	2246
61	88	2889
88	61	2890
61	146	3815
146	61	3816
61	76	3665
76	61	3665
61	199	942
199	61	942
61	80	2880
80	61	2880
62	81	2870
81	62	2871
62	161	3971
161	62	3971
62	171	3753
171	62	3754
62	122	2228
122	62	2228
62	110	3264
110	62	3264
62	71	2538
71	62	2538
62	149	4834
149	62	4835
63	96	576
96	63	576
63	135	1479
135	63	1480
63	136	4986
136	63	4987
63	72	1917
72	63	1918
63	171	4872
171	63	4873
64	93	4814
93	64	4815
64	65	1728
65	64	1729
64	94	3627
94	64	3627
64	174	135
174	64	136
64	68	4382
68	64	4383
64	173	4538
173	64	4539
64	113	3953
113	64	3953
64	160	3923
160	64	3924
64	179	4231
179	64	4232
64	81	594
81	64	595
64	87	4743
87	64	4743
65	186	3035
186	65	3035
65	98	4442
98	65	4442
65	110	4433
110	65	4434
65	120	718
120	65	718
65	135	2299
135	65	2299
65	159	934
159	65	935
65	72	1851
72	65	1851
66	151	144
151	66	145
66	108	2740
108	66	2740
66	128	4424
128	66	4424
66	123	4915
123	66	4916
66	179	2479
179	66	2479
66	67	2958
67	66	2958
66	168	2442
168	66	2442
66	112	4612
112	66	4612
66	113	2548
113	66	2549
66	172	2313
172	66	2313
66	94	3577
94	66	3578
66	136	1034
136	66	1034
66	185	981
185	66	981
66	134	1011
134	66	1011
66	175	3936
175	66	3936
67	177	2494
177	67	2495
67	146	2310
146	67	2311
67	157	4288
157	67	4289
67	145	241
145	67	242
67	125	2802
125	67	2803
67	121	3557
121	67	3558
67	102	222
102	67	222
67	103	2637
103	67	2638
67	131	4518
131	67	4519
67	89	4901
89	67	4901
68	93	1148
93	68	1148
68	180	3804
180	68	3805
68	71	2243
71	68	2243
68	138	3308
138	68	3309
68	142	4029
142	68	4029
68	157	3002
157	68	3002
68	132	1018
132	68	1019
68	80	4958
80	68	4959
68	88	1478
88	68	1479
68	171	1322
171	68	1322
68	105	4286
105	68	4287
68	136	4875
136	68	4876
68	122	4989
122	68	4990
68	173	4638
173	68	4639
69	127	4006
127	69	4006
69	117	3472
117	69	3472
69	108	4161
108	69	4162
69	155	3748
155	69	3749
69	142	1637
142	69	1637
69	77	4590
77	69	4591
69	165	2756
165	69	2756
69	148	1119
148	69	1120
69	124	4950
124	69	4951
69	146	4710
146	69	4711
69	178	4913
178	69	4913
70	157	1577
157	70	1577
70	187	4598
187	70	4598
70	164	4159
164	70	4159
70	91	3867
91	70	3868
70	95	1312
95	70	1313
70	136	2676
136	70	2676
70	117	4663
117	70	4664
70	171	2186
171	70	2187
70	199	1824
199	70	1825
70	96	4652
96	70	4652
70	72	3257
72	70	3257
70	71	4357
71	70	4358
70	134	2874
134	70	2874
70	150	1452
150	70	1452
70	83	4388
83	70	4388
71	127	4752
127	71	4753
71	140	4874
140	71	4875
72	177	4330
177	72	4331
72	154	2287
154	72	2287
72	101	4677
101	72	4677
72	88	4961
88	72	4962
72	81	1812
81	72	1812
72	77	4009
77	72	4010
72	119	1512
119	72	1512
73	141	4991
141	73	4991
73	120	58
120	73	58
73	187	3990
187	73	3990
73	100	4157
100	73	4158
73	109	3826
109	73	3827
73	139	3789
139	73	3789
73	158	1883
158	73	1883
73	170	3839
170	73	3840
73	133	3970
133	73	3971
73	145	4976
145	73	4976
73	171	4122
171	73	4122
73	98	4658
98	73	4659
73	93	590
93	73	591
73	149	563
149	73	564
74	163	2202
163	74	2202
74	92	4473
92	74	4473
74	129	4688
129	74	4689
74	177	3963
177	74	3964
74	110	4460
110	74	4460
74	152	4429
152	74	4429
74	107	4017
107	74	4017
74	123	1354
123	74	1354
74	140	4840
140	74	4840
74	178	2223
178	74	2224
74	106	1441
106	74	1441
74	156	1259
156	74	1260
74	165	2034
165	74	2035
74	109	4687
109	74	4688
74	121	3963
121	74	3963
75	148	915
148	75	915
75	85	4609
85	75	4609
75	108	3576
108	75	3576
75	77	4138
77	75	4139
75	137	1184
137	75	1184
75	166	4751
166	75	4751
75	107	4656
107	75	4656
75	165	3480
165	75	3480
75	141	1794
141	75	1795
75	91	3042
91	75	3042
76	167	4173
167	76	4174
76	173	3764
173	76	3764
76	150	2160
150	76	2160
76	176	4376
176	76	4376
76	91	2021
91	76	2022
76	168	4685
168	76	4686
76	191	1260
191	76	1260
76	116	4786
116	76	4786
77	114	4806
114	77	4807
77	151	4552
151	77	4553
77	84	4791
84	77	4791
77	99	4644
99	77	4644
77	103	3266
103	77	3266
77	157	3762
157	77	3763
77	116	1531
116	77	1532
78	146	3866
146	78	3866
78	134	1654
134	78	1654
78	110	4539
110	78	4539
78	147	2296
147	78	2297
78	164	4485
164	78	4486
78	160	414
160	78	415
78	123	2661
123	78	2661
78	148	2999
148	78	3000
78	95	2491
95	78	2491
78	85	3931
85	78	3931
78	153	1541
153	78	1541
78	109	2396
109	78	2397
78	119	1232
119	78	1233
79	130	3420
130	79	3421
79	85	3277
85	79	3278
79	83	3498
83	79	3498
79	173	1641
173	79	1641
79	165	3503
165	79	3503
79	166	4674
166	79	4675
79	138	4073
138	79	4074
79	164	2173
164	79	2173
80	90	737
90	80	737
80	191	4313
191	80	4313
80	116	2503
116	80	2504
80	100	4789
100	80	4790
80	120	4044
120	80	4045
80	124	4249
124	80	4249
80	140	4824
140	80	4824
80	82	2300
82	80	2301
80	173	2329
173	80	2329
80	165	4415
165	80	4415
81	94	4199
94	81	4199
81	158	4002
158	81	4002
81	125	71
125	81	72
82	143	3859
143	82	3860
82	150	2901
150	82	2902
82	176	2481
176	82	2481
82	136	3890
136	82	3891
82	147	2761
147	82	2762
82	92	4523
92	82	4523
82	95	2660
95	82	2661
82	172	3757
172	82	3757
82	167	4579
167	82	4579
82	168	560
168	82	561
82	179	4666
179	82	4666
82	165	4724
165	82	4724
82	140	4480
140	82	4481
83	182	1824
182	83	1824
83	92	4600
92	83	4601
83	100	2435
100	83	2436
83	166	513
166	83	513
83	161	2718
161	83	2718
83	124	3827
124	83	3828
83	140	4189
140	83	4189
83	149	2725
149	83	2725
83	143	4071
143	83	4072
83	157	4958
157	83	4958
84	140	3043
140	84	3043
84	161	4486
161	84	4487
84	106	1013
106	84	1014
85	143	2422
143	85	2423
85	107	4922
107	85	4923
85	166	535
166	85	536
85	94	2199
94	85	2200
85	171	2461
171	85	2462
85	174	3201
174	85	3202
86	107	4949
107	86	4950
86	88	1597
88	86	1598
86	130	4221
130	86	4221
86	95	4503
95	86	4503
86	91	4497
91	86	4498
86	113	3410
113	86	3411
86	186	4113
186	86	4113
86	96	1737
96	86	1737
86	145	1678
145	86	1679
86	149	1907
149	86	1907
86	139	4842
139	86	4842
86	164	1332
164	86	1333
87	95	4409
95	87	4410
87	162	1285
162	87	1286
87	96	4296
96	87	4296
87	102	4388
102	87	4388
87	156	4072
156	87	4072
87	157	133
157	87	134
87	146	4079
146	87	4080
87	166	1848
166	87	1848
87	118	4195
118	87	4195
87	176	3508
176	87	3509
87	119	4875
119	87	4876
87	138	4969
138	87	4969
88	154	3890
154	88	3891
88	131	2054
131	88	2054
88	152	3571
152	88	3571
88	186	4741
186	88	4741
88	156	4985
156	88	4986
88	104	2227
104	88	2227
89	154	4811
154	89	4812
89	101	1229
101	89	1229
89	108	2774
108	89	2775
89	167	3835
167	89	3835
89	98	4244
98	89	4244
89	155	3200
155	89	3200
89	171	2141
171	89	2142
89	135	216
135	89	217
89	143	1634
143	89	1634
89	93	1396
93	89	1396
89	116	4350
116	89	4351
89	176	4156
176	89	4157
90	131	1162
131	90	1162
90	135	3744
135	90	3745
90	124	1451
124	90	1452
90	152	3031
152	90	3032
90	92	188
92	90	189
90	147	2232
147	90	2232
90	115	2297
115	90	2298
90	91	1488
91	90	1489
90	187	1751
187	90	1751
91	178	721
178	91	722
91	165	3831
165	91	3831
91	113	4533
113	91	4533
91	135	2175
135	91	2176
91	151	1673
151	91	1674
91	153	4707
153	91	4707
91	180	2879
180	91	2879
91	132	4752
132	91	4753
91	116	4879
116	91	4880
92	129	3923
129	92	3923
92	131	1579
131	92	1580
92	120	1956
120	92	1956
92	165	3401
165	92	3401
92	107	3834
107	92	3834
92	123	3194
123	92	3194
92	142	2532
142	92	2532
92	106	1589
106	92	1589
93	180	4835
180	93	4836
93	171	1724
171	93	1725
93	159	1901
159	93	1901
93	138	4082
138	93	4082
93	152	4782
152	93	4782
93	179	3616
179	93	3616
93	103	4008
103	93	4009
93	184	3159
184	93	3160
93	121	780
121	93	780
94	133	4739
133	94	4740
94	177	2404
177	94	2404
94	103	2891
103	94	2891
94	187	4310
187	94	4311
94	141	2323
141	94	2323
94	134	2104
134	94	2104
94	112	1204
112	94	1204
94	165	825
165	94	825
94	138	4824
138	94	4825
94	106	4528
106	94	4528
95	146	649
146	95	649
95	112	3959
112	95	3960
95	122	4396
122	95	4397
96	177	2122
177	96	2123
96	128	3403
128	96	3403
96	171	2392
171	96	2393
96	146	1459
146	96	1460
96	137	4449
137	96	4450
96	101	1127
101	96	1128
96	169	3817
169	96	3817
96	136	2154
136	96	2155
96	105	1345
105	96	1345
96	161	77
161	96	78
97	124	996
124	97	997
97	116	1269
116	97	1270
97	126	1191
126	97	1192
97	170	4886
170	97	4886
97	136	244
136	97	244
97	115	4288
115	97	4289
97	164	3712
164	97	3713
97	177	3641
177	97	3642
97	148	574
148	97	575
97	195	4120
195	97	4120
97	141	3936
141	97	3937
97	135	2424
135	97	2424
97	176	1338
176	97	1339
97	149	3816
149	97	3817
98	191	2851
191	98	2851
98	159	2082
159	98	2083
98	168	4116
168	98	4116
98	129	4795
129	98	4796
98	174	1472
174	98	1472
98	104	555
104	98	555
99	116	1504
116	99	1505
99	110	3424
110	99	3424
99	115	2034
115	99	2034
99	125	1668
125	99	1668
99	127	846
127	99	847
99	149	2559
149	99	2560
99	130	1912
130	99	1913
99	167	4831
167	99	4831
99	147	2921
147	99	2921
100	120	2078
120	100	2079
100	129	430
129	100	430
100	126	877
126	100	877
100	109	3945
109	100	3946
100	164	4419
164	100	4420
100	104	1166
104	100	1167
100	118	2530
118	100	2530
101	174	4853
174	101	4854
101	149	1747
149	101	1747
102	142	3810
142	102	3811
102	133	1680
133	102	1681
102	155	3494
155	102	3495
102	119	4064
119	102	4065
103	114	4639
114	103	4640
103	153	2337
153	103	2338
104	120	4144
120	104	4145
104	122	3930
122	104	3930
105	106	497
106	105	497
105	195	383
195	105	384
105	125	4515
125	105	4516
105	161	4528
161	105	4528
105	170	3076
170	105	3077
105	126	2459
126	105	2460
105	109	4432
109	105	4432
106	112	2980
112	106	2981
106	130	1205
130	106	1206
106	164	4757
164	106	4758
106	162	4096
162	106	4097
106	139	4984
139	106	4985
107	154	1470
154	107	1470
107	114	4092
114	107	4093
107	195	2168
195	107	2168
107	144	4406
144	107	4406
107	118	4086
118	107	4087
108	179	847
179	108	848
108	127	4210
127	108	4210
108	135	4698
135	108	4698
109	154	325
154	109	325
109	136	4030
136	109	4031
109	131	4599
131	109	4599
109	175	868
175	109	868
112	128	1093
128	112	1093
112	122	3801
122	112	3801
112	158	3864
158	112	3864
113	128	2374
128	113	2375
113	136	3873
136	113	3873
113	130	4868
130	113	4869
113	157	4376
157	113	4377
114	158	2349
158	114	2350
114	132	1769
132	114	1769
114	126	3642
126	114	3643
114	139	4963
139	114	4963
114	149	1525
149	114	1525
114	153	1020
153	114	1020
115	121	1503
121	115	1503
115	118	3440
118	115	3440
115	172	3175
172	115	3175
116	128	3006
128	116	3007
118	175	3827
175	118	3828
118	137	1080
137	118	1080
118	124	4998
124	118	4999
118	147	819
147	118	819
118	141	3694
141	118	3694
118	170	3945
170	118	3945
118	156	1889
156	118	1890
121	125	2753
125	121	2753
122	124	1001
124	122	1001
122	133	3059
133	122	3059
122	197	3725
197	122	3726
122	147	4062
147	122	4062
122	123	3936
123	122	3936
122	174	3859
174	122	3859
123	180	3597
180	123	3597
123	128	3894
128	123	3894
123	137	3887
137	123	3887
123	156	4308
156	123	4309
123	124	4807
124	123	4807
124	150	3546
150	124	3547
127	150	593
150	127	593
128	137	630
137	128	630
128	145	1106
145	128	1107
128	152	2729
152	128	2729
128	131	3684
131	128	3685
130	137	2265
137	130	2266
130	151	1084
151	130	1085
131	148	4449
148	131	4449
132	162	4582
162	132	4582
132	149	2587
149	132	2587
132	159	3079
159	132	3079
132	135	1891
135	132	1891
135	174	3879
174	135	3879
137	149	1336
149	137	1337
139	150	1785
150	139	1786
139	148	235
148	139	236
139	197	2549
197	139	2550
139	158	3253
158	139	3254
139	180	3830
180	139	3830
142	148	952
148	142	953
142	167	3092
167	142	3093
144	166	1412
166	144	1413
144	158	1695
158	144	1696
144	163	4810
163	144	4810
144	151	3848
151	144	3849
144	175	2492
175	144	2492
144	171	3857
171	144	3858
144	153	804
153	144	805
145	153	893
153	145	893
145	174	3668
174	145	3669
145	170	4921
170	145	4922
145	167	3112
167	145	3112
145	159	4991
159	145	4991
145	157	3949
157	145	3949
147	159	1128
159	147	1129
147	180	2821
180	147	2822
147	163	954
163	147	955
147	153	105
153	147	106
147	157	3787
157	147	3787
147	167	2193
167	147	2193
147	170	2728
170	147	2729
147	178	1318
178	147	1318
150	171	3843
171	150	3844
151	158	4482
158	151	4482
151	197	4787
197	151	4788
151	180	3685
180	151	3685
151	164	1869
164	151	1870
151	175	1515
175	151	1515
153	170	2679
170	153	2679
158	171	4370
171	158	4371
158	174	2440
174	158	2440
158	169	4786
169	158	4786
158	176	4877
176	158	4877
159	163	3767
163	159	3767
159	170	1797
170	159	1798
159	174	4056
174	159	4057
161	169	3178
169	161	3178
161	170	2059
170	161	2059
161	197	1612
197	161	1613
162	166	3925
166	162	3926
162	175	1678
175	162	1678
163	175	2397
175	163	2397
163	169	4614
169	163	4614
163	178	4358
178	163	4359
163	174	2649
174	163	2649
163	176	4253
176	163	4254
