200	2810
2	2
2	2
5	5
3	3
4	4
2	2
2	2
4	4
4	4
5	5
3	3
4	4
5	5
2	2
2	2
4	4
4	4
2	2
3	3
2	2
3	3
4	4
4	4
5	5
5	5
4	4
2	2
4	4
3	3
4	4
5	5
5	5
3	3
2	2
4	4
3	3
4	4
5	5
5	5
3	3
2	2
5	5
4	4
5	5
4	4
2	2
4	4
5	5
3	3
3	3
5	5
3	3
2	2
3	3
3	3
2	2
3	3
5	5
5	5
2	2
5	5
4	4
4	4
3	3
5	5
3	3
3	3
2	2
5	5
2	2
4	4
3	3
3	3
5	5
4	4
3	3
5	5
2	2
5	5
5	5
5	5
2	2
2	2
4	4
5	5
4	4
4	4
4	4
5	5
5	5
2	2
3	3
3	3
4	4
4	4
5	5
3	3
5	5
3	3
3	3
4	4
3	3
3	3
2	2
2	2
4	4
5	5
2	2
4	4
3	3
5	5
4	4
4	4
5	5
4	4
5	5
2	2
2	2
4	4
2	2
2	2
3	3
2	2
3	3
2	2
4	4
5	5
2	2
2	2
3	3
5	5
4	4
2	2
4	4
3	3
3	3
3	3
2	2
4	4
5	5
4	4
5	5
4	4
2	2
5	5
3	3
2	2
4	4
3	3
3	3
3	3
5	5
2	2
2	2
3	3
4	4
2	2
4	4
4	4
5	5
2	2
3	3
3	3
2	2
2	2
5	5
3	3
2	2
5	5
3	3
2	2
5	5
2	2
2	2
2	2
3	3
3	3
2	2
5	5
3	3
3	3
3	3
5	5
5	5
4	4
2	2
4	4
5	5
3	3
5	5
3	3
4	4
4	4
5	5
5	5
3	3
5	5
4	4
3	3
5	5
1	21	2653
21	1	2653
1	155	1493
155	1	1494
1	117	4487
117	1	4487
1	56	244
56	1	245
1	166	2217
166	1	2217
1	63	4282
63	1	4282
1	88	4143
88	1	4143
1	137	3000
137	1	3001
1	82	4493
82	1	4493
1	72	1545
72	1	1545
1	11	2998
11	1	2998
1	13	1939
13	1	1939
1	57	4902
57	1	4902
1	85	4266
85	1	4267
1	43	2948
43	1	2948
1	26	1449
26	1	1449
1	73	871
73	1	872
1	66	1275
66	1	1275
1	127	3651
127	1	3651
1	169	4490
169	1	4491
2	14	4211
14	2	4212
2	158	2317
158	2	2317
2	57	4647
57	2	4647
2	160	3673
160	2	3674
2	103	3080
103	2	3080
2	137	3577
137	2	3578
2	65	4189
65	2	4190
2	113	473
113	2	474
2	153	1502
153	2	1502
2	15	551
15	2	552
2	172	3946
172	2	3947
2	132	3201
132	2	3201
2	183	4895
183	2	4896
2	37	3725
37	2	3725
2	64	952
64	2	952
2	111	3782
111	2	3782
2	38	4611
38	2	4612
2	119	2287
119	2	2287
2	195	4979
195	2	4980
2	118	3914
118	2	3914
3	34	4911
34	3	4911
3	68	4566
68	3	4567
3	64	2550
64	3	2551
3	40	1267
40	3	1267
3	187	2652
187	3	2652
3	65	149
65	3	150
3	19	4963
19	3	4964
3	190	1089
190	3	1090
3	195	2706
195	3	2707
3	81	4000
81	3	4001
3	103	1222
103	3	1223
3	28	3357
28	3	3357
3	67	3634
67	3	3635
3	46	4956
46	3	4957
3	94	3938
94	3	3938
3	162	4939
162	3	4939
3	133	350
133	3	350
3	141	737
141	3	738
3	47	189
47	3	190
3	184	4739
184	3	4740
4	90	3913
90	4	3914
4	25	4049
25	4	4049
4	73	4369
73	4	4369
4	6	4846
6	4	4846
4	109	4405
109	4	4405
4	5	4689
5	4	4689
4	60	4832
60	4	4832
4	191	4054
191	4	4055
4	138	4123
138	4	4123
4	39	4206
39	4	4206
4	75	4978
75	4	4979
4	149	2999
149	4	3000
4	56	4277
56	4	4278
4	119	1762
119	4	1762
4	128	4890
128	4	4891
4	83	4139
83	4	4140
4	46	4534
46	4	4535
4	160	4447
160	4	4448
4	53	4905
53	4	4906
4	50	3282
50	4	3282
5	157	1848
157	5	1848
5	148	1721
148	5	1722
5	144	2984
144	5	2985
5	34	3968
34	5	3968
5	141	3214
141	5	3215
5	91	4829
91	5	4830
5	24	4029
24	5	4029
5	67	3878
67	5	3879
5	35	2786
35	5	2786
5	59	852
59	5	853
5	65	3903
65	5	3903
5	73	4431
73	5	4431
5	181	2664
181	5	2664
5	39	654
39	5	655
5	100	3944
100	5	3945
5	96	3637
96	5	3638
5	129	4873
129	5	4873
5	150	1994
150	5	1994
5	133	2850
133	5	2850
6	177	1010
177	6	1010
6	19	4592
19	6	4593
6	131	3853
131	6	3853
6	136	263
136	6	263
6	166	1511
166	6	1512
6	59	4167
59	6	4167
6	48	4738
48	6	4738
6	61	4178
61	6	4178
6	112	4427
112	6	4428
6	45	4900
45	6	4901
6	13	809
13	6	809
6	156	2818
156	6	2818
6	130	4174
130	6	4175
6	167	4728
167	6	4728
6	39	4127
39	6	4127
6	168	4222
168	6	4222
6	190	4642
190	6	4642
6	192	1360
192	6	1360
6	132	3890
132	6	3891
7	93	2888
93	7	2889
7	69	1439
69	7	1440
7	136	4338
136	7	4339
7	107	1334
107	7	1335
7	35	854
35	7	855
7	54	2043
54	7	2043
7	143	3808
143	7	3809
7	42	3150
42	7	3151
7	39	679
39	7	680
7	170	3806
170	7	3806
7	198	4811
198	7	4812
7	138	1054
138	7	1054
7	81	3310
81	7	3311
7	101	3281
101	7	3282
7	151	2647
151	7	2648
7	132	4290
132	7	4290
7	41	3743
41	7	3744
7	74	2946
74	7	2946
7	22	1937
22	7	1938
7	102	544
102	7	545
8	178	2738
178	8	2738
8	155	2512
155	8	2512
8	56	966
56	8	966
8	123	3577
123	8	3578
8	55	4805
55	8	4806
8	135	1771
135	8	1772
8	179	1896
179	8	1896
8	104	3665
104	8	3665
8	116	1315
116	8	1315
8	53	2560
53	8	2560
8	43	4882
43	8	4882
8	138	1530
138	8	1531
8	75	844
75	8	845
8	125	2604
125	8	2604
8	139	4401
139	8	4401
8	108	3648
108	8	3648
8	32	3988
32	8	3988
8	99	3836
99	8	3836
8	110	1064
110	8	1064
8	80	1610
80	8	1611
9	46	756
46	9	756
9	41	4169
41	9	4170
9	28	4649
28	9	4650
9	37	4434
37	9	4434
9	113	4931
113	9	4931
9	169	3932
169	9	3932
9	82	1315
82	9	1316
9	200	4424
200	9	4425
9	168	4158
168	9	4159
9	140	2161
140	9	2162
9	10	4558
10	9	4558
9	48	2503
48	9	2504
9	191	4283
191	9	4283
9	17	4960
17	9	4960
9	165	2534
165	9	2535
9	83	1256
83	9	1257
9	130	3655
130	9	3655
9	149	2998
149	9	2998
9	167	3209
167	9	3209
9	122	3882
122	9	3882
10	106	1940
106	10	1941
10	192	4448
192	10	4448
10	197	3425
197	10	3426
10	87	958
87	10	958
10	64	4636
64	10	4636
10	18	3966
18	10	3967
10	143	3625
143	10	3626
10	77	1984
77	10	1985
10	166	3764
166	10	3764
10	70	3212
70	10	3213
10	118	753
118	10	753
10	112	3876
112	10	3877
10	93	4797
93	10	4797
10	45	4682
45	10	4683
10	183	1814
183	10	1815
10	129	3827
129	10	3828
10	193	2297
193	10	2298
10	73	4493
73	10	4493
10	20	4322
20	10	4323
11	176	4655
176	11	4655
11	119	4971
119	11	4972
11	57	3023
57	11	3024
11	121	2492
121	11	2493
11	179	694
179	11	694
11	169	4448
169	11	4449
11	82	1538
82	11	1538
11	140	4386
140	11	4387
11	96	2436
96	11	2437
11	17	4249
17	11	4250
11	75	4861
75	11	4861
11	98	3030
98	11	3031
11	18	1954
18	11	1955
11	137	4656
137	11	4657
11	16	2908
16	11	2908
11	118	4250
118	11	4251
11	12	3685
12	11	3685
11	161	1036
161	11	1036
11	116	4741
116	11	4742
12	58	3757
58	12	3758
12	150	4702
150	12	4703
12	154	3018
154	12	3019
12	126	2654
126	12	2654
12	86	4212
86	12	4212
12	102	209
102	12	209
12	98	2916
98	12	2917
12	41	4191
41	12	4191
12	57	4454
57	12	4455
12	156	805
156	12	806
12	78	4268
78	12	4269
12	18	3540
18	12	3540
12	173	4228
173	12	4229
12	127	4880
127	12	4880
12	196	4330
196	12	4330
12	185	3731
185	12	3732
12	176	4371
176	12	4371
12	64	2266
64	12	2266
12	40	2981
40	12	2982
13	198	4264
198	13	4265
13	176	4178
176	13	4178
13	66	4123
66	13	4124
13	158	3729
158	13	3729
13	168	3052
168	13	3053
13	128	3877
128	13	3878
13	179	2766
179	13	2767
13	140	1769
140	13	1770
13	75	3529
75	13	3529
13	100	4946
100	13	4947
13	24	4491
24	13	4491
13	93	3768
93	13	3768
13	33	3372
33	13	3372
13	91	152
91	13	152
13	54	1326
54	13	1326
13	44	563
44	13	564
13	197	1619
197	13	1619
13	115	2614
115	13	2614
14	159	1325
159	14	1326
14	136	2114
136	14	2114
14	155	2774
155	14	2774
14	55	783
55	14	783
14	43	4111
43	14	4112
14	170	4221
170	14	4222
14	23	2509
23	14	2510
14	166	700
166	14	701
14	193	4577
193	14	4578
14	21	1336
21	14	1337
14	169	4993
169	14	4994
14	44	2665
44	14	2666
14	120	3729
120	14	3730
14	67	4939
67	14	4940
14	179	3201
179	14	3201
14	128	333
128	14	333
14	157	2320
157	14	2321
14	107	1268
107	14	1269
14	70	3844
70	14	3844
15	138	4130
138	15	4130
15	30	2217
30	15	2217
15	49	2687
49	15	2688
15	56	1170
56	15	1171
15	123	1998
123	15	1998
15	69	3943
69	15	3944
15	156	4254
156	15	4254
15	102	4014
102	15	4014
15	145	1557
145	15	1558
15	196	4537
196	15	4538
15	96	1244
96	15	1244
15	164	3311
164	15	3311
15	199	4348
199	15	4349
15	74	2771
74	15	2772
15	71	2409
71	15	2409
15	186	1214
186	15	1215
15	132	4781
132	15	4782
15	176	1398
176	15	1399
15	183	4034
183	15	4034
16	42	4168
42	16	4168
16	138	2552
138	16	2552
16	161	4329
161	16	4329
16	198	2533
198	16	2534
16	70	4644
70	16	4645
16	175	1824
175	16	1825
16	165	221
165	16	222
16	182	1035
182	16	1035
16	84	4953
84	16	4953
16	164	1858
164	16	1859
16	41	4307
41	16	4307
16	159	4695
159	16	4696
16	50	1694
50	16	1695
16	60	530
60	16	531
16	189	3286
189	16	3287
16	46	4177
46	16	4178
16	73	4961
73	16	4961
16	163	3845
163	16	3846
16	166	2503
166	16	2504
17	79	2914
79	17	2914
17	42	3607
42	17	3608
17	190	4737
190	17	4737
17	20	4955
20	17	4955
17	109	3142
109	17	3142
17	133	3832
133	17	3833
17	194	1799
194	17	1799
17	139	3630
139	17	3631
17	147	3970
147	17	3970
17	29	3077
29	17	3077
17	166	4524
166	17	4525
17	148	4757
148	17	4758
17	64	3503
64	17	3504
17	196	2254
196	17	2254
17	176	4084
176	17	4085
17	125	1084
125	17	1085
17	199	1557
199	17	1558
17	103	3065
103	17	3066
18	153	3598
153	18	3598
18	83	4259
83	18	4260
18	152	3993
152	18	3993
18	126	4243
126	18	4243
18	132	3443
132	18	3444
18	58	3675
58	18	3676
18	162	4893
162	18	4893
18	75	4781
75	18	4782
18	163	1093
163	18	1093
18	74	3755
74	18	3755
18	119	515
119	18	516
18	26	4706
26	18	4707
18	177	4824
177	18	4825
18	116	3018
116	18	3018
18	21	4632
21	18	4633
18	127	3682
127	18	3682
18	121	2514
121	18	2514
19	198	2416
198	19	2417
19	177	3079
177	19	3080
19	81	3059
81	19	3059
19	172	425
172	19	425
19	83	4060
83	19	4061
19	29	965
29	19	966
19	32	989
32	19	990
19	179	4169
179	19	4170
19	130	4703
130	19	4704
19	54	4814
54	19	4815
19	114	2256
114	19	2257
19	71	1729
71	19	1729
19	53	3941
53	19	3942
19	30	4950
30	19	4950
19	76	1905
76	19	1906
19	139	4324
139	19	4325
19	87	3372
87	19	3373
19	155	2258
155	19	2259
20	170	1302
170	20	1303
20	148	3752
148	20	3752
20	26	4411
26	20	4411
20	104	430
104	20	431
20	72	2513
72	20	2514
20	36	4647
36	20	4648
20	75	1408
75	20	1408
20	64	4861
64	20	4862
20	95	3911
95	20	3912
20	119	3652
119	20	3653
20	178	4408
178	20	4408
20	108	3648
108	20	3648
20	55	1766
55	20	1766
20	62	1611
62	20	1611
20	146	4529
146	20	4529
20	131	953
131	20	954
20	157	3204
157	20	3205
20	90	416
90	20	417
21	142	2785
142	21	2786
21	55	294
55	21	295
21	111	1411
111	21	1412
21	47	3168
47	21	3169
21	164	4363
164	21	4363
21	167	3767
167	21	3768
21	180	3692
180	21	3692
21	104	2391
104	21	2392
21	157	193
157	21	194
21	199	3878
199	21	3879
21	145	4244
145	21	4245
21	195	3936
195	21	3936
21	72	3513
72	21	3513
21	49	3127
49	21	3127
21	137	1041
137	21	1042
22	95	3991
95	22	3992
22	51	2436
51	22	2437
22	31	1899
31	22	1899
22	53	744
53	22	745
22	91	4692
91	22	4693
22	96	1383
96	22	1384
22	133	4178
133	22	4179
22	72	1829
72	22	1829
22	124	3705
124	22	3705
22	117	2436
117	22	2436
22	108	348
108	22	349
22	187	2341
187	22	2342
22	39	481
39	22	481
22	148	2585
148	22	2586
23	107	4886
107	23	4886
23	195	1929
195	23	1930
23	104	3926
104	23	3927
23	162	2666
162	23	2667
23	80	3884
80	23	3884
23	40	4517
40	23	4517
23	128	4450
128	23	4450
23	87	4319
87	23	4319
23	59	4864
59	23	4864
23	125	4523
125	23	4523
23	118	833
118	23	833
23	56	691
56	23	691
23	177	1686
177	23	1687
23	63	1764
63	23	1765
23	165	3631
165	23	3631
23	45	2934
45	23	2934
23	164	3641
164	23	3642
23	85	4762
85	23	4763
24	123	1152
123	24	1153
24	39	1917
39	24	1918
24	49	490
49	24	491
24	40	4443
40	24	4444
24	120	3765
120	24	3766
24	191	126
191	24	127
24	192	4732
192	24	4733
24	154	1702
154	24	1703
24	103	518
103	24	518
24	155	3891
155	24	3892
24	43	3503
43	24	3503
24	175	445
175	24	446
24	38	958
38	24	958
24	136	4417
136	24	4418
25	117	4779
117	25	4779
25	197	3659
197	25	3660
25	109	3953
109	25	3953
25	200	502
200	25	503
25	107	2803
107	25	2804
25	161	4475
161	25	4476
25	50	3570
50	25	3570
25	92	3374
92	25	3375
25	114	3575
114	25	3575
25	70	4796
70	25	4797
25	175	2851
175	25	2852
25	141	1071
141	25	1071
25	125	4662
125	25	4662
25	118	2069
118	25	2069
25	138	2153
138	25	2154
25	166	2631
166	25	2632
26	163	4828
163	26	4829
26	110	3683
110	26	3683
26	90	1322
90	26	1322
26	142	4224
142	26	4225
26	118	3948
118	26	3948
26	159	430
159	26	430
26	31	3222
31	26	3223
26	165	1165
165	26	1165
26	67	1406
67	26	1407
26	44	4180
44	26	4180
26	127	2439
127	26	2439
26	169	1354
169	26	1355
26	134	1087
134	26	1088
27	64	4604
64	27	4605
27	171	4345
171	27	4345
27	100	4722
100	27	4723
27	72	1980
72	27	1980
27	88	1254
88	27	1254
27	28	3745
28	27	3746
27	114	4876
114	27	4876
27	55	1112
55	27	1112
27	29	1687
29	27	1688
27	91	4033
91	27	4034
27	51	3767
51	27	3768
27	166	2900
166	27	2900
27	46	4893
46	27	4894
27	145	3996
145	27	3996
27	198	108
198	27	108
27	73	751
73	27	751
28	143	4536
143	28	4536
28	190	839
190	28	840
28	169	3733
169	28	3733
28	116	4005
116	28	4005
28	117	212
117	28	213
28	98	4785
98	28	4786
28	147	2852
147	28	2853
28	93	3179
93	28	3179
28	112	801
112	28	802
28	84	3555
84	28	3556
28	154	399
154	28	400
28	56	2910
56	28	2910
28	108	456
108	28	457
28	195	3839
195	28	3839
29	53	159
53	29	160
29	47	4485
47	29	4485
29	111	2411
111	29	2411
29	78	3041
78	29	3042
29	182	1951
182	29	1951
29	151	1090
151	29	1091
29	69	4807
69	29	4808
29	84	4821
84	29	4822
29	189	2248
189	29	2248
29	153	4034
153	29	4035
29	125	4655
125	29	4655
29	52	3421
52	29	3422
29	38	4070
38	29	4070
29	99	4696
99	29	4697
29	138	2948
138	29	2948
29	200	1105
200	29	1105
30	36	1459
36	30	1459
30	109	4906
109	30	4906
30	39	2488
39	30	2489
30	74	4995
74	30	4995
30	78	3459
78	30	3459
30	104	3760
104	30	3761
30	110	4266
110	30	4266
30	116	4675
116	30	4676
30	127	4355
127	30	4355
30	155	693
155	30	693
30	80	4157
80	30	4158
30	43	4153
43	30	4154
30	54	1666
54	30	1667
30	149	2132
149	30	2132
30	179	2124
179	30	2124
31	94	3059
94	31	3060
31	59	3041
59	31	3041
31	152	1294
152	31	1294
31	117	3314
117	31	3314
31	75	3527
75	31	3528
31	46	4447
46	31	4447
31	110	3347
110	31	3347
31	62	4607
62	31	4607
31	133	1468
133	31	1469
31	84	3820
84	31	3820
31	49	3569
49	31	3569
31	146	1199
146	31	1199
31	160	3363
160	31	3364
31	143	3665
143	31	3665
31	141	4807
141	31	4807
31	148	4043
148	31	4043
32	129	2441
129	32	2442
32	190	4415
190	32	4415
32	37	1701
37	32	1701
32	141	3466
141	32	3466
32	81	2843
81	32	2843
32	35	2658
35	32	2658
32	76	4849
76	32	4850
32	52	4347
52	32	4347
32	54	1422
54	32	1422
32	173	2930
173	32	2931
32	70	3983
70	32	3983
32	167	2333
167	32	2333
32	60	1357
60	32	1358
33	160	3476
160	33	3476
33	79	4009
79	33	4010
33	78	4500
78	33	4501
33	60	3903
60	33	3904
33	135	3464
135	33	3465
33	117	4987
117	33	4988
33	99	3874
99	33	3875
33	155	1797
155	33	1797
33	166	1046
166	33	1047
33	144	3588
144	33	3589
33	102	2857
102	33	2858
33	89	3839
89	33	3840
33	41	3211
41	33	3211
33	104	4077
104	33	4077
33	113	3152
113	33	3153
33	67	1686
67	33	1686
34	89	4160
89	34	4160
34	149	1622
149	34	1623
34	65	4997
65	34	4998
34	160	3738
160	34	3738
34	69	3534
69	34	3535
34	39	4537
39	34	4538
34	154	4943
154	34	4943
34	148	3704
148	34	3704
34	76	1330
76	34	1331
34	143	4155
143	34	4155
34	70	3710
70	34	3711
34	98	1090
98	34	1091
34	51	4230
51	34	4231
34	159	2101
159	34	2102
34	150	3790
150	34	3791
35	52	3285
52	35	3286
35	94	4769
94	35	4770
35	107	1799
107	35	1800
35	115	3081
115	35	3081
35	62	327
62	35	328
35	50	4605
50	35	4605
35	161	4062
161	35	4063
35	98	3749
98	35	3749
35	137	938
137	35	939
35	110	3700
110	35	3700
35	154	4018
154	35	4018
35	93	460
93	35	460
35	81	3688
81	35	3688
35	177	4623
177	35	4623
35	171	2559
171	35	2560
35	150	272
150	35	273
36	114	4174
114	36	4174
36	127	4901
127	36	4902
36	41	2597
41	36	2598
36	147	143
147	36	143
36	98	2564
98	36	2564
36	143	687
143	36	687
36	64	4768
64	36	4768
36	153	4537
153	36	4537
36	68	2424
68	36	2424
36	124	4846
124	36	4846
36	113	1169
113	36	1170
36	82	4813
82	36	4814
36	95	4536
95	36	4537
37	128	4786
128	37	4787
37	120	174
120	37	175
37	157	3535
157	37	3535
37	125	4134
125	37	4135
37	98	2639
98	37	2640
37	141	2919
141	37	2920
37	62	325
62	37	325
37	171	2257
171	37	2258
37	44	3214
44	37	3215
37	69	2533
69	37	2533
37	147	4619
147	37	4619
37	153	3689
153	37	3689
37	99	287
99	37	288
37	139	4881
139	37	4882
38	118	3743
118	38	3744
38	59	4532
59	38	4532
38	130	4536
130	38	4536
38	77	3219
77	38	3220
38	164	2647
164	38	2647
38	171	1628
171	38	1628
38	62	4779
62	38	4780
38	91	2085
91	38	2085
38	159	57
159	38	58
38	151	4498
151	38	4499
38	192	1716
192	38	1717
38	145	998
145	38	999
38	138	2216
138	38	2216
38	160	1148
160	38	1149
38	116	804
116	38	805
38	120	1745
120	38	1746
39	137	4109
137	39	4110
39	57	1618
57	39	1619
39	77	428
77	39	428
39	105	4881
105	39	4882
39	50	835
50	39	835
39	150	4983
150	39	4984
39	43	2926
43	39	2927
39	136	4185
136	39	4186
39	84	3927
84	39	3928
39	64	3884
64	39	3885
39	62	1221
62	39	1221
40	101	3822
101	40	3823
40	104	1774
104	40	1775
40	144	1888
144	40	1888
40	134	77
134	40	77
40	137	1945
137	40	1946
40	160	3565
160	40	3566
40	147	4243
147	40	4244
40	50	2683
50	40	2683
40	168	4379
168	40	4379
40	111	4989
111	40	4989
40	54	4164
54	40	4164
40	103	4615
103	40	4615
40	150	2927
150	40	2927
41	57	4894
57	41	4895
41	63	4136
63	41	4136
41	153	3618
153	41	3618
41	99	3158
99	41	3159
41	200	540
200	41	540
41	106	716
106	41	716
41	95	2173
95	41	2173
41	51	3586
51	41	3586
41	123	2089
123	41	2089
41	82	2002
82	41	2003
41	87	4402
87	41	4402
41	170	2677
170	41	2677
41	93	3991
93	41	3991
42	89	4912
89	42	4912
42	130	3436
130	42	3436
42	81	3451
81	42	3451
42	45	4109
45	42	4110
42	71	3930
71	42	3931
42	75	4762
75	42	4762
42	79	4272
79	42	4272
42	53	4103
53	42	4104
42	65	2813
65	42	2814
42	195	4427
195	42	4428
42	117	4514
117	42	4515
42	188	3979
188	42	3979
42	68	2649
68	42	2649
42	152	2783
152	42	2784
43	161	2173
161	43	2173
43	57	3692
57	43	3693
43	126	3148
126	43	3149
43	144	3882
144	43	3882
43	52	3197
52	43	3197
43	195	3859
195	43	3860
43	103	2330
103	43	2330
43	137	3733
137	43	3733
43	180	3993
180	43	3994
43	58	3772
58	43	3772
43	155	3640
155	43	3640
43	178	2736
178	43	2737
44	129	3677
129	44	3677
44	60	3305
60	44	3305
44	99	4879
99	44	4879
44	75	4713
75	44	4714
44	57	4259
57	44	4259
44	81	4519
81	44	4520
44	101	380
101	44	380
44	150	4207
150	44	4207
44	143	3874
143	44	3874
44	98	4345
98	44	4346
44	180	2525
180	44	2526
44	102	2374
102	44	2374
45	153	2241
153	45	2242
45	100	1632
100	45	1633
45	81	4437
81	45	4437
45	95	4179
95	45	4180
45	120	3080
120	45	3081
45	172	2686
172	45	2686
45	171	4684
171	45	4684
45	115	966
115	45	967
45	145	4187
145	45	4188
45	122	2009
122	45	2009
45	82	1893
82	45	1893
45	180	2935
180	45	2936
45	77	132
77	45	132
46	93	3234
93	46	3234
46	177	1114
177	46	1114
46	92	2816
92	46	2817
46	172	1788
172	46	1788
46	102	2240
102	46	2241
46	84	4989
84	46	4989
46	66	2122
66	46	2122
46	157	4128
157	46	4128
46	72	4036
72	46	4037
46	158	4440
158	46	4440
47	127	1054
127	47	1055
47	70	4605
70	47	4606
47	121	1579
121	47	1579
47	124	4725
124	47	4725
47	93	3764
93	47	3765
47	48	2146
48	47	2146
47	142	4365
142	47	4366
47	87	2307
87	47	2307
47	111	4781
111	47	4782
47	120	4120
120	47	4120
47	149	4269
149	47	4270
47	151	1147
151	47	1148
47	117	4007
117	47	4008
47	109	4462
109	47	4462
47	174	4992
174	47	4992
47	86	3789
86	47	3790
48	175	3749
175	48	3750
48	78	4475
78	48	4476
48	154	3526
154	48	3527
48	53	1959
53	48	1960
48	129	4141
129	48	4141
48	77	1755
77	48	1755
48	162	3982
162	48	3983
48	102	4870
102	48	4871
48	52	2391
52	48	2392
48	64	723
64	48	724
48	164	2436
164	48	2436
48	189	4709
189	48	4710
48	86	1457
86	48	1457
48	83	3356
83	48	3357
48	70	4890
70	48	4891
49	103	4239
103	49	4239
49	116	3765
116	49	3766
49	125	4858
125	49	4859
49	142	4143
142	49	4143
49	131	2964
131	49	2964
49	129	481
129	49	482
49	66	529
66	49	529
49	169	4348
169	49	4348
49	54	4269
54	49	4270
49	166	4667
166	49	4668
49	67	3499
67	49	3500
49	115	1545
115	49	1546
49	108	3488
108	49	3489
49	147	2187
147	49	2188
50	195	3782
195	50	3783
50	114	2782
114	50	2782
50	72	3954
72	50	3955
50	99	4759
99	50	4759
50	81	2185
81	50	2186
50	174	4459
174	50	4459
50	123	2175
123	50	2175
50	167	2993
167	50	2994
50	103	3364
103	50	3364
50	79	4105
79	50	4105
50	163	3844
163	50	3845
50	69	4036
69	50	4037
51	76	3574
76	51	3575
51	182	4512
182	51	4513
51	119	2940
119	51	2940
51	133	3321
133	51	3321
51	161	2637
161	51	2638
51	168	4176
168	51	4177
51	97	4450
97	51	4450
51	108	3555
108	51	3556
51	163	4168
163	51	4169
51	118	3292
118	51	3293
51	162	2720
162	51	2720
52	85	1014
85	52	1015
52	81	3900
81	52	3901
52	65	4930
65	52	4931
52	104	2921
104	52	2921
52	176	2565
176	52	2565
52	83	1337
83	52	1338
52	172	3173
172	52	3174
52	167	4587
167	52	4588
52	182	4306
182	52	4306
52	68	3823
68	52	3824
52	122	571
122	52	571
52	121	4502
121	52	4502
52	72	591
72	52	592
52	168	3961
168	52	3962
53	83	4388
83	53	4389
53	139	2630
139	53	2630
53	137	4014
137	53	4015
53	70	4365
70	53	4366
53	68	4504
68	53	4504
53	57	1292
57	53	1293
53	112	1611
112	53	1612
53	94	3957
94	53	3958
53	93	3347
93	53	3348
53	189	4928
189	53	4929
53	175	3165
175	53	3165
54	143	3836
143	54	3837
54	149	4957
149	54	4957
54	185	1338
185	54	1339
54	128	3973
128	54	3974
54	76	4012
76	54	4013
54	89	2546
89	54	2546
54	134	4904
134	54	4905
54	112	3081
112	54	3082
54	88	4918
88	54	4918
55	134	2380
134	55	2381
55	160	2883
160	55	2883
55	89	4244
89	55	4244
55	157	2054
157	55	2054
55	163	2103
163	55	2104
55	122	2581
122	55	2582
55	140	4608
140	55	4609
55	141	1287
141	55	1287
55	80	1993
80	55	1994
55	175	4159
175	55	4160
55	178	3623
178	55	3623
56	100	452
100	56	453
56	82	133
82	56	134
56	174	3716
174	56	3716
56	79	3837
79	56	3837
56	98	4390
98	56	4391
56	160	4561
160	56	4561
56	58	4305
58	56	4306
56	114	1439
114	56	1439
56	70	2040
70	56	2041
56	86	2383
86	56	2383
57	98	2500
98	57	2500
57	154	4628
154	57	4629
57	161	2890
161	57	2890
57	158	4802
158	57	4802
57	123	4533
123	57	4534
57	155	3613
155	57	3613
57	110	579
110	57	580
58	105	4069
105	58	4070
58	66	2431
66	58	2431
58	163	4167
163	58	4167
58	127	4046
127	58	4046
58	187	3908
187	58	3908
58	109	3808
109	58	3808
58	102	3841
102	58	3841
58	81	3653
81	58	3653
58	159	3284
159	58	3284
58	174	3856
174	58	3857
58	160	4783
160	58	4783
58	63	3908
63	58	3909
59	152	3113
152	59	3114
59	136	3740
136	59	3741
59	174	3508
174	59	3508
59	76	3063
76	59	3064
59	167	4797
167	59	4798
59	148	598
148	59	599
59	123	4188
123	59	4188
59	116	1026
116	59	1026
59	146	4467
146	59	4468
59	109	3168
109	59	3168
59	64	3676
64	59	3677
59	80	2624
80	59	2625
60	179	3913
179	60	3913
60	127	1402
127	60	1402
60	135	3899
135	60	3900
60	178	3706
178	60	3707
60	144	4219
144	60	4219
60	114	3125
114	60	3125
60	146	4839
146	60	4839
60	92	4309
92	60	4310
60	65	3844
65	60	3845
60	98	4666
98	60	4666
60	174	834
174	60	834
60	182	1157
182	60	1157
61	75	1390
75	61	1390
61	170	4386
170	61	4387
61	172	848
172	61	849
61	197	1305
197	61	1306
61	174	1786
174	61	1787
61	93	4015
93	61	4015
61	69	4314
69	61	4315
61	96	113
96	61	113
61	113	3289
113	61	3290
61	142	3193
142	61	3194
61	91	4686
91	61	4686
61	165	4438
165	61	4439
61	66	1412
66	61	1413
61	102	2259
102	61	2260
61	177	2740
177	61	2741
61	101	4895
101	61	4895
61	71	385
71	61	385
62	117	1257
117	62	1257
62	161	4533
161	62	4534
62	93	3336
93	62	3337
62	183	4963
183	62	4964
62	185	3614
185	62	3614
62	102	1370
102	62	1370
62	136	4514
136	62	4515
62	66	334
66	62	335
62	82	3597
82	62	3597
63	111	3896
111	63	3897
63	173	4605
173	63	4606
63	141	3874
141	63	3875
63	64	3618
64	63	3619
63	174	834
174	63	834
63	187	4763
187	63	4764
63	167	2322
167	63	2323
63	180	4188
180	63	4188
63	95	4812
95	63	4813
63	129	746
129	63	746
63	154	1590
154	63	1590
63	93	388
93	63	388
64	152	2664
152	64	2665
64	131	54
131	64	54
64	127	2979
127	64	2980
64	80	4700
80	64	4701
65	153	4860
153	65	4860
65	174	1746
174	65	1747
65	133	1606
133	65	1606
65	78	1106
78	65	1106
65	107	3884
107	65	3885
65	145	1841
145	65	1842
65	140	3245
140	65	3245
65	156	4451
156	65	4452
66	69	1730
69	66	1731
66	129	957
129	66	958
66	133	1384
133	66	1384
66	75	3682
75	66	3682
66	142	3231
142	66	3232
66	96	2687
96	66	2687
66	146	4534
146	66	4534
66	122	929
122	66	930
66	165	2816
165	66	2817
66	196	4733
196	66	4734
66	143	966
143	66	966
67	89	3167
89	67	3167
67	176	4751
176	67	4752
67	87	4399
87	67	4400
67	131	1598
131	67	1598
67	124	4009
124	67	4009
67	80	2231
80	67	2231
67	146	1025
146	67	1025
67	114	3897
114	67	3897
67	105	2790
105	67	2790
67	117	3477
117	67	3477
67	95	4782
95	67	4782
67	78	3262
78	67	3262
67	133	2671
133	67	2672
68	92	3981
92	68	3981
68	98	4037
98	68	4038
68	94	4185
94	68	4185
68	70	3586
70	68	3586
68	78	4410
78	68	4410
68	85	3124
85	68	3124
68	135	4737
135	68	4737
68	169	3774
169	68	3774
68	159	2070
159	68	2071
68	171	4647
171	68	4647
69	122	3289
122	69	3290
69	142	2155
142	69	2156
69	165	4124
165	69	4125
69	170	4986
170	69	4986
69	183	4797
183	69	4797
69	93	1891
93	69	1892
69	160	3676
160	69	3677
69	120	4057
120	69	4057
69	156	4267
156	69	4268
69	144	1128
144	69	1129
69	189	1948
189	69	1948
70	164	3875
164	70	3876
70	162	3239
162	70	3240
70	144	2441
144	70	2442
70	182	4466
182	70	4467
70	77	1212
77	70	1212
70	171	4625
171	70	4625
71	148	2141
148	71	2142
71	86	933
86	71	933
71	135	4129
135	71	4129
71	95	4308
95	71	4309
71	172	3882
172	71	3882
71	100	4237
100	71	4238
71	123	1646
123	71	1647
71	185	3640
185	71	3640
71	93	4164
93	71	4165
71	127	2624
127	71	2624
71	197	4954
197	71	4955
71	116	1910
116	71	1911
71	73	4476
73	71	4476
71	114	189
114	71	190
71	80	3648
80	71	3649
72	104	3888
104	72	3888
72	132	4450
132	72	4451
72	97	3816
97	72	3817
72	90	3095
90	72	3096
72	108	4188
108	72	4189
72	116	4313
116	72	4314
72	138	4595
138	72	4596
73	84	3586
84	73	3587
73	158	4916
158	73	4916
73	83	690
83	73	690
73	99	755
99	73	756
73	96	2234
96	73	2235
73	146	4663
146	73	4664
73	172	4466
172	73	4467
73	104	4555
104	73	4555
73	148	3527
148	73	3528
73	119	4375
119	73	4376
73	123	4400
123	73	4400
74	149	2816
149	74	2816
74	111	4205
111	74	4206
74	95	1369
95	74	1370
74	127	1796
127	74	1796
74	126	2709
126	74	2709
74	175	2656
175	74	2657
74	86	3812
86	74	3812
74	154	4941
154	74	4941
74	135	110
135	74	111
74	96	4266
96	74	4266
74	156	4909
156	74	4909
74	99	4220
99	74	4221
75	177	1517
177	75	1517
75	95	4711
95	75	4711
75	83	4207
83	75	4208
75	91	2038
91	75	2038
75	141	1511
141	75	1511
75	197	2781
197	75	2782
76	129	3958
129	76	3959
76	136	3785
136	76	3786
76	83	2632
83	76	2633
76	80	4657
80	76	4658
76	99	2560
99	76	2560
76	141	4631
141	76	4631
76	92	1972
92	76	1973
76	196	4766
196	76	4767
76	180	4507
180	76	4508
77	109	4488
109	77	4489
77	87	3887
87	77	3887
77	155	3872
155	77	3872
77	86	2881
86	77	2882
77	137	3925
137	77	3925
77	125	3402
125	77	3402
77	200	4529
200	77	4529
77	131	2654
131	77	2654
77	175	4529
175	77	4529
77	108	1059
108	77	1060
77	183	4838
183	77	4839
78	116	930
116	78	930
78	87	3396
87	78	3396
78	82	2203
82	78	2203
78	168	3354
168	78	3354
78	106	4015
106	78	4016
78	170	2514
170	78	2515
78	179	2553
179	78	2554
78	148	2246
148	78	2246
78	149	2339
149	78	2339
78	171	3392
171	78	3392
79	125	3227
125	79	3228
79	196	1550
196	79	1550
79	96	3904
96	79	3905
79	178	3753
178	79	3753
79	84	4983
84	79	4983
79	123	1439
123	79	1440
79	142	706
142	79	707
79	172	3854
172	79	3855
79	113	1731
113	79	1731
79	179	4866
179	79	4867
79	155	4851
155	79	4852
79	95	4998
95	79	4998
80	81	4133
81	80	4134
80	170	2213
170	80	2213
80	143	1733
143	80	1733
80	83	3919
83	80	3920
80	167	4195
167	80	4195
80	114	3997
114	80	3998
80	165	834
165	80	835
80	157	4189
157	80	4190
80	178	1132
178	80	1132
80	89	3213
89	80	3213
81	174	3561
174	81	3562
81	118	1977
118	81	1977
81	93	3556
93	81	3556
81	95	3137
95	81	3137
81	136	3406
136	81	3407
82	125	4862
125	82	4863
82	176	962
176	82	962
82	83	4896
83	82	4897
82	103	4941
103	82	4941
82	128	4571
128	82	4571
82	123	1061
123	82	1062
83	133	4877
133	83	4877
83	134	1708
134	83	1708
83	89	895
89	83	896
83	115	3215
115	83	3215
83	103	3808
103	83	3809
84	104	4341
104	84	4341
84	200	2539
200	84	2539
84	182	3804
182	84	3804
84	187	3729
187	84	3729
84	98	2497
98	84	2498
84	142	4655
142	84	4656
84	97	2838
97	84	2838
84	196	1690
196	84	1690
84	120	4052
120	84	4052
84	91	187
91	84	188
84	131	2018
131	84	2018
85	94	3165
94	85	3166
85	159	1694
159	85	1695
85	145	4815
145	85	4816
85	103	1887
103	85	1888
85	187	4617
187	85	4618
85	161	4800
161	85	4801
85	182	4765
182	85	4765
85	90	2525
90	85	2525
85	124	3722
124	85	3722
85	130	1253
130	85	1253
85	121	1320
121	85	1321
85	133	2553
133	85	2554
86	142	4012
142	86	4013
86	153	3134
153	86	3135
86	183	4054
183	86	4054
86	116	3205
116	86	3206
86	148	4208
148	86	4209
86	135	4055
135	86	4056
86	188	4044
188	86	4044
86	146	952
146	86	953
86	108	4438
108	86	4438
86	98	2488
98	86	2488
86	97	4258
97	86	4258
86	123	4977
123	86	4977
87	93	4392
93	87	4393
87	98	3930
98	87	3930
87	137	3574
137	87	3575
87	138	2592
138	87	2593
87	149	4882
149	87	4883
87	113	4884
113	87	4885
87	167	4571
167	87	4571
87	101	2031
101	87	2031
87	130	3752
130	87	3753
87	148	2739
148	87	2739
87	128	1260
128	87	1260
88	161	4411
161	88	4412
88	172	4186
172	88	4187
88	139	2519
139	88	2520
88	109	2718
109	88	2719
88	179	171
179	88	172
88	196	1693
196	88	1694
88	152	1363
152	88	1364
88	169	4864
169	88	4864
88	151	4563
151	88	4563
88	159	2343
159	88	2343
88	120	4765
120	88	4766
88	183	1282
183	88	1282
88	199	3294
199	88	3294
89	159	79
159	89	80
89	99	1908
99	89	1908
89	95	2587
95	89	2588
89	199	3043
199	89	3043
89	108	774
108	89	775
89	146	359
146	89	360
89	173	3812
173	89	3812
89	128	4631
128	89	4632
89	125	2931
125	89	2932
90	103	1898
103	90	1899
90	183	4214
183	90	4214
90	180	1260
180	90	1261
90	148	4568
148	90	4569
90	114	4888
114	90	4889
90	92	4327
92	90	4327
90	169	1838
169	90	1838
90	164	2129
164	90	2130
90	122	2919
122	90	2920
90	121	3941
121	90	3941
90	129	2672
129	90	2672
90	119	2980
119	90	2980
90	139	948
139	90	948
90	137	4677
137	90	4678
91	109	1123
109	91	1123
91	156	2307
156	91	2307
91	173	4761
173	91	4761
91	100	4925
100	91	4926
91	153	3535
153	91	3535
91	151	3846
151	91	3847
91	120	1976
120	91	1977
91	128	4385
128	91	4385
91	140	4335
140	91	4336
92	156	3155
156	92	3156
92	138	1649
138	92	1649
92	115	3806
115	92	3807
92	200	2979
200	92	2979
92	172	1709
172	92	1709
92	96	203
96	92	203
92	177	245
177	92	245
92	150	4313
150	92	4313
92	176	4862
176	92	4863
92	161	520
161	92	520
92	132	3606
132	92	3606
93	110	4228
110	93	4229
93	113	2939
113	93	2940
94	187	2337
187	94	2338
94	171	1795
171	94	1796
94	121	1389
121	94	1389
94	163	4084
163	94	4085
94	168	2855
168	94	2855
94	158	3606
158	94	3606
94	107	2980
107	94	2980
94	130	2763
130	94	2764
94	127	915
127	94	915
94	139	590
139	94	590
95	139	2462
139	95	2462
95	188	3325
188	95	3326
95	121	4994
121	95	4994
95	125	979
125	95	979
95	106	4586
106	95	4586
96	151	3845
151	96	3845
96	152	3698
152	96	3698
96	188	316
188	96	316
96	158	4741
158	96	4742
96	104	4077
104	96	4078
96	145	2273
145	96	2274
96	137	2997
137	96	2998
96	171	4825
171	96	4826
97	144	1794
144	97	1795
97	149	1769
149	97	1769
97	180	3732
180	97	3732
97	145	4780
145	97	4780
97	164	2921
164	97	2921
97	105	683
105	97	683
97	111	3245
111	97	3246
97	146	2934
146	97	2934
97	189	1146
189	97	1147
97	134	2559
134	97	2559
97	148	935
148	97	935
97	112	1041
112	97	1041
98	196	1182
196	98	1182
98	180	3807
180	98	3807
98	200	2348
200	98	2348
98	149	3252
149	98	3253
99	128	235
128	99	236
99	131	2963
131	99	2963
99	164	4584
164	99	4585
99	147	4223
147	99	4224
99	134	2361
134	99	2361
99	165	2987
165	99	2988
100	139	4212
139	100	4212
100	107	2749
107	100	2750
100	177	4917
177	100	4917
100	168	3204
168	100	3204
100	131	1558
131	100	1558
100	112	3643
112	100	3644
100	110	3918
110	100	3919
100	145	2401
145	100	2402
100	118	4066
118	100	4067
101	132	4241
132	101	4242
101	151	609
151	101	610
101	123	753
123	101	754
101	138	3756
138	101	3757
101	158	4702
158	101	4702
101	134	3220
134	101	3220
101	182	2515
182	101	2515
101	154	4414
154	101	4414
103	123	1273
123	103	1274
103	135	2299
135	103	2300
105	165	3948
165	105	3948
105	157	4473
157	105	4474
105	175	4646
175	105	4646
105	124	3378
124	105	3379
105	131	4822
131	105	4822
105	140	3295
140	105	3296
105	112	4924
112	105	4924
106	131	3752
131	106	3752
106	109	788
109	106	788
106	119	4984
119	106	4984
106	115	3635
115	106	3636
106	126	530
126	106	530
106	140	4246
140	106	4247
106	154	4560
154	106	4560
106	176	295
176	106	295
106	151	2346
151	106	2347
107	158	3650
158	107	3650
107	161	4397
161	107	4397
109	116	3174
116	109	3175
109	163	4831
163	109	4832
109	178	2667
178	109	2667
110	175	4669
175	110	4669
110	150	1489
150	110	1490
110	147	1090
147	110	1091
110	170	3656
170	110	3656
111	171	4644
171	111	4644
111	165	2611
165	111	2612
112	180	2111
180	112	2112
112	121	1686
121	112	1686
112	175	2246
175	112	2246
112	151	1885
151	112	1885
112	178	2799
178	112	2800
113	158	4524
158	113	4524
113	152	2210
152	113	2210
113	135	4517
135	113	4517
113	164	347
164	113	347
113	168	3850
168	113	3850
114	170	3663
170	114	3663
114	147	2495
147	114	2495
115	163	1434
163	115	1434
115	165	3096
165	115	3096
115	151	2909
151	115	2909
115	129	4037
129	115	4037
115	188	4434
188	115	4435
118	152	3845
152	118	3846
119	160	4848
160	119	4849
120	177	4061
177	120	4062
120	131	3764
131	120	3765
120	162	4567
162	120	4568
121	158	4971
158	121	4971
122	176	4340
176	122	4340
122	139	3762
139	122	3763
122	144	123
144	122	124
122	170	2445
170	122	2446
124	147	1448
147	124	1449
124	162	1228
162	124	1228
124	170	4588
170	124	4588
124	140	415
140	124	416
126	147	1580
147	126	1581
126	178	4561
178	126	4562
126	168	3834
168	126	3834
126	131	1644
131	126	1645
126	134	3321
134	126	3322
126	132	1153
132	126	1153
127	165	4594
165	127	4595
130	158	1546
158	130	1547
130	173	3297
173	130	3298
130	176	769
176	130	769
132	159	3441
159	132	3442
132	140	2068
140	132	2069
132	157	4061
157	132	4062
132	161	502
161	132	503
132	180	1749
180	132	1750
134	140	2536
140	134	2537
134	143	2152
143	134	2153
134	153	3813
153	134	3814
134	156	4629
156	134	4630
135	140	1283
140	135	1283
135	170	3721
170	135	3721
135	152	3776
152	135	3777
135	146	628
146	135	628
136	145	3685
145	136	3685
136	178	4579
178	136	4580
136	152	3253
152	136	3254
138	146	4651
146	138	4651
139	180	4307
180	139	4307
143	176	3006
176	143	3006
144	156	2858
156	144	2858
145	153	556
153	145	557
146	156	983
156	146	983
146	162	4061
162	146	4062
147	163	2453
163	147	2453
150	161	3469
161	150	3470
150	159	2929
159	150	2929
150	173	4030
173	150	4030
150	180	4755
180	150	4755
153	162	4414
162	153	4414
153	159	4805
159	153	4805
157	158	2698
158	157	2699
157	180	1532
180	157	1532
157	173	1884
173	157	1885
158	173	3891
173	158	3891
