900	5272
2	2
2	2
5	5
3	3
4	4
2	2
2	2
4	4
4	4
5	5
3	3
4	4
5	5
2	2
2	2
4	4
4	4
2	2
3	3
2	2
3	3
4	4
4	4
5	5
5	5
4	4
2	2
4	4
3	3
4	4
5	5
5	5
3	3
2	2
4	4
3	3
4	4
5	5
5	5
3	3
2	2
5	5
4	4
5	5
4	4
2	2
4	4
5	5
3	3
3	3
5	5
3	3
2	2
3	3
3	3
2	2
3	3
5	5
5	5
2	2
5	5
4	4
4	4
3	3
5	5
3	3
3	3
2	2
5	5
2	2
4	4
3	3
3	3
5	5
4	4
3	3
5	5
2	2
5	5
5	5
5	5
2	2
2	2
4	4
5	5
4	4
4	4
4	4
5	5
5	5
2	2
3	3
3	3
4	4
4	4
5	5
3	3
5	5
3	3
3	3
4	4
3	3
3	3
2	2
2	2
4	4
5	5
2	2
4	4
3	3
5	5
4	4
4	4
5	5
4	4
5	5
2	2
2	2
4	4
2	2
2	2
3	3
2	2
3	3
2	2
4	4
5	5
2	2
2	2
3	3
5	5
4	4
2	2
4	4
3	3
3	3
3	3
2	2
4	4
5	5
4	4
5	5
4	4
2	2
5	5
3	3
2	2
4	4
3	3
3	3
3	3
5	5
2	2
2	2
3	3
4	4
2	2
4	4
4	4
5	5
2	2
3	3
3	3
2	2
2	2
5	5
3	3
2	2
5	5
3	3
2	2
5	5
2	2
2	2
2	2
3	3
3	3
2	2
5	5
3	3
3	3
3	3
5	5
5	5
4	4
2	2
4	4
5	5
3	3
5	5
3	3
4	4
4	4
5	5
5	5
3	3
5	5
4	4
3	3
5	5
4	4
4	4
5	5
5	5
5	5
3	3
4	4
4	4
2	2
3	3
4	4
5	5
3	3
4	4
5	5
4	4
5	5
4	4
4	4
2	2
5	5
4	4
3	3
2	2
4	4
3	3
4	4
4	4
2	2
5	5
5	5
5	5
4	4
2	2
3	3
5	5
2	2
3	3
3	3
4	4
5	5
3	3
3	3
5	5
3	3
2	2
5	5
2	2
4	4
4	4
2	2
2	2
5	5
4	4
3	3
3	3
4	4
4	4
2	2
5	5
4	4
5	5
2	2
2	2
5	5
4	4
2	2
2	2
2	2
3	3
5	5
5	5
3	3
3	3
4	4
3	3
5	5
5	5
3	3
3	3
2	2
2	2
2	2
5	5
2	2
5	5
2	2
3	3
4	4
2	2
5	5
2	2
5	5
3	3
2	2
2	2
2	2
4	4
4	4
5	5
4	4
5	5
4	4
4	4
2	2
4	4
2	2
3	3
4	4
2	2
5	5
4	4
4	4
4	4
3	3
4	4
2	2
2	2
3	3
5	5
5	5
4	4
4	4
3	3
2	2
4	4
3	3
4	4
4	4
3	3
3	3
3	3
3	3
3	3
3	3
3	3
3	3
2	2
3	3
3	3
4	4
4	4
4	4
4	4
4	4
5	5
3	3
5	5
3	3
3	3
4	4
4	4
3	3
4	4
5	5
2	2
4	4
3	3
4	4
4	4
5	5
2	2
3	3
4	4
4	4
5	5
3	3
5	5
2	2
5	5
4	4
3	3
5	5
2	2
2	2
4	4
4	4
3	3
4	4
5	5
5	5
4	4
3	3
5	5
2	2
2	2
3	3
2	2
2	2
5	5
5	5
4	4
3	3
2	2
4	4
4	4
2	2
4	4
3	3
2	2
3	3
4	4
4	4
4	4
4	4
3	3
5	5
3	3
4	4
3	3
2	2
2	2
4	4
5	5
2	2
2	2
2	2
2	2
4	4
3	3
2	2
3	3
3	3
4	4
3	3
2	2
3	3
5	5
4	4
4	4
4	4
3	3
2	2
5	5
4	4
2	2
5	5
2	2
3	3
3	3
4	4
4	4
4	4
4	4
2	2
2	2
5	5
2	2
3	3
4	4
4	4
2	2
4	4
5	5
3	3
5	5
5	5
3	3
3	3
3	3
5	5
5	5
2	2
5	5
4	4
3	3
3	3
4	4
2	2
2	2
2	2
4	4
2	2
2	2
4	4
3	3
2	2
4	4
3	3
5	5
2	2
5	5
2	2
2	2
3	3
5	5
5	5
3	3
3	3
5	5
3	3
4	4
4	4
4	4
5	5
2	2
2	2
2	2
4	4
4	4
4	4
3	3
2	2
2	2
4	4
2	2
4	4
2	2
2	2
4	4
2	2
5	5
3	3
4	4
5	5
2	2
4	4
4	4
3	3
2	2
3	3
4	4
5	5
2	2
3	3
5	5
3	3
3	3
3	3
4	4
2	2
2	2
3	3
5	5
5	5
3	3
2	2
2	2
4	4
2	2
4	4
2	2
5	5
3	3
3	3
3	3
4	4
4	4
5	5
5	5
5	5
4	4
3	3
5	5
4	4
3	3
4	4
3	3
3	3
2	2
2	2
3	3
3	3
3	3
2	2
2	2
5	5
4	4
4	4
5	5
2	2
4	4
3	3
3	3
2	2
3	3
2	2
5	5
3	3
2	2
3	3
4	4
3	3
2	2
5	5
2	2
5	5
5	5
2	2
4	4
2	2
3	3
3	3
4	4
5	5
5	5
4	4
3	3
5	5
4	4
2	2
2	2
2	2
5	5
2	2
4	4
5	5
2	2
2	2
2	2
4	4
4	4
3	3
3	3
4	4
3	3
2	2
2	2
3	3
3	3
5	5
5	5
3	3
2	2
4	4
2	2
5	5
4	4
5	5
3	3
2	2
4	4
3	3
3	3
5	5
5	5
5	5
5	5
3	3
2	2
5	5
4	4
3	3
5	5
4	4
5	5
4	4
4	4
2	2
5	5
5	5
2	2
2	2
3	3
2	2
2	2
4	4
2	2
4	4
5	5
4	4
4	4
4	4
4	4
2	2
2	2
4	4
3	3
2	2
2	2
5	5
2	2
3	3
4	4
2	2
2	2
4	4
5	5
4	4
2	2
4	4
5	5
5	5
3	3
4	4
5	5
5	5
4	4
4	4
4	4
3	3
2	2
5	5
4	4
3	3
4	4
4	4
4	4
2	2
4	4
4	4
4	4
3	3
4	4
4	4
3	3
2	2
4	4
4	4
2	2
2	2
4	4
3	3
2	2
2	2
2	2
3	3
4	4
4	4
4	4
5	5
5	5
4	4
3	3
4	4
4	4
3	3
3	3
3	3
4	4
4	4
3	3
4	4
3	3
4	4
4	4
5	5
2	2
3	3
4	4
5	5
5	5
4	4
5	5
4	4
2	2
2	2
5	5
3	3
4	4
2	2
5	5
3	3
5	5
3	3
5	5
4	4
2	2
3	3
4	4
3	3
2	2
5	5
2	2
3	3
3	3
3	3
5	5
3	3
3	3
2	2
4	4
3	3
2	2
2	2
5	5
5	5
3	3
3	3
5	5
2	2
2	2
2	2
2	2
3	3
3	3
5	5
3	3
3	3
4	4
3	3
2	2
5	5
5	5
5	5
5	5
5	5
2	2
4	4
2	2
5	5
4	4
5	5
3	3
5	5
4	4
3	3
5	5
4	4
5	5
3	3
4	4
4	4
5	5
3	3
2	2
4	4
4	4
5	5
2	2
4	4
5	5
3	3
2	2
2	2
3	3
2	2
4	4
4	4
5	5
5	5
5	5
4	4
5	5
5	5
3	3
2	2
3	3
3	3
4	4
2	2
2	2
2	2
3	3
4	4
2	2
3	3
5	5
4	4
4	4
5	5
3	3
5	5
5	5
3	3
2	2
3	3
3	3
3	3
3	3
4	4
5	5
3	3
2	2
2	2
2	2
5	5
3	3
2	2
5	5
5	5
2	2
2	2
2	2
3	3
4	4
3	3
4	4
3	3
3	3
3	3
4	4
3	3
2	2
4	4
5	5
4	4
3	3
5	5
5	5
5	5
3	3
2	2
3	3
4	4
4	4
4	4
5	5
3	3
3	3
1	682	4828
682	1	4829
1	264	4250
264	1	4250
1	835	4606
835	1	4607
1	301	2832
301	1	2833
1	621	2286
621	1	2287
1	792	3627
792	1	3628
1	252	4541
252	1	4542
1	869	4243
869	1	4244
1	667	4836
667	1	4837
1	237	1001
237	1	1001
1	620	3638
620	1	3638
1	504	4628
504	1	4629
1	524	3598
524	1	3599
1	127	1672
127	1	1672
1	275	1576
275	1	1576
1	692	1970
692	1	1971
2	347	2608
347	2	2608
2	883	4409
883	2	4409
2	474	3996
474	2	3996
2	685	4316
685	2	4317
2	625	1236
625	2	1237
2	899	2632
899	2	2633
2	494	4554
494	2	4555
2	808	3253
808	2	3253
2	732	4172
732	2	4173
2	31	1060
31	2	1060
2	796	670
796	2	670
2	26	2018
26	2	2018
2	253	4255
253	2	4256
2	571	2137
571	2	2137
2	849	274
849	2	275
2	369	3761
369	2	3761
2	700	4087
700	2	4087
2	618	3135
618	2	3135
2	30	3065
30	2	3066
3	555	4036
555	3	4036
3	272	3523
272	3	3523
3	322	3767
322	3	3768
3	479	3833
479	3	3834
3	763	3581
763	3	3581
3	220	4033
220	3	4033
3	452	4517
452	3	4517
3	470	3504
470	3	3504
3	608	3402
608	3	3403
3	810	3317
810	3	3318
3	319	1574
319	3	1575
3	398	4199
398	3	4199
3	334	4067
334	3	4067
3	885	2930
885	3	2931
3	22	4577
22	3	4577
3	663	4064
663	3	4065
3	349	4044
349	3	4045
3	889	1939
889	3	1940
4	857	1040
857	4	1041
4	304	4627
304	4	4628
4	181	4873
181	4	4873
4	890	2535
890	4	2536
4	169	1300
169	4	1300
4	75	212
75	4	212
4	68	4493
68	4	4493
4	446	4525
446	4	4525
4	352	4443
352	4	4444
4	691	3786
691	4	3786
4	285	3694
285	4	3695
4	806	1983
806	4	1983
4	487	4501
487	4	4502
4	669	3969
669	4	3970
4	172	4590
172	4	4590
4	820	2431
820	4	2431
4	825	2174
825	4	2174
4	460	4426
460	4	4427
4	750	4036
750	4	4036
5	821	3674
821	5	3675
5	55	2463
55	5	2464
5	483	899
483	5	899
5	317	3651
317	5	3651
5	635	4241
635	5	4242
5	721	1537
721	5	1537
5	241	4426
241	5	4427
5	247	3553
247	5	3553
5	44	4868
44	5	4869
5	881	4968
881	5	4969
5	48	4870
48	5	4870
5	582	513
582	5	513
6	206	3818
206	6	3819
6	519	4254
519	6	4255
6	539	4062
539	6	4062
6	564	3867
564	6	3868
6	399	3119
399	6	3119
6	319	2548
319	6	2548
6	355	2540
355	6	2540
6	898	1366
898	6	1367
6	640	553
640	6	553
6	100	1258
100	6	1259
6	822	1985
822	6	1985
6	726	3673
726	6	3674
6	755	1434
755	6	1434
6	527	1699
527	6	1699
6	562	857
562	6	858
6	321	3880
321	6	3881
6	617	4433
617	6	4433
7	252	1727
252	7	1727
7	343	1619
343	7	1619
7	290	4705
290	7	4706
7	286	2556
286	7	2556
7	574	4285
574	7	4286
7	700	3392
700	7	3393
7	855	1711
855	7	1712
7	148	4419
148	7	4419
7	474	1261
474	7	1262
7	494	2305
494	7	2306
7	104	4146
104	7	4146
7	833	4409
833	7	4409
7	436	4749
436	7	4750
7	87	3794
87	7	3795
7	435	4505
435	7	4506
7	785	3976
785	7	3977
8	383	4867
383	8	4868
8	126	2154
126	8	2154
8	120	4046
120	8	4046
8	655	4275
655	8	4275
8	669	4746
669	8	4747
8	212	2019
212	8	2019
8	274	4648
274	8	4649
8	695	736
695	8	736
8	612	2236
612	8	2237
8	601	1677
601	8	1678
8	517	4783
517	8	4783
8	291	3006
291	8	3007
8	210	264
210	8	264
8	853	2072
853	8	2073
9	661	4497
661	9	4497
9	142	3014
142	9	3015
9	402	477
402	9	478
9	426	4263
426	9	4264
9	319	4228
319	9	4229
9	862	4080
862	9	4081
9	603	2300
603	9	2301
9	246	2290
246	9	2290
9	403	1921
403	9	1922
9	594	2513
594	9	2513
9	322	2195
322	9	2196
9	173	2261
173	9	2262
9	372	3601
372	9	3602
9	125	1558
125	9	1558
10	175	4541
175	10	4542
10	850	3802
850	10	3802
10	60	4314
60	10	4314
10	690	849
690	10	850
10	348	2094
348	10	2094
10	125	2987
125	10	2988
10	844	683
844	10	684
10	87	65
87	10	66
10	118	3675
118	10	3676
10	495	4757
495	10	4758
10	897	4520
897	10	4520
10	612	4663
612	10	4663
10	188	1712
188	10	1713
10	114	3354
114	10	3355
10	815	4844
815	10	4845
10	310	2995
310	10	2995
10	146	4448
146	10	4449
10	197	2264
197	10	2264
11	234	650
234	11	651
11	164	4633
164	11	4634
11	622	4927
622	11	4928
11	266	4090
266	11	4090
11	423	4657
423	11	4658
11	611	3873
611	11	3874
11	740	1552
740	11	1552
11	272	2523
272	11	2524
11	28	1302
28	11	1303
11	263	1658
263	11	1658
11	887	2897
887	11	2898
11	818	1447
818	11	1447
11	528	3718
528	11	3718
11	369	934
369	11	935
11	412	1505
412	11	1505
12	454	1399
454	12	1399
12	740	4004
740	12	4005
12	307	4490
307	12	4491
12	14	2900
14	12	2901
12	189	4940
189	12	4941
12	327	803
327	12	803
12	715	1912
715	12	1912
12	489	4294
489	12	4295
12	688	4967
688	12	4967
12	406	4964
406	12	4965
12	625	2374
625	12	2374
12	832	4021
832	12	4022
12	441	2287
441	12	2288
12	640	3698
640	12	3699
12	478	4350
478	12	4351
12	562	3361
562	12	3362
13	697	3443
697	13	3443
13	185	2545
185	13	2546
13	30	4571
30	13	4571
13	330	4911
330	13	4911
13	670	3565
670	13	3566
13	189	1652
189	13	1653
13	638	3802
638	13	3803
13	502	1216
502	13	1217
13	583	4712
583	13	4713
13	153	1467
153	13	1467
13	59	1912
59	13	1913
13	67	3812
67	13	3813
13	609	2529
609	13	2529
13	210	2980
210	13	2981
13	126	3524
126	13	3525
13	651	2700
651	13	2700
14	721	2944
721	14	2945
14	245	4616
245	14	4617
14	237	3164
237	14	3165
14	291	4034
291	14	4035
14	618	3658
618	14	3658
14	260	3827
260	14	3828
14	108	4899
108	14	4899
14	763	4955
763	14	4955
14	92	4095
92	14	4096
14	296	1956
296	14	1957
14	596	812
596	14	812
14	788	1855
788	14	1855
14	617	4959
617	14	4960
14	156	4262
156	14	4263
15	847	2675
847	15	2676
15	48	2318
48	15	2319
15	41	1461
41	15	1461
15	523	2861
523	15	2861
15	747	4229
747	15	4230
15	137	3615
137	15	3616
15	38	3306
38	15	3306
15	802	4389
802	15	4389
15	577	2053
577	15	2054
15	24	4497
24	15	4497
15	499	4807
499	15	4808
15	319	2306
319	15	2307
15	447	3504
447	15	3504
15	831	4821
831	15	4822
15	758	1918
758	15	1918
15	134	3732
134	15	3732
15	153	4942
153	15	4943
15	706	2936
706	15	2936
16	282	1965
282	16	1965
16	261	3581
261	16	3582
16	425	4534
425	16	4534
16	158	1689
158	16	1689
16	542	3108
542	16	3108
16	499	4595
499	16	4595
16	112	793
112	16	794
16	576	1736
576	16	1736
16	168	3441
168	16	3441
16	263	4282
263	16	4283
16	308	4908
308	16	4909
16	68	4767
68	16	4767
16	766	134
766	16	135
16	157	3523
157	16	3523
16	749	2858
749	16	2858
16	464	4879
464	16	4879
16	76	690
76	16	691
17	453	4651
453	17	4651
17	149	3013
149	17	3013
17	58	4641
58	17	4641
17	745	2860
745	17	2860
17	665	3350
665	17	3351
17	700	3906
700	17	3907
17	641	3998
641	17	3998
17	352	714
352	17	714
17	709	2217
709	17	2218
17	783	1510
783	17	1510
17	535	2737
535	17	2738
17	96	3779
96	17	3779
17	653	4891
653	17	4891
17	408	3603
408	17	3604
17	39	4911
39	17	4912
18	394	3675
394	18	3675
18	307	1548
307	18	1549
18	728	50
728	18	50
18	441	433
441	18	434
18	248	4407
248	18	4408
18	286	2128
286	18	2128
18	64	4018
64	18	4019
18	221	4681
221	18	4682
18	364	454
364	18	455
18	893	3646
893	18	3647
18	609	3697
609	18	3697
18	370	3819
370	18	3819
19	336	1446
336	19	1446
19	838	1646
838	19	1647
19	236	2174
236	19	2174
19	156	4561
156	19	4561
19	772	3783
772	19	3783
19	275	4984
275	19	4984
19	241	4128
241	19	4128
19	870	2221
870	19	2221
19	391	4205
391	19	4206
19	373	3323
373	19	3324
19	291	4659
291	19	4659
19	383	1185
383	19	1185
19	408	4261
408	19	4262
19	484	4698
484	19	4698
19	636	3733
636	19	3734
19	750	2803
750	19	2803
19	880	4105
880	19	4106
20	302	1139
302	20	1140
20	565	2058
565	20	2059
20	563	4032
563	20	4033
20	425	4913
425	20	4913
20	529	3838
529	20	3838
20	55	1936
55	20	1937
20	170	2337
170	20	2338
20	401	4628
401	20	4629
20	280	4247
280	20	4247
20	791	4276
791	20	4277
20	614	1182
614	20	1183
20	470	2461
470	20	2461
20	72	3329
72	20	3329
20	539	1803
539	20	1803
21	39	453
39	21	454
21	311	3436
311	21	3437
21	470	3071
470	21	3071
21	341	3004
341	21	3004
21	134	4704
134	21	4704
21	627	4188
627	21	4189
21	780	4282
780	21	4282
21	202	2406
202	21	2406
21	151	1652
151	21	1653
21	533	1886
533	21	1886
21	31	1114
31	21	1115
21	702	2813
702	21	2814
21	420	3559
420	21	3559
21	612	3743
612	21	3743
22	750	3896
750	22	3897
22	580	4193
580	22	4193
22	651	1798
651	22	1798
22	438	3768
438	22	3768
22	604	4083
604	22	4083
22	716	4533
716	22	4533
22	727	2605
727	22	2606
22	131	4523
131	22	4524
22	553	332
553	22	333
22	403	3165
403	22	3165
22	702	4422
702	22	4422
22	625	3778
625	22	3779
22	99	1128
99	22	1129
22	335	657
335	22	657
22	888	4405
888	22	4406
22	871	1381
871	22	1381
22	46	2937
46	22	2938
23	736	1722
736	23	1723
23	388	1712
388	23	1712
23	574	2514
574	23	2515
23	151	955
151	23	956
23	518	2194
518	23	2194
23	642	317
642	23	318
23	264	4638
264	23	4639
23	61	3825
61	23	3825
23	473	2435
473	23	2436
23	812	4216
812	23	4216
23	212	4420
212	23	4421
23	344	1488
344	23	1488
23	62	4839
62	23	4839
23	590	2558
590	23	2559
23	330	3797
330	23	3797
23	311	2132
311	23	2132
23	656	2991
656	23	2992
23	671	1511
671	23	1512
23	491	2447
491	23	2447
24	92	3536
92	24	3537
24	182	3769
182	24	3770
24	662	3985
662	24	3985
24	364	2740
364	24	2740
24	26	4021
26	24	4022
24	858	2890
858	24	2890
24	112	2217
112	24	2217
24	329	2678
329	24	2679
24	347	1605
347	24	1606
24	203	3501
203	24	3502
24	490	3823
490	24	3824
24	307	1494
307	24	1495
24	668	2582
668	24	2582
24	383	900
383	24	901
24	522	4347
522	24	4347
24	790	4556
790	24	4557
24	186	1889
186	24	1890
25	656	4824
656	25	4824
25	823	4734
823	25	4735
25	585	4151
585	25	4152
25	769	4849
769	25	4849
25	882	1823
882	25	1823
25	506	782
506	25	782
25	136	4706
136	25	4707
25	158	4705
158	25	4705
25	88	1834
88	25	1834
25	440	2090
440	25	2091
25	29	4276
29	25	4277
25	446	4471
446	25	4471
26	846	4466
846	26	4467
26	396	4434
396	26	4435
26	269	629
269	26	629
26	98	686
98	26	687
26	159	3452
159	26	3452
26	375	3578
375	26	3579
26	783	4370
783	26	4371
26	528	3363
528	26	3364
26	321	1248
321	26	1249
26	497	4997
497	26	4997
26	651	2417
651	26	2418
26	778	4914
778	26	4915
26	330	2671
330	26	2671
27	34	2159
34	27	2159
27	170	963
170	27	963
27	194	309
194	27	309
27	546	850
546	27	850
27	122	4746
122	27	4747
27	769	1455
769	27	1455
27	781	3598
781	27	3598
27	635	2459
635	27	2460
27	539	4823
539	27	4824
27	73	2632
73	27	2632
27	201	4260
201	27	4260
27	475	378
475	27	378
27	46	1373
46	27	1374
27	290	1873
290	27	1873
27	724	2120
724	27	2120
27	207	2512
207	27	2512
28	756	3975
756	28	3975
28	852	855
852	28	856
28	126	4742
126	28	4743
28	213	4221
213	28	4222
28	223	4265
223	28	4266
28	335	1903
335	28	1904
28	533	4244
533	28	4244
28	342	4938
342	28	4939
28	737	1247
737	28	1247
28	181	4015
181	28	4015
28	251	4523
251	28	4524
28	456	1732
456	28	1733
28	763	1308
763	28	1308
29	420	4156
420	29	4157
29	647	3449
647	29	3450
29	626	1910
626	29	1910
29	178	352
178	29	353
29	68	3622
68	29	3623
29	203	2773
203	29	2773
29	731	4775
731	29	4776
29	407	3296
407	29	3296
29	37	4771
37	29	4771
29	458	4874
458	29	4875
29	704	3875
704	29	3876
30	739	3858
739	30	3858
30	584	4358
584	30	4358
30	641	4069
641	30	4070
30	654	3494
654	30	3494
30	94	1333
94	30	1334
30	679	3281
679	30	3281
30	364	4165
364	30	4165
30	355	4944
355	30	4944
30	666	4264
666	30	4265
30	638	3617
638	30	3617
30	713	3314
713	30	3315
30	781	3234
781	30	3235
30	369	3177
369	30	3177
30	690	1258
690	30	1259
30	826	1319
826	30	1320
30	650	3927
650	30	3928
31	670	90
670	31	90
31	681	1604
681	31	1604
31	149	1304
149	31	1304
31	507	4482
507	31	4482
31	418	3747
418	31	3748
31	640	3636
640	31	3636
31	673	4057
673	31	4058
31	148	3941
148	31	3942
31	44	4282
44	31	4283
31	196	3099
196	31	3099
32	332	1088
332	32	1088
32	632	4723
632	32	4724
32	712	462
712	32	463
32	894	4287
894	32	4288
32	443	3675
443	32	3676
32	115	321
115	32	321
32	616	2548
616	32	2549
32	189	1382
189	32	1382
32	841	4904
841	32	4904
32	451	1136
451	32	1137
32	292	2742
292	32	2743
32	263	1637
263	32	1637
32	114	4312
114	32	4312
32	168	1263
168	32	1264
32	683	2066
683	32	2066
32	291	4751
291	32	4751
32	214	1019
214	32	1020
32	359	2346
359	32	2346
32	149	4642
149	32	4643
33	637	2421
637	33	2421
33	803	2856
803	33	2856
33	401	3894
401	33	3894
33	476	3903
476	33	3904
33	438	1383
438	33	1384
33	169	2240
169	33	2241
33	139	1553
139	33	1554
33	736	1102
736	33	1103
33	786	1865
786	33	1866
33	560	3722
560	33	3723
33	465	1897
465	33	1898
33	90	4842
90	33	4842
33	165	2242
165	33	2243
33	678	3975
678	33	3976
33	308	2587
308	33	2588
33	461	747
461	33	748
34	151	4873
151	34	4873
34	446	4511
446	34	4511
34	171	4814
171	34	4814
34	268	3591
268	34	3592
34	190	3712
190	34	3712
34	779	1386
779	34	1386
34	137	4270
137	34	4271
34	89	4926
89	34	4926
34	891	4568
891	34	4569
34	237	4588
237	34	4589
34	232	3166
232	34	3166
34	730	4021
730	34	4022
34	795	4129
795	34	4129
34	640	959
640	34	959
34	95	1972
95	34	1973
34	625	2527
625	34	2527
35	783	1403
783	35	1404
35	646	3621
646	35	3621
35	448	4252
448	35	4253
35	260	3701
260	35	3701
35	422	2000
422	35	2000
35	277	262
277	35	263
35	814	4908
814	35	4909
35	223	3945
223	35	3945
35	649	3541
649	35	3541
35	438	4149
438	35	4149
35	564	4777
564	35	4777
35	861	4709
861	35	4709
35	129	1063
129	35	1064
35	463	1199
463	35	1199
35	255	2480
255	35	2480
35	764	4160
764	35	4161
35	497	1119
497	35	1119
35	82	4839
82	35	4840
35	132	1277
132	35	1277
36	113	2922
113	36	2922
36	748	4116
748	36	4116
36	192	4431
192	36	4432
36	470	4589
470	36	4589
36	859	587
859	36	588
36	311	4990
311	36	4991
36	572	4651
572	36	4651
36	687	2262
687	36	2262
36	316	4847
316	36	4848
36	48	4950
48	36	4950
36	148	4241
148	36	4241
36	171	2207
171	36	2207
36	134	774
134	36	774
36	576	4351
576	36	4351
36	404	3753
404	36	3753
36	751	2769
751	36	2770
36	426	4354
426	36	4354
36	250	4061
250	36	4061
36	675	4028
675	36	4029
37	628	62
628	37	62
37	795	4106
795	37	4106
37	623	3948
623	37	3948
37	621	1662
621	37	1662
37	56	4626
56	37	4627
37	526	820
526	37	820
37	687	4879
687	37	4879
37	271	4774
271	37	4775
37	556	3420
556	37	3420
37	261	3188
261	37	3188
37	633	3956
633	37	3957
37	493	3852
493	37	3852
37	694	4871
694	37	4871
38	273	2555
273	38	2556
38	705	3847
705	38	3848
38	91	4398
91	38	4399
38	411	4684
411	38	4685
38	491	4644
491	38	4644
38	651	4226
651	38	4227
38	112	2346
112	38	2346
38	78	3225
78	38	3225
38	886	3638
886	38	3639
38	611	3365
611	38	3365
38	688	2532
688	38	2532
38	744	4254
744	38	4254
38	52	4189
52	38	4190
38	444	4143
444	38	4144
38	250	3673
250	38	3674
38	588	558
588	38	558
38	201	4671
201	38	4672
38	623	4091
623	38	4091
39	131	1380
131	39	1380
39	103	2044
103	39	2045
39	550	4566
550	39	4567
39	481	69
481	39	70
39	380	3903
380	39	3903
39	193	3367
193	39	3367
39	686	4581
686	39	4582
39	729	1186
729	39	1186
39	214	1409
214	39	1409
39	141	1723
141	39	1724
39	232	946
232	39	946
39	587	2882
587	39	2882
40	785	2081
785	40	2082
40	295	4505
295	40	4505
40	127	3927
127	40	3927
40	585	3185
585	40	3186
40	783	1101
783	40	1102
40	775	513
775	40	513
40	600	3774
600	40	3774
40	624	1024
624	40	1024
40	241	3808
241	40	3809
40	611	4226
611	40	4226
40	149	3185
149	40	3186
40	735	660
735	40	660
40	196	4339
196	40	4340
40	228	1763
228	40	1763
40	227	2144
227	40	2144
41	90	764
90	41	764
41	488	4533
488	41	4534
41	736	1471
736	41	1472
41	660	4476
660	41	4476
41	78	3787
78	41	3788
41	442	2444
442	41	2444
41	557	2036
557	41	2037
41	572	3509
572	41	3509
41	711	2836
711	41	2836
41	117	1183
117	41	1183
41	703	3043
703	41	3043
41	522	2585
522	41	2586
41	353	4180
353	41	4180
41	224	4444
224	41	4444
41	737	4909
737	41	4909
41	157	4084
157	41	4085
41	343	956
343	41	957
41	250	2743
250	41	2743
42	134	4860
134	42	4861
42	187	4480
187	42	4481
42	671	2614
671	42	2614
42	451	1764
451	42	1765
42	80	498
80	42	498
42	502	266
502	42	267
42	658	471
658	42	471
42	121	1001
121	42	1002
42	126	2695
126	42	2696
42	300	2054
300	42	2055
42	304	51
304	42	51
42	790	618
790	42	618
42	458	1760
458	42	1761
42	465	1727
465	42	1728
42	125	1284
125	42	1285
43	649	2066
649	43	2066
43	793	3575
793	43	3576
43	118	598
118	43	599
43	95	4253
95	43	4254
43	166	4912
166	43	4913
43	236	428
236	43	428
43	535	3258
535	43	3259
43	359	1316
359	43	1317
43	308	2000
308	43	2001
43	698	4952
698	43	4953
43	326	2984
326	43	2984
43	228	2248
228	43	2248
43	259	452
259	43	452
43	406	2720
406	43	2720
43	388	4563
388	43	4563
43	661	4905
661	43	4905
43	265	3834
265	43	3834
43	594	478
594	43	479
43	829	968
829	43	969
44	180	2194
180	44	2195
44	405	3113
405	44	3113
44	114	3749
114	44	3749
44	108	4420
108	44	4420
44	338	2008
338	44	2009
44	426	1782
426	44	1783
44	770	1612
770	44	1613
44	117	3356
117	44	3357
44	304	3799
304	44	3800
44	250	4877
250	44	4877
44	659	3953
659	44	3953
45	875	4868
875	45	4869
45	332	3521
332	45	3521
45	540	3471
540	45	3472
45	324	1099
324	45	1099
45	340	1495
340	45	1495
45	246	4925
246	45	4925
45	531	3606
531	45	3606
45	131	4218
131	45	4219
45	546	4074
546	45	4075
45	471	603
471	45	603
45	740	3540
740	45	3541
45	62	4958
62	45	4959
45	570	4612
570	45	4612
45	337	3987
337	45	3988
45	255	4126
255	45	4126
45	693	3894
693	45	3894
45	208	789
208	45	789
45	511	166
511	45	167
45	726	2583
726	45	2583
46	610	4934
610	46	4935
46	92	497
92	46	497
46	410	4818
410	46	4818
46	471	4455
471	46	4456
46	373	3026
373	46	3027
46	752	4093
752	46	4093
46	196	3060
196	46	3060
46	827	3986
827	46	3987
46	503	2641
503	46	2641
46	754	2697
754	46	2698
46	414	2929
414	46	2930
46	515	3883
515	46	3884
46	426	1274
426	46	1275
47	227	3770
227	47	3771
47	718	3750
718	47	3751
47	121	4482
121	47	4483
47	607	1511
607	47	1512
47	77	2409
77	47	2409
47	289	4407
289	47	4408
47	266	3614
266	47	3614
47	336	4388
336	47	4389
47	813	170
813	47	170
47	768	4643
768	47	4644
47	488	4091
488	47	4091
47	401	4316
401	47	4316
47	876	4337
876	47	4338
47	245	461
245	47	462
48	406	3735
406	48	3736
48	176	4429
176	48	4429
48	385	4118
385	48	4119
48	753	2739
753	48	2739
48	284	4687
284	48	4688
48	691	3487
691	48	3488
48	593	2482
593	48	2482
48	496	2770
496	48	2770
48	105	3054
105	48	3054
48	499	3955
499	48	3955
48	795	1937
795	48	1937
48	50	3672
50	48	3672
49	538	3061
538	49	3062
49	145	1773
145	49	1774
49	714	4943
714	49	4943
49	860	3846
860	49	3846
49	660	4158
660	49	4159
49	765	3925
765	49	3925
49	805	2356
805	49	2357
49	386	4992
386	49	4992
49	353	3805
353	49	3806
49	260	1984
260	49	1984
49	318	1524
318	49	1524
49	369	4449
369	49	4449
49	186	4416
186	49	4416
49	442	255
442	49	255
49	467	3332
467	49	3332
49	639	4136
639	49	4136
49	215	1292
215	49	1292
49	77	1582
77	49	1582
49	561	1591
561	49	1592
50	229	3792
229	50	3793
50	589	4104
589	50	4104
50	481	4505
481	50	4505
50	711	4015
711	50	4016
50	704	4929
704	50	4929
50	637	484
637	50	485
50	133	3231
133	50	3232
50	877	717
877	50	718
50	302	3719
302	50	3720
50	86	4003
86	50	4004
50	706	3299
706	50	3300
50	563	2556
563	50	2556
50	523	476
523	50	476
50	769	4659
769	50	4659
50	549	3829
549	50	3830
50	607	4059
607	50	4059
50	398	2830
398	50	2830
51	196	3828
196	51	3829
51	566	4198
566	51	4198
51	670	1806
670	51	1806
51	716	2972
716	51	2973
51	866	4324
866	51	4325
51	411	4898
411	51	4899
51	52	3116
52	51	3116
51	671	2959
671	51	2960
51	124	3539
124	51	3540
51	706	3796
706	51	3796
51	635	1036
635	51	1036
51	97	1207
97	51	1207
51	856	4612
856	51	4613
51	187	3877
187	51	3878
51	393	3527
393	51	3527
51	423	1522
423	51	1522
52	131	3624
131	52	3624
52	512	2884
512	52	2884
52	319	4406
319	52	4406
52	96	3658
96	52	3659
52	357	4847
357	52	4848
52	606	1922
606	52	1923
52	405	3554
405	52	3555
52	85	54
85	52	55
52	840	2418
840	52	2419
52	469	4027
469	52	4027
52	396	2572
396	52	2573
52	352	1697
352	52	1697
52	834	60
834	52	60
52	277	3566
277	52	3566
52	101	1313
101	52	1313
53	461	3487
461	53	3487
53	672	4600
672	53	4600
53	174	3451
174	53	3451
53	124	3777
124	53	3778
53	462	1829
462	53	1829
53	217	3573
217	53	3574
53	264	1077
264	53	1077
53	333	4954
333	53	4955
53	152	1686
152	53	1686
53	55	2375
55	53	2375
53	320	2246
320	53	2247
53	409	4194
409	53	4195
53	604	2873
604	53	2874
53	360	4295
360	53	4296
53	645	2402
645	53	2402
54	865	3104
865	54	3105
54	399	4984
399	54	4984
54	595	2014
595	54	2015
54	316	1508
316	54	1508
54	232	3061
232	54	3061
54	60	3943
60	54	3944
54	119	1044
119	54	1045
54	789	3536
789	54	3537
54	670	1876
670	54	1876
54	438	4335
438	54	4335
54	765	2996
765	54	2996
54	144	447
144	54	448
54	644	4982
644	54	4983
54	88	4906
88	54	4907
54	207	3849
207	54	3850
54	739	4267
739	54	4267
55	805	4882
805	55	4882
55	395	4190
395	55	4191
55	824	3363
824	55	3363
55	125	4724
125	55	4724
55	851	4012
851	55	4012
55	437	1138
437	55	1139
55	591	3279
591	55	3280
55	789	2901
789	55	2901
55	791	1660
791	55	1660
55	542	1814
542	55	1814
55	584	4128
584	55	4128
55	311	1287
311	55	1288
55	233	4258
233	55	4259
55	409	4514
409	55	4515
55	425	3033
425	55	3034
56	548	4901
548	56	4902
56	597	2086
597	56	2086
56	782	3733
782	56	3734
56	285	1325
285	56	1325
56	295	2999
295	56	2999
56	646	207
646	56	208
56	214	2786
214	56	2786
56	268	3213
268	56	3213
56	580	369
580	56	369
56	496	1995
496	56	1995
56	70	4991
70	56	4991
56	574	1590
574	56	1591
56	561	4432
561	56	4433
56	439	3313
439	56	3313
56	297	2526
297	56	2526
56	424	1820
424	56	1821
57	664	1460
664	57	1460
57	421	4150
421	57	4150
57	244	1749
244	57	1750
57	679	2260
679	57	2261
57	498	4425
498	57	4425
57	107	4292
107	57	4293
57	499	1709
499	57	1709
57	159	3938
159	57	3938
57	253	2510
253	57	2511
57	619	4120
619	57	4120
57	878	4707
878	57	4707
57	390	3930
390	57	3931
57	546	4550
546	57	4551
58	271	4770
271	58	4770
58	817	2070
817	58	2070
58	372	4573
372	58	4573
58	622	4000
622	58	4000
58	377	4926
377	58	4927
58	592	4409
592	58	4410
58	659	4104
659	58	4104
58	370	4231
370	58	4231
58	695	4326
695	58	4326
58	130	3555
130	58	3555
58	376	2934
376	58	2934
59	710	1584
710	59	1584
59	381	4460
381	59	4461
59	579	4601
579	59	4602
59	353	4678
353	59	4679
59	366	897
366	59	897
59	740	4842
740	59	4843
59	345	4691
345	59	4691
59	225	1706
225	59	1706
59	600	4450
600	59	4450
59	775	3971
775	59	3971
59	192	3974
192	59	3974
59	805	959
805	59	959
59	304	4147
304	59	4147
59	828	4282
828	59	4282
59	698	4819
698	59	4819
59	129	4484
129	59	4485
59	406	4973
406	59	4974
60	474	520
474	60	521
60	404	1282
404	60	1283
60	353	808
353	60	808
60	414	4696
414	60	4696
60	424	2091
424	60	2091
60	128	4703
128	60	4704
60	402	2159
402	60	2160
60	113	1123
113	60	1124
60	117	3011
117	60	3012
60	760	3281
760	60	3282
60	136	4527
136	60	4528
60	205	1559
205	60	1560
60	744	2362
744	60	2363
61	361	3894
361	61	3894
61	332	4534
332	61	4534
61	296	4360
296	61	4361
61	175	1942
175	61	1942
61	186	3696
186	61	3697
61	180	2018
180	61	2019
61	159	4312
159	61	4313
61	107	2229
107	61	2229
61	210	4673
210	61	4674
61	590	4825
590	61	4825
61	629	436
629	61	437
61	187	1442
187	61	1443
61	613	4100
613	61	4100
61	417	1852
417	61	1853
61	326	3660
326	61	3660
61	535	3680
535	61	3681
61	727	4725
727	61	4726
62	78	3348
78	62	3349
62	579	4358
579	62	4359
62	607	993
607	62	993
62	433	1127
433	62	1127
62	558	818
558	62	818
62	415	4994
415	62	4994
62	892	2198
892	62	2198
62	536	1940
536	62	1940
62	738	3432
738	62	3432
62	497	3065
497	62	3066
62	782	3962
782	62	3962
62	412	2820
412	62	2820
62	520	3110
520	62	3110
63	634	4904
634	63	4905
63	75	3535
75	63	3536
63	66	2341
66	63	2342
63	774	2914
774	63	2915
63	510	103
510	63	104
63	96	139
96	63	139
63	331	750
331	63	751
63	182	4376
182	63	4377
63	90	4899
90	63	4899
63	644	4973
644	63	4973
63	274	1790
274	63	1791
63	784	2189
784	63	2190
63	547	4257
547	63	4258
63	848	4180
848	63	4181
63	719	1969
719	63	1969
63	884	4854
884	63	4854
63	216	2484
216	63	2484
63	329	4822
329	63	4822
64	259	4504
259	64	4505
64	400	1206
400	64	1207
64	562	4112
562	64	4112
64	341	4369
341	64	4370
64	538	2988
538	64	2989
64	449	4629
449	64	4629
64	321	3769
321	64	3770
64	561	919
561	64	919
64	336	1921
336	64	1921
64	658	4955
658	64	4955
64	657	81
657	64	82
64	74	865
74	64	866
65	743	2970
743	65	2971
65	420	2801
420	65	2802
65	816	4689
816	65	4690
65	777	4821
777	65	4822
65	648	2439
648	65	2440
65	442	4909
442	65	4910
65	544	3817
544	65	3818
65	107	3801
107	65	3801
65	430	1873
430	65	1874
65	328	4174
328	65	4174
65	465	4103
465	65	4103
65	382	4916
382	65	4917
65	123	1849
123	65	1849
65	611	4701
611	65	4701
65	336	1837
336	65	1838
65	230	2627
230	65	2628
65	205	4811
205	65	4812
65	84	3825
84	65	3826
65	79	4870
79	65	4871
66	275	2136
275	66	2137
66	435	3821
435	66	3822
66	872	3809
872	66	3809
66	724	594
724	66	594
66	800	4749
800	66	4749
66	360	3082
360	66	3082
66	674	3938
674	66	3938
66	324	4579
324	66	4580
66	584	4925
584	66	4925
66	368	4526
368	66	4526
66	626	3542
626	66	3543
66	147	2207
147	66	2208
66	306	3029
306	66	3030
66	317	2994
317	66	2994
66	796	4961
796	66	4962
67	493	4355
493	67	4355
67	248	2515
248	67	2515
67	182	4177
182	67	4178
67	328	4527
328	67	4528
67	344	3549
344	67	3550
67	588	4081
588	67	4081
67	456	4029
456	67	4030
67	399	72
399	67	73
67	316	3109
316	67	3109
67	121	1827
121	67	1828
67	253	3762
253	67	3762
67	613	1511
613	67	1511
67	488	1747
488	67	1747
67	309	4292
309	67	4292
67	91	4579
91	67	4579
67	343	4357
343	67	4357
67	286	1910
286	67	1910
67	762	364
762	67	365
68	84	640
84	68	641
68	454	830
454	68	830
68	468	1582
468	68	1582
68	355	3140
355	68	3141
68	573	550
573	68	551
68	254	95
254	68	96
68	354	3944
354	68	3945
68	159	4217
159	68	4217
68	493	269
493	68	269
68	566	4267
566	68	4268
68	568	3424
568	68	3424
68	550	4388
550	68	4389
68	166	728
166	68	729
68	229	3920
229	68	3920
68	170	411
170	68	412
68	489	969
489	68	970
69	531	277
531	69	278
69	798	2088
798	69	2089
69	481	4617
481	69	4618
69	727	1950
727	69	1950
69	301	185
301	69	186
69	413	4818
413	69	4819
69	706	2900
706	69	2901
69	384	3872
384	69	3873
69	310	3907
310	69	3907
69	358	1892
358	69	1892
69	787	2358
787	69	2359
69	148	1497
148	69	1497
69	312	1089
312	69	1089
69	155	4402
155	69	4403
70	605	1325
605	70	1325
70	373	2096
373	70	2097
70	219	4754
219	70	4754
70	741	3457
741	70	3457
70	348	3559
348	70	3559
70	446	4406
446	70	4407
70	443	3906
443	70	3907
70	209	378
209	70	379
70	652	4720
652	70	4720
70	644	3570
644	70	3571
70	301	3754
301	70	3755
70	162	4476
162	70	4476
70	542	1582
542	70	1583
70	99	4008
99	70	4009
70	654	3943
654	70	3943
70	335	3544
335	70	3545
71	541	4328
541	71	4329
71	107	3946
107	71	3947
71	413	2505
413	71	2505
71	804	1972
804	71	1973
71	477	1356
477	71	1357
71	123	4082
123	71	4082
71	422	353
422	71	354
71	407	3036
407	71	3036
71	430	1165
430	71	1166
71	348	3509
348	71	3509
71	754	3234
754	71	3235
71	214	3264
214	71	3264
71	742	4489
742	71	4490
71	315	4135
315	71	4135
71	597	3876
597	71	3877
72	626	440
626	72	441
72	178	1254
178	72	1255
72	138	3071
138	72	3072
72	274	4718
274	72	4719
72	418	2881
418	72	2882
72	803	4137
803	72	4137
72	370	2358
370	72	2359
72	797	4264
797	72	4264
72	579	4901
579	72	4902
72	760	4184
760	72	4185
72	173	3505
173	72	3505
72	140	2946
140	72	2947
72	572	2938
572	72	2938
72	751	2133
751	72	2133
72	101	4008
101	72	4009
72	402	3101
402	72	3101
72	676	1416
676	72	1416
73	365	4575
365	73	4575
73	343	4860
343	73	4861
73	220	2367
220	73	2368
73	414	1956
414	73	1957
73	339	4528
339	73	4528
73	157	1600
157	73	1600
73	646	1753
646	73	1754
73	115	3830
115	73	3831
73	300	2811
300	73	2811
73	137	1176
137	73	1176
73	569	4827
569	73	4827
73	108	287
108	73	288
73	626	4122
626	73	4122
73	615	4067
615	73	4067
73	485	2537
485	73	2538
73	128	594
128	73	595
73	631	689
631	73	690
74	319	3753
319	74	3753
74	794	3009
794	74	3010
74	81	4985
81	74	4985
74	495	4638
495	74	4639
74	473	4991
473	74	4992
74	303	4360
303	74	4361
74	334	3162
334	74	3162
74	231	4259
231	74	4259
74	143	4959
143	74	4960
74	672	3546
672	74	3547
74	468	4764
468	74	4765
75	274	3428
274	75	3429
75	385	2464
385	75	2464
75	296	153
296	75	153
75	281	3776
281	75	3777
75	130	4581
130	75	4582
75	218	4943
218	75	4943
75	150	3972
150	75	3972
75	414	4987
414	75	4988
75	77	890
77	75	891
75	306	1441
306	75	1442
75	327	4729
327	75	4730
75	549	4222
549	75	4222
75	737	3670
737	75	3670
75	629	1154
629	75	1155
76	177	2016
177	76	2016
76	216	3612
216	76	3612
76	145	4110
145	76	4111
76	269	3565
269	76	3565
76	341	874
341	76	874
76	96	4654
96	76	4655
76	503	2573
503	76	2574
76	486	3118
486	76	3119
76	206	972
206	76	973
76	197	4906
197	76	4907
76	279	530
279	76	531
76	362	170
362	76	170
76	452	4969
452	76	4970
76	338	4122
338	76	4123
77	464	4545
464	77	4545
77	474	3594
474	77	3594
77	503	3703
503	77	3704
77	251	4803
251	77	4804
77	211	3601
211	77	3601
77	520	3215
520	77	3215
77	373	3514
373	77	3514
77	480	3876
480	77	3876
77	667	3113
667	77	3113
77	757	3383
757	77	3384
77	156	483
156	77	483
78	728	2029
728	78	2029
78	204	4639
204	78	4639
78	787	1531
787	78	1532
78	109	74
109	78	75
78	455	2146
455	78	2146
78	443	4024
443	78	4025
78	418	2920
418	78	2921
78	171	4820
171	78	4821
78	139	4338
139	78	4339
78	241	3457
241	78	3457
78	843	4509
843	78	4510
79	96	2725
96	79	2726
79	554	4841
554	79	4842
79	248	1674
248	79	1675
79	95	3125
95	79	3126
79	108	3417
108	79	3417
79	277	1805
277	79	1805
79	116	4553
116	79	4554
79	874	2284
874	79	2284
79	416	4890
416	79	4890
79	199	4332
199	79	4332
79	165	4055
165	79	4055
79	780	4383
780	79	4383
79	139	4097
139	79	4098
80	568	3862
568	80	3862
80	224	3764
224	80	3765
80	101	4551
101	80	4552
80	277	2582
277	80	2583
80	602	4923
602	80	4923
80	439	4362
439	80	4362
80	212	4102
212	80	4102
80	373	3377
373	80	3378
80	772	3595
772	80	3595
80	517	4668
517	80	4669
80	578	4595
578	80	4595
80	198	4441
198	80	4441
81	819	1371
819	81	1371
81	547	2270
547	81	2270
81	170	1368
170	81	1369
81	121	831
121	81	831
81	314	4173
314	81	4173
81	110	1187
110	81	1187
81	348	4148
348	81	4148
81	290	4449
290	81	4450
81	684	4616
684	81	4616
81	610	4727
610	81	4728
81	100	3606
100	81	3607
81	386	423
386	81	424
81	725	4744
725	81	4745
81	147	1338
147	81	1339
81	839	1750
839	81	1751
81	652	3849
652	81	3850
82	141	2111
141	82	2111
82	152	4492
152	82	4493
82	845	792
845	82	792
82	409	3475
409	82	3476
82	423	1388
423	82	1389
82	153	3664
153	82	3664
82	88	3598
88	82	3599
82	683	3872
683	82	3873
82	154	1612
154	82	1612
82	565	4823
565	82	4824
82	123	4693
123	82	4693
82	406	3586
406	82	3586
82	472	1203
472	82	1203
82	175	1600
175	82	1600
82	475	3960
475	82	3961
82	416	4240
416	82	4240
82	506	4164
506	82	4165
82	681	1403
681	82	1404
83	246	869
246	83	869
83	103	4176
103	83	4176
83	428	3873
428	83	3873
83	593	321
593	83	321
83	430	4950
430	83	4951
83	151	4628
151	83	4629
83	516	4420
516	83	4421
83	435	3550
435	83	3551
83	361	4140
361	83	4140
83	144	3021
144	83	3021
83	779	3460
779	83	3461
83	284	3251
284	83	3251
83	769	4505
769	83	4506
83	720	3766
720	83	3766
84	247	2255
247	84	2255
84	362	2606
362	84	2607
84	488	502
488	84	502
84	586	711
586	84	711
84	648	4939
648	84	4939
84	448	1007
448	84	1007
84	386	3218
386	84	3219
84	437	4947
437	84	4947
84	732	4235
732	84	4235
84	90	2076
90	84	2077
84	643	4790
643	84	4791
84	599	1020
599	84	1021
84	111	233
111	84	234
84	291	4278
291	84	4279
84	589	2940
589	84	2941
84	286	2587
286	84	2587
85	268	3346
268	85	3346
85	286	2220
286	85	2220
85	868	4834
868	85	4835
85	379	3824
379	85	3824
85	107	4096
107	85	4097
85	296	2442
296	85	2443
85	896	2908
896	85	2908
85	227	2034
227	85	2034
85	370	3659
370	85	3660
85	505	4669
505	85	4669
85	713	3485
713	85	3486
85	91	3072
91	85	3072
86	113	1671
113	86	1671
86	738	4248
738	86	4248
86	408	1776
408	86	1777
86	675	3833
675	86	3834
86	348	3828
348	86	3829
86	293	4709
293	86	4710
86	808	3173
808	86	3174
86	674	2271
674	86	2271
86	255	2997
255	86	2997
86	482	1217
482	86	1218
86	837	2152
837	86	2152
86	374	104
374	86	104
87	256	1562
256	87	1562
87	597	4821
597	87	4822
87	165	3762
165	87	3763
87	233	4952
233	87	4953
87	262	3260
262	87	3261
87	327	3984
327	87	3985
87	176	4161
176	87	4162
87	446	1884
446	87	1885
87	278	581
278	87	582
87	249	753
249	87	753
87	201	2798
201	87	2799
87	101	4809
101	87	4809
87	114	720
114	87	721
88	428	2456
428	88	2457
88	791	4309
791	88	4310
88	376	1777
376	88	1778
88	181	4660
181	88	4661
88	241	1503
241	88	1503
88	146	674
146	88	675
88	110	90
110	88	90
88	895	3053
895	88	3054
88	630	4140
630	88	4140
88	420	4838
420	88	4839
89	481	1549
481	89	1549
89	443	4907
443	89	4908
89	329	1022
329	89	1022
89	185	4630
185	89	4630
89	454	4231
454	89	4231
89	854	2991
854	89	2992
89	386	2932
386	89	2933
89	763	3540
763	89	3540
89	351	2067
351	89	2067
89	685	3611
685	89	3611
89	708	4358
708	89	4358
89	438	2970
438	89	2971
90	525	4420
525	90	4420
90	489	4147
489	90	4148
90	709	4325
709	90	4326
90	761	2529
761	90	2529
90	174	3567
174	90	3567
90	532	4077
532	90	4078
90	796	4537
796	90	4537
90	104	4077
104	90	4077
91	322	4811
322	91	4812
91	726	4533
726	91	4533
91	449	4724
449	91	4725
91	270	3937
270	91	3937
91	536	2445
536	91	2445
92	599	1486
599	92	1487
92	321	1602
321	92	1603
92	616	1278
616	92	1279
92	287	1131
287	92	1131
93	486	2334
486	93	2334
93	125	4670
125	93	4671
93	689	2858
689	93	2858
93	751	4555
751	93	4556
93	366	4265
366	93	4266
93	559	147
559	93	147
93	297	4254
297	93	4254
93	549	1412
549	93	1413
93	299	600
299	93	601
93	804	3439
804	93	3440
94	684	4029
684	94	4029
94	298	1386
298	94	1387
94	613	3897
613	94	3897
94	802	4455
802	94	4456
95	219	3112
219	95	3112
95	142	3425
142	95	3425
95	96	2015
96	95	2016
96	469	4694
469	96	4695
97	271	3802
271	97	3802
97	799	1438
799	97	1439
97	428	4858
428	97	4859
97	245	2954
245	97	2954
97	567	4206
567	97	4206
97	591	1129
591	97	1129
97	504	2486
504	97	2487
98	565	4624
565	98	4625
98	400	4423
400	98	4423
98	409	1599
409	98	1599
98	122	2260
122	98	2260
99	344	3102
344	99	3102
99	350	4798
350	99	4799
99	123	2912
123	99	2913
99	180	2352
180	99	2353
99	116	3352
116	99	3353
99	122	2130
122	99	2130
100	435	3673
435	100	3674
100	226	4223
226	100	4224
100	751	4833
751	100	4833
100	527	636
527	100	636
100	182	4835
182	100	4836
100	620	2072
620	100	2073
100	420	4592
420	100	4592
100	434	2259
434	100	2259
100	123	3505
123	100	3506
101	185	4142
185	101	4142
101	790	4219
790	101	4219
101	229	1375
229	101	1376
101	283	2751
283	101	2752
102	149	4079
149	102	4079
102	383	4632
383	102	4632
102	258	2482
258	102	2483
102	210	3398
210	102	3399
102	382	4688
382	102	4688
102	464	1733
464	102	1734
102	324	3621
324	102	3622
102	406	1427
406	102	1427
102	328	818
328	102	818
103	401	4710
401	103	4711
103	127	3425
127	103	3426
103	297	4618
297	103	4618
104	457	3230
457	104	3230
104	354	4667
354	104	4667
104	413	249
413	104	249
104	393	3665
393	104	3666
104	156	4961
156	104	4961
104	389	2710
389	104	2710
104	184	2823
184	104	2824
104	163	738
163	104	738
104	682	2141
682	104	2142
105	375	4932
375	105	4932
105	274	4662
274	105	4663
105	115	3179
115	105	3179
105	300	1538
300	105	1538
106	196	433
196	106	433
106	354	3573
354	106	3574
106	528	4868
528	106	4868
106	701	3441
701	106	3441
106	110	3271
110	106	3271
106	595	2286
595	106	2287
106	443	2416
443	106	2416
106	138	4785
138	106	4785
106	145	4904
145	106	4905
107	572	4033
572	107	4034
107	675	3863
675	107	3864
107	314	1144
314	107	1145
108	478	3478
478	108	3479
109	149	4470
149	109	4470
109	319	4202
319	109	4202
109	428	4853
428	109	4854
109	257	4159
257	109	4160
109	190	377
190	109	378
109	232	3048
232	109	3049
109	422	123
422	109	124
109	153	4687
153	109	4687
110	477	4100
477	110	4101
110	657	3913
657	110	3914
110	459	3801
459	110	3802
110	136	1165
136	110	1165
110	798	3331
798	110	3332
111	140	4073
140	111	4074
111	174	3591
174	111	3591
111	137	4034
137	111	4035
111	155	1191
155	111	1191
111	209	3904
209	111	3904
111	247	3542
247	111	3542
111	746	1189
746	111	1190
112	223	1183
223	112	1183
112	863	4541
863	112	4541
112	180	3558
180	112	3558
113	189	4043
189	113	4044
113	544	3543
544	113	3544
113	830	3783
830	113	3784
113	472	2258
472	113	2258
114	366	4886
366	114	4886
114	197	2851
197	114	2851
114	161	3581
161	114	3582
114	140	4913
140	114	4913
114	417	4145
417	114	4146
115	139	3953
139	115	3953
115	158	4134
158	115	4135
115	472	2889
472	115	2890
115	177	2293
177	115	2294
115	181	1209
181	115	1209
116	448	1513
448	116	1514
116	290	3232
290	116	3232
116	784	259
784	116	259
116	807	4313
807	116	4314
117	376	2434
376	117	2434
117	139	4555
139	117	4555
117	297	290
297	117	291
117	588	3118
588	117	3119
118	243	3622
243	118	3622
118	288	1592
288	118	1592
118	245	2962
245	118	2963
118	183	2254
183	118	2255
119	535	4020
535	119	4021
119	266	3141
266	119	3141
119	722	2872
722	119	2873
119	441	4912
441	119	4912
119	437	3523
437	119	3523
119	385	3948
385	119	3948
120	467	1524
467	120	1524
120	696	4887
696	120	4887
120	171	4992
171	120	4993
120	426	3339
426	120	3339
120	313	1771
313	120	1771
120	376	2444
376	120	2444
120	808	2402
808	120	2402
121	257	3187
257	121	3188
121	786	2439
786	121	2439
122	194	679
194	122	679
122	435	3922
435	122	3922
122	381	4330
381	122	4330
122	273	3815
273	122	3816
122	303	3532
303	122	3533
122	172	472
172	122	472
123	502	3881
502	123	3881
123	220	4142
220	123	4143
124	501	4992
501	124	4993
124	439	582
439	124	582
124	376	3730
376	124	3731
125	636	4000
636	125	4000
126	317	4538
317	126	4539
126	358	561
358	126	561
126	158	2410
158	126	2411
126	183	732
183	126	733
126	355	4560
355	126	4560
126	508	3873
508	126	3873
126	842	4482
842	126	4482
127	197	4065
197	127	4065
127	272	532
272	127	532
127	309	4132
309	127	4132
127	162	2974
162	127	2975
127	485	3002
485	127	3002
127	715	4371
715	127	4372
128	226	4752
226	128	4753
128	217	1962
217	128	1962
128	177	656
177	128	657
128	278	2556
278	128	2556
129	368	2883
368	129	2883
129	330	4037
330	129	4037
129	372	4169
372	129	4170
129	404	4203
404	129	4204
129	308	2972
308	129	2973
130	201	4520
201	130	4521
130	222	4624
222	130	4624
130	208	4037
208	130	4037
131	385	4766
385	131	4767
131	553	4253
553	131	4253
132	392	2290
392	132	2291
132	367	1488
367	132	1489
132	276	1544
276	132	1545
132	525	4810
525	132	4810
132	447	4788
447	132	4789
132	571	4093
571	132	4094
132	177	358
177	132	358
133	900	4996
900	133	4997
133	165	4663
165	133	4663
133	325	4140
325	133	4140
133	701	1682
701	133	1683
133	509	4847
509	133	4847
133	294	1259
294	133	1260
133	501	4683
501	133	4683
133	467	4955
467	133	4955
134	384	2575
384	134	2576
134	157	2645
157	134	2645
134	367	3633
367	134	3633
134	331	3563
331	134	3564
134	232	1680
232	134	1680
135	149	1677
149	135	1678
135	654	4406
654	135	4407
135	778	1785
778	135	1786
135	610	1861
610	135	1862
135	501	3655
501	135	3655
135	320	4000
320	135	4000
135	255	4514
255	135	4514
135	181	3438
181	135	3439
136	402	4686
402	136	4686
136	286	3756
286	136	3757
136	774	3559
774	136	3560
136	805	3640
805	136	3640
137	555	4044
555	137	4045
137	514	4388
514	137	4388
137	313	4840
313	137	4841
137	598	1347
598	137	1347
137	378	1870
378	137	1870
137	144	541
144	137	542
137	307	456
307	137	457
138	401	1925
401	138	1926
138	464	4841
464	138	4842
138	532	2260
532	138	2260
138	234	1956
234	138	1956
139	172	3816
172	139	3817
139	517	4882
517	139	4883
140	448	547
448	140	548
140	482	3538
482	140	3539
140	178	4661
178	140	4662
140	270	2515
270	140	2515
140	293	3673
293	140	3674
140	425	1118
425	140	1119
141	156	1139
156	141	1139
141	879	4698
879	141	4698
141	318	4587
318	141	4587
141	341	3966
341	141	3966
142	789	4133
789	142	4133
142	804	1134
804	142	1134
142	404	1239
404	142	1240
142	145	3467
145	142	3467
142	185	2330
185	142	2330
143	501	4723
501	143	4724
143	551	848
551	143	848
143	735	3607
735	143	3607
143	341	3118
341	143	3118
143	219	4291
219	143	4291
143	151	4011
151	143	4012
143	335	4245
335	143	4246
143	378	3866
378	143	3867
143	155	2488
155	143	2489
144	392	4446
392	144	4446
144	240	542
240	144	543
144	653	2259
653	144	2259
144	241	3477
241	144	3478
144	231	4611
231	144	4612
144	145	4216
145	144	4217
145	223	2084
223	145	2085
145	365	115
365	145	115
145	261	2070
261	145	2071
146	808	4375
808	146	4375
146	199	680
199	146	681
146	339	4670
339	146	4670
146	398	3636
398	146	3636
146	431	1999
431	146	1999
146	613	3121
613	146	3122
146	513	1616
513	146	1616
147	757	1436
757	147	1437
147	241	1501
241	147	1501
147	356	4904
356	147	4904
147	521	4659
521	147	4660
147	286	1977
286	147	1977
147	689	2098
689	147	2099
147	682	4014
682	147	4015
148	529	3805
529	148	3805
148	389	3861
389	148	3861
148	347	1998
347	148	1998
148	664	3844
664	148	3844
148	867	3228
867	148	3228
148	653	3819
653	148	3820
149	743	4125
743	149	4125
149	343	4635
343	149	4636
149	592	4328
592	149	4329
149	600	2277
600	149	2278
150	282	2471
282	150	2471
150	410	2203
410	150	2204
150	246	4437
246	150	4438
150	373	3333
373	150	3333
150	158	4046
158	150	4046
150	778	205
778	150	206
150	336	4825
336	150	4826
150	369	1976
369	150	1976
150	712	4845
712	150	4846
150	181	1778
181	150	1779
151	261	4170
261	151	4171
151	297	2098
297	151	2098
151	715	4705
715	151	4706
151	679	2714
679	151	2715
152	873	3350
873	152	3351
152	410	2954
410	152	2954
152	427	3916
427	152	3916
152	532	2071
532	152	2072
152	483	3345
483	152	3345
152	760	1396
760	152	1396
152	404	4209
404	152	4210
152	225	4248
225	152	4248
153	358	3466
358	153	3466
153	699	4553
699	153	4554
153	602	1583
602	153	1584
153	553	3615
553	153	3616
153	483	1055
483	153	1055
154	575	4116
575	154	4116
154	387	3909
387	154	3909
154	472	2591
472	154	2592
154	441	1854
441	154	1854
155	399	104
399	155	104
155	386	3743
386	155	3744
155	811	4038
811	155	4038
155	363	3768
363	155	3769
155	167	1933
167	155	1933
155	545	3948
545	155	3949
155	236	2857
236	155	2857
155	245	4335
245	155	4336
156	339	4650
339	156	4650
156	397	1429
397	156	1429
156	383	864
383	156	864
156	163	1673
163	156	1674
156	328	3756
328	156	3757
157	170	3235
170	157	3235
157	268	3062
268	157	3062
157	431	783
431	157	783
158	381	2281
381	158	2282
158	671	4207
671	158	4208
158	712	4040
712	158	4041
158	384	4800
384	158	4800
158	268	2442
268	158	2443
158	236	2500
236	158	2500
159	371	2143
371	159	2143
159	178	2931
178	159	2932
159	444	1864
444	159	1864
160	296	3431
296	160	3431
160	267	3378
267	160	3379
160	251	2217
251	160	2218
160	648	2499
648	160	2499
160	294	644
294	160	644
161	761	4602
761	161	4603
161	581	3260
581	161	3260
161	182	4163
182	161	4164
161	325	3423
325	161	3424
161	190	4033
190	161	4034
161	406	4104
406	161	4104
161	348	4056
348	161	4056
161	465	4652
465	161	4652
162	362	4195
362	162	4195
162	212	3842
212	162	3842
162	483	2646
483	162	2647
162	500	3862
500	162	3862
162	245	3805
245	162	3806
162	492	1878
492	162	1878
162	432	2763
432	162	2764
162	347	2722
347	162	2722
163	675	4901
675	163	4901
163	680	1130
680	163	1131
163	567	1600
567	163	1600
163	209	2885
209	163	2885
163	418	1949
418	163	1950
163	489	1504
489	163	1504
163	409	1903
409	163	1904
163	236	3638
236	163	3639
163	403	1112
403	163	1112
164	342	269
342	164	269
164	343	3775
343	164	3775
164	246	1108
246	164	1109
164	314	1605
314	164	1606
164	800	4324
800	164	4325
164	665	2156
665	164	2156
164	414	3668
414	164	3668
164	197	2327
197	164	2328
164	365	3961
365	164	3962
165	565	320
565	165	320
165	778	4215
778	165	4216
165	754	293
754	165	294
165	399	4657
399	165	4658
166	219	4649
219	166	4649
166	408	2057
408	166	2057
166	508	2577
508	166	2577
166	305	3544
305	166	3545
166	526	2800
526	166	2800
166	530	4726
530	166	4726
166	263	1409
263	166	1410
167	309	2479
309	167	2480
167	368	4231
368	167	4232
167	682	4603
682	167	4604
167	689	4004
689	167	4005
167	379	4675
379	167	4676
167	211	268
211	167	268
167	303	305
303	167	306
167	335	1378
335	167	1379
168	339	3733
339	168	3734
168	492	1969
492	168	1969
168	440	3356
440	168	3357
168	571	3305
571	168	3305
168	621	258
621	168	259
168	723	2423
723	168	2424
168	458	2082
458	168	2083
169	394	4660
394	169	4661
169	221	3625
221	169	3625
169	432	4241
432	169	4241
169	437	3692
437	169	3692
169	799	3544
799	169	3544
169	459	1020
459	169	1021
169	327	2772
327	169	2773
171	205	4908
205	171	4909
171	742	2179
742	171	2180
171	398	4057
398	171	4057
171	397	4450
397	171	4450
171	780	1728
780	171	1729
172	422	3749
422	172	3750
172	389	1898
389	172	1898
172	294	1093
294	172	1093
172	580	4713
580	172	4713
172	326	4499
326	172	4499
172	581	4903
581	172	4904
172	276	4387
276	172	4387
173	767	3990
767	173	3990
173	350	802
350	173	802
173	775	1992
775	173	1993
174	248	1775
248	174	1776
174	259	2059
259	174	2059
174	537	2743
537	174	2743
175	726	4488
726	175	4488
175	864	4750
864	175	4751
176	381	4773
381	176	4774
176	478	767
478	176	768
176	361	2006
361	176	2006
176	770	1921
770	176	1922
176	390	3430
390	176	3430
177	652	1705
652	177	1705
177	490	236
490	177	237
177	777	374
777	177	375
177	530	2702
530	177	2702
177	357	883
357	177	884
177	698	3822
698	177	3823
177	178	4494
178	177	4494
178	206	828
206	178	828
178	395	4920
395	178	4920
178	240	3462
240	178	3463
178	439	4087
439	178	4087
178	631	4174
631	178	4175
178	411	301
411	178	301
179	541	3380
541	179	3381
179	735	4988
735	179	4988
179	296	4962
296	179	4963
179	513	3754
513	179	3754
179	317	3511
317	179	3512
179	212	995
212	179	995
179	294	1294
294	179	1295
179	575	2357
575	179	2357
179	571	2631
571	179	2631
179	368	4846
368	179	4846
180	210	3698
210	180	3698
180	529	4551
529	180	4552
180	378	4958
378	180	4958
180	743	2134
743	180	2134
183	348	2588
348	183	2588
183	410	4851
410	183	4851
183	491	2308
491	183	2308
183	238	228
238	183	229
184	270	4214
270	184	4214
184	258	559
258	184	559
184	328	2102
328	184	2102
184	418	4444
418	184	4444
184	281	4015
281	184	4016
184	247	4509
247	184	4509
184	208	3965
208	184	3966
184	709	3805
709	184	3806
184	554	2377
554	184	2378
184	202	4049
202	184	4050
185	192	2039
192	185	2040
186	366	4094
366	186	4094
186	457	1588
457	186	1589
186	390	1969
390	186	1970
186	271	786
271	186	787
186	321	4876
321	186	4876
186	221	2049
221	186	2050
186	357	1472
357	186	1473
187	263	4887
263	187	4887
187	798	2844
798	187	2844
187	413	4743
413	187	4743
187	466	1420
466	187	1420
187	609	2453
609	187	2454
187	340	1109
340	187	1110
188	738	1211
738	188	1211
188	306	1703
306	188	1704
188	211	4928
211	188	4929
188	226	4463
226	188	4463
188	267	3601
267	188	3601
188	296	4566
296	188	4566
189	658	478
658	189	479
189	197	3844
197	189	3844
190	355	4254
355	190	4255
190	545	4778
545	190	4778
190	775	1433
775	190	1434
190	555	4490
555	190	4491
190	350	165
350	190	165
190	291	4287
291	190	4288
191	714	2137
714	191	2137
191	426	1451
426	191	1452
191	471	4837
471	191	4838
191	203	2717
203	191	2718
191	367	4229
367	191	4229
191	382	3510
382	191	3511
191	502	1483
502	191	1483
192	209	3782
209	192	3783
192	439	4329
439	192	4330
192	352	513
352	192	514
192	238	4935
238	192	4936
193	308	4271
308	193	4272
193	369	2075
369	193	2075
193	746	2503
746	193	2503
193	373	3888
373	193	3888
193	205	3378
205	193	3378
193	412	1990
412	193	1990
193	222	4235
222	193	4235
193	291	1000
291	193	1000
193	366	4898
366	193	4899
194	444	4062
444	194	4063
194	356	3244
356	194	3245
194	277	4881
277	194	4882
194	448	4562
448	194	4562
194	547	2613
547	194	2614
194	450	2968
450	194	2969
194	260	1753
260	194	1753
194	240	2534
240	194	2535
194	290	3875
290	194	3876
195	263	4041
263	195	4042
195	586	4376
586	195	4377
195	631	1981
631	195	1982
195	781	4840
781	195	4841
195	543	4709
543	195	4710
195	431	4547
431	195	4548
196	364	4659
364	196	4660
197	809	4823
809	197	4824
197	235	2440
235	197	2441
197	497	1519
497	197	1519
197	412	1698
412	197	1699
197	513	2838
513	197	2839
198	776	3901
776	198	3901
198	316	4518
316	198	4519
198	715	1411
715	198	1411
198	773	3759
773	198	3760
198	447	4100
447	198	4100
198	236	1917
236	198	1918
199	275	3090
275	199	3091
199	771	3660
771	199	3661
199	789	3502
789	199	3503
199	794	3956
794	199	3957
199	355	4676
355	199	4677
199	375	3245
375	199	3246
200	534	4526
534	200	4527
200	732	1674
732	200	1674
200	553	2266
553	200	2266
200	305	1558
305	200	1558
200	330	3794
330	200	3794
200	338	4791
338	200	4791
201	393	2059
393	201	2060
201	621	780
621	201	780
201	415	4959
415	201	4960
201	303	4760
303	201	4761
202	279	1792
279	202	1793
202	475	3798
475	202	3799
202	256	3247
256	202	3248
202	344	4774
344	202	4774
203	428	983
428	203	983
203	268	3260
268	203	3260
203	411	2080
411	203	2081
203	724	4880
724	203	4880
203	449	4446
449	203	4446
203	352	3945
352	203	3945
203	292	492
292	203	492
203	247	3990
247	203	3991
204	236	87
236	204	87
204	478	2225
478	204	2225
204	434	3122
434	204	3122
204	411	1374
411	204	1374
204	230	4236
230	204	4236
204	567	3527
567	204	3527
204	799	3548
799	204	3548
204	394	2212
394	204	2213
204	773	3566
773	204	3566
205	402	2992
402	205	2993
205	224	1315
224	205	1316
205	340	837
340	205	838
205	388	3973
388	205	3973
205	439	1978
439	205	1978
205	364	2610
364	205	2610
206	323	3936
323	206	3937
206	369	4760
369	206	4761
206	676	4318
676	206	4318
206	777	3414
777	206	3414
206	240	4518
240	206	4519
207	678	2202
678	207	2203
207	809	1868
809	207	1868
207	477	80
477	207	80
207	213	3953
213	207	3953
207	401	4589
401	207	4590
207	332	285
332	207	286
208	734	3837
734	208	3837
208	434	4177
434	208	4177
208	776	1251
776	208	1251
208	420	2879
420	208	2880
208	287	4290
287	208	4291
208	211	334
211	208	334
208	261	3890
261	208	3890
208	262	1772
262	208	1773
209	421	3581
421	209	3582
209	807	4836
807	209	4836
209	424	4149
424	209	4149
209	220	3798
220	209	3798
209	389	1185
389	209	1185
209	234	1786
234	209	1787
209	246	4978
246	209	4978
210	733	720
733	210	720
210	309	4275
309	210	4275
210	215	864
215	210	864
210	347	3706
347	210	3707
211	773	775
773	211	776
211	283	2734
283	211	2734
211	323	3854
323	211	3855
211	428	3974
428	211	3975
211	732	4782
732	211	4783
213	273	4496
273	213	4497
213	410	1414
410	213	1414
213	564	3906
564	213	3906
213	720	3926
720	213	3926
213	277	2711
277	213	2712
213	306	1421
306	213	1421
213	369	4199
369	213	4199
214	359	2440
359	214	2440
214	738	4030
738	214	4031
214	283	4702
283	214	4703
214	231	2232
231	214	2232
214	328	780
328	214	781
214	677	3134
677	214	3135
215	224	1944
224	215	1945
215	309	1874
309	215	1874
215	238	3210
238	215	3210
215	385	2291
385	215	2292
215	458	3325
458	215	3325
215	410	1303
410	215	1303
216	329	2345
329	216	2345
216	287	4755
287	216	4755
216	444	253
444	216	254
216	348	4394
348	216	4394
216	563	1447
563	216	1448
216	326	3848
326	216	3849
216	759	4153
759	216	4153
217	241	1333
241	217	1334
217	301	4779
301	217	4779
217	382	4204
382	217	4205
218	341	3523
341	218	3523
218	224	4891
224	218	4892
218	387	1888
387	218	1888
218	603	4830
603	218	4830
218	393	4841
393	218	4841
218	307	3046
307	218	3046
218	595	4170
595	218	4170
218	522	1150
522	218	1151
218	300	183
300	218	184
219	223	1184
223	219	1185
219	476	1224
476	219	1224
219	251	93
251	219	94
219	776	3765
776	219	3765
220	479	3655
479	220	3656
221	797	4525
797	221	4525
221	344	4959
344	221	4959
222	509	3468
509	222	3469
222	543	3546
543	222	3546
222	234	2536
234	222	2537
223	251	2966
251	223	2967
223	376	2290
376	223	2291
223	551	3827
551	223	3827
224	333	3966
333	224	3967
224	226	4795
226	224	4796
224	453	1402
453	224	1403
224	552	4050
552	224	4051
224	250	3834
250	224	3835
224	278	1429
278	224	1430
225	293	2128
293	225	2129
225	476	3455
476	225	3455
225	338	711
338	225	712
225	445	4584
445	225	4584
225	288	1164
288	225	1164
225	762	3243
762	225	3243
225	771	3707
771	225	3707
225	530	1225
530	225	1226
226	743	4298
743	226	4299
226	439	4847
439	226	4847
226	409	4363
409	226	4364
226	257	3811
257	226	3811
226	322	3988
322	226	3989
227	781	3321
781	227	3321
227	559	4357
559	227	4358
227	410	2768
410	227	2768
227	479	209
479	227	209
227	674	3748
674	227	3748
227	455	859
455	227	860
227	242	2591
242	227	2591
228	269	103
269	228	104
228	229	4951
229	228	4952
228	722	3370
722	228	3371
228	375	628
375	228	628
228	359	2031
359	228	2031
228	277	3942
277	228	3943
228	315	4071
315	228	4072
228	304	4491
304	228	4492
228	237	4588
237	228	4588
229	707	1962
707	229	1963
229	235	2322
235	229	2322
229	336	4068
336	229	4068
229	374	65
374	229	65
229	254	4624
254	229	4625
229	432	2038
432	229	2038
230	248	258
248	230	259
230	416	2089
416	230	2089
230	665	4129
665	230	4130
230	796	1354
796	230	1355
230	317	3595
317	230	3595
230	707	2637
707	230	2637
230	385	3321
385	230	3322
231	287	4759
287	231	4760
231	380	3301
380	231	3301
232	441	4210
441	232	4210
232	360	4724
360	232	4725
232	331	2758
331	232	2759
232	320	665
320	232	666
232	603	4217
603	232	4218
233	278	965
278	233	966
233	382	3771
382	233	3772
233	301	4251
301	233	4251
233	366	1021
366	233	1021
233	237	4626
237	233	4627
233	316	2592
316	233	2593
233	253	2552
253	233	2552
233	676	4977
676	233	4978
233	424	4795
424	233	4796
234	301	4375
301	234	4376
234	623	1211
623	234	1211
234	259	1142
259	234	1142
234	508	1809
508	234	1810
234	267	3358
267	234	3359
234	440	4351
440	234	4352
234	398	958
398	234	958
235	283	4981
283	235	4982
235	318	490
318	235	491
235	581	3940
581	235	3940
235	720	3907
720	235	3908
235	345	3805
345	235	3806
236	425	3251
425	236	3251
236	445	739
445	236	739
236	325	2054
325	236	2054
237	603	4837
603	237	4837
237	742	3057
742	237	3057
237	351	2187
351	237	2187
237	543	1688
543	237	1688
237	724	2846
724	237	2847
238	290	4000
290	238	4000
238	410	3520
410	238	3520
238	279	4840
279	238	4841
238	505	345
505	238	345
238	717	2517
717	238	2517
239	286	2048
286	239	2049
239	433	3066
433	239	3066
239	392	3649
392	239	3650
239	249	2666
249	239	2667
239	397	4611
397	239	4612
239	310	3964
310	239	3965
240	453	2955
453	240	2955
240	513	1947
513	240	1947
240	388	4084
388	240	4084
240	359	2251
359	240	2252
240	355	2131
355	240	2131
240	372	4206
372	240	4207
240	320	4756
320	240	4756
242	311	4648
311	242	4648
242	258	573
258	242	573
242	560	1227
560	242	1228
242	430	2033
430	242	2033
242	383	2937
383	242	2937
242	444	4107
444	242	4108
242	479	4364
479	242	4364
242	253	3687
253	242	3688
243	391	1605
391	243	1605
243	280	4234
280	243	4234
243	331	437
331	243	438
243	385	3460
385	243	3461
243	767	1104
767	243	1104
243	254	3672
254	243	3672
243	398	3271
398	243	3272
243	266	4947
266	243	4948
243	326	4048
326	243	4049
244	369	4247
369	244	4247
244	342	3774
342	244	3775
244	316	4025
316	244	4025
244	377	1262
377	244	1263
245	271	4442
271	245	4443
246	676	204
676	246	204
247	297	3254
297	247	3255
247	549	1982
549	247	1983
247	436	4230
436	247	4230
249	374	3572
374	249	3572
249	292	4947
292	249	4947
249	545	3673
545	249	3673
249	430	832
430	249	832
249	421	4697
421	249	4697
250	257	4850
257	250	4851
250	342	2982
342	250	2983
250	586	2603
586	250	2604
250	253	1076
253	250	1076
251	349	4033
349	251	4033
251	534	3589
534	251	3589
251	801	4547
801	251	4547
251	788	2244
788	251	2244
252	366	2460
366	252	2461
252	698	2750
698	252	2750
252	580	3712
580	252	3712
252	450	2447
450	252	2447
252	449	4582
449	252	4583
253	434	3446
434	253	3446
253	416	4992
416	253	4992
254	362	3840
362	254	3841
254	382	4594
382	254	4595
254	315	2436
315	254	2436
254	762	1894
762	254	1894
254	405	2870
405	254	2870
254	306	4761
306	254	4761
255	413	3370
413	255	3370
255	326	2943
326	255	2943
255	551	3984
551	255	3985
255	306	4028
306	255	4029
255	276	4280
276	255	4281
255	312	952
312	255	952
255	723	1473
723	255	1473
256	331	4817
331	256	4818
256	380	918
380	256	918
256	453	4873
453	256	4874
256	375	2797
375	256	2797
256	505	3315
505	256	3315
256	564	1937
564	256	1938
256	445	4286
445	256	4287
257	665	3494
665	257	3494
257	275	912
275	257	913
258	353	2779
353	258	2779
258	292	1271
292	258	1271
259	433	3936
433	259	3936
259	723	4489
723	259	4489
260	262	3390
262	260	3391
260	428	3801
428	260	3802
261	374	4187
374	261	4188
261	560	161
560	261	161
261	286	3807
286	261	3807
261	498	1249
498	261	1249
262	377	3934
377	262	3935
262	317	4801
317	262	4802
263	338	2853
338	263	2854
263	297	2325
297	263	2325
263	294	4404
294	263	4404
264	333	994
333	264	995
264	801	4494
801	264	4495
264	693	2335
693	264	2335
264	313	942
313	264	943
264	306	3901
306	264	3901
265	363	4859
363	265	4860
265	547	3882
547	265	3883
265	271	3901
271	265	3902
265	431	4380
431	265	4380
265	413	815
413	265	816
265	358	3895
358	265	3895
265	643	4671
643	265	4672
265	429	2005
429	265	2005
266	345	2767
345	266	2768
266	409	4294
409	266	4294
266	315	2701
315	266	2702
267	466	3013
466	267	3014
267	365	3205
365	267	3205
269	361	1194
361	269	1194
269	284	4774
284	269	4775
269	357	4002
357	269	4002
269	310	567
310	269	568
270	685	3157
685	270	3157
270	473	2465
473	270	2466
270	427	4589
427	270	4589
270	293	782
293	270	782
270	623	3902
623	270	3902
272	287	4209
287	272	4209
272	374	2844
374	272	2844
272	574	1987
574	272	1987
272	500	3807
500	272	3807
272	424	1459
424	272	1459
272	356	2241
356	272	2242
273	307	4065
307	273	4065
273	299	2737
299	273	2737
273	329	2766
329	273	2767
273	382	1096
382	273	1097
273	338	4825
338	273	4826
275	419	977
419	275	978
275	530	4303
530	275	4303
275	492	4060
492	275	4060
275	368	4232
368	275	4232
275	276	4169
276	275	4170
276	283	3866
283	276	3867
276	392	4463
392	276	4463
277	707	3759
707	277	3759
277	408	1628
408	277	1629
278	490	404
490	278	404
278	315	4279
315	278	4280
278	298	4590
298	278	4590
278	317	2861
317	278	2861
279	393	2720
393	279	2720
279	308	2179
308	279	2179
279	293	1537
293	279	1537
279	360	3843
360	279	3843
280	320	1468
320	280	1468
280	375	4077
375	280	4078
280	803	3486
803	280	3487
280	396	2563
396	280	2564
281	308	4030
308	281	4030
281	327	1067
327	281	1067
281	773	4613
773	281	4614
281	455	2831
455	281	2832
281	407	3741
407	281	3742
281	426	3971
426	281	3972
281	432	3588
432	281	3589
281	545	1981
545	281	1981
281	537	3261
537	281	3262
282	794	511
794	282	512
282	432	3086
432	282	3087
282	455	4059
455	282	4060
283	385	1532
385	283	1532
283	552	4411
552	283	4412
283	320	438
320	283	439
284	450	2040
450	284	2040
284	295	4662
295	284	4663
284	701	3745
701	284	3746
284	418	4800
418	284	4800
285	541	4945
541	285	4945
285	321	4848
321	285	4848
285	318	2554
318	285	2555
285	767	4922
767	285	4922
285	415	4685
415	285	4686
285	334	1788
334	285	1789
285	421	4801
421	285	4802
285	381	3488
381	285	3489
287	424	496
424	287	497
287	341	4260
341	287	4261
287	449	4177
449	287	4178
287	380	4949
380	287	4949
287	595	4295
595	287	4295
287	370	4860
370	287	4861
288	434	4439
434	288	4439
288	429	1740
429	288	1741
288	708	3803
708	288	3803
288	388	4166
388	288	4166
289	317	3236
317	289	3236
289	313	2721
313	289	2722
289	357	4043
357	289	4043
289	435	3485
435	289	3485
289	772	486
772	289	487
289	316	4157
316	289	4158
289	396	4692
396	289	4693
290	559	3839
559	290	3840
290	421	4017
421	290	4017
290	537	1036
537	290	1037
290	310	2575
310	290	2575
291	445	2026
445	291	2027
291	382	2197
382	291	2197
291	313	2942
313	291	2943
292	381	4265
381	292	4265
292	500	3277
500	292	3278
292	322	2181
322	292	2182
292	677	1784
677	292	1785
293	667	1022
667	293	1023
293	391	3021
391	293	3021
293	399	4089
399	293	4090
293	419	4473
419	293	4474
293	312	4897
312	293	4897
293	836	4757
836	293	4757
294	360	4156
360	294	4157
294	296	728
296	294	729
295	677	1803
677	295	1804
295	351	3857
351	295	3858
297	432	400
432	297	400
298	762	1200
762	298	1201
298	338	3083
338	298	3084
298	351	4246
351	298	4246
298	419	4834
419	298	4834
298	532	4509
532	298	4510
298	398	4089
398	298	4090
299	434	2576
434	299	2577
299	417	4478
417	299	4479
299	374	4640
374	299	4641
299	419	4953
419	299	4954
299	405	4554
405	299	4555
299	436	1810
436	299	1810
299	643	3998
643	299	3998
299	385	4178
385	299	4178
300	523	2509
523	300	2509
300	436	4489
436	300	4489
300	416	3768
416	300	3769
300	377	4957
377	300	4957
300	314	4387
314	300	4388
300	358	1028
358	300	1028
300	333	4885
333	300	4886
301	380	3768
380	301	3769
301	363	3567
363	301	3568
302	377	2712
377	302	2712
302	441	3226
441	302	3226
302	324	3851
324	302	3851
302	311	1549
311	302	1549
303	313	930
313	303	931
303	434	4920
434	303	4920
303	419	3022
419	303	3023
303	349	4325
349	303	4325
303	350	458
350	303	458
305	543	4940
543	305	4940
305	381	1444
381	305	1444
305	339	4454
339	305	4454
305	473	3777
473	305	3777
305	422	1430
422	305	1431
305	318	4161
318	305	4161
305	315	3704
315	305	3705
305	578	3937
578	305	3938
306	525	3915
525	306	3916
306	440	1221
440	306	1222
309	433	4645
433	309	4646
309	345	448
345	309	449
310	397	694
397	310	694
312	403	1693
403	312	1694
312	427	2337
427	312	2337
312	405	3994
405	312	3994
312	505	2958
505	312	2959
312	338	1825
338	312	1826
312	359	2320
359	312	2321
313	393	902
393	313	902
313	445	956
445	313	957
313	448	2736
448	313	2737
313	610	4420
610	313	4420
313	667	1036
667	313	1037
314	387	966
387	314	967
314	362	2662
362	314	2663
314	342	3859
342	314	3859
314	332	4583
332	314	4583
316	417	3304
417	316	3305
316	341	3256
341	316	3257
317	403	3273
403	317	3274
318	717	2901
717	318	2902
318	569	4593
569	318	4594
318	515	3690
515	318	3690
318	566	132
566	318	132
318	342	1333
342	318	1334
321	361	1474
361	321	1474
321	559	3180
559	321	3181
321	326	4820
326	321	4820
321	340	1332
340	321	1333
321	440	4353
440	321	4353
322	423	4870
423	322	4871
322	605	2887
605	322	2888
323	772	4379
772	323	4379
323	354	3793
354	323	3793
323	407	2279
407	323	2279
323	349	3546
349	323	3547
324	395	2275
395	324	2275
324	426	2766
426	324	2767
324	356	3581
356	324	3581
324	714	1607
714	324	1607
324	428	1775
428	324	1775
324	412	4087
412	324	4088
324	423	2542
423	324	2543
325	394	2358
394	325	2359
325	370	4996
370	325	4997
325	412	2278
412	325	2279
325	569	4855
569	325	4855
326	431	888
431	326	888
326	397	2091
397	326	2092
327	329	3208
329	327	3209
327	346	1542
346	327	1542
329	392	1976
392	329	1977
329	389	4438
389	329	4438
329	431	2529
431	329	2529
329	537	911
537	329	912
331	409	4287
409	331	4287
331	432	4139
432	331	4140
331	429	4309
429	331	4309
331	380	4726
380	331	4727
331	338	3643
338	331	3643
331	420	4579
420	331	4580
333	719	4452
719	333	4452
333	363	4397
363	333	4397
333	358	1837
358	333	1838
333	434	3790
434	333	3791
333	449	4702
449	333	4703
334	354	3842
354	334	3843
334	578	1698
578	334	1699
334	734	3341
734	334	3342
334	432	3225
432	334	3226
334	462	3267
462	334	3268
334	566	4203
566	334	4203
334	445	4091
445	334	4091
334	447	3204
447	334	3204
336	371	1962
371	336	1962
336	480	3007
480	336	3008
337	358	4063
358	337	4064
337	371	3954
371	337	3955
337	442	2187
442	337	2187
337	379	3235
379	337	3235
337	420	1239
420	337	1239
337	449	1531
449	337	1532
337	809	578
809	337	578
337	444	2344
444	337	2345
339	657	4172
657	339	4172
339	371	4018
371	339	4019
339	372	4883
372	339	4884
339	370	3715
370	339	3715
340	372	2198
372	340	2199
341	403	4061
403	341	4061
341	361	3963
361	341	3964
341	380	393
380	341	393
342	362	2658
362	342	2659
342	423	4951
423	342	4951
342	385	2481
385	342	2482
345	445	3501
445	345	3502
345	405	1603
405	345	1604
346	442	4808
442	346	4809
346	477	1110
477	346	1111
346	560	4452
560	346	4453
346	397	2798
397	346	2799
346	403	2491
403	346	2491
346	379	990
379	346	991
346	381	2974
381	346	2975
346	803	165
803	346	165
346	375	1354
375	346	1355
349	402	1213
402	349	1214
349	421	2803
421	349	2803
349	356	802
356	349	803
349	436	55
436	349	56
349	437	4247
437	349	4248
349	443	3605
443	349	3605
349	422	2020
422	349	2021
350	437	4771
437	350	4771
350	413	4797
413	350	4797
350	423	4282
423	350	4283
350	391	712
391	350	712
351	447	4713
447	351	4713
351	357	1745
357	351	1746
351	367	4250
367	351	4250
351	428	4394
428	351	4394
351	391	1420
391	351	1421
353	379	4490
379	353	4491
356	420	4475
420	356	4476
356	408	3595
408	356	3596
357	432	3579
432	357	3579
357	554	3621
554	357	3621
357	362	1884
362	357	1885
358	448	2136
448	358	2137
358	379	3740
379	358	3740
359	408	637
408	359	638
359	433	621
433	359	622
359	381	3866
381	359	3867
359	365	2807
365	359	2807
359	442	4558
442	359	4558
360	384	4521
384	360	4521
360	409	2726
409	360	2726
360	363	3798
363	360	3798
360	371	4310
371	360	4311
361	377	811
377	361	811
361	450	3797
450	361	3798
362	377	4028
377	362	4029
362	437	3903
437	362	3903
362	416	3987
416	362	3987
362	420	4340
420	362	4340
363	673	3214
673	363	3214
363	417	447
417	363	447
364	448	4064
448	364	4065
364	407	3565
407	364	3566
364	367	4340
367	364	4341
364	734	4823
734	364	4824
364	392	334
392	364	335
364	437	3786
437	364	3786
365	412	4440
412	365	4441
365	440	3757
440	365	3758
367	424	4040
424	367	4041
367	809	2594
809	367	2595
370	440	562
440	370	562
370	657	1684
657	370	1685
370	407	4045
407	370	4046
371	788	304
788	371	305
371	437	153
437	371	153
372	421	4874
421	372	4875
372	396	2727
396	372	2728
377	427	1263
427	377	1263
377	443	3632
443	377	3633
378	424	590
424	378	591
378	416	1024
416	378	1025
378	394	3861
394	378	3861
378	441	4600
441	378	4601
378	423	2503
423	378	2503
383	407	3915
407	383	3916
383	448	4635
448	383	4635
383	469	4871
469	383	4872
383	384	4649
384	383	4650
384	443	4627
443	384	4627
384	387	4897
387	384	4897
387	417	4735
417	387	4736
387	437	2798
437	387	2798
387	435	4110
435	387	4110
389	441	4059
441	389	4060
389	486	4183
486	389	4183
389	490	2469
490	389	2470
389	395	4266
395	389	4266
389	554	3534
554	389	3534
389	408	1302
408	389	1303
390	450	1968
450	390	1968
390	673	2140
673	390	2141
390	412	2935
412	390	2935
390	643	4099
643	390	4100
390	430	1901
430	390	1901
390	422	1186
422	390	1186
392	396	779
396	392	780
392	429	2189
429	392	2190
392	442	4011
442	392	4011
392	437	3940
437	392	3940
394	417	1497
417	394	1498
395	422	3355
422	395	3355
395	430	3965
430	395	3966
395	719	883
719	395	883
395	396	4597
396	395	4597
397	637	4576
637	397	4577
397	412	2005
412	397	2005
397	448	388
448	397	388
397	416	2413
416	397	2414
400	429	1845
429	400	1846
400	450	4926
450	400	4926
400	719	3062
719	400	3063
400	435	4097
435	400	4098
400	436	4014
436	400	4014
400	469	2379
469	400	2380
400	408	2978
408	400	2978
402	598	4103
598	402	4103
402	431	3164
431	402	3164
402	408	4498
408	402	4499
402	427	3792
427	402	3792
402	441	3412
441	402	3412
403	637	4912
637	403	4912
403	442	4219
442	403	4220
413	673	4325
673	413	4325
413	415	1544
415	413	1544
413	598	1405
598	413	1405
413	450	4897
450	413	4898
415	416	1957
416	415	1957
415	422	4627
422	415	4628
415	430	907
430	415	907
417	445	4563
445	417	4563
417	427	1225
427	417	1226
417	441	1990
441	417	1991
427	431	3879
431	427	3880
427	441	1734
441	427	1735
427	436	4934
436	427	4935
427	800	3083
800	427	3083
430	445	2611
445	430	2611
436	440	4858
440	436	4858
