300	4194
1	1
1	1
3	3
2	2
2	2
1	1
1	1
3	3
3	3
3	3
2	2
2	2
3	3
1	1
1	1
2	2
3	3
1	1
2	2
1	1
2	2
3	3
2	2
3	3
3	3
2	2
1	1
2	2
2	2
3	3
3	3
3	3
1	1
1	1
3	3
1	1
2	2
3	3
3	3
2	2
1	1
3	3
3	3
3	3
2	2
1	1
2	2
3	3
1	1
2	2
3	3
2	2
1	1
1	1
2	2
1	1
2	2
3	3
3	3
1	1
3	3
2	2
2	2
1	1
3	3
2	2
1	1
1	1
3	3
1	1
2	2
2	2
1	1
3	3
2	2
2	2
3	3
1	1
3	3
3	3
3	3
1	1
1	1
3	3
3	3
2	2
3	3
3	3
3	3
3	3
1	1
1	1
2	2
2	2
2	2
3	3
2	2
3	3
1	1
2	2
2	2
2	2
1	1
1	1
1	1
2	2
3	3
1	1
2	2
2	2
3	3
3	3
2	2
3	3
2	2
3	3
1	1
1	1
3	3
1	1
1	1
1	1
1	1
2	2
1	1
3	3
3	3
1	1
1	1
1	1
3	3
2	2
1	1
3	3
2	2
2	2
2	2
1	1
2	2
3	3
2	2
3	3
2	2
1	1
3	3
2	2
1	1
2	2
1	1
2	2
2	2
3	3
1	1
1	1
1	1
2	2
1	1
2	2
2	2
3	3
1	1
2	2
2	2
1	1
1	1
3	3
2	2
1	1
3	3
2	2
1	1
3	3
1	1
1	1
1	1
2	2
1	1
1	1
3	3
2	2
2	2
2	2
3	3
3	3
2	2
1	1
3	3
3	3
1	1
3	3
2	2
2	2
2	2
3	3
3	3
2	2
3	3
2	2
2	2
3	3
3	3
3	3
3	3
3	3
3	3
1	1
2	2
2	2
1	1
2	2
2	2
3	3
2	2
3	3
3	3
3	3
3	3
3	3
3	3
1	1
3	3
2	2
2	2
1	1
3	3
2	2
3	3
3	3
1	1
3	3
3	3
3	3
2	2
1	1
2	2
3	3
1	1
2	2
1	1
2	2
3	3
2	2
2	2
3	3
2	2
1	1
3	3
1	1
2	2
2	2
1	1
1	1
3	3
3	3
1	1
2	2
3	3
3	3
1	1
3	3
3	3
3	3
1	1
1	1
3	3
2	2
1	1
1	1
1	1
2	2
3	3
3	3
2	2
1	1
3	3
1	1
3	3
3	3
2	2
1	1
1	1
1	1
1	1
3	3
1	1
3	3
1	1
2	2
2	2
1	1
3	3
1	1
3	3
1	1
1	1
1	1
1	1
2	2
3	3
3	3
1	86	3093
86	1	3094
1	62	2709
62	1	2710
1	296	4078
296	1	4078
1	221	796
221	1	797
1	95	3956
95	1	3956
1	15	4006
15	1	4007
1	35	4289
35	1	4289
1	266	2878
266	1	2878
1	166	4739
166	1	4740
1	247	1070
247	1	1071
1	132	1368
132	1	1369
1	277	3681
277	1	3681
1	129	4563
129	1	4563
1	81	2169
81	1	2169
1	284	2323
284	1	2324
1	72	276
72	1	277
1	295	1797
295	1	1797
1	195	3240
195	1	3241
1	82	4401
82	1	4402
1	64	4353
64	1	4354
2	142	1554
142	2	1554
2	9	3215
9	2	3216
2	263	4913
263	2	4914
2	265	2734
265	2	2734
2	140	2987
140	2	2987
2	246	814
246	2	814
2	92	3758
92	2	3759
2	235	2529
235	2	2529
2	200	4805
200	2	4805
2	177	2490
177	2	2490
2	149	4224
149	2	4225
2	194	4507
194	2	4507
2	157	4105
157	2	4105
2	238	1440
238	2	1441
2	237	3225
237	2	3226
2	244	3920
244	2	3920
2	255	4709
255	2	4710
2	81	1350
81	2	1351
2	63	4843
63	2	4843
2	72	4007
72	2	4008
3	163	4304
163	3	4304
3	210	3521
210	3	3522
3	105	3597
105	3	3598
3	272	2077
272	3	2078
3	176	2161
176	3	2162
3	282	3002
282	3	3003
3	117	3954
117	3	3954
3	266	4096
266	3	4096
3	153	2543
153	3	2543
3	192	3694
192	3	3695
3	26	1801
26	3	1802
3	112	1743
112	3	1744
3	156	1439
156	3	1439
3	299	1649
299	3	1649
3	79	4026
79	3	4027
3	281	4096
281	3	4097
3	45	2005
45	3	2006
3	24	2545
24	3	2545
3	35	1253
35	3	1254
3	258	4742
258	3	4742
4	204	4166
204	4	4166
4	270	4922
270	4	4922
4	53	4541
53	4	4541
4	201	4088
201	4	4089
4	195	483
195	4	483
4	248	4776
248	4	4776
4	212	3941
212	4	3941
4	69	3864
69	4	3865
4	92	2660
92	4	2660
4	219	2297
219	4	2298
4	178	4826
178	4	4826
4	13	4353
13	4	4354
4	154	3934
154	4	3935
4	226	2635
226	4	2636
4	271	3750
271	4	3750
4	250	3795
250	4	3796
4	93	4253
93	4	4254
4	59	2260
59	4	2260
4	18	4386
18	4	4387
4	252	3299
252	4	3299
5	87	1424
87	5	1424
5	224	3353
224	5	3354
5	222	2818
222	5	2819
5	247	2649
247	5	2649
5	9	4119
9	5	4119
5	103	3953
103	5	3953
5	55	3840
55	5	3840
5	64	4771
64	5	4772
5	274	4460
274	5	4460
5	123	1505
123	5	1505
5	84	4191
84	5	4192
5	63	2995
63	5	2995
5	80	245
80	5	246
5	292	2228
292	5	2229
5	152	2686
152	5	2687
5	279	4533
279	5	4533
5	290	436
290	5	436
5	160	139
160	5	140
5	296	2336
296	5	2337
5	300	4680
300	5	4681
6	127	4989
127	6	4990
6	216	377
216	6	378
6	210	3354
210	6	3355
6	222	4012
222	6	4012
6	294	677
294	6	678
6	7	3847
7	6	3847
6	145	2662
145	6	2662
6	76	1306
76	6	1307
6	14	4974
14	6	4975
6	147	3446
147	6	3447
6	187	162
187	6	163
6	234	3927
234	6	3928
6	20	4355
20	6	4356
6	122	3796
122	6	3797
6	258	4325
258	6	4326
6	85	4527
85	6	4528
6	72	2778
72	6	2779
6	236	3861
236	6	3862
6	39	2017
39	6	2018
6	273	4630
273	6	4631
7	179	4560
179	7	4561
7	10	2205
10	7	2206
7	255	2174
255	7	2175
7	289	4492
289	7	4492
7	222	3779
222	7	3780
7	273	2991
273	7	2991
7	94	1933
94	7	1934
7	199	4601
199	7	4602
7	8	968
8	7	968
7	17	2082
17	7	2083
7	155	813
155	7	813
7	272	3538
272	7	3539
7	258	203
258	7	204
7	236	4487
236	7	4487
7	218	3840
218	7	3841
7	33	3085
33	7	3085
7	9	3824
9	7	3825
7	62	1101
62	7	1102
7	118	593
118	7	594
8	88	3411
88	8	3412
8	73	722
73	8	722
8	158	4809
158	8	4809
8	110	1158
110	8	1159
8	190	3832
190	8	3832
8	39	1026
39	8	1027
8	294	3713
294	8	3714
8	84	4169
84	8	4169
8	9	1585
9	8	1585
8	77	4146
77	8	4146
8	34	381
34	8	382
8	78	3198
78	8	3198
8	182	4505
182	8	4505
8	264	4961
264	8	4962
8	162	4062
162	8	4063
8	198	4882
198	8	4882
8	128	4230
128	8	4231
8	217	4141
217	8	4142
8	141	4361
141	8	4362
9	45	3322
45	9	3323
9	48	4144
48	9	4144
9	248	2177
248	9	2178
9	57	4462
57	9	4462
9	206	1185
206	9	1185
9	223	3683
223	9	3683
9	138	1943
138	9	1943
9	23	4617
23	9	4618
9	259	4242
259	9	4243
9	95	4859
95	9	4860
9	170	4543
170	9	4544
9	229	2540
229	9	2540
9	78	131
78	9	131
9	88	4464
88	9	4464
9	193	4571
193	9	4571
9	195	1399
195	9	1399
10	259	2101
259	10	2101
10	252	3898
252	10	3898
10	200	1982
200	10	1982
10	138	1036
138	10	1037
10	198	2274
198	10	2274
10	82	3596
82	10	3596
10	265	4769
265	10	4770
10	271	2075
271	10	2075
10	127	4131
127	10	4131
10	163	1476
163	10	1477
10	91	1390
91	10	1390
10	43	1995
43	10	1996
10	276	4808
276	10	4808
10	219	4918
219	10	4918
10	45	2340
45	10	2341
10	174	4030
174	10	4030
10	46	2030
46	10	2031
10	29	4947
29	10	4947
10	173	3996
173	10	3997
11	113	1153
113	11	1153
11	281	2894
281	11	2894
11	79	882
79	11	883
11	215	4036
215	11	4037
11	200	4503
200	11	4503
11	240	4315
240	11	4316
11	148	370
148	11	370
11	248	3838
248	11	3839
11	180	961
180	11	961
11	57	4707
57	11	4708
11	60	246
60	11	246
11	100	2379
100	11	2379
11	225	3790
225	11	3790
11	149	1384
149	11	1384
11	217	3157
217	11	3157
11	239	3528
239	11	3528
11	267	3439
267	11	3440
11	29	551
29	11	551
11	131	2383
131	11	2384
11	243	1120
243	11	1120
12	278	3729
278	12	3730
12	216	4270
216	12	4270
12	182	4699
182	12	4700
12	240	3967
240	12	3967
12	125	3824
125	12	3825
12	242	4132
242	12	4133
12	28	2008
28	12	2008
12	227	3962
227	12	3962
12	273	2068
273	12	2069
12	198	3672
198	12	3673
12	51	4596
51	12	4596
12	122	4431
122	12	4431
12	229	2777
229	12	2777
12	123	3988
123	12	3988
12	272	283
272	12	283
12	267	3770
267	12	3771
12	175	4109
175	12	4110
12	226	764
226	12	764
12	221	4990
221	12	4990
12	84	144
84	12	145
13	294	3500
294	13	3501
13	95	3505
95	13	3505
13	111	978
111	13	979
13	162	4087
162	13	4087
13	245	3926
245	13	3927
13	59	2533
59	13	2534
13	53	4438
53	13	4438
13	88	4133
88	13	4134
13	244	2052
244	13	2053
13	128	2295
128	13	2296
13	202	4781
202	13	4782
13	210	4080
210	13	4081
13	286	3250
286	13	3250
13	84	3415
84	13	3416
13	23	1204
23	13	1205
13	17	1217
17	13	1218
13	182	475
182	13	476
13	238	688
238	13	689
13	198	4803
198	13	4804
14	281	3899
281	14	3899
14	41	4428
41	14	4428
14	54	3349
54	14	3349
14	167	3255
167	14	3255
14	232	1985
232	14	1986
14	230	3878
230	14	3878
14	255	4944
255	14	4945
14	67	1748
67	14	1749
14	30	2102
30	14	2102
14	264	4389
264	14	4390
14	129	2692
129	14	2693
14	211	2047
211	14	2048
14	133	3367
133	14	3367
14	55	4498
55	14	4498
14	68	4317
68	14	4317
14	117	3226
117	14	3226
14	128	2279
128	14	2280
14	22	605
22	14	605
14	36	1611
36	14	1611
15	275	3871
275	15	3872
15	112	4578
112	15	4579
15	107	3898
107	15	3899
15	103	3430
103	15	3430
15	226	1588
226	15	1589
15	96	4976
96	15	4976
15	138	815
138	15	815
15	134	3750
134	15	3751
15	141	1274
141	15	1275
15	187	4753
187	15	4753
15	175	4515
175	15	4516
15	257	3292
257	15	3292
15	136	4537
136	15	4537
15	235	3508
235	15	3509
15	73	1986
73	15	1987
15	41	1180
41	15	1181
15	100	1272
100	15	1272
15	37	534
37	15	534
15	118	3019
118	15	3019
16	51	3890
51	16	3891
16	143	4124
143	16	4125
16	235	4545
235	16	4545
16	18	619
18	16	620
16	134	1422
134	16	1423
16	179	2750
179	16	2751
16	98	4946
98	16	4946
16	118	630
118	16	631
16	260	4159
260	16	4160
16	49	3774
49	16	3774
16	274	1407
274	16	1407
16	68	4939
68	16	4939
16	201	4664
201	16	4664
16	27	487
27	16	487
16	32	1838
32	16	1838
16	147	2469
147	16	2470
16	230	4582
230	16	4582
16	298	4668
298	16	4668
16	114	818
114	16	819
16	192	357
192	16	358
17	50	2195
50	17	2195
17	89	4497
89	17	4498
17	25	4368
25	17	4369
17	204	1002
204	17	1002
17	191	4784
191	17	4784
17	26	1059
26	17	1059
17	262	2416
262	17	2416
17	276	4166
276	17	4167
17	64	2172
64	17	2172
17	239	2886
239	17	2887
17	113	561
113	17	561
17	266	4126
266	17	4126
17	168	4454
168	17	4455
17	253	3410
253	17	3411
17	254	1665
254	17	1665
17	220	710
220	17	711
17	151	1987
151	17	1988
17	284	2754
284	17	2754
18	76	392
76	18	392
18	88	4155
88	18	4155
18	138	3607
138	18	3607
18	103	4986
103	18	4986
18	240	2589
240	18	2589
18	279	3558
279	18	3559
18	247	4500
247	18	4501
18	63	4969
63	18	4970
18	64	3813
64	18	3813
18	39	2726
39	18	2727
18	233	1600
233	18	1600
18	105	4157
105	18	4157
18	182	2172
182	18	2172
18	287	3826
287	18	3827
18	246	4723
246	18	4723
18	89	3160
89	18	3160
18	20	1853
20	18	1853
18	259	2330
259	18	2331
19	219	194
219	19	194
19	206	178
206	19	179
19	248	1197
248	19	1198
19	247	1790
247	19	1791
19	140	3377
140	19	3377
19	38	3114
38	19	3115
19	119	1193
119	19	1194
19	171	1676
171	19	1677
19	77	4231
77	19	4232
19	70	2584
70	19	2585
19	55	3003
55	19	3003
19	142	4584
142	19	4584
19	92	4031
92	19	4031
19	212	3370
212	19	3370
19	100	3950
100	19	3950
19	34	4365
34	19	4366
19	68	1342
68	19	1342
19	205	1431
205	19	1431
19	173	2692
173	19	2692
19	72	3467
72	19	3467
20	220	2449
220	20	2449
20	82	2878
82	20	2879
20	200	3752
200	20	3753
20	161	4592
161	20	4592
20	178	1867
178	20	1867
20	41	4829
41	20	4830
20	255	1495
255	20	1496
20	180	1912
180	20	1913
20	160	1282
160	20	1282
20	123	1738
123	20	1739
20	246	3530
246	20	3531
20	252	4263
252	20	4264
20	218	1550
218	20	1550
20	245	4257
245	20	4258
20	100	3146
100	20	3146
20	276	2684
276	20	2685
20	125	2213
125	20	2214
20	172	2245
172	20	2246
21	178	4953
178	21	4953
21	220	4389
220	21	4390
21	192	4777
192	21	4777
21	262	4581
262	21	4582
21	34	2019
34	21	2019
21	203	1594
203	21	1594
21	30	4515
30	21	4515
21	63	4049
63	21	4050
21	186	2113
186	21	2114
21	126	3871
126	21	3872
21	95	4522
95	21	4523
21	133	4018
133	21	4018
21	161	4812
161	21	4812
21	193	4402
193	21	4403
21	102	4827
102	21	4828
21	82	3036
82	21	3037
21	43	3429
43	21	3430
21	247	3770
247	21	3771
21	202	4321
202	21	4322
21	257	2540
257	21	2540
22	285	3693
285	22	3693
22	141	4229
141	22	4229
22	239	1956
239	22	1957
22	110	3522
110	22	3522
22	288	909
288	22	910
22	292	274
292	22	274
22	252	3912
252	22	3913
22	42	3347
42	22	3347
22	133	1987
133	22	1987
22	148	3590
148	22	3590
22	67	3868
67	22	3869
22	223	4034
223	22	4035
22	125	4589
125	22	4589
22	165	4135
165	22	4135
22	97	3047
97	22	3047
22	207	3521
207	22	3521
22	291	1398
291	22	1398
22	34	1597
34	22	1598
22	298	3443
298	22	3444
23	89	58
89	23	58
23	25	4620
25	23	4621
23	30	1844
30	23	1845
23	40	4754
40	23	4755
23	241	4521
241	23	4522
23	271	1237
271	23	1238
23	124	1314
124	23	1314
23	50	2998
50	23	2999
23	108	4360
108	23	4361
23	209	3877
209	23	3878
23	267	1100
267	23	1100
23	150	3798
150	23	3798
23	114	1643
114	23	1644
23	176	2317
176	23	2318
23	187	1503
187	23	1504
23	182	4635
182	23	4635
23	118	2748
118	23	2748
23	110	2344
110	23	2345
24	176	4082
176	24	4083
24	70	3706
70	24	3706
24	270	3043
270	24	3043
24	108	4671
108	24	4671
24	246	1142
246	24	1143
24	103	4923
103	24	4924
24	50	4272
50	24	4273
24	241	4471
241	24	4472
24	71	4320
71	24	4320
24	276	3692
276	24	3692
24	46	3699
46	24	3699
24	289	2299
289	24	2299
24	75	1203
75	24	1204
24	32	2972
32	24	2973
24	144	3565
144	24	3566
24	112	4180
112	24	4181
24	281	3439
281	24	3440
24	62	4388
62	24	4388
24	288	4714
288	24	4715
25	154	740
154	25	741
25	153	3678
153	25	3679
25	176	1008
176	25	1008
25	201	2625
201	25	2625
25	170	1424
170	25	1425
25	123	4068
123	25	4069
25	226	3253
226	25	3253
25	41	331
41	25	332
25	205	3109
205	25	3109
25	224	1356
224	25	1357
25	252	4987
252	25	4988
25	261	4493
261	25	4494
25	241	4970
241	25	4970
25	112	4936
112	25	4936
25	26	671
26	25	671
25	227	2542
227	25	2542
25	267	4504
267	25	4505
25	214	4000
214	25	4001
26	92	4673
92	26	4674
26	139	4580
139	26	4580
26	148	4222
148	26	4223
26	48	4041
48	26	4041
26	200	3173
200	26	3173
26	205	3869
205	26	3869
26	61	1616
61	26	1616
26	163	1670
163	26	1671
26	285	72
285	26	72
26	170	4415
170	26	4416
26	162	3040
162	26	3040
26	90	951
90	26	951
26	65	4584
65	26	4584
26	143	1189
143	26	1190
26	282	4252
282	26	4252
26	142	2412
142	26	2413
26	256	1969
256	26	1970
27	269	2500
269	27	2501
27	205	3856
205	27	3857
27	240	1265
240	27	1266
27	255	1476
255	27	1476
27	43	2205
43	27	2206
27	84	4411
84	27	4411
27	168	1356
168	27	1356
27	32	4119
32	27	4119
27	265	2091
265	27	2092
27	289	1964
289	27	1964
27	253	3980
253	27	3980
27	107	4252
107	27	4253
27	241	4871
241	27	4871
27	207	2083
207	27	2083
27	151	1927
151	27	1927
27	29	3836
29	27	3836
27	262	4120
262	27	4120
27	35	4027
35	27	4027
27	102	4936
102	27	4937
28	282	4686
282	28	4687
28	190	2611
190	28	2612
28	137	3362
137	28	3362
28	224	4061
224	28	4061
28	39	4236
39	28	4237
28	82	4285
82	28	4285
28	161	2157
161	28	2158
28	263	3545
263	28	3545
28	202	3904
202	28	3905
28	288	1087
288	28	1088
28	44	346
44	28	347
28	167	127
167	28	128
28	56	780
56	28	780
28	265	4783
265	28	4783
28	259	3866
259	28	3867
28	157	2974
157	28	2975
28	110	3488
110	28	3488
28	236	4545
236	28	4546
28	118	3873
118	28	3874
29	198	4228
198	29	4228
29	36	4132
36	29	4133
29	91	3510
91	29	3511
29	195	3889
195	29	3890
29	161	4690
161	29	4690
29	151	3161
151	29	3161
29	177	3977
177	29	3978
29	190	527
190	29	528
29	237	4378
237	29	4378
29	158	967
158	29	967
29	48	2601
48	29	2602
29	68	2939
68	29	2940
29	92	1958
92	29	1959
29	55	4708
55	29	4709
29	226	4058
226	29	4059
29	72	1888
72	29	1888
29	40	4292
40	29	4293
30	286	4409
286	30	4409
30	112	1155
112	30	1155
30	86	2772
86	30	2773
30	184	4744
184	30	4745
30	151	4710
151	30	4711
30	232	4675
232	30	4675
30	214	2367
214	30	2368
30	59	2417
59	30	2417
30	165	3869
165	30	3869
30	189	3001
189	30	3001
30	158	4497
158	30	4498
30	127	4356
127	30	4356
30	229	4133
229	30	4134
30	109	3897
109	30	3898
30	181	515
181	30	515
30	176	3858
176	30	3859
30	197	4289
197	30	4289
31	80	589
80	31	589
31	102	4120
102	31	4121
31	160	174
160	31	175
31	237	4468
237	31	4469
31	212	3577
212	31	3577
31	293	1501
293	31	1502
31	257	2105
257	31	2106
31	270	4287
270	31	4288
31	263	3046
263	31	3046
31	54	3492
54	31	3492
31	48	3511
48	31	3512
31	94	2701
94	31	2702
31	277	3700
277	31	3700
31	136	3996
136	31	3996
31	264	4939
264	31	4939
31	221	4737
221	31	4737
32	163	967
163	32	967
32	69	1642
69	32	1642
32	68	1516
68	32	1517
32	55	4206
55	32	4207
32	109	2423
109	32	2423
32	274	2319
274	32	2319
32	295	4077
295	32	4078
32	297	4861
297	32	4862
32	133	3632
133	32	3633
32	97	3194
97	32	3195
32	245	3711
245	32	3712
32	95	3099
95	32	3100
32	223	2692
223	32	2692
32	37	3208
37	32	3209
32	250	4510
250	32	4511
33	203	4290
203	33	4291
33	76	3980
76	33	3980
33	265	1642
265	33	1643
33	142	3719
142	33	3720
33	72	63
72	33	64
33	170	1244
170	33	1244
33	296	2299
296	33	2300
33	164	4496
164	33	4496
33	115	3360
115	33	3361
33	199	2516
199	33	2516
33	45	4142
45	33	4142
33	171	4997
171	33	4997
33	236	2262
236	33	2262
33	250	1279
250	33	1279
33	122	1522
122	33	1523
34	190	2420
190	34	2421
34	168	522
168	34	523
34	228	3800
228	34	3801
34	260	1469
260	34	1469
34	148	1462
148	34	1462
34	247	3669
247	34	3669
34	133	4042
133	34	4042
34	53	718
53	34	719
34	95	3038
95	34	3039
34	36	1384
36	34	1384
34	73	4746
73	34	4747
34	158	1947
158	34	1947
34	88	3944
88	34	3944
34	75	4345
75	34	4345
34	61	1104
61	34	1105
35	228	1397
228	35	1398
35	96	3466
96	35	3467
35	293	1099
293	35	1099
35	107	348
107	35	348
35	194	1535
194	35	1536
35	112	511
112	35	511
35	76	4717
76	35	4718
35	98	4644
98	35	4645
35	115	3797
115	35	3797
35	129	4402
129	35	4403
35	224	3655
224	35	3656
35	189	1267
189	35	1268
35	206	3777
206	35	3778
35	102	3880
102	35	3880
35	166	2901
166	35	2902
36	120	2659
120	36	2660
36	234	4369
234	36	4370
36	129	75
129	36	76
36	189	3262
189	36	3262
36	78	2148
78	36	2148
36	79	1700
79	36	1700
36	154	1904
154	36	1905
36	257	4363
257	36	4363
36	219	4024
219	36	4024
36	265	3276
265	36	3276
36	70	2247
70	36	2247
36	141	1793
141	36	1793
36	63	2670
63	36	2671
36	42	4451
42	36	4451
36	239	1680
239	36	1681
37	161	4964
161	37	4965
37	124	4068
124	37	4069
37	131	261
131	37	261
37	62	1905
62	37	1906
37	189	176
189	37	177
37	72	3130
72	37	3130
37	127	3968
127	37	3969
37	134	2154
134	37	2154
37	186	1184
186	37	1185
37	270	4965
270	37	4965
37	52	90
52	37	91
37	222	1029
222	37	1030
37	146	3695
146	37	3695
37	288	4514
288	37	4514
37	180	3603
180	37	3603
37	213	3800
213	37	3800
37	40	4231
40	37	4232
38	247	284
247	38	284
38	290	3926
290	38	3927
38	127	4318
127	38	4318
38	150	1722
150	38	1723
38	224	2362
224	38	2362
38	260	2309
260	38	2310
38	180	276
180	38	276
38	254	4081
254	38	4081
38	172	1398
172	38	1398
38	109	2605
109	38	2605
38	68	3613
68	38	3613
38	182	4400
182	38	4401
38	138	1311
138	38	1312
38	134	2163
134	38	2163
38	214	1237
214	38	1238
39	63	4199
63	39	4199
39	141	4024
141	39	4025
39	173	4382
173	39	4382
39	160	4358
160	39	4358
39	80	3251
80	39	3252
39	117	4248
117	39	4249
39	95	1991
95	39	1991
39	40	4525
40	39	4525
39	290	4941
290	39	4941
39	65	4457
65	39	4457
39	191	2239
191	39	2239
39	272	1135
272	39	1135
39	70	2317
70	39	2318
40	189	905
189	40	905
40	197	3518
197	40	3519
40	75	3278
75	40	3279
40	133	4908
133	40	4909
40	236	4849
236	40	4849
40	196	4022
196	40	4023
40	214	3570
214	40	3571
40	256	964
256	40	965
40	44	3965
44	40	3966
40	106	4113
106	40	4114
40	297	1058
297	40	1059
41	245	4691
245	41	4692
41	290	3883
290	41	3884
41	172	477
172	41	477
41	117	3755
117	41	3756
41	108	4793
108	41	4794
41	51	4161
51	41	4161
41	221	1646
221	41	1647
41	152	582
152	41	582
41	179	4974
179	41	4974
41	188	4822
188	41	4823
41	130	1486
130	41	1486
41	244	2112
244	41	2112
41	139	3663
139	41	3663
41	293	1503
293	41	1504
42	58	4006
58	42	4006
42	160	3591
160	42	3591
42	225	649
225	42	650
42	66	2035
66	42	2036
42	53	4090
53	42	4090
42	195	2868
195	42	2869
42	218	1522
218	42	1522
42	148	4405
148	42	4406
42	78	1536
78	42	1537
42	231	318
231	42	319
42	158	2462
158	42	2462
42	119	3423
119	42	3423
42	144	4966
144	42	4966
42	208	1512
208	42	1512
42	87	3728
87	42	3729
42	163	780
163	42	780
42	83	3149
83	42	3149
43	218	2381
218	43	2381
43	154	4017
154	43	4017
43	53	4210
53	43	4211
43	275	3662
275	43	3662
43	248	529
248	43	530
43	146	4025
146	43	4026
43	245	3141
245	43	3142
43	238	3012
238	43	3013
43	66	416
66	43	416
43	61	2975
61	43	2975
43	144	4696
144	43	4696
43	44	1757
44	43	1758
43	159	1345
159	43	1346
43	163	4346
163	43	4346
43	228	722
228	43	723
43	116	3194
116	43	3194
44	126	880
126	44	881
44	198	4514
198	44	4515
44	287	4567
287	44	4568
44	101	4621
101	44	4621
44	92	4191
92	44	4191
44	153	3869
153	44	3870
44	289	2008
289	44	2009
44	113	1816
113	44	1816
44	51	3760
51	44	3761
44	133	4566
133	44	4567
44	165	4796
165	44	4796
44	184	3345
184	44	3345
45	212	2291
212	45	2292
45	238	488
238	45	489
45	200	2642
200	45	2642
45	258	4334
258	45	4335
45	188	4146
188	45	4147
45	195	3151
195	45	3152
45	73	4592
73	45	4593
45	118	3931
118	45	3931
45	145	2889
145	45	2889
45	232	699
232	45	699
45	96	4022
96	45	4022
45	218	1619
218	45	1620
45	247	1951
247	45	1952
45	268	1424
268	45	1424
45	180	4946
180	45	4946
46	177	4102
177	46	4103
46	132	3997
132	46	3998
46	235	2491
235	46	2492
46	241	2145
241	46	2146
46	245	4140
245	46	4140
46	122	4619
122	46	4619
46	77	4741
77	46	4742
46	264	3074
264	46	3074
46	209	4844
209	46	4844
46	47	4074
47	46	4075
46	205	1563
205	46	1563
46	206	4488
206	46	4488
46	183	3616
183	46	3617
47	250	2670
250	47	2670
47	151	4334
151	47	4334
47	200	2416
200	47	2417
47	175	3746
175	47	3746
47	70	3199
70	47	3199
47	295	3072
295	47	3072
47	106	4099
106	47	4099
47	158	4082
158	47	4083
47	103	3436
103	47	3437
47	279	2785
279	47	2785
47	100	3869
100	47	3869
47	191	682
191	47	682
47	263	4238
263	47	4238
47	225	3246
225	47	3246
48	193	3692
193	48	3692
48	250	154
250	48	155
48	200	1087
200	48	1088
48	52	2123
52	48	2124
48	249	3317
249	48	3317
48	112	3242
112	48	3242
48	230	2554
230	48	2555
48	90	2650
90	48	2650
48	211	4583
211	48	4583
48	291	98
291	48	99
48	167	2192
167	48	2192
49	238	4852
238	49	4852
49	63	2879
63	49	2880
49	170	2367
170	49	2368
49	199	1403
199	49	1403
49	78	4635
78	49	4635
49	120	1420
120	49	1420
49	198	4173
198	49	4173
49	211	3040
211	49	3040
49	151	4313
151	49	4314
49	295	2252
295	49	2252
49	239	4068
239	49	4068
49	158	4644
158	49	4644
49	134	3534
134	49	3535
49	58	4006
58	49	4006
49	51	4898
51	49	4899
49	164	3763
164	49	3764
50	129	3652
129	50	3652
50	235	2442
235	50	2442
50	252	4862
252	50	4863
50	288	4172
288	50	4173
50	184	4172
184	50	4173
50	105	623
105	50	624
50	113	3507
113	50	3508
50	70	689
70	50	689
50	189	3311
189	50	3311
50	237	4729
237	50	4730
50	80	2378
80	50	2378
50	144	4483
144	50	4483
50	202	3290
202	50	3290
50	153	3570
153	50	3571
51	170	2541
170	51	2541
51	183	1373
183	51	1373
51	146	2398
146	51	2398
51	91	3446
91	51	3447
51	216	4287
216	51	4288
51	118	4547
118	51	4548
51	277	2431
277	51	2432
51	95	3460
95	51	3461
51	107	4512
107	51	4512
51	62	4868
62	51	4869
51	198	4896
198	51	4897
51	115	3295
115	51	3295
52	129	3904
129	52	3904
52	236	1454
236	52	1454
52	144	633
144	52	633
52	241	2234
241	52	2235
52	280	2636
280	52	2637
52	133	4071
133	52	4072
52	103	3198
103	52	3198
52	65	329
65	52	329
52	95	3507
95	52	3508
52	113	4985
113	52	4985
52	184	1120
184	52	1121
52	57	3663
57	52	3663
52	139	2876
139	52	2876
52	70	4955
70	52	4956
53	256	4429
256	53	4430
53	230	4942
230	53	4943
53	150	4692
150	53	4692
53	67	3525
67	53	3525
53	184	723
184	53	724
53	210	4660
210	53	4661
53	221	4756
221	53	4756
53	207	4898
207	53	4898
53	70	4773
70	53	4774
53	196	1963
196	53	1963
53	241	4949
241	53	4949
53	295	4638
295	53	4638
54	251	2098
251	54	2099
54	168	2480
168	54	2481
54	233	2758
233	54	2759
54	114	3649
114	54	3650
54	141	2907
141	54	2907
54	143	4699
143	54	4700
54	132	4916
132	54	4917
54	225	4922
225	54	4923
54	154	3618
154	54	3618
54	249	1736
249	54	1736
54	164	4348
164	54	4349
54	243	3936
243	54	3936
54	135	4075
135	54	4076
54	228	4409
228	54	4409
54	166	3732
166	54	3732
55	184	4658
184	55	4659
55	155	4645
155	55	4646
55	218	4841
218	55	4842
55	296	3850
296	55	3850
55	181	815
181	55	815
55	237	2961
237	55	2961
55	236	4404
236	55	4404
55	260	4530
260	55	4531
55	107	3064
107	55	3064
55	243	4379
243	55	4379
55	152	2048
152	55	2049
56	158	1039
158	56	1039
56	178	2245
178	56	2246
56	72	3185
72	56	3186
56	208	2046
208	56	2046
56	114	1779
114	56	1779
56	64	2314
64	56	2315
56	213	3676
213	56	3676
56	115	4633
115	56	4634
56	266	1221
266	56	1221
56	75	770
75	56	770
56	104	3961
104	56	3962
56	69	3005
69	56	3005
56	224	4311
224	56	4312
56	166	139
166	56	139
56	207	4379
207	56	4380
56	228	4153
228	56	4154
57	68	3967
68	57	3967
57	94	731
94	57	731
57	122	4849
122	57	4849
57	97	2414
97	57	2414
57	69	4787
69	57	4787
57	93	4010
93	57	4010
57	203	4569
203	57	4570
57	78	3440
78	57	3441
57	71	4344
71	57	4345
57	88	2754
88	57	2755
57	87	607
87	57	608
57	121	2836
121	57	2837
57	148	3842
148	57	3843
57	130	85
130	57	86
58	224	1972
224	58	1973
58	229	2975
229	58	2975
58	83	435
83	58	435
58	284	3674
284	58	3675
58	245	2516
245	58	2516
58	107	956
107	58	956
58	244	4404
244	58	4405
58	102	3537
102	58	3537
58	193	1398
193	58	1399
58	129	1940
129	58	1940
58	271	727
271	58	728
58	116	423
116	58	423
58	156	1795
156	58	1795
58	76	4236
76	58	4236
58	72	4196
72	58	4197
58	103	4374
103	58	4375
58	251	2337
251	58	2337
59	105	493
105	59	493
59	286	3984
286	59	3985
59	110	2002
110	59	2003
59	102	908
102	59	908
59	233	4250
233	59	4251
59	133	1055
133	59	1056
59	67	1351
67	59	1352
59	111	4952
111	59	4952
59	81	2713
81	59	2714
59	62	4780
62	59	4780
59	72	3658
72	59	3658
59	113	628
113	59	628
59	64	4646
64	59	4646
60	288	3580
288	60	3581
60	246	3246
246	60	3246
60	244	678
244	60	679
60	115	4047
115	60	4047
60	287	3743
287	60	3743
60	81	1065
81	60	1065
60	227	3567
227	60	3568
60	195	2783
195	60	2783
60	286	3521
286	60	3521
60	65	3907
65	60	3907
60	147	1141
147	60	1141
60	103	3799
103	60	3800
60	268	3736
268	60	3736
60	157	4444
157	60	4444
60	231	2649
231	60	2649
60	184	4221
184	60	4222
60	262	4491
262	60	4492
61	95	4201
95	61	4202
61	142	1968
142	61	1968
61	69	4148
69	61	4148
61	214	3072
214	61	3073
61	283	4114
283	61	4114
61	235	4199
235	61	4200
61	108	4036
108	61	4037
61	239	3635
239	61	3635
61	133	1881
133	61	1882
61	228	3904
228	61	3905
61	139	3815
139	61	3816
61	191	4827
191	61	4827
61	229	4199
229	61	4199
62	252	932
252	62	932
62	265	4562
265	62	4563
62	268	4148
268	62	4149
62	225	4830
225	62	4830
62	166	2895
166	62	2896
62	147	4233
147	62	4234
62	230	4913
230	62	4913
62	138	2303
138	62	2303
62	244	3950
244	62	3951
62	234	4444
234	62	4444
62	113	4940
113	62	4941
63	74	3806
74	63	3807
63	69	4879
69	63	4880
63	130	4645
130	63	4645
63	106	3755
106	63	3755
63	163	1515
163	63	1516
63	265	3731
265	63	3731
63	162	1989
162	63	1989
63	185	2125
185	63	2125
63	249	2124
249	63	2124
63	92	4763
92	63	4764
64	212	4428
212	64	4428
64	264	230
264	64	230
64	148	4370
148	64	4370
64	179	4531
179	64	4532
64	243	4578
243	64	4579
64	89	1521
89	64	1522
64	74	2165
74	64	2165
64	86	324
86	64	324
64	208	723
208	64	724
64	166	2692
166	64	2693
65	204	2853
204	65	2853
65	73	485
73	65	486
65	218	3577
218	65	3577
65	253	3542
253	65	3543
65	99	3918
99	65	3919
65	235	2485
235	65	2485
65	241	3889
241	65	3889
65	97	2576
97	65	2576
65	274	3926
274	65	3927
65	175	3926
175	65	3926
65	245	2955
245	65	2956
66	191	4419
191	66	4420
66	205	184
205	66	184
66	127	4658
127	66	4659
66	260	1504
260	66	1504
66	268	3811
268	66	3812
66	139	1411
139	66	1411
66	201	4538
201	66	4538
66	104	4986
104	66	4987
66	116	1221
116	66	1221
66	231	2866
231	66	2867
66	128	4660
128	66	4660
66	219	2474
219	66	2475
66	220	2367
220	66	2367
66	176	1713
176	66	1713
67	68	3588
68	67	3588
67	244	4454
244	67	4455
67	131	4413
131	67	4414
67	110	4244
110	67	4244
67	241	3825
241	67	3825
67	242	3193
242	67	3193
67	69	3542
69	67	3543
67	264	4092
264	67	4093
67	124	3736
124	67	3736
67	252	3611
252	67	3612
67	118	4082
118	67	4083
68	279	3684
279	68	3685
68	297	4625
297	68	4626
68	234	4063
234	68	4063
68	266	154
266	68	155
68	173	3853
173	68	3854
68	227	3879
227	68	3879
68	72	4050
72	68	4050
68	161	4070
161	68	4071
68	237	1358
237	68	1359
68	224	3925
224	68	3926
68	287	2588
287	68	2589
69	290	228
290	69	229
69	145	3913
145	69	3914
69	249	440
249	69	441
69	192	3299
192	69	3300
69	193	2804
193	69	2804
69	219	3743
219	69	3743
69	257	3193
257	69	3194
69	118	1710
118	69	1710
69	178	3375
178	69	3375
69	262	1680
262	69	1681
69	255	4973
255	69	4974
69	200	3668
200	69	3668
70	208	630
208	70	630
70	126	2675
126	70	2676
70	96	4317
96	70	4317
70	122	3225
122	70	3226
70	158	4441
158	70	4441
70	92	1192
92	70	1193
70	124	3963
124	70	3963
70	171	4196
171	70	4196
70	194	3785
194	70	3786
70	229	4315
229	70	4316
70	142	2750
142	70	2750
71	297	2226
297	71	2226
71	92	1126
92	71	1127
71	249	4340
249	71	4341
71	84	1153
84	71	1154
71	176	2040
176	71	2041
71	153	3942
153	71	3943
71	110	1957
110	71	1957
71	111	3146
111	71	3147
71	213	2909
213	71	2910
71	137	4133
137	71	4134
71	266	4377
266	71	4377
71	173	878
173	71	878
71	126	3940
126	71	3941
72	101	672
101	72	673
72	150	1301
150	72	1302
72	124	4791
124	72	4791
72	263	1604
263	72	1604
72	163	4385
163	72	4385
72	199	3051
199	72	3051
73	144	1936
144	73	1936
73	152	2018
152	73	2019
73	154	1629
154	73	1629
73	156	3969
156	73	3970
73	200	269
200	73	270
73	128	4709
128	73	4709
73	122	3579
122	73	3579
73	264	4574
264	73	4575
73	257	3817
257	73	3817
73	121	3589
121	73	3589
74	139	4997
139	74	4997
74	110	1387
110	74	1388
74	257	4973
257	74	4974
74	223	4207
223	74	4207
74	282	1503
282	74	1503
74	261	2802
261	74	2803
74	290	3849
290	74	3849
74	93	4725
93	74	4726
74	149	4094
149	74	4094
74	83	1909
83	74	1909
74	187	4494
187	74	4494
74	114	3864
114	74	3865
74	239	50
239	74	51
74	270	4343
270	74	4343
74	262	3643
262	74	3644
74	244	3739
244	74	3739
74	296	2211
296	74	2212
75	123	2632
123	75	2632
75	119	3895
119	75	3896
75	98	4221
98	75	4221
75	118	3862
118	75	3863
75	183	4657
183	75	4657
75	286	4405
286	75	4406
75	206	3619
206	75	3620
75	88	1538
88	75	1538
75	99	1510
99	75	1510
75	165	4937
165	75	4938
75	159	4881
159	75	4882
75	170	1814
170	75	1814
75	231	4143
231	75	4144
75	242	3846
242	75	3847
76	157	3838
157	76	3838
76	135	4703
135	76	4704
76	109	1354
109	76	1355
76	162	4922
162	76	4923
76	249	4015
249	76	4016
76	190	3772
190	76	3772
76	199	85
199	76	86
76	152	3958
152	76	3959
76	243	3857
243	76	3858
76	128	2269
128	76	2270
76	259	262
259	76	262
76	173	2941
173	76	2942
76	219	2592
219	76	2593
76	93	4179
93	76	4180
77	136	1142
136	77	1142
77	110	1570
110	77	1571
77	99	822
99	77	823
77	88	4621
88	77	4621
77	116	78
116	77	79
77	219	3196
219	77	3196
77	256	4059
256	77	4059
77	184	170
184	77	171
77	210	3931
210	77	3931
77	165	1992
165	77	1992
77	169	4012
169	77	4012
77	247	3896
247	77	3896
77	112	2753
112	77	2753
77	156	906
156	77	907
78	133	1892
133	78	1892
78	224	3742
224	78	3743
78	225	776
225	78	777
78	83	4981
83	78	4982
78	262	2676
262	78	2676
78	194	4851
194	78	4852
78	192	1180
192	78	1180
78	118	3773
118	78	3773
78	274	3949
274	78	3950
79	185	4491
185	79	4492
79	121	3633
121	79	3633
79	213	950
213	79	950
79	258	4592
258	79	4593
79	300	3858
300	79	3858
79	196	3539
196	79	3539
79	279	1715
279	79	1716
79	247	2872
247	79	2873
79	234	4203
234	79	4204
79	115	1161
115	79	1162
79	112	1739
112	79	1739
79	222	3749
222	79	3749
79	245	2676
245	79	2676
79	260	333
260	79	334
79	195	4256
195	79	4257
79	143	2235
143	79	2235
80	286	694
286	80	694
80	203	4686
203	80	4686
80	129	3375
129	80	3376
80	121	1271
121	80	1271
80	265	4141
265	80	4142
80	165	4140
165	80	4141
80	206	3376
206	80	3377
80	104	2603
104	80	2604
80	300	1530
300	80	1531
80	85	1725
85	80	1725
80	101	4253
101	80	4253
81	240	1491
240	81	1492
81	264	3936
264	81	3936
81	137	4272
137	81	4272
81	223	2723
223	81	2723
81	180	3337
180	81	3338
81	95	1338
95	81	1339
81	92	4272
92	81	4273
81	133	4150
133	81	4150
81	202	3229
202	81	3229
81	115	4348
115	81	4348
81	128	4531
128	81	4531
81	90	4459
90	81	4460
81	206	1681
206	81	1681
81	111	3363
111	81	3364
82	126	2461
126	82	2462
82	201	1596
201	82	1596
82	161	4850
161	82	4850
82	176	1775
176	82	1775
82	263	4714
263	82	4715
82	146	3599
146	82	3599
82	198	4652
198	82	4653
82	93	2411
93	82	2411
82	127	4960
127	82	4960
82	252	4132
252	82	4133
83	192	1068
192	83	1068
83	102	1481
102	83	1481
83	167	4208
167	83	4208
83	239	398
239	83	398
83	297	494
297	83	494
83	220	4091
220	83	4091
83	211	4162
211	83	4163
83	138	3765
138	83	3765
83	277	2771
277	83	2771
83	206	1691
206	83	1692
83	226	3251
226	83	3252
83	214	1123
214	83	1124
83	185	2573
185	83	2574
83	101	2015
101	83	2016
83	141	496
141	83	497
84	203	4393
203	84	4393
84	166	4782
166	84	4782
84	133	1709
133	84	1709
84	131	4257
131	84	4257
84	140	2790
140	84	2791
84	244	3058
244	84	3059
84	100	4424
100	84	4424
84	217	2117
217	84	2117
84	105	110
105	84	111
84	149	4655
149	84	4656
84	116	62
116	84	63
85	259	4427
259	85	4428
85	224	4657
224	85	4658
85	158	1695
158	85	1695
85	100	2356
100	85	2357
85	143	2427
143	85	2428
85	231	2090
231	85	2091
85	159	3276
159	85	3276
85	137	4506
137	85	4507
85	194	1147
194	85	1148
85	211	1258
211	85	1258
85	242	1046
242	85	1046
85	221	4633
221	85	4633
85	146	3848
146	85	3848
85	92	1640
92	85	1641
85	187	3505
187	85	3506
85	161	4778
161	85	4779
85	102	3807
102	85	3808
86	225	3053
225	86	3053
86	201	1604
201	86	1604
86	161	2096
161	86	2097
86	102	3982
102	86	3982
86	255	1489
255	86	1490
86	117	1999
117	86	1999
86	194	4942
194	86	4943
86	223	3551
223	86	3551
86	237	4555
237	86	4555
86	88	1313
88	86	1314
86	160	4715
160	86	4715
86	157	3621
157	86	3622
86	176	2575
176	86	2575
87	91	3961
91	87	3961
87	109	95
109	87	95
87	115	2281
115	87	2282
87	261	4488
261	87	4488
87	111	4525
111	87	4526
87	231	1802
231	87	1802
87	297	2832
297	87	2832
87	239	681
239	87	681
87	266	3537
266	87	3538
87	103	2335
103	87	2335
87	222	2107
222	87	2108
87	180	262
180	87	263
87	159	3549
159	87	3549
87	209	4784
209	87	4784
87	113	3528
113	87	3529
88	234	1165
234	88	1165
88	175	4326
175	88	4326
88	112	1214
112	88	1215
88	103	4147
103	88	4148
88	235	4148
235	88	4149
88	269	3429
269	88	3429
88	168	185
168	88	185
88	247	4384
247	88	4385
89	215	1979
215	89	1980
89	248	4669
248	89	4669
89	147	4806
147	89	4806
89	285	1492
285	89	1492
89	145	3565
145	89	3566
89	260	3598
260	89	3599
89	97	3789
97	89	3790
89	212	1633
212	89	1633
89	103	3529
103	89	3529
89	104	4946
104	89	4946
89	102	4472
102	89	4472
89	164	3893
164	89	3894
89	143	4159
143	89	4160
90	276	4587
276	90	4587
90	224	4540
224	90	4540
90	196	4217
196	90	4218
90	170	3265
170	90	3265
90	149	92
149	90	92
90	221	1193
221	90	1193
90	265	3219
265	90	3219
90	262	2653
262	90	2653
90	174	364
174	90	364
90	166	2981
166	90	2982
90	270	652
270	90	653
90	261	3646
261	90	3646
90	172	4005
172	90	4006
91	130	3227
130	91	3228
91	118	4232
118	91	4233
91	101	219
101	91	220
91	248	4076
248	91	4076
91	239	2840
239	91	2840
91	197	1398
197	91	1399
91	180	2709
180	91	2709
91	234	4079
234	91	4080
91	225	4780
225	91	4780
91	168	2071
168	91	2071
91	158	3160
158	91	3161
92	221	1825
221	92	1825
92	214	4663
214	92	4664
92	296	2043
296	92	2043
92	229	2882
229	92	2882
92	104	4087
104	92	4088
92	210	1190
210	92	1190
92	159	3753
159	92	3753
92	192	1140
192	92	1140
93	175	2107
175	93	2107
93	121	3970
121	93	3970
93	133	4577
133	93	4578
93	227	3488
227	93	3488
93	138	733
138	93	733
93	122	3785
122	93	3786
93	134	3643
134	93	3643
93	207	3311
207	93	3312
93	239	3259
239	93	3260
93	259	3428
259	93	3429
93	182	947
182	93	947
93	205	4259
205	93	4259
94	185	3542
185	94	3543
94	108	4350
108	94	4350
94	214	1842
214	94	1843
94	180	4986
180	94	4986
94	261	2096
261	94	2097
94	162	4277
162	94	4278
94	197	393
197	94	393
94	118	4555
118	94	4555
94	220	1301
220	94	1302
94	237	4871
237	94	4872
94	213	644
213	94	644
94	151	2885
151	94	2886
94	257	4212
257	94	4212
94	183	3971
183	94	3972
94	229	3093
229	94	3093
95	235	751
235	95	752
95	135	3826
135	95	3826
95	187	2721
187	95	2722
95	300	1506
300	95	1507
95	253	4827
253	95	4828
96	207	3644
207	96	3645
96	284	3799
284	96	3799
96	138	1901
138	96	1901
96	107	4339
107	96	4339
96	120	3401
120	96	3401
96	277	4594
277	96	4594
96	237	1164
237	96	1165
96	236	4499
236	96	4499
96	235	4798
235	96	4799
96	222	2900
222	96	2901
96	108	2941
108	96	2942
96	151	226
151	96	227
96	217	2976
217	96	2976
96	205	4897
205	96	4897
96	212	3950
212	96	3951
97	121	2154
121	97	2154
97	159	2464
159	97	2465
97	118	456
118	97	456
97	105	4322
105	97	4323
97	134	3768
134	97	3769
97	177	3361
177	97	3361
97	125	3390
125	97	3390
97	229	581
229	97	581
97	206	4682
206	97	4682
97	117	2777
117	97	2777
97	196	4987
196	97	4988
97	268	4045
268	97	4045
97	101	4629
101	97	4629
98	107	3449
107	98	3449
98	157	2662
157	98	2662
98	221	3902
221	98	3903
98	135	1577
135	98	1578
98	152	4522
152	98	4522
98	197	3690
197	98	3690
98	211	3098
211	98	3098
98	208	2503
208	98	2503
98	255	1610
255	98	1610
98	190	2528
190	98	2529
98	148	4909
148	98	4909
98	237	4693
237	98	4693
98	111	4510
111	98	4511
99	243	2871
243	99	2871
99	122	1038
122	99	1039
99	135	3877
135	99	3878
99	127	1940
127	99	1940
99	138	4091
138	99	4091
99	255	3855
255	99	3855
99	165	3873
165	99	3874
99	103	4767
103	99	4767
99	144	2990
144	99	2990
99	106	2290
106	99	2291
99	164	4891
164	99	4891
99	168	3548
168	99	3549
99	236	4046
236	99	4047
99	112	4902
112	99	4903
100	203	4731
203	100	4731
100	179	3226
179	100	3227
100	229	4479
229	100	4480
100	258	1406
258	100	1406
100	126	1081
126	100	1081
100	196	2707
196	100	2707
100	193	4807
193	100	4808
100	167	4952
167	100	4953
100	109	4726
109	100	4726
100	223	3330
223	100	3330
100	211	1662
211	100	1663
101	221	2223
221	101	2224
101	127	4383
127	101	4384
101	253	3495
253	101	3495
101	184	1177
184	101	1178
101	171	4996
171	101	4996
101	297	2523
297	101	2524
101	196	2863
196	101	2864
101	238	3852
238	101	3852
101	165	446
165	101	446
101	126	1003
126	101	1003
101	282	1598
282	101	1598
102	209	4098
209	102	4099
102	244	2162
244	102	2162
102	126	4194
126	102	4194
102	195	3241
195	102	3242
102	258	2810
258	102	2811
102	191	4313
191	102	4314
103	142	4195
142	103	4195
103	282	4095
282	103	4096
103	151	3669
151	103	3670
103	242	4681
242	103	4682
103	153	4980
153	103	4980
103	206	2364
206	103	2365
103	194	3156
194	103	3156
104	300	2828
300	104	2828
104	258	1404
258	104	1405
104	144	2282
144	104	2283
104	107	4240
107	104	4240
104	260	3773
260	104	3774
104	174	4305
174	104	4305
104	141	2544
141	104	2545
104	237	4149
237	104	4150
104	252	4331
252	104	4331
104	206	1102
206	104	1102
105	260	2896
260	105	2896
105	136	2697
136	105	2698
105	174	4693
174	105	4693
105	162	4071
162	105	4072
105	123	3681
123	105	3682
105	219	4848
219	105	4849
105	154	3527
154	105	3527
105	132	3648
132	105	3649
105	220	3070
220	105	3070
105	268	3567
268	105	3568
105	152	3911
152	105	3911
105	270	4875
270	105	4876
106	159	3610
159	106	3611
106	276	4332
276	106	4333
106	236	1550
236	106	1551
106	225	4036
225	106	4037
106	252	3112
252	106	3112
106	125	706
125	106	706
106	204	3559
204	106	3559
106	261	2024
261	106	2024
106	183	1518
183	106	1518
106	109	4499
109	106	4500
106	198	4562
198	106	4563
107	111	3481
111	107	3481
107	177	3711
177	107	3712
107	201	1737
201	107	1737
107	215	4935
215	107	4936
107	218	2904
218	107	2905
107	151	4934
151	107	4935
107	208	4881
208	107	4881
107	127	3264
127	107	3265
107	144	3936
144	107	3937
108	182	4000
182	108	4000
108	188	4985
188	108	4986
108	111	2680
111	108	2681
108	137	2831
137	108	2832
108	283	3767
283	108	3768
108	266	4863
266	108	4863
108	132	3548
132	108	3548
108	136	3737
136	108	3737
108	174	2743
174	108	2744
108	187	4821
187	108	4822
108	269	4316
269	108	4317
108	131	1892
131	108	1893
108	252	4260
252	108	4260
109	264	1456
264	109	1456
109	207	3865
207	109	3865
109	117	3785
117	109	3786
109	233	3446
233	109	3446
109	195	2270
195	109	2271
109	165	3947
165	109	3947
109	178	3844
178	109	3845
109	126	839
126	109	840
109	267	1752
267	109	1753
109	187	2854
187	109	2855
110	262	2885
262	110	2886
110	239	363
239	110	364
110	260	4848
260	110	4848
110	116	4362
116	110	4362
110	258	1694
258	110	1694
110	172	2341
172	110	2341
110	220	4194
220	110	4195
110	138	3467
138	110	3467
110	277	2117
277	110	2117
110	117	3610
117	110	3610
111	269	3974
269	111	3974
111	255	4278
255	111	4278
111	188	4840
188	111	4841
111	245	3592
245	111	3592
111	268	2045
268	111	2045
111	152	4313
152	111	4314
111	191	2505
191	111	2506
112	199	214
199	112	215
112	207	4568
207	112	4569
112	175	3095
175	112	3096
112	206	1545
206	112	1546
113	150	3804
150	113	3804
113	268	4762
268	113	4763
113	125	2742
125	113	2742
113	263	4127
263	113	4127
113	139	2581
139	113	2581
113	240	3377
240	113	3377
113	180	3903
180	113	3904
114	162	3025
162	114	3025
114	290	3186
290	114	3186
114	175	4782
175	114	4782
114	150	3961
150	114	3961
114	296	1271
296	114	1271
114	254	4590
254	114	4590
114	205	1525
205	114	1526
114	157	2437
157	114	2437
114	224	638
224	114	638
114	242	52
242	114	52
114	226	4370
226	114	4371
114	262	998
262	114	998
114	274	1372
274	114	1373
115	151	2240
151	115	2241
115	138	4036
138	115	4037
115	126	4851
126	115	4852
115	284	4463
284	115	4463
115	130	2533
130	115	2533
115	251	3410
251	115	3410
115	226	3996
226	115	3996
115	230	4504
230	115	4504
116	220	3289
220	116	3290
116	154	2975
154	116	2976
116	180	4232
180	116	4233
116	165	4170
165	116	4170
116	267	818
267	116	819
116	243	4570
243	116	4571
116	284	1281
284	116	1282
116	136	3512
136	116	3513
116	240	2756
240	116	2756
116	130	4057
130	116	4058
116	246	4766
246	116	4767
117	210	3876
210	117	3876
117	139	1334
139	117	1335
117	155	1231
155	117	1232
117	118	1256
118	117	1257
117	204	1294
204	117	1295
117	211	3348
211	117	3349
117	261	4994
261	117	4994
117	173	2309
173	117	2309
117	207	1564
207	117	1565
117	251	4478
251	117	4478
117	259	2104
259	117	2105
118	148	3716
148	118	3716
118	241	2329
241	118	2329
119	222	4729
222	119	4730
119	151	887
151	119	887
119	159	4280
159	119	4281
119	233	4652
233	119	4652
119	149	1565
149	119	1565
119	246	4178
246	119	4178
119	192	2381
192	119	2382
119	170	2838
170	119	2839
119	121	518
121	119	518
119	290	4748
290	119	4749
119	241	4408
241	119	4408
119	277	3143
277	119	3143
119	207	1378
207	119	1378
119	153	4371
153	119	4371
119	141	4094
141	119	4094
119	283	4793
283	119	4794
120	201	777
201	120	777
120	164	4540
164	120	4541
120	211	3226
211	120	3227
120	127	1632
127	120	1632
120	137	3683
137	120	3683
120	268	4931
268	120	4932
120	202	1173
202	120	1174
120	237	4309
237	120	4310
120	154	407
154	120	407
120	208	4343
208	120	4344
120	263	3328
263	120	3329
120	267	3733
267	120	3734
120	156	3752
156	120	3752
121	250	1082
250	121	1083
121	142	4056
142	121	4057
121	159	1494
159	121	1495
121	243	4612
243	121	4613
121	139	2243
139	121	2244
121	230	3391
230	121	3391
121	258	1236
258	121	1236
121	256	1515
256	121	1515
121	284	831
284	121	831
121	175	4438
175	121	4438
121	148	4927
148	121	4927
122	161	3699
161	122	3699
122	189	4749
189	122	4749
122	144	106
144	122	106
122	269	3676
269	122	3677
122	143	2746
143	122	2747
122	223	3283
223	122	3284
122	238	4438
238	122	4439
122	156	2789
156	122	2789
122	287	3759
287	122	3759
123	177	1574
177	123	1574
123	199	4787
199	123	4788
123	188	2866
188	123	2867
123	249	2798
249	123	2798
123	167	4882
167	123	4883
123	212	2988
212	123	2989
123	142	4642
142	123	4643
123	135	4633
135	123	4633
123	209	1551
209	123	1552
124	248	2909
248	124	2909
124	131	2500
131	124	2500
124	234	1299
234	124	1299
124	237	1309
237	124	1310
124	246	3541
246	124	3541
124	284	2791
284	124	2792
124	265	3899
265	124	3899
124	162	1441
162	124	1442
124	130	3295
130	124	3295
124	211	2237
211	124	2238
125	264	4697
264	125	4698
125	219	1594
219	125	1594
125	181	1046
181	125	1046
125	198	777
198	125	777
125	192	4019
192	125	4019
125	255	2364
255	125	2364
125	141	3481
141	125	3482
125	268	4615
268	125	4615
125	184	4305
184	125	4306
125	270	4239
270	125	4240
125	240	4176
240	125	4177
125	172	4003
172	125	4004
125	175	4145
175	125	4145
126	259	3045
259	126	3046
126	144	758
144	126	758
126	243	2450
243	126	2451
126	140	1073
140	126	1073
126	138	4198
138	126	4199
126	260	826
260	126	827
126	196	901
196	126	902
126	256	1273
256	126	1274
127	156	3476
156	127	3477
127	268	2002
268	127	2002
127	194	4715
194	127	4715
127	179	3379
179	127	3379
127	174	2655
174	127	2655
128	204	2225
204	128	2225
128	206	484
206	128	485
128	210	1631
210	128	1631
128	141	4271
141	128	4271
128	157	2361
157	128	2361
128	255	3667
255	128	3668
128	175	2429
175	128	2430
128	269	3671
269	128	3672
129	192	4792
192	129	4793
129	204	3011
204	129	3011
129	290	3202
290	129	3203
129	164	4334
164	129	4335
129	260	4769
260	129	4770
129	170	808
170	129	808
129	132	2362
132	129	2363
129	248	4347
248	129	4347
129	238	2438
238	129	2438
129	270	3331
270	129	3331
129	210	3414
210	129	3415
130	215	4789
215	130	4790
130	248	4108
248	130	4108
130	191	4541
191	130	4541
130	164	3816
164	130	3816
130	218	4538
218	130	4538
130	222	4887
222	130	4888
130	157	4455
157	130	4455
130	146	2439
146	130	2439
131	214	4109
214	131	4109
131	205	3099
205	131	3099
131	217	2131
217	131	2131
131	157	4933
157	131	4934
131	204	3186
204	131	3186
131	233	1266
233	131	1267
131	243	1600
243	131	1600
131	192	3885
192	131	3886
131	236	2148
236	131	2149
131	231	3182
231	131	3183
132	254	3713
254	132	3714
132	240	4488
240	132	4489
132	150	1857
150	132	1858
132	169	4655
169	132	4656
132	218	4495
218	132	4496
132	167	3362
167	132	3362
132	176	4003
176	132	4004
132	162	3776
162	132	3777
132	238	2502
238	132	2502
132	140	1571
140	132	1572
132	222	586
222	132	587
132	201	1118
201	132	1118
133	219	4042
219	133	4043
133	206	3689
206	133	3689
133	253	4810
253	133	4810
133	264	3752
264	133	3753
133	230	4679
230	133	4680
134	244	3915
244	134	3915
134	230	890
230	134	891
134	154	3931
154	134	3931
134	216	3990
216	134	3990
134	199	158
199	134	158
134	255	3929
255	134	3930
134	259	4301
259	134	4302
134	195	4452
195	134	4452
134	139	1036
139	134	1036
134	137	2017
137	134	2018
134	174	2785
174	134	2786
135	144	943
144	135	943
135	199	3331
199	135	3331
135	208	1384
208	135	1385
135	217	4705
217	135	4706
135	266	4566
266	135	4567
135	212	680
212	135	681
135	254	4978
254	135	4979
135	187	4445
187	135	4446
135	270	2633
270	135	2634
135	283	2334
283	135	2335
135	222	1078
222	135	1079
136	250	3788
250	136	3788
136	153	1160
153	136	1160
136	283	4261
283	136	4261
136	220	2547
220	136	2548
136	138	1257
138	136	1258
136	269	4221
269	136	4221
136	151	4604
151	136	4605
136	141	4774
141	136	4775
136	203	4687
203	136	4687
136	195	515
195	136	516
136	249	4593
249	136	4594
136	158	130
158	136	130
137	186	3845
186	137	3846
137	190	4563
190	137	4564
137	168	4079
168	137	4080
137	246	1785
246	137	1785
137	175	830
175	137	830
137	224	1452
224	137	1453
137	233	3224
233	137	3225
137	220	1280
220	137	1280
137	240	4941
240	137	4941
137	160	4972
160	137	4973
138	246	4786
246	138	4787
139	240	3214
240	139	3214
139	216	3688
216	139	3689
139	258	4905
258	139	4905
139	231	4721
231	139	4722
139	191	4975
191	139	4975
139	170	4171
170	139	4171
139	237	3601
237	139	3602
140	152	4342
152	140	4343
140	147	3492
147	140	3493
140	250	3042
250	140	3043
140	238	1762
238	140	1762
140	246	2724
246	140	2724
140	166	4383
166	140	4384
140	251	4118
251	140	4119
140	244	1739
244	140	1739
140	284	3373
284	140	3374
140	195	3775
195	140	3775
140	223	1021
223	140	1022
140	231	2645
231	140	2645
140	173	645
173	140	645
141	158	111
158	141	112
141	186	2240
186	141	2241
141	223	817
223	141	818
141	151	1531
151	141	1532
141	212	3312
212	141	3313
141	242	1263
242	141	1264
142	212	3806
212	142	3807
142	188	4565
188	142	4565
142	144	3429
144	142	3430
142	228	4680
228	142	4680
142	148	3851
148	142	3851
142	185	4548
185	142	4548
143	178	1697
178	143	1698
143	230	4667
230	143	4668
143	254	4668
254	143	4669
143	169	3766
169	143	3766
143	258	1657
258	143	1658
143	177	2520
177	143	2520
143	269	4988
269	143	4988
143	231	1068
231	143	1068
143	184	2984
184	143	2984
143	150	3720
150	143	3721
143	161	628
161	143	629
143	205	3549
205	143	3550
144	257	4065
257	144	4066
144	196	3850
196	144	3850
145	217	2827
217	145	2828
145	187	4236
187	145	4237
145	243	3561
243	145	3562
145	266	1516
266	145	1517
145	159	2626
159	145	2627
145	218	3215
218	145	3216
145	201	1678
201	145	1679
145	184	3913
184	145	3914
145	300	421
300	145	422
145	154	3613
154	145	3613
145	156	1438
156	145	1438
145	249	1659
249	145	1660
145	251	4911
251	145	4912
145	183	4700
183	145	4700
145	158	240
158	145	240
146	213	656
213	146	656
146	148	561
148	146	562
146	157	1290
157	146	1290
146	193	3555
193	146	3556
146	204	4912
204	146	4912
146	228	4843
228	146	4843
146	191	560
191	146	561
146	150	4538
150	146	4538
146	256	1502
256	146	1502
146	194	4399
194	146	4400
146	190	3962
190	146	3963
146	203	4376
203	146	4376
146	217	274
217	146	274
147	176	169
176	147	169
147	269	1986
269	147	1987
147	202	290
202	147	291
147	246	3736
246	147	3736
147	190	4912
190	147	4913
147	264	1728
264	147	1729
147	253	4287
253	147	4288
147	181	4600
181	147	4601
147	211	2799
211	147	2800
147	244	1880
244	147	1880
147	149	4751
149	147	4752
147	169	3782
169	147	3783
148	204	1547
204	148	1547
148	186	4182
186	148	4183
148	152	1175
152	148	1175
148	244	1105
244	148	1106
148	220	2319
220	148	2320
148	215	989
215	148	990
148	228	657
228	148	658
149	256	3395
256	149	3395
149	186	4737
186	149	4737
149	261	2343
261	149	2343
149	254	1898
254	149	1899
149	181	4271
181	149	4271
149	176	4786
176	149	4787
149	153	4897
153	149	4897
149	183	4459
183	149	4460
149	253	432
253	149	432
149	187	4803
187	149	4804
150	208	4297
208	150	4297
150	220	2417
220	150	2418
150	179	1826
179	150	1827
150	269	4618
269	150	4619
150	159	4998
159	150	4999
150	184	1112
184	150	1112
150	171	3587
171	150	3587
153	163	4423
163	153	4424
153	283	3527
283	153	3528
153	180	2092
180	153	2093
153	199	2794
199	153	2794
153	194	2219
194	153	2219
155	194	4861
194	155	4861
155	216	4193
216	155	4194
155	211	1779
211	155	1779
155	214	4984
214	155	4984
155	164	4655
164	155	4656
155	208	3470
208	155	3471
155	219	1654
219	155	1655
155	187	4398
187	155	4399
155	193	3896
193	155	3897
156	160	1024
160	156	1025
156	217	2111
217	156	2112
156	189	4354
189	156	4355
156	242	4605
242	156	4606
156	176	4278
176	156	4278
157	230	1226
230	157	1226
157	188	2039
188	157	2040
157	184	1455
184	157	1455
159	216	2766
216	159	2767
159	228	2833
228	159	2834
159	246	4135
246	159	4136
160	185	4560
185	160	4561
160	211	4219
211	160	4219
160	214	2921
214	160	2922
163	167	1273
167	163	1273
163	217	2152
217	163	2152
163	174	2291
174	163	2292
163	228	4933
228	163	4933
163	179	4846
179	163	4847
164	204	4522
204	164	4522
164	216	3483
216	164	3483
164	225	4255
225	164	4255
164	193	4423
193	164	4424
164	267	4263
267	164	4263
165	219	4028
219	165	4029
165	176	3424
176	165	3424
165	179	2607
179	165	2607
166	255	4410
255	166	4411
166	219	1312
219	166	1313
167	216	4549
216	167	4549
167	254	1171
254	167	1172
167	246	4149
246	167	4149
168	194	2062
194	168	2063
168	177	818
177	168	819
168	249	3605
249	168	3605
168	267	3875
267	168	3875
169	220	4052
220	169	4052
169	253	3796
253	169	3796
169	256	1594
256	169	1595
169	232	4402
232	169	4403
169	181	4753
181	169	4754
169	234	660
234	169	660
169	226	3660
226	169	3660
170	249	3793
249	170	3794
170	196	4532
196	170	4533
171	208	1837
208	171	1837
171	263	3740
263	171	3740
171	180	3113
180	171	3114
171	209	946
209	171	946
171	234	3044
234	171	3044
171	233	3436
233	171	3436
172	204	2823
204	172	2823
172	232	963
232	172	964
172	188	209
188	172	209
172	189	1208
189	172	1209
173	216	4124
216	173	4124
173	263	4995
263	173	4995
173	217	4999
217	173	4999
173	202	552
202	173	552
173	287	1941
287	173	1941
174	254	1613
254	174	1614
174	202	4845
202	174	4845
174	227	3533
227	174	3534
174	253	2469
253	174	2469
177	189	4838
189	177	4838
177	180	4466
180	177	4466
177	232	4989
232	177	4989
177	242	4998
242	177	4999
178	213	3176
213	178	3177
178	190	4680
190	178	4681
178	300	2275
300	178	2276
178	203	1823
203	178	1824
178	227	3303
227	178	3304
178	189	989
189	178	989
178	202	2755
202	178	2755
179	181	757
181	179	758
181	257	4839
257	181	4839
181	242	3682
242	181	3682
181	250	4131
250	181	4131
181	225	1941
225	181	1942
181	188	4675
188	181	4675
181	209	4487
209	181	4488
181	203	713
203	181	714
182	267	4566
267	182	4567
182	256	157
256	182	158
182	209	86
209	182	86
182	183	2130
183	182	2130
182	254	3967
254	182	3968
183	253	4705
253	183	4706
183	188	3615
188	183	3616
183	199	953
199	183	953
185	217	4866
217	185	4866
185	300	4842
300	185	4842
185	196	459
196	185	459
185	232	929
232	185	929
186	250	1487
250	186	1487
186	287	4235
287	186	4235
186	213	4405
213	186	4406
186	300	1777
300	186	1777
188	193	2237
193	188	2238
188	199	4810
199	188	4811
189	225	616
225	189	616
190	199	3739
199	190	3739
190	227	1313
227	190	1313
190	234	4730
234	190	4731
196	217	4854
217	196	4855
196	204	3894
204	196	3894
196	256	124
256	196	125
197	256	4446
256	197	4446
197	214	2602
214	197	2603
197	210	4954
210	197	4955
197	217	3031
217	197	3031
197	250	4558
250	197	4559
197	253	140
253	197	140
197	232	4921
232	197	4921
203	213	1654
213	203	1655
203	227	4756
227	203	4757
203	215	3636
215	203	3637
209	226	4062
226	209	4062
209	251	2747
251	209	2747
209	253	4743
253	209	4744
209	250	3957
250	209	3957
213	233	2439
233	213	2439
213	261	3992
261	213	3992
214	253	2430
253	214	2431
215	251	4920
251	215	4920
215	232	1904
232	215	1904
215	256	4653
256	215	4654
215	250	3485
250	215	3485
216	242	1954
242	216	1955
216	256	1583
256	216	1584
216	232	4515
232	216	4516
227	261	1287
261	227	1287
227	242	4497
242	227	4498
233	251	1948
251	233	1949
234	251	4172
251	234	4172
242	250	4017
250	242	4017
