300	4202
1	1
1	1
3	3
2	2
2	2
1	1
1	1
3	3
3	3
3	3
2	2
2	2
3	3
1	1
1	1
2	2
3	3
1	1
2	2
1	1
2	2
3	3
2	2
3	3
3	3
2	2
1	1
2	2
2	2
3	3
3	3
3	3
1	1
1	1
3	3
1	1
2	2
3	3
3	3
2	2
1	1
3	3
3	3
3	3
2	2
1	1
2	2
3	3
1	1
2	2
3	3
2	2
1	1
1	1
2	2
1	1
2	2
3	3
3	3
1	1
3	3
2	2
2	2
1	1
3	3
2	2
1	1
1	1
3	3
1	1
2	2
2	2
1	1
3	3
2	2
2	2
3	3
1	1
3	3
3	3
3	3
1	1
1	1
3	3
3	3
2	2
3	3
3	3
3	3
3	3
1	1
1	1
2	2
2	2
2	2
3	3
2	2
3	3
1	1
2	2
2	2
2	2
1	1
1	1
1	1
2	2
3	3
1	1
2	2
2	2
3	3
3	3
2	2
3	3
2	2
3	3
1	1
1	1
3	3
1	1
1	1
1	1
1	1
2	2
1	1
3	3
3	3
1	1
1	1
1	1
3	3
2	2
1	1
3	3
2	2
2	2
2	2
1	1
2	2
3	3
2	2
3	3
2	2
1	1
3	3
2	2
1	1
2	2
1	1
2	2
2	2
3	3
1	1
1	1
1	1
2	2
1	1
2	2
2	2
3	3
1	1
2	2
2	2
1	1
1	1
3	3
2	2
1	1
3	3
2	2
1	1
3	3
1	1
1	1
1	1
2	2
1	1
1	1
3	3
2	2
2	2
2	2
3	3
3	3
2	2
1	1
3	3
3	3
1	1
3	3
2	2
2	2
2	2
3	3
3	3
2	2
3	3
2	2
2	2
3	3
3	3
3	3
3	3
3	3
3	3
1	1
2	2
2	2
1	1
2	2
2	2
3	3
2	2
3	3
3	3
3	3
3	3
3	3
3	3
1	1
3	3
2	2
2	2
1	1
3	3
2	2
3	3
3	3
1	1
3	3
3	3
3	3
2	2
1	1
2	2
3	3
1	1
2	2
1	1
2	2
3	3
2	2
2	2
3	3
2	2
1	1
3	3
1	1
2	2
2	2
1	1
1	1
3	3
3	3
1	1
2	2
3	3
3	3
1	1
3	3
3	3
3	3
1	1
1	1
3	3
2	2
1	1
1	1
1	1
2	2
3	3
3	3
2	2
1	1
3	3
1	1
3	3
3	3
2	2
1	1
1	1
1	1
1	1
3	3
1	1
3	3
1	1
2	2
2	2
1	1
3	3
1	1
3	3
1	1
1	1
1	1
1	1
2	2
3	3
3	3
1	66	1605
66	1	1605
1	240	3335
240	1	3335
1	148	4027
148	1	4028
1	89	731
89	1	731
1	190	3589
190	1	3590
1	217	4942
217	1	4943
1	225	4184
225	1	4185
1	109	1198
109	1	1199
1	145	4579
145	1	4579
1	106	1249
106	1	1249
1	86	2505
86	1	2506
1	63	4666
63	1	4666
1	31	4246
31	1	4247
1	34	2333
34	1	2333
1	128	2365
128	1	2365
1	127	1912
127	1	1912
1	146	1957
146	1	1957
1	241	3240
241	1	3241
1	142	3881
142	1	3882
1	135	3978
135	1	3978
2	164	1358
164	2	1358
2	267	1192
267	2	1192
2	149	4758
149	2	4759
2	105	1884
105	2	1884
2	52	2410
52	2	2411
2	6	616
6	2	616
2	270	4234
270	2	4234
2	147	2661
147	2	2662
2	287	4840
287	2	4841
2	92	2833
92	2	2833
2	20	4983
20	2	4984
2	203	3837
203	2	3837
2	45	3699
45	2	3699
2	26	1045
26	2	1046
2	172	2285
172	2	2285
2	91	4376
91	2	4377
2	207	4350
207	2	4350
2	13	2208
13	2	2209
2	173	4644
173	2	4644
2	245	4099
245	2	4100
3	203	4463
203	3	4463
3	175	4117
175	3	4118
3	252	4207
252	3	4208
3	42	1074
42	3	1075
3	20	1040
20	3	1041
3	174	1972
174	3	1972
3	212	3995
212	3	3995
3	67	4182
67	3	4182
3	213	1399
213	3	1399
3	294	3581
294	3	3582
3	82	3204
82	3	3205
3	11	1381
11	3	1381
3	271	3163
271	3	3164
3	125	2360
125	3	2360
3	205	4070
205	3	4071
3	178	3889
178	3	3889
3	10	1123
10	3	1123
3	207	3367
207	3	3368
3	98	1821
98	3	1821
3	185	4163
185	3	4164
4	59	3534
59	4	3534
4	105	4608
105	4	4608
4	262	4724
262	4	4725
4	183	3599
183	4	3600
4	251	732
251	4	733
4	170	3719
170	4	3719
4	140	4985
140	4	4986
4	174	3801
174	4	3801
4	293	2706
293	4	2706
4	142	2253
142	4	2253
4	80	4423
80	4	4423
4	242	4059
242	4	4059
4	106	3523
106	4	3524
4	115	2789
115	4	2790
4	143	4418
143	4	4418
4	141	4457
141	4	4458
4	45	3779
45	4	3779
4	212	1478
212	4	1478
4	133	4868
133	4	4869
4	110	1664
110	4	1665
5	116	3151
116	5	3152
5	217	3397
217	5	3398
5	130	3467
130	5	3468
5	269	2837
269	5	2837
5	224	4569
224	5	4570
5	237	4382
237	5	4383
5	239	4051
239	5	4051
5	80	4041
80	5	4041
5	229	4668
229	5	4669
5	128	2089
128	5	2090
5	181	4402
181	5	4402
5	87	3226
87	5	3226
5	180	139
180	5	140
5	266	3278
266	5	3279
5	84	2391
84	5	2392
5	138	4819
138	5	4820
5	94	679
94	5	679
5	32	277
32	5	277
5	26	1642
26	5	1643
5	172	4462
172	5	4463
6	69	3936
69	6	3937
6	300	794
300	6	794
6	109	1635
109	6	1635
6	152	4257
152	6	4258
6	294	523
294	6	524
6	208	3715
208	6	3715
6	190	2126
190	6	2126
6	156	1545
156	6	1545
6	209	4926
209	6	4926
6	178	2450
178	6	2450
6	145	1650
145	6	1650
6	104	4931
104	6	4932
6	177	3821
177	6	3822
6	138	4581
138	6	4582
6	181	3751
181	6	3751
6	207	4005
207	6	4005
6	70	2233
70	6	2234
6	229	3944
229	6	3944
6	130	1125
130	6	1126
7	149	4672
149	7	4672
7	25	4853
25	7	4853
7	193	3475
193	7	3476
7	102	2515
102	7	2515
7	11	4148
11	7	4148
7	33	3637
33	7	3637
7	224	1597
224	7	1598
7	223	1380
223	7	1380
7	244	4816
244	7	4817
7	32	248
32	7	248
7	245	1868
245	7	1869
7	12	927
12	7	928
7	67	3689
67	7	3690
7	235	783
235	7	784
7	64	3896
64	7	3897
7	240	4379
240	7	4379
7	119	3078
119	7	3078
7	246	4170
246	7	4170
7	114	1521
114	7	1522
7	92	834
92	7	834
8	144	3017
144	8	3017
8	99	805
99	8	805
8	269	4239
269	8	4239
8	182	2615
182	8	2615
8	201	3883
201	8	3884
8	167	1681
167	8	1682
8	242	3565
242	8	3565
8	130	4142
130	8	4143
8	67	3065
67	8	3065
8	51	3727
51	8	3728
8	169	583
169	8	584
8	63	2715
63	8	2715
8	259	4337
259	8	4337
8	235	3505
235	8	3505
8	127	4216
127	8	4217
8	89	4456
89	8	4456
8	46	4443
46	8	4444
8	161	3818
161	8	3818
8	233	3500
233	8	3500
8	24	2524
24	8	2524
9	39	4428
39	9	4429
9	294	1669
294	9	1669
9	33	4777
33	9	4778
9	92	3148
92	9	3148
9	159	4677
159	9	4678
9	121	1690
121	9	1691
9	242	3677
242	9	3678
9	184	4477
184	9	4478
9	214	3710
214	9	3711
9	285	3807
285	9	3808
9	176	2615
176	9	2616
9	275	809
275	9	809
9	235	4387
235	9	4388
9	211	3756
211	9	3756
9	260	2818
260	9	2819
9	272	2613
272	9	2613
9	234	4077
234	9	4078
9	117	1673
117	9	1674
9	78	3026
78	9	3026
9	50	2523
50	9	2524
10	153	4118
153	10	4119
10	137	4857
137	10	4857
10	133	1417
133	10	1417
10	12	4336
12	10	4336
10	85	3138
85	10	3138
10	246	3215
246	10	3216
10	207	2885
207	10	2885
10	159	4211
159	10	4212
10	17	4160
17	10	4160
10	94	2073
94	10	2074
10	259	4416
259	10	4416
10	181	2139
181	10	2140
10	95	4809
95	10	4809
10	252	4799
252	10	4800
10	244	1454
244	10	1454
10	144	1559
144	10	1560
10	239	695
239	10	695
10	213	4298
213	10	4298
10	230	3774
230	10	3775
11	75	4102
75	11	4103
11	237	419
237	11	420
11	121	3933
121	11	3934
11	295	501
295	11	502
11	255	4729
255	11	4730
11	200	735
200	11	735
11	230	1496
230	11	1497
11	299	4736
299	11	4737
11	207	3133
207	11	3133
11	249	2900
249	11	2900
11	46	4157
46	11	4158
11	231	1130
231	11	1131
11	287	865
287	11	866
11	152	1368
152	11	1369
11	123	3065
123	11	3066
11	72	4027
72	11	4027
11	62	4471
62	11	4472
11	197	4679
197	11	4679
12	269	4143
269	12	4144
12	70	4618
70	12	4618
12	204	4237
204	12	4238
12	56	3002
56	12	3003
12	60	4958
60	12	4959
12	126	1800
126	12	1800
12	295	3892
295	12	3893
12	88	4227
88	12	4227
12	16	4049
16	12	4049
12	37	1522
37	12	1523
12	242	4953
242	12	4953
12	297	467
297	12	467
12	217	4536
217	12	4536
12	45	4013
45	12	4014
12	90	373
90	12	374
12	25	4517
25	12	4518
12	114	899
114	12	900
12	228	3900
228	12	3901
13	195	3903
195	13	3903
13	29	829
29	13	829
13	272	4967
272	13	4968
13	95	4260
95	13	4260
13	182	3394
182	13	3395
13	111	3841
111	13	3841
13	70	4257
70	13	4257
13	247	2708
247	13	2709
13	140	2656
140	13	2656
13	244	3896
244	13	3897
13	43	4764
43	13	4765
13	61	3157
61	13	3158
13	139	2891
139	13	2891
13	63	3072
63	13	3073
13	152	1120
152	13	1120
13	256	564
256	13	565
13	92	399
92	13	399
13	211	4267
211	13	4268
13	105	4133
105	13	4134
14	61	4239
61	14	4240
14	60	2108
60	14	2108
14	67	3376
67	14	3376
14	213	3265
213	14	3265
14	214	4179
214	14	4179
14	80	4799
80	14	4799
14	58	2340
58	14	2340
14	207	1384
207	14	1384
14	125	4461
125	14	4462
14	109	3274
109	14	3274
14	198	1357
198	14	1357
14	20	3332
20	14	3332
14	264	3743
264	14	3744
14	290	4281
290	14	4281
14	197	2097
197	14	2098
14	258	2239
258	14	2239
14	262	775
262	14	776
14	259	3439
259	14	3439
14	98	4514
98	14	4515
14	158	4177
158	14	4177
15	157	4632
157	15	4632
15	39	1919
39	15	1919
15	274	1248
274	15	1248
15	271	4649
271	15	4650
15	288	107
288	15	108
15	126	4387
126	15	4388
15	34	1041
34	15	1041
15	138	4020
138	15	4021
15	95	4992
95	15	4992
15	137	2640
137	15	2641
15	176	4651
176	15	4651
15	20	4724
20	15	4724
15	285	2918
285	15	2918
15	96	3245
96	15	3245
15	50	2789
50	15	2789
15	147	309
147	15	310
15	73	3251
73	15	3252
15	132	3882
132	15	3882
15	221	4654
221	15	4654
15	22	4898
22	15	4899
16	113	728
113	16	729
16	232	2183
232	16	2183
16	64	3462
64	16	3463
16	19	3700
19	16	3701
16	169	513
169	16	513
16	66	3528
66	16	3529
16	239	3790
239	16	3791
16	139	2053
139	16	2053
16	34	4862
34	16	4863
16	45	3701
45	16	3701
16	185	718
185	16	718
16	160	2306
160	16	2306
16	242	2150
242	16	2150
16	102	4707
102	16	4707
16	277	4198
277	16	4199
16	52	104
52	16	104
16	120	188
120	16	189
16	248	2174
248	16	2175
16	150	4882
150	16	4883
17	232	3627
232	17	3628
17	101	1429
101	17	1429
17	246	4424
246	17	4424
17	263	1318
263	17	1319
17	29	1503
29	17	1504
17	96	3973
96	17	3974
17	22	2562
22	17	2563
17	283	1802
283	17	1803
17	77	450
77	17	450
17	236	4080
236	17	4081
17	248	4156
248	17	4156
17	211	3129
211	17	3129
17	70	2275
70	17	2276
17	87	203
87	17	204
17	157	2972
157	17	2973
17	48	1940
48	17	1941
17	213	974
213	17	974
17	230	3851
230	17	3851
17	125	3578
125	17	3579
18	126	3719
126	18	3720
18	58	1266
58	18	1267
18	108	3997
108	18	3997
18	59	4313
59	18	4313
18	71	4205
71	18	4205
18	203	3840
203	18	3841
18	44	1652
44	18	1652
18	278	2215
278	18	2215
18	34	4769
34	18	4769
18	55	3121
55	18	3121
18	83	3659
83	18	3659
18	93	4915
93	18	4915
18	219	2048
219	18	2049
18	102	2423
102	18	2424
18	63	1177
63	18	1178
18	243	980
243	18	980
18	87	428
87	18	428
18	254	1732
254	18	1732
18	94	2587
94	18	2587
18	166	1503
166	18	1504
19	282	2068
282	19	2069
19	223	1413
223	19	1413
19	261	2604
261	19	2605
19	239	3685
239	19	3686
19	123	2661
123	19	2662
19	119	2864
119	19	2864
19	206	4442
206	19	4443
19	227	4188
227	19	4189
19	232	2635
232	19	2636
19	255	4047
255	19	4048
19	168	4321
168	19	4321
19	166	1131
166	19	1131
19	277	1835
277	19	1835
19	192	3103
192	19	3103
19	269	3414
269	19	3415
19	129	2679
129	19	2679
19	201	3362
201	19	3363
19	149	4106
149	19	4107
19	106	4828
106	19	4828
20	92	1772
92	20	1773
20	208	4855
208	20	4856
20	164	1543
164	20	1543
20	198	2152
198	20	2153
20	30	1431
30	20	1431
20	174	3070
174	20	3071
20	287	4960
287	20	4961
20	272	3901
272	20	3902
20	167	1191
167	20	1191
20	98	3634
98	20	3635
20	88	1255
88	20	1256
20	282	3322
282	20	3322
20	280	2386
280	20	2386
20	226	2489
226	20	2489
20	213	3713
213	20	3714
20	227	4787
227	20	4787
21	239	4142
239	21	4143
21	242	4621
242	21	4621
21	65	1303
65	21	1304
21	90	3352
90	21	3352
21	56	3550
56	21	3551
21	266	4930
266	21	4930
21	217	1852
217	21	1852
21	142	4253
142	21	4253
21	45	4062
45	21	4063
21	115	4240
115	21	4240
21	245	3971
245	21	3972
21	269	4360
269	21	4361
21	284	3767
284	21	3768
21	60	2585
60	21	2586
21	268	3495
268	21	3496
21	121	3796
121	21	3796
21	118	4981
118	21	4982
21	88	3314
88	21	3314
21	31	4058
31	21	4059
21	165	4689
165	21	4689
22	224	1213
224	22	1213
22	110	4026
110	22	4027
22	118	402
118	22	403
22	106	86
106	22	87
22	127	4850
127	22	4851
22	254	2431
254	22	2431
22	88	1866
88	22	1867
22	193	4404
193	22	4405
22	235	4925
235	22	4926
22	222	4508
222	22	4508
22	129	3993
129	22	3994
22	232	4252
232	22	4252
22	279	2720
279	22	2721
22	281	3684
281	22	3685
22	72	2818
72	22	2819
22	177	3296
177	22	3296
22	45	3031
45	22	3032
22	123	209
123	22	210
23	230	3966
230	23	3966
23	64	1240
64	23	1240
23	197	3999
197	23	4000
23	44	4908
44	23	4908
23	237	2711
237	23	2711
23	206	1021
206	23	1022
23	69	2970
69	23	2970
23	251	4030
251	23	4030
23	152	4347
152	23	4348
23	120	1921
120	23	1922
23	144	3840
144	23	3840
23	51	2796
51	23	2796
23	281	1243
281	23	1243
23	147	2595
147	23	2595
23	109	4851
109	23	4851
23	45	2270
45	23	2271
23	86	2227
86	23	2228
23	59	4963
59	23	4963
23	68	4296
68	23	4296
23	70	2879
70	23	2880
24	289	4748
289	24	4748
24	151	1413
151	24	1414
24	107	4359
107	24	4360
24	214	4220
214	24	4220
24	280	4297
280	24	4297
24	240	3718
240	24	3719
24	229	3955
229	24	3955
24	185	4496
185	24	4496
24	207	1865
207	24	1866
24	225	2523
225	24	2524
24	190	1781
190	24	1781
24	117	3891
117	24	3892
24	46	4979
46	24	4979
24	59	3384
59	24	3384
24	180	4080
180	24	4081
24	164	3553
164	24	3553
24	77	227
77	24	228
24	133	3774
133	24	3774
24	247	2999
247	24	3000
25	281	2906
281	25	2907
25	156	1548
156	25	1549
25	296	4159
296	25	4159
25	283	1935
283	25	1936
25	246	432
246	25	433
25	220	1115
220	25	1116
25	293	2986
293	25	2986
25	105	4989
105	25	4989
25	64	4009
64	25	4009
25	75	4806
75	25	4807
25	177	3994
177	25	3994
25	46	297
46	25	297
25	250	1321
250	25	1322
25	171	3803
171	25	3803
25	184	4760
184	25	4761
25	128	4630
128	25	4630
25	216	3976
216	25	3977
25	97	3905
97	25	3905
26	270	630
270	26	630
26	84	1540
84	26	1541
26	162	4650
162	26	4650
26	105	1546
105	26	1547
26	196	1230
196	26	1231
26	113	924
113	26	924
26	176	3911
176	26	3911
26	205	1342
205	26	1342
26	124	878
124	26	879
26	43	4696
43	26	4696
26	36	1688
36	26	1689
26	296	4183
296	26	4183
26	99	1859
99	26	1860
26	189	1851
189	26	1852
26	103	2116
103	26	2116
26	58	4396
58	26	4396
26	294	2347
294	26	2347
26	193	1624
193	26	1625
27	101	1595
101	27	1595
27	238	4854
238	27	4855
27	89	2971
89	27	2971
27	139	3811
139	27	3812
27	183	2923
183	27	2924
27	153	1330
153	27	1330
27	100	4033
100	27	4034
27	276	4689
276	27	4689
27	175	3944
175	27	3945
27	94	1349
94	27	1350
27	278	2997
278	27	2998
27	277	3534
277	27	3535
27	189	4251
189	27	4252
27	207	4808
207	27	4809
27	30	4886
30	27	4886
27	191	4113
191	27	4114
27	152	1303
152	27	1304
27	84	2221
84	27	2222
27	271	4102
271	27	4102
27	186	4075
186	27	4075
28	143	3860
143	28	3860
28	169	2585
169	28	2586
28	108	3781
108	28	3782
28	47	4909
47	28	4910
28	101	2416
101	28	2416
28	119	377
119	28	377
28	68	800
68	28	801
28	223	936
223	28	937
28	251	4679
251	28	4679
28	194	3896
194	28	3896
28	40	2576
40	28	2576
28	273	3249
273	28	3250
28	107	4569
107	28	4570
28	63	4023
63	28	4024
28	41	4892
41	28	4893
28	62	3518
62	28	3519
28	258	4538
258	28	4539
28	118	3985
118	28	3985
28	214	4547
214	28	4547
28	206	3379
206	28	3379
29	87	4072
87	29	4072
29	210	306
210	29	307
29	257	4002
257	29	4002
29	196	598
196	29	598
29	180	3199
180	29	3199
29	295	2251
295	29	2251
29	114	1387
114	29	1388
29	103	4460
103	29	4461
29	80	3778
80	29	3779
29	214	3356
214	29	3356
29	110	4933
110	29	4933
29	279	4385
279	29	4385
29	69	2987
69	29	2988
29	40	2162
40	29	2162
29	255	4609
255	29	4609
29	219	4842
219	29	4843
29	119	4418
119	29	4419
29	168	2401
168	29	2402
30	268	2303
268	30	2304
30	143	3793
143	30	3794
30	88	1356
88	30	1356
30	205	3992
205	30	3992
30	61	4288
61	30	4288
30	296	4756
296	30	4756
30	137	4341
137	30	4341
30	128	315
128	30	315
30	177	4183
177	30	4184
30	275	4221
275	30	4221
30	211	424
211	30	425
30	57	4245
57	30	4245
30	31	838
31	30	839
30	83	4164
83	30	4165
30	55	4709
55	30	4710
30	228	1722
228	30	1723
30	204	1933
204	30	1934
30	35	3921
35	30	3921
31	91	3056
91	31	3056
31	142	2091
142	31	2092
31	206	4665
206	31	4665
31	195	2769
195	31	2770
31	116	4680
116	31	4680
31	190	4628
190	31	4628
31	136	3856
136	31	3856
31	220	4245
220	31	4245
31	250	747
250	31	747
31	107	1745
107	31	1745
31	127	2132
127	31	2133
31	134	4902
134	31	4903
31	170	2034
170	31	2034
32	181	3344
181	32	3345
32	160	4038
160	32	4039
32	144	3989
144	32	3989
32	147	4237
147	32	4238
32	223	1693
223	32	1693
32	194	4632
194	32	4632
32	92	2436
92	32	2436
32	214	1936
214	32	1937
32	190	2735
190	32	2735
32	177	4576
177	32	4577
32	285	4919
285	32	4920
32	166	4226
166	32	4227
32	157	1025
157	32	1026
32	130	3835
130	32	3835
33	158	54
158	33	55
33	167	3223
167	33	3224
33	265	1449
265	33	1449
33	41	4385
41	33	4385
33	203	2314
203	33	2314
33	105	1949
105	33	1949
33	49	3753
49	33	3753
33	136	4392
136	33	4393
33	289	1793
289	33	1794
33	221	1929
221	33	1929
33	258	2687
258	33	2687
33	119	2871
119	33	2871
33	295	514
295	33	515
33	198	3623
198	33	3624
34	106	1454
106	34	1455
34	61	3049
61	34	3050
34	108	4791
108	34	4792
34	124	3756
124	34	3756
34	131	573
131	34	574
34	137	200
137	34	200
34	125	1790
125	34	1790
34	263	4849
263	34	4849
34	216	3212
216	34	3212
34	276	4138
276	34	4139
34	224	4043
224	34	4044
34	236	1382
236	34	1383
34	134	2246
134	34	2247
34	145	1327
145	34	1327
35	247	2535
247	35	2536
35	250	923
250	35	924
35	46	2488
46	35	2488
35	108	237
108	35	237
35	145	4266
145	35	4267
35	241	4886
241	35	4887
35	60	3619
60	35	3619
35	124	4584
124	35	4585
35	158	4945
158	35	4945
35	268	3002
268	35	3002
35	120	3571
120	35	3572
35	170	4347
170	35	4347
35	206	2494
206	35	2494
35	299	3416
299	35	3417
35	203	4802
203	35	4802
36	231	249
231	36	249
36	141	1162
141	36	1162
36	291	1640
291	36	1640
36	257	2949
257	36	2950
36	52	2196
52	36	2197
36	266	4320
266	36	4320
36	234	4676
234	36	4676
36	241	3456
241	36	3457
36	129	2882
129	36	2883
36	53	3379
53	36	3380
36	210	1021
210	36	1022
36	298	4411
298	36	4411
36	230	3300
230	36	3301
36	150	3794
150	36	3795
36	211	4661
211	36	4662
37	135	112
135	37	112
37	274	2315
274	37	2315
37	176	222
176	37	222
37	139	2660
139	37	2661
37	296	4561
296	37	4562
37	246	2656
246	37	2657
37	179	2569
179	37	2569
37	283	3939
283	37	3940
37	282	108
282	37	108
37	182	1893
182	37	1893
37	258	3730
258	37	3731
37	61	4181
61	37	4181
37	148	4742
148	37	4743
37	114	4042
114	37	4043
37	199	4366
199	37	4367
37	279	186
279	37	187
38	222	3824
222	38	3824
38	90	4897
90	38	4897
38	92	3175
92	38	3176
38	270	1650
270	38	1651
38	180	1892
180	38	1892
38	134	685
134	38	686
38	49	3937
49	38	3938
38	165	1089
165	38	1089
38	288	2308
288	38	2308
38	126	3966
126	38	3967
38	158	4641
158	38	4642
38	300	2190
300	38	2190
38	143	2785
143	38	2785
38	61	2225
61	38	2226
38	199	4205
199	38	4206
38	241	4676
241	38	4677
39	226	4265
226	39	4266
39	279	4433
279	39	4434
39	257	1774
257	39	1775
39	102	4778
102	39	4778
39	51	1225
51	39	1226
39	141	4570
141	39	4570
39	101	3973
101	39	3974
39	121	4538
121	39	4539
39	169	2899
169	39	2899
39	71	2350
71	39	2351
39	210	1290
210	39	1290
39	215	716
215	39	716
39	66	3552
66	39	3553
39	253	2826
253	39	2827
40	121	4382
121	40	4382
40	63	4737
63	40	4737
40	186	4812
186	40	4812
40	193	4051
193	40	4052
40	276	910
276	40	911
40	148	3987
148	40	3988
40	152	3841
152	40	3841
40	105	1157
105	40	1158
40	212	4961
212	40	4962
40	240	4129
240	40	4129
40	67	90
67	40	90
40	246	3917
246	40	3918
40	86	4788
86	40	4788
40	77	4186
77	40	4187
40	197	1928
197	40	1929
40	155	342
155	40	343
40	72	3995
72	40	3995
41	195	3505
195	41	3506
41	90	2673
90	41	2674
41	50	3410
50	41	3411
41	176	4551
176	41	4551
41	208	2655
208	41	2656
41	267	3798
267	41	3799
41	71	4232
71	41	4232
41	130	618
130	41	619
41	173	2436
173	41	2436
41	42	3822
42	41	3822
41	127	1895
127	41	1896
41	122	1851
122	41	1851
41	214	3740
214	41	3741
42	75	1411
75	42	1411
42	66	50
66	42	50
42	164	3225
164	42	3225
42	161	2250
161	42	2251
42	203	4176
203	42	4176
42	92	2104
92	42	2105
42	276	4387
276	42	4388
42	245	363
245	42	364
42	200	1144
200	42	1145
42	123	1884
123	42	1884
42	130	4468
130	42	4469
42	160	3780
160	42	3780
42	178	3911
178	42	3912
42	297	929
297	42	930
43	297	4494
297	43	4495
43	79	1349
79	43	1350
43	210	2349
210	43	2349
43	159	83
159	43	83
43	245	1177
245	43	1177
43	230	3884
230	43	3884
43	144	3004
144	43	3004
43	174	1081
174	43	1082
43	267	4614
267	43	4614
43	214	535
214	43	535
43	260	1990
260	43	1990
43	282	114
282	43	114
43	249	3837
249	43	3837
44	57	4835
57	44	4836
44	245	4873
245	44	4874
44	188	3899
188	44	3899
44	79	4304
79	44	4305
44	112	1748
112	44	1748
44	90	2442
90	44	2443
44	233	4905
233	44	4906
44	81	4605
81	44	4605
44	288	4205
288	44	4205
44	247	3081
247	44	3082
44	189	1323
189	44	1323
44	179	584
179	44	585
44	239	4238
239	44	4239
45	140	4279
140	45	4280
45	259	4201
259	45	4201
45	229	3228
229	45	3229
45	190	3927
190	45	3927
45	78	4695
78	45	4696
45	194	2388
194	45	2388
45	137	439
137	45	439
45	196	4462
196	45	4462
45	262	1100
262	45	1101
46	300	2699
300	46	2700
46	289	2296
289	46	2296
46	99	4928
99	46	4929
46	233	4800
233	46	4800
46	109	4488
109	46	4488
46	49	1421
49	46	1422
46	269	2334
269	46	2335
46	144	4672
144	46	4673
46	278	3926
278	46	3927
46	263	3858
263	46	3858
46	234	1449
234	46	1449
46	282	4272
282	46	4273
46	179	4047
179	46	4047
46	115	2936
115	46	2936
47	223	4881
223	47	4882
47	168	3950
168	47	3951
47	262	1453
262	47	1454
47	221	3559
221	47	3559
47	73	1243
73	47	1244
47	124	4081
124	47	4081
47	238	1367
238	47	1367
47	70	3268
70	47	3268
47	77	4007
77	47	4008
47	265	4088
265	47	4089
47	247	1756
247	47	1756
47	98	918
98	47	918
47	259	4105
259	47	4105
47	128	1809
128	47	1810
47	99	4309
99	47	4309
47	188	3161
188	47	3162
48	79	4672
79	48	4673
48	134	969
134	48	970
48	145	2518
145	48	2518
48	51	1220
51	48	1220
48	121	3118
121	48	3119
48	212	2435
212	48	2436
48	59	2947
59	48	2947
48	221	1011
221	48	1012
48	122	4899
122	48	4900
48	109	223
109	48	224
48	106	3119
106	48	3119
48	93	4179
93	48	4179
48	62	2695
62	48	2696
48	239	3466
239	48	3466
48	277	1978
277	48	1979
49	176	3824
176	49	3824
49	180	2188
180	49	2188
49	255	4796
255	49	4797
49	79	1040
79	49	1040
49	155	3878
155	49	3879
49	292	1997
292	49	1997
49	243	4032
243	49	4033
49	97	4932
97	49	4932
49	154	3997
154	49	3997
49	271	4777
271	49	4777
49	261	4420
261	49	4421
49	187	3772
187	49	3772
49	130	3643
130	49	3643
49	197	3396
197	49	3396
50	296	4182
296	50	4182
50	243	4558
243	50	4558
50	98	4371
98	50	4372
50	119	695
119	50	695
50	140	3679
140	50	3680
50	56	850
56	50	851
50	297	1257
297	50	1257
50	135	4432
135	50	4433
50	222	2033
222	50	2033
50	173	4401
173	50	4402
50	166	1550
166	50	1550
50	217	4334
217	50	4335
50	144	2018
144	50	2019
50	128	1412
128	50	1413
51	87	1999
87	51	2000
51	267	2032
267	51	2032
51	268	936
268	51	936
51	174	3856
174	51	3857
51	151	1869
151	51	1869
51	236	1743
236	51	1743
51	75	4772
75	51	4772
51	142	4001
142	51	4001
51	115	4255
115	51	4255
51	235	3043
235	51	3044
51	183	4217
183	51	4217
51	195	1740
195	51	1740
52	232	829
232	52	830
52	114	1745
114	52	1745
52	216	2863
216	52	2863
52	266	3550
266	52	3551
52	300	1388
300	52	1388
52	93	102
93	52	102
52	201	4808
201	52	4809
52	294	4772
294	52	4773
52	118	2207
118	52	2208
52	298	4433
298	52	4433
52	95	3431
95	52	3432
52	159	4423
159	52	4423
52	263	4269
263	52	4269
52	135	3946
135	52	3946
53	263	3960
263	53	3961
53	58	4091
58	53	4091
53	215	693
215	53	693
53	136	4889
136	53	4889
53	152	3958
152	53	3958
53	217	3505
217	53	3505
53	292	4062
292	53	4063
53	112	2054
112	53	2055
53	253	4258
253	53	4258
53	106	3595
106	53	3595
53	269	3231
269	53	3232
53	293	1968
293	53	1968
53	207	2261
207	53	2261
53	99	4733
99	53	4733
53	251	2526
251	53	2527
54	256	4407
256	54	4408
54	84	4885
84	54	4885
54	104	3749
104	54	3750
54	121	3810
121	54	3811
54	214	1834
214	54	1835
54	208	3923
208	54	3924
54	65	3531
65	54	3532
54	61	3572
61	54	3572
54	189	4270
189	54	4271
54	252	3768
252	54	3768
54	151	4269
151	54	4270
54	237	4969
237	54	4969
54	150	4287
150	54	4287
54	124	4603
124	54	4603
54	66	654
66	54	654
54	83	2869
83	54	2869
54	118	4624
118	54	4624
54	188	4670
188	54	4671
54	240	2522
240	54	2522
55	188	3801
188	55	3801
55	99	1686
99	55	1686
55	224	3012
224	55	3012
55	198	1625
198	55	1625
55	199	3352
199	55	3353
55	278	2875
278	55	2875
55	117	2843
117	55	2843
55	234	2151
234	55	2152
55	64	3593
64	55	3593
55	144	4947
144	55	4948
55	157	1460
157	55	1461
55	116	763
116	55	763
55	232	4276
232	55	4276
56	67	2896
67	56	2897
56	187	4557
187	56	4558
56	155	834
155	56	834
56	225	3902
225	56	3902
56	102	3630
102	56	3630
56	83	3680
83	56	3681
56	74	657
74	56	657
56	81	3532
81	56	3532
56	132	1215
132	56	1215
56	277	4864
277	56	4864
56	295	4436
295	56	4436
56	58	4035
58	56	4036
56	298	1936
298	56	1937
56	149	4186
149	56	4187
56	215	3149
215	56	3150
57	231	205
231	57	206
57	217	2351
217	57	2351
57	297	4652
297	57	4652
57	294	109
294	57	110
57	118	2693
118	57	2694
57	209	1801
209	57	1802
57	284	429
284	57	430
57	93	3538
93	57	3538
57	116	1282
116	57	1282
57	104	448
104	57	448
57	151	4442
151	57	4442
57	109	3960
109	57	3960
57	263	3388
263	57	3388
57	94	1882
94	57	1882
57	86	760
86	57	761
58	178	990
178	58	990
58	239	2055
239	58	2055
58	125	4325
125	58	4326
58	118	4838
118	58	4838
58	199	3954
199	58	3954
58	163	2275
163	58	2276
58	162	751
162	58	752
58	229	4692
229	58	4692
58	137	1964
137	58	1965
58	249	995
249	58	996
58	267	4995
267	58	4995
58	63	1666
63	58	1667
58	155	2883
155	58	2883
59	135	4168
135	59	4168
59	114	3447
114	59	3448
59	241	4706
241	59	4707
59	262	3916
262	59	3917
59	136	98
136	59	99
59	263	4239
263	59	4240
59	151	4453
151	59	4454
59	286	1662
286	59	1662
59	107	511
107	59	512
59	205	4555
205	59	4556
60	238	4886
238	60	4887
60	273	2626
273	60	2626
60	106	4919
106	60	4920
60	277	1615
277	60	1616
60	157	3892
157	60	3893
60	137	4468
137	60	4468
60	210	2388
210	60	2388
60	211	3674
211	60	3675
60	108	4843
108	60	4843
60	227	3962
227	60	3963
60	201	1774
201	60	1775
60	245	4847
245	60	4848
60	71	4426
71	60	4427
61	214	4364
214	61	4365
61	114	2384
114	61	2385
61	197	3516
197	61	3517
61	89	1891
89	61	1892
61	210	3883
210	61	3883
61	264	4786
264	61	4786
61	180	4823
180	61	4823
61	107	4728
107	61	4729
61	195	1165
195	61	1166
61	163	3628
163	61	3628
61	122	3588
122	61	3589
61	252	3982
252	61	3983
62	116	3591
116	62	3592
62	99	938
99	62	939
62	271	4610
271	62	4611
62	67	4535
67	62	4536
62	114	4515
114	62	4515
62	139	3298
139	62	3299
62	140	4376
140	62	4377
62	100	4374
100	62	4375
62	151	3198
151	62	3198
62	104	4945
104	62	4946
62	63	3947
63	62	3948
62	142	3758
142	62	3758
62	86	4514
86	62	4515
62	145	3518
145	62	3519
62	250	3800
250	62	3800
62	98	4287
98	62	4288
63	137	3447
137	63	3447
63	185	4828
185	63	4829
63	67	3026
67	63	3026
63	221	2024
221	63	2024
63	133	2203
133	63	2203
63	74	4282
74	63	4282
63	188	4609
188	63	4610
63	176	119
176	63	120
64	93	4847
93	64	4848
64	209	3775
209	64	3775
64	286	4380
286	64	4381
64	134	3429
134	64	3429
64	135	1593
135	64	1593
64	241	306
241	64	307
64	163	203
163	64	204
64	186	1432
186	64	1433
64	258	1327
258	64	1328
64	259	478
259	64	478
64	267	4967
267	64	4967
64	207	4201
207	64	4201
64	155	4601
155	64	4601
65	136	3236
136	65	3237
65	71	4530
71	65	4531
65	106	2859
106	65	2859
65	296	4140
296	65	4140
65	259	4427
259	65	4427
65	191	1645
191	65	1646
65	206	4613
206	65	4613
65	214	411
214	65	412
65	285	3897
285	65	3897
65	237	1209
237	65	1209
65	133	4019
133	65	4019
65	165	2292
165	65	2293
65	300	4359
300	65	4359
65	216	4225
216	65	4226
65	149	3218
149	65	3218
66	284	1316
284	66	1317
66	139	3967
139	66	3968
66	179	1187
179	66	1188
66	160	1116
160	66	1116
66	90	2104
90	66	2104
66	247	4140
247	66	4141
66	195	4030
195	66	4031
66	220	4385
220	66	4385
66	103	4776
103	66	4777
66	118	4495
118	66	4496
67	238	1303
238	67	1304
67	266	4601
266	67	4601
67	173	3560
173	67	3560
67	284	4007
284	67	4008
67	90	3666
90	67	3667
67	194	4311
194	67	4311
67	254	4548
254	67	4549
67	227	4931
227	67	4931
67	189	4930
189	67	4931
67	200	284
200	67	285
68	148	4678
148	68	4679
68	175	3602
175	68	3603
68	186	4180
186	68	4181
68	244	4312
244	68	4312
68	140	1198
140	68	1199
68	295	4597
295	68	4597
68	127	1716
127	68	1716
68	178	825
178	68	825
68	176	4898
176	68	4898
68	245	250
245	68	250
68	248	2264
248	68	2265
68	233	1620
233	68	1621
68	73	4174
73	68	4174
68	201	3185
201	68	3185
69	237	3388
237	69	3388
69	220	2259
220	69	2259
69	153	3034
153	69	3034
69	128	3701
128	69	3701
69	221	3603
221	69	3604
69	144	596
144	69	597
69	176	3074
176	69	3074
69	205	3761
205	69	3762
69	277	3351
277	69	3352
69	126	4500
126	69	4500
69	155	1209
155	69	1210
69	232	4118
232	69	4118
70	80	4171
80	70	4172
70	172	4557
172	70	4558
70	266	3574
266	70	3575
70	129	1651
129	70	1652
70	155	1613
155	70	1614
70	154	3156
154	70	3157
70	224	4323
224	70	4324
70	90	1073
90	70	1074
70	203	1613
203	70	1614
71	170	3561
170	71	3562
71	142	1250
142	71	1251
71	171	1792
171	71	1792
71	83	2712
83	71	2713
71	122	4494
122	71	4494
71	198	3763
198	71	3763
71	202	628
202	71	628
71	169	4668
169	71	4668
71	81	717
81	71	718
71	200	1831
200	71	1832
71	266	4072
266	71	4072
71	268	3346
268	71	3346
72	257	4906
257	72	4907
72	250	2488
250	72	2488
72	247	2703
247	72	2704
72	292	1247
292	72	1248
72	201	3196
201	72	3196
72	135	4489
135	72	4490
72	256	695
256	72	696
72	167	4336
167	72	4336
72	80	4224
80	72	4225
72	121	4206
121	72	4206
72	164	4703
164	72	4703
72	229	3729
229	72	3729
72	116	4027
116	72	4028
72	120	2716
120	72	2717
73	276	4273
276	73	4273
73	181	4256
181	73	4257
73	162	2163
162	73	2163
73	119	1526
119	73	1527
73	79	4984
79	73	4985
73	235	4837
235	73	4837
73	132	4691
132	73	4692
73	76	1038
76	73	1038
73	91	4321
91	73	4322
73	156	4718
156	73	4719
73	267	657
267	73	658
73	114	3552
114	73	3552
73	171	4709
171	73	4709
73	83	4832
83	73	4833
73	138	1994
138	73	1994
73	188	2347
188	73	2348
74	252	4630
252	74	4631
74	76	3767
76	74	3768
74	215	3915
215	74	3916
74	285	4763
285	74	4763
74	95	4657
95	74	4657
74	286	4147
286	74	4148
74	234	2524
234	74	2525
74	204	2366
204	74	2367
74	97	4605
97	74	4606
74	262	4315
262	74	4316
74	196	2718
196	74	2719
74	245	4659
245	74	4660
74	267	3502
267	74	3502
74	188	4044
188	74	4044
74	104	4657
104	74	4657
74	143	1930
143	74	1931
75	168	3514
168	75	3514
75	212	4760
212	75	4760
75	171	3998
171	75	3998
75	247	670
247	75	671
75	169	4072
169	75	4072
75	132	4000
132	75	4001
75	199	2904
199	75	2904
75	282	721
282	75	721
75	201	2150
201	75	2150
75	186	2764
186	75	2765
75	289	4296
289	75	4297
75	158	2104
158	75	2105
75	217	2697
217	75	2698
75	291	363
291	75	364
76	294	4000
294	76	4000
76	151	728
151	76	729
76	140	3159
140	76	3159
76	212	4043
212	76	4044
76	176	639
176	76	639
76	259	4704
259	76	4704
76	255	3277
255	76	3277
76	113	3646
113	76	3646
76	126	4443
126	76	4444
76	281	3263
281	76	3264
76	217	331
217	76	332
76	109	3063
109	76	3063
76	169	4712
169	76	4713
76	136	589
136	76	590
77	252	4657
252	77	4657
77	223	2875
223	77	2875
77	241	3908
241	77	3909
77	282	2084
282	77	2085
77	118	4949
118	77	4949
77	240	3680
240	77	3681
77	266	3890
266	77	3890
77	243	3799
243	77	3800
77	292	538
292	77	539
77	114	3648
114	77	3649
77	153	4895
153	77	4895
78	147	4195
147	78	4196
78	109	1298
109	78	1299
78	168	1026
168	78	1027
78	208	3949
208	78	3950
78	244	2235
244	78	2236
78	242	1518
242	78	1518
78	209	3824
209	78	3824
78	126	1911
126	78	1912
78	107	279
107	78	280
78	229	4032
229	78	4033
78	123	3223
123	78	3223
78	220	105
220	78	105
78	99	4126
99	78	4126
78	185	2348
185	78	2348
78	201	2767
201	78	2767
78	270	4786
270	78	4786
79	224	4505
224	79	4505
79	93	3299
93	79	3299
79	104	2981
104	79	2982
79	148	1487
148	79	1487
79	145	2744
145	79	2744
79	200	4851
200	79	4852
79	214	1908
214	79	1908
79	134	4664
134	79	4665
79	196	4913
196	79	4914
79	123	3279
123	79	3280
79	256	3220
256	79	3220
79	281	2633
281	79	2633
79	222	4935
222	79	4935
80	190	3542
190	80	3543
80	110	2846
110	80	2846
80	97	4015
97	80	4015
80	211	3855
211	80	3856
80	257	4370
257	80	4370
80	238	3466
238	80	3467
80	86	3256
86	80	3257
80	90	2267
90	80	2267
80	263	1169
263	80	1170
80	223	4041
223	80	4041
80	182	2694
182	80	2694
80	123	3964
123	80	3964
81	82	3789
82	81	3789
81	235	4121
235	81	4122
81	234	2476
234	81	2477
81	141	4333
141	81	4334
81	181	4929
181	81	4930
81	261	3137
261	81	3137
81	231	1015
231	81	1016
81	109	3867
109	81	3868
81	138	155
138	81	156
81	296	121
296	81	122
81	135	3891
135	81	3891
81	203	4395
203	81	4396
81	167	3945
167	81	3946
81	195	2342
195	81	2342
81	179	3080
179	81	3080
82	272	3275
272	82	3276
82	209	1501
209	82	1501
82	295	1853
295	82	1854
82	255	1582
255	82	1582
82	147	995
147	82	996
82	269	4636
269	82	4636
82	141	4574
141	82	4575
82	105	3390
105	82	3390
82	208	3661
208	82	3661
82	127	2977
127	82	2978
82	211	1819
211	82	1819
82	240	3785
240	82	3786
82	167	2053
167	82	2054
82	253	648
253	82	648
82	259	4306
259	82	4307
82	277	977
277	82	977
82	129	4751
129	82	4752
83	89	4661
89	83	4661
83	159	2749
159	83	2750
83	273	2078
273	83	2079
83	251	3473
251	83	3473
83	245	3212
245	83	3213
83	229	1562
229	83	1562
83	142	3986
142	83	3986
83	216	1575
216	83	1576
83	166	1481
166	83	1482
83	206	2989
206	83	2990
83	281	4300
281	83	4301
84	265	4534
265	84	4534
84	246	3091
246	84	3091
84	234	4663
234	84	4663
84	263	4236
263	84	4237
84	196	4722
196	84	4723
84	207	1822
207	84	1823
84	228	3169
228	84	3170
84	97	2826
97	84	2827
84	227	3881
227	84	3881
84	245	1140
245	84	1141
84	298	1657
298	84	1657
84	165	3531
165	84	3531
84	146	4813
146	84	4813
85	284	4055
284	85	4056
85	180	3382
180	85	3382
85	176	4745
176	85	4746
85	121	4044
121	85	4045
85	207	2187
207	85	2187
85	125	4974
125	85	4974
85	142	604
142	85	604
85	103	2133
103	85	2133
85	296	4340
296	85	4341
85	139	3789
139	85	3790
85	300	2134
300	85	2135
85	112	3404
112	85	3405
85	250	174
250	85	174
85	258	3891
258	85	3891
85	147	1871
147	85	1871
86	224	2574
224	86	2575
86	99	132
99	86	133
86	170	4924
170	86	4925
86	205	4097
205	86	4097
86	156	4522
156	86	4522
86	229	2316
229	86	2316
86	297	3787
297	86	3788
86	95	1335
95	86	1336
86	248	4078
248	86	4079
86	192	3540
192	86	3540
86	233	2688
233	86	2689
86	202	983
202	86	984
87	262	4204
262	87	4204
87	134	1535
134	87	1536
87	133	4949
133	87	4949
87	113	4783
113	87	4784
87	255	3480
255	87	3480
87	143	3857
143	87	3858
87	227	4532
227	87	4533
87	182	3608
182	87	3609
87	150	1938
150	87	1939
87	224	4300
224	87	4300
87	107	3833
107	87	3833
87	177	3742
177	87	3742
87	181	3930
181	87	3930
88	200	3826
200	88	3827
88	134	4856
134	88	4857
88	117	4922
117	88	4922
88	167	4411
167	88	4411
88	95	3341
95	88	3342
88	268	404
268	88	404
88	131	1577
131	88	1577
88	135	2126
135	88	2127
88	156	3399
156	88	3399
88	241	371
241	88	371
89	163	1601
163	89	1602
89	117	591
117	89	591
89	96	4534
96	89	4534
89	135	3809
135	89	3810
89	214	1992
214	89	1992
89	216	4866
216	89	4867
89	258	674
258	89	674
89	147	3588
147	89	3588
89	285	2241
285	89	2241
89	95	2809
95	89	2810
89	244	1596
244	89	1597
89	213	3973
213	89	3973
90	188	4595
188	90	4595
90	101	1799
101	90	1800
90	182	1072
182	90	1072
90	112	3184
112	90	3184
90	120	4722
120	90	4723
90	249	2389
249	90	2390
90	178	1467
178	90	1467
91	265	3897
265	91	3898
91	255	1894
255	91	1894
91	118	4803
118	91	4803
91	259	1307
259	91	1307
91	111	1805
111	91	1805
91	175	3761
175	91	3761
91	181	4575
181	91	4575
91	248	2321
248	91	2321
91	147	730
147	91	730
91	134	4758
134	91	4758
91	94	3882
94	91	3882
91	291	3169
291	91	3169
91	216	3416
216	91	3416
92	96	1900
96	92	1901
92	131	460
131	92	461
92	232	4982
232	92	4983
92	235	4618
235	92	4618
92	150	4950
150	92	4950
92	123	2187
123	92	2187
92	139	4752
139	92	4753
92	234	2390
234	92	2391
93	172	4596
172	93	4596
93	239	892
239	93	892
93	253	3632
253	93	3633
93	197	2228
197	93	2228
93	151	4105
151	93	4106
93	216	537
216	93	537
93	236	2497
236	93	2497
93	248	3890
248	93	3890
93	218	4671
218	93	4671
93	143	1393
143	93	1394
93	148	278
148	93	278
94	213	4184
213	94	4185
94	269	1891
269	94	1891
94	164	3363
164	94	3363
94	274	4292
274	94	4293
94	246	4838
246	94	4838
94	140	4171
140	94	4171
94	114	1483
114	94	1483
94	228	3903
228	94	3903
94	172	3273
172	94	3273
94	253	3687
253	94	3687
94	121	4890
121	94	4890
94	107	3953
107	94	3953
95	193	3882
193	95	3882
95	255	3291
255	95	3291
95	126	2381
126	95	2382
95	231	106
231	95	106
95	197	3401
197	95	3401
95	198	4429
198	95	4429
95	127	3759
127	95	3759
95	189	3141
189	95	3142
95	105	2800
105	95	2801
96	221	792
221	96	792
96	292	3777
292	96	3777
96	254	3605
254	96	3605
96	129	1172
129	96	1172
96	266	2986
266	96	2987
96	104	221
104	96	222
96	276	3521
276	96	3521
96	105	2708
105	96	2709
96	182	3767
182	96	3768
96	234	4736
234	96	4736
96	102	4277
102	96	4278
97	212	1563
212	97	1564
97	101	2723
101	97	2724
97	139	4673
139	97	4673
97	237	2878
237	97	2878
97	153	4244
153	97	4244
97	142	3770
142	97	3771
97	124	2994
124	97	2994
97	99	1963
99	97	1964
97	270	1232
270	97	1232
97	284	1476
284	97	1476
97	162	3965
162	97	3966
97	137	4184
137	97	4185
98	179	4694
179	98	4695
98	128	1057
128	98	1058
98	182	2098
182	98	2099
98	130	3935
130	98	3936
98	132	1027
132	98	1027
98	256	3848
256	98	3848
98	216	3617
216	98	3617
98	219	3831
219	98	3832
98	109	4918
109	98	4919
98	272	2799
272	98	2799
98	178	1301
178	98	1301
98	116	4757
116	98	4757
98	213	4052
213	98	4052
99	200	4718
200	99	4718
99	159	4508
159	99	4508
99	175	3855
175	99	3855
99	238	3476
238	99	3477
99	230	4875
230	99	4876
99	213	1361
213	99	1361
100	138	2468
138	100	2468
100	248	3380
248	100	3380
100	233	3737
233	100	3738
100	116	3635
116	100	3636
100	256	4763
256	100	4764
100	254	2976
254	100	2976
100	193	2104
193	100	2104
100	255	3045
255	100	3045
100	190	4017
190	100	4017
100	246	1800
246	100	1801
100	295	2720
295	100	2720
100	247	4169
247	100	4170
100	285	2052
285	100	2052
100	162	3320
162	100	3320
101	211	4317
211	101	4318
101	232	490
232	101	490
101	170	2258
170	101	2258
101	144	2155
144	101	2155
101	117	4563
117	101	4563
101	147	1642
147	101	1643
101	239	4753
239	101	4754
101	273	1124
273	101	1125
101	160	1801
160	101	1802
101	146	4307
146	101	4307
101	297	4305
297	101	4306
101	141	4288
141	101	4289
102	104	3745
104	102	3745
102	121	4258
121	102	4258
102	247	4445
247	102	4445
102	176	2676
176	102	2676
102	168	1528
168	102	1529
102	161	2722
161	102	2723
102	110	3230
110	102	3230
102	223	1872
223	102	1872
102	270	4423
270	102	4424
103	164	4101
164	103	4102
103	108	3705
108	103	3706
103	135	3255
135	103	3255
103	142	3900
142	103	3901
103	192	4842
192	103	4842
103	242	2872
242	103	2872
103	251	2064
251	103	2064
103	176	3431
176	103	3431
103	193	4293
193	103	4293
103	124	3844
124	103	3844
103	195	3626
195	103	3626
103	236	4508
236	103	4508
103	105	4167
105	103	4168
104	132	4833
132	104	4833
104	248	2743
248	104	2744
104	228	4331
228	104	4332
104	203	3779
203	104	3780
104	161	4900
161	104	4900
104	265	4646
265	104	4647
104	147	4290
147	104	4290
104	227	2740
227	104	2741
105	108	3911
108	105	3912
105	156	2182
156	105	2183
105	184	100
184	105	101
105	151	4590
151	105	4590
106	195	2937
195	106	2937
106	122	2653
122	106	2653
106	183	4323
183	106	4323
106	229	4923
229	106	4924
106	146	2745
146	106	2746
106	246	4981
246	106	4982
107	180	1453
180	107	1453
107	181	4922
181	107	4922
107	246	2541
246	107	2542
107	195	4178
195	107	4179
107	174	4013
174	107	4014
107	237	3134
237	107	3135
107	172	3950
172	107	3951
107	124	4470
124	107	4471
107	204	4490
204	107	4491
107	111	2469
111	107	2469
108	281	1031
281	108	1032
108	167	4525
167	108	4525
108	133	3649
133	108	3649
108	274	4733
274	108	4734
108	151	4148
151	108	4149
108	272	1316
272	108	1316
108	195	3908
195	108	3909
108	175	3823
175	108	3824
108	241	1638
241	108	1638
109	140	4757
140	109	4758
109	132	1840
132	109	1840
109	285	4488
285	109	4488
109	242	3758
242	109	3759
109	198	2800
198	109	2801
109	184	1367
184	109	1367
109	247	4094
247	109	4095
109	267	4682
267	109	4683
110	270	50
270	110	50
110	127	2840
127	110	2841
110	172	1210
172	110	1211
110	122	3455
122	110	3455
110	204	83
204	110	84
110	199	4121
199	110	4122
110	136	3994
136	110	3995
110	264	3240
264	110	3240
110	268	2483
268	110	2483
110	131	4402
131	110	4403
111	166	2180
166	111	2180
111	118	2887
118	111	2887
111	141	4242
141	111	4242
111	223	4552
223	111	4553
111	255	4975
255	111	4975
111	132	3996
132	111	3996
111	232	4330
232	111	4330
111	235	2908
235	111	2908
111	239	3905
239	111	3905
111	149	1698
149	111	1699
111	167	210
167	111	210
111	249	4203
249	111	4203
111	237	3381
237	111	3382
111	125	1796
125	111	1796
111	193	4786
193	111	4786
111	246	4255
246	111	4255
112	116	1928
116	112	1928
112	210	3994
210	112	3995
112	202	2663
202	112	2664
112	187	1331
187	112	1332
112	117	4870
117	112	4870
112	183	2570
183	112	2571
112	223	1845
223	112	1845
112	222	3696
222	112	3697
112	241	4038
241	112	4039
112	258	1463
258	112	1463
112	130	4221
130	112	4222
112	114	2417
114	112	2417
112	173	3200
173	112	3201
113	227	139
227	113	140
113	156	641
156	113	642
113	198	3575
198	113	3575
113	193	261
193	113	261
113	132	1242
132	113	1242
113	239	2772
239	113	2773
113	154	4198
154	113	4198
113	238	3970
238	113	3971
113	254	3624
254	113	3624
113	229	2216
229	113	2216
113	127	2348
127	113	2349
114	179	4881
179	114	4882
114	151	4831
151	114	4831
114	132	1522
132	114	1523
114	182	2223
182	114	2223
114	274	3611
274	114	3611
115	201	4676
201	115	4677
115	276	491
276	115	491
115	253	4899
253	115	4900
115	236	2810
236	115	2811
115	118	4998
118	115	4999
115	152	1571
152	115	1572
115	282	3690
282	115	3690
115	206	3785
206	115	3785
115	127	4261
127	115	4262
115	223	2830
223	115	2830
115	180	1062
180	115	1062
115	237	2952
237	115	2953
115	171	2752
171	115	2753
115	154	2906
154	115	2906
116	162	4585
162	116	4586
116	144	2334
144	116	2334
116	173	1769
173	116	1770
116	145	3877
145	116	3877
116	137	3404
137	116	3404
116	146	4715
146	116	4715
116	249	1018
249	116	1019
116	233	3524
233	116	3525
117	254	456
254	117	456
117	188	4219
188	117	4219
117	226	3958
226	117	3959
117	264	1502
264	117	1503
117	198	4717
198	117	4717
117	256	2588
256	117	2589
117	161	3138
161	117	3138
117	169	461
169	117	461
117	141	4708
141	117	4708
117	261	4102
261	117	4103
118	139	3265
139	118	3265
118	134	3460
134	118	3460
118	169	3793
169	118	3793
119	281	4530
281	119	4530
119	130	4750
130	119	4751
119	152	423
152	119	424
119	273	3622
273	119	3623
119	264	2989
264	119	2989
119	231	1571
231	119	1571
119	226	4438
226	119	4439
119	183	4111
183	119	4111
119	155	2524
155	119	2524
120	179	3752
179	120	3753
120	198	983
198	120	984
120	173	3884
173	120	3885
120	215	1013
215	120	1014
120	210	3655
210	120	3655
120	225	4600
225	120	4601
120	274	1651
274	120	1652
120	181	4657
181	120	4658
120	238	3085
238	120	3086
120	122	3699
122	120	3700
120	257	2896
257	120	2897
120	206	1321
206	120	1321
121	230	3342
230	121	3342
121	147	1141
147	121	1142
121	201	907
201	121	907
121	219	4352
219	121	4353
122	178	4275
178	122	4276
122	160	3906
160	122	3906
122	147	4669
147	122	4670
122	184	166
184	122	167
122	264	4219
264	122	4219
122	200	1708
200	122	1709
122	206	3215
206	122	3215
122	223	3833
223	122	3834
122	281	2939
281	122	2940
122	261	3706
261	122	3706
122	262	1938
262	122	1939
123	236	4989
236	123	4990
123	237	3311
237	123	3312
123	209	2013
209	123	2013
123	178	4183
178	123	4184
123	182	2634
182	123	2634
123	229	3852
229	123	3853
123	213	3797
213	123	3798
124	138	3182
138	124	3183
124	248	2879
248	124	2879
124	145	2500
145	124	2500
124	249	3163
249	124	3163
124	158	2638
158	124	2639
124	187	3548
187	124	3549
124	139	3338
139	124	3339
124	196	4069
196	124	4070
124	165	3229
165	124	3230
124	132	3496
132	124	3497
124	167	1918
167	124	1918
125	254	4484
254	125	4485
125	153	2409
153	125	2410
125	159	2554
159	125	2554
125	188	835
188	125	835
125	224	4377
224	125	4378
125	163	1856
163	125	1857
125	255	1440
255	125	1440
125	156	4661
156	125	4662
125	229	3858
229	125	3858
125	187	3941
187	125	3941
125	253	4306
253	125	4307
126	212	4638
212	126	4639
126	146	3983
146	126	3984
126	190	1050
190	126	1050
126	211	841
211	126	842
126	166	3202
166	126	3202
126	127	2992
127	126	2992
126	209	4716
209	126	4717
126	177	377
177	126	378
127	185	487
185	127	488
127	256	1143
256	127	1143
127	292	2992
292	127	2992
127	181	3353
181	127	3354
127	192	3601
192	127	3602
128	178	2605
178	128	2606
128	215	2951
215	128	2951
128	166	1585
166	128	1586
128	274	744
274	128	744
128	257	1950
257	128	1950
128	187	4936
187	128	4936
128	204	2076
204	128	2077
128	234	4298
234	128	4298
129	189	2691
189	129	2692
129	172	4208
172	129	4209
129	192	3884
192	129	3885
129	248	2154
248	129	2155
129	254	1667
254	129	1668
129	273	4901
273	129	4901
129	191	4307
191	129	4307
129	269	3420
269	129	3420
129	190	1977
190	129	1977
129	212	4933
212	129	4933
129	171	2569
171	129	2569
130	175	1423
175	130	1423
130	292	3383
292	130	3383
130	173	4619
173	130	4620
130	165	4015
165	130	4016
130	197	4932
197	130	4933
130	240	4225
240	130	4225
130	144	4759
144	130	4759
130	154	4358
154	130	4358
130	170	4989
170	130	4990
131	188	2413
188	131	2414
131	237	4034
237	131	4034
131	260	3277
260	131	3277
131	178	1317
178	131	1318
131	258	4558
258	131	4559
131	174	1719
174	131	1720
131	240	1273
240	131	1273
131	226	1673
226	131	1673
131	137	4280
137	131	4281
131	203	2972
203	131	2972
131	249	1614
249	131	1615
131	265	3547
265	131	3547
132	159	3738
159	132	3739
132	187	2222
187	132	2222
132	158	3522
158	132	3523
132	164	4348
164	132	4349
132	182	1659
182	132	1660
133	230	4901
230	133	4902
133	177	4915
177	133	4915
133	260	1680
260	133	1681
133	240	1385
240	133	1385
133	201	463
201	133	464
133	185	1660
185	133	1661
133	262	4724
262	133	4725
133	247	3539
247	133	3539
133	188	4679
188	133	4680
133	232	4087
232	133	4088
133	212	4575
212	133	4575
133	294	4455
294	133	4455
134	228	87
228	134	88
134	233	4981
233	134	4981
134	210	4425
210	134	4426
134	201	645
201	134	646
134	221	3926
221	134	3927
135	230	4960
230	135	4960
135	212	4510
212	135	4510
135	247	3081
247	135	3081
135	224	1951
224	135	1951
136	202	1907
202	136	1907
136	267	858
267	136	859
136	243	1343
243	136	1344
136	238	2745
238	136	2746
136	252	4810
252	136	4811
136	263	3753
263	136	3754
136	185	341
185	136	341
136	205	3631
205	136	3631
137	266	4480
266	137	4480
137	268	2398
268	137	2398
137	200	2849
200	137	2849
137	158	1526
158	137	1526
138	159	4913
159	138	4913
138	248	3197
248	138	3198
138	166	4623
166	138	4624
138	262	1279
262	138	1280
138	251	2404
251	138	2404
138	217	4976
217	138	4976
138	270	4528
270	138	4528
138	231	4959
231	138	4959
139	140	4418
140	139	4418
139	218	666
218	139	667
139	180	3670
180	139	3670
139	298	971
298	139	971
139	213	4621
213	139	4621
139	171	4918
171	139	4919
139	231	4770
231	139	4771
139	223	1678
223	139	1679
140	154	938
154	140	938
140	273	1890
273	140	1891
140	155	2802
155	140	2803
140	150	3244
150	140	3244
140	159	4564
159	140	4565
141	170	4686
170	141	4686
141	147	4012
147	141	4013
141	273	2534
273	141	2534
141	175	3676
175	141	3676
141	234	3720
234	141	3721
141	182	4578
182	141	4579
141	144	3740
144	141	3740
141	157	4485
157	141	4485
141	208	4070
208	141	4071
141	258	4857
258	141	4857
142	195	2464
195	142	2464
142	166	1226
166	142	1226
142	229	3354
229	142	3354
142	238	246
238	142	246
142	226	4311
226	142	4311
142	264	3772
264	142	3772
143	186	1483
186	143	1483
143	215	2349
215	143	2350
143	171	4748
171	143	4749
143	144	2212
144	143	2213
143	208	2037
208	143	2037
143	193	429
193	143	429
143	292	923
292	143	924
143	199	2091
199	143	2092
143	226	90
226	143	90
143	225	3266
225	143	3267
143	191	3367
191	143	3368
143	197	2029
197	143	2029
144	294	4349
294	144	4349
145	244	4838
244	145	4839
145	172	1822
172	145	1823
145	263	3697
263	145	3697
145	146	4915
146	145	4916
145	224	3713
224	145	3713
145	181	2074
181	145	2074
145	187	3561
187	145	3562
145	218	3901
218	145	3902
146	227	4691
227	146	4692
146	158	3093
158	146	3094
146	261	3220
261	146	3221
146	174	4043
174	146	4043
146	165	3072
165	146	3073
146	159	3491
159	146	3492
146	231	4151
231	146	4151
146	168	396
168	146	396
146	183	4271
183	146	4271
146	233	4644
233	146	4644
147	240	4710
240	147	4710
147	237	2553
237	147	2553
148	262	3835
262	148	3835
148	209	4045
209	148	4045
148	241	2168
241	148	2169
148	256	3456
256	148	3456
148	224	1642
224	148	1643
148	251	1970
251	148	1970
148	175	4368
175	148	4368
148	204	932
204	148	932
148	231	4984
231	148	4984
148	162	2159
162	148	2160
148	157	2631
157	148	2632
149	267	4148
267	149	4149
149	226	4959
226	149	4960
149	215	954
215	149	955
149	223	735
223	149	736
149	164	618
164	149	618
149	221	2002
221	149	2003
149	150	4644
150	149	4645
149	174	4362
174	149	4363
149	270	4708
270	149	4708
149	172	577
172	149	577
149	184	4795
184	149	4796
150	227	1318
227	150	1318
150	167	4267
167	150	4267
150	221	4949
221	150	4950
150	212	4367
212	150	4367
150	197	258
197	150	258
150	210	627
210	150	628
150	205	3377
205	150	3378
150	184	776
184	150	776
150	181	4480
181	150	4480
152	242	3529
242	152	3529
152	228	2261
228	152	2262
153	226	4375
226	153	4376
153	257	4971
257	153	4971
153	154	1981
154	153	1982
153	252	1759
252	153	1760
153	189	3554
189	153	3555
154	155	4402
155	154	4402
154	188	1324
188	154	1324
154	200	4033
200	154	4033
154	220	3273
220	154	3273
154	227	1071
227	154	1072
154	225	1859
225	154	1859
154	218	585
218	154	586
156	162	898
162	156	898
156	212	3488
212	156	3489
157	270	4553
270	157	4554
157	173	2535
173	157	2535
157	186	1845
186	157	1845
157	168	4667
168	157	4667
157	210	3507
210	157	3508
157	211	4277
211	157	4278
157	267	3672
267	157	3673
158	241	553
241	158	553
158	179	4925
179	158	4926
158	174	4136
174	158	4136
158	225	1590
225	158	1590
158	265	2268
265	158	2269
160	254	4291
254	160	4291
160	217	4776
217	160	4777
160	251	2194
251	160	2194
160	199	4252
199	160	4252
160	220	4508
220	160	4509
161	163	4707
163	161	4707
161	256	3292
256	161	3293
161	203	2892
203	161	2893
161	196	1763
196	161	1764
161	167	4427
167	161	4428
162	173	3670
173	162	3670
162	205	1621
205	162	1622
162	225	4053
225	162	4053
162	267	3934
267	162	3934
163	210	1369
210	163	1370
163	202	3109
202	163	3109
163	212	4576
212	163	4576
163	260	4493
260	163	4493
163	233	2026
233	163	2027
164	251	1534
251	164	1535
164	177	4276
177	164	4276
164	201	3926
201	164	3926
164	233	4154
233	164	4155
164	243	1729
243	164	1729
165	227	1789
227	165	1790
165	249	2147
249	165	2148
165	251	3277
251	165	3277
165	200	2506
200	165	2507
166	173	4336
173	166	4337
166	243	3808
243	166	3809
166	204	3820
204	166	3820
166	262	1709
262	166	1709
167	243	2220
243	167	2220
168	185	1410
185	168	1410
168	264	1930
264	168	1931
168	186	4167
186	168	4167
168	249	4176
249	168	4176
168	187	4966
187	168	4967
168	225	1439
225	168	1440
169	216	4613
216	169	4613
169	210	4833
210	169	4833
169	226	4114
226	169	4115
169	189	4080
189	169	4080
170	260	2491
260	170	2491
170	218	1499
218	170	1499
170	191	3534
191	170	3534
170	222	2509
222	170	2509
171	244	4898
244	171	4899
171	202	1711
202	171	1711
171	186	3781
186	171	3782
171	264	2962
264	171	2963
171	192	248
192	171	248
171	243	4943
243	171	4943
172	249	4478
249	172	4479
172	298	4601
298	172	4601
173	254	4698
254	173	4699
173	187	2899
187	173	2900
173	191	4489
191	173	4489
174	202	4146
202	174	4147
174	243	251
243	174	252
174	183	4602
183	174	4603
174	261	4948
261	174	4949
175	189	3670
189	175	3671
175	226	3013
226	175	3013
177	260	3842
260	177	3842
177	184	2140
184	177	2141
179	293	615
293	179	615
182	186	1140
186	182	1140
182	192	3388
192	182	3389
183	257	3311
257	183	3312
183	202	852
202	183	853
183	222	787
222	183	788
183	184	3263
184	183	3263
184	189	3827
189	184	3828
184	264	4202
264	184	4202
184	224	4702
224	184	4702
184	208	430
208	184	431
184	202	3396
202	184	3397
185	270	2362
270	185	2362
187	261	4680
261	187	4681
188	209	4889
209	188	4889
191	228	2608
228	191	2608
191	208	4885
208	191	4885
191	260	3558
260	191	3558
191	235	4967
235	191	4968
191	194	4848
194	191	4848
191	257	1264
257	191	1264
191	293	4032
293	191	4032
192	254	3197
254	192	3198
192	220	1340
220	192	1340
192	203	2827
203	192	2828
192	218	509
218	192	509
192	236	1319
236	192	1320
192	252	126
252	192	126
192	244	3572
244	192	3572
194	202	4276
202	194	4276
194	253	3914
253	194	3915
194	249	1080
249	194	1080
194	236	4818
236	194	4819
194	204	4315
204	194	4315
194	268	833
268	194	833
196	244	4553
244	196	4554
196	265	160
265	196	161
196	225	179
225	196	180
196	209	2344
209	196	2344
199	261	3542
261	199	3543
199	252	4653
252	199	4654
199	257	4687
257	199	4688
201	293	504
293	201	505
202	236	4513
236	202	4514
203	244	4482
244	203	4483
203	205	463
205	203	464
204	215	107
215	204	107
204	268	1010
268	204	1011
204	253	3673
253	204	3674
204	222	4936
222	204	4937
204	260	1008
260	204	1009
205	270	3211
270	205	3211
205	233	4920
233	205	4920
205	225	271
225	205	271
213	236	4220
236	213	4221
213	220	1208
220	213	1208
215	216	4424
216	215	4424
217	233	4824
233	217	4825
218	236	3840
236	218	3840
218	252	506
252	218	507
218	265	3669
265	218	3670
218	264	1056
264	218	1056
218	220	4491
220	218	4492
218	228	3106
228	218	3107
219	261	3882
261	219	3882
219	236	728
236	219	728
219	233	4583
233	219	4584
219	298	2123
298	219	2124
219	250	4107
250	219	4107
219	243	4870
243	219	4870
219	253	4991
253	219	4991
219	265	3067
265	219	3067
219	225	4350
225	219	4350
219	249	4223
249	219	4224
222	264	1721
264	222	1721
222	252	4529
252	222	4530
222	268	2958
268	222	2958
228	260	4485
260	228	4486
228	265	1620
265	228	1621
228	250	4119
250	228	4119
228	298	2921
298	228	2921
228	235	3087
235	228	3088
235	243	1656
243	235	1657
235	265	4843
265	235	4844
235	250	2818
250	235	2819
243	268	4681
268	243	4682
250	256	1521
256	250	1521
250	260	4608
260	250	4608
250	270	4345
270	250	4346
256	261	4371
261	256	4371
256	265	3833
265	256	3834
256	270	4255
270	256	4256
260	261	3211
261	260	3211
