200	2802
2	2
2	2
5	5
3	3
4	4
2	2
2	2
4	4
4	4
5	5
3	3
4	4
5	5
2	2
2	2
4	4
4	4
2	2
3	3
2	2
3	3
4	4
4	4
5	5
5	5
4	4
2	2
4	4
3	3
4	4
5	5
5	5
3	3
2	2
4	4
3	3
4	4
5	5
5	5
3	3
2	2
5	5
4	4
5	5
4	4
2	2
4	4
5	5
3	3
3	3
5	5
3	3
2	2
3	3
3	3
2	2
3	3
5	5
5	5
2	2
5	5
4	4
4	4
3	3
5	5
3	3
3	3
2	2
5	5
2	2
4	4
3	3
3	3
5	5
4	4
3	3
5	5
2	2
5	5
5	5
5	5
2	2
2	2
4	4
5	5
4	4
4	4
4	4
5	5
5	5
2	2
3	3
3	3
4	4
4	4
5	5
3	3
5	5
3	3
3	3
4	4
3	3
3	3
2	2
2	2
4	4
5	5
2	2
4	4
3	3
5	5
4	4
4	4
5	5
4	4
5	5
2	2
2	2
4	4
2	2
2	2
3	3
2	2
3	3
2	2
4	4
5	5
2	2
2	2
3	3
5	5
4	4
2	2
4	4
3	3
3	3
3	3
2	2
4	4
5	5
4	4
5	5
4	4
2	2
5	5
3	3
2	2
4	4
3	3
3	3
3	3
5	5
2	2
2	2
3	3
4	4
2	2
4	4
4	4
5	5
2	2
3	3
3	3
2	2
2	2
5	5
3	3
2	2
5	5
3	3
2	2
5	5
2	2
2	2
2	2
3	3
3	3
2	2
5	5
3	3
3	3
3	3
5	5
5	5
4	4
2	2
4	4
5	5
3	3
5	5
3	3
4	4
4	4
5	5
5	5
3	3
5	5
4	4
3	3
5	5
1	77	1004
77	1	1004
1	68	2514
68	1	2515
1	158	4643
158	1	4644
1	199	354
199	1	354
1	74	2939
74	1	2939
1	44	4299
44	1	4300
1	7	4333
7	1	4334
1	79	2169
79	1	2170
1	72	4392
72	1	4392
1	111	1780
111	1	1781
1	58	1483
58	1	1483
1	51	2971
51	1	2972
1	133	3772
133	1	3772
1	165	4043
165	1	4043
1	170	2865
170	1	2865
1	45	3357
45	1	3358
1	184	848
184	1	848
1	176	2392
176	1	2392
1	139	4785
139	1	4786
1	62	4405
62	1	4405
2	80	4220
80	2	4220
2	175	2019
175	2	2020
2	47	4335
47	2	4335
2	50	4683
50	2	4684
2	190	2605
190	2	2606
2	144	3905
144	2	3906
2	94	3586
94	2	3586
2	26	234
26	2	234
2	113	1402
113	2	1402
2	15	57
15	2	58
2	23	3963
23	2	3964
2	56	1693
56	2	1693
2	8	4754
8	2	4755
2	86	4520
86	2	4520
2	124	760
124	2	761
2	14	4386
14	2	4387
2	33	3545
33	2	3546
2	148	1564
148	2	1565
2	68	3947
68	2	3948
2	77	3771
77	2	3771
3	38	4185
38	3	4186
3	63	4703
63	3	4703
3	73	1741
73	3	1741
3	11	1479
11	3	1479
3	181	2006
181	3	2006
3	166	625
166	3	625
3	95	3923
95	3	3924
3	128	3299
128	3	3299
3	143	1474
143	3	1474
3	156	3543
156	3	3544
3	55	1137
55	3	1137
3	152	1115
152	3	1116
3	24	4549
24	3	4550
3	78	4465
78	3	4465
3	135	4182
135	3	4182
3	192	3740
192	3	3740
3	184	122
184	3	122
3	36	402
36	3	402
3	104	1832
104	3	1833
3	101	4372
101	3	4372
4	119	4678
119	4	4679
4	100	4556
100	4	4557
4	190	4322
190	4	4323
4	145	4228
145	4	4229
4	95	4417
95	4	4417
4	184	4433
184	4	4433
4	178	4840
178	4	4841
4	79	4958
79	4	4959
4	146	4562
146	4	4562
4	148	3847
148	4	3847
4	13	4989
13	4	4990
4	138	1583
138	4	1583
4	80	4578
80	4	4579
4	170	2542
170	4	2543
4	185	4598
185	4	4599
4	43	3515
43	4	3516
4	46	4020
46	4	4020
4	37	4777
37	4	4778
4	11	4074
11	4	4075
4	106	1980
106	4	1981
5	59	1719
59	5	1720
5	149	2833
149	5	2834
5	153	2930
153	5	2931
5	166	4029
166	5	4029
5	109	1388
109	5	1389
5	151	4798
151	5	4799
5	84	3730
84	5	3731
5	70	4248
70	5	4248
5	132	2765
132	5	2765
5	86	911
86	5	911
5	135	3769
135	5	3770
5	197	4795
197	5	4796
5	47	2748
47	5	2749
5	111	530
111	5	531
5	162	4005
162	5	4006
5	38	4953
38	5	4953
5	143	4022
143	5	4023
5	189	3131
189	5	3131
5	45	2278
45	5	2278
5	156	1418
156	5	1419
6	197	4600
197	6	4600
6	131	4468
131	6	4468
6	114	412
114	6	413
6	127	2358
127	6	2359
6	44	3585
44	6	3586
6	158	4723
158	6	4724
6	20	4657
20	6	4657
6	87	4894
87	6	4895
6	37	4159
37	6	4159
6	154	2531
154	6	2531
6	11	3032
11	6	3032
6	189	4672
189	6	4673
6	104	4950
104	6	4951
6	135	3950
135	6	3951
6	168	4388
168	6	4388
6	194	3756
194	6	3756
6	24	3462
24	6	3462
6	91	4715
91	6	4715
6	186	3487
186	6	3488
6	39	2922
39	6	2923
7	135	3779
135	7	3780
7	51	1839
51	7	1839
7	85	497
85	7	497
7	175	1769
175	7	1769
7	91	4183
91	7	4184
7	195	3292
195	7	3292
7	36	274
36	7	274
7	111	3822
111	7	3822
7	32	4375
32	7	4375
7	114	2207
114	7	2207
7	13	2494
13	7	2495
7	25	2928
25	7	2929
7	12	1099
12	7	1100
7	142	4177
142	7	4177
7	17	4975
17	7	4976
7	11	2081
11	7	2082
7	102	1397
102	7	1398
7	15	700
15	7	701
7	54	1361
54	7	1361
8	45	3481
45	8	3482
8	111	740
111	8	741
8	93	4243
93	8	4244
8	102	3580
102	8	3580
8	103	2730
103	8	2731
8	35	2177
35	8	2177
8	196	4402
196	8	4402
8	91	2115
91	8	2116
8	9	3342
9	8	3342
8	180	4187
180	8	4188
8	171	1683
171	8	1684
8	195	961
195	8	962
8	188	3411
188	8	3412
8	87	3800
87	8	3800
8	157	4795
157	8	4795
8	83	4286
83	8	4287
8	177	3936
177	8	3937
8	137	1689
137	8	1690
8	179	3171
179	8	3171
9	120	812
120	9	812
9	127	4133
127	9	4133
9	134	4919
134	9	4919
9	196	4847
196	9	4847
9	191	4079
191	9	4079
9	38	3529
38	9	3529
9	122	3134
122	9	3135
9	81	4548
81	9	4549
9	152	4871
152	9	4871
9	154	3491
154	9	3492
9	82	4336
82	9	4336
9	125	2167
125	9	2167
9	169	4747
169	9	4747
9	165	4704
165	9	4704
9	104	2071
104	9	2072
9	117	1281
117	9	1282
9	84	3853
84	9	3853
9	76	2954
76	9	2955
9	73	2442
73	9	2443
10	62	3852
62	10	3852
10	63	2044
63	10	2045
10	89	4503
89	10	4504
10	14	2725
14	10	2726
10	132	382
132	10	382
10	102	3767
102	10	3768
10	182	2865
182	10	2866
10	140	3821
140	10	3821
10	144	1543
144	10	1543
10	17	4115
17	10	4116
10	112	2223
112	10	2224
10	190	183
190	10	183
10	162	4320
162	10	4321
10	180	4431
180	10	4432
10	109	4188
109	10	4189
10	122	1655
122	10	1656
10	188	4041
188	10	4041
10	192	3290
192	10	3290
10	59	3503
59	10	3504
10	174	4754
174	10	4754
11	137	4299
137	11	4300
11	140	4610
140	11	4610
11	66	3111
66	11	3111
11	179	1712
179	11	1712
11	168	144
168	11	144
11	155	4901
155	11	4901
11	104	1474
104	11	1475
11	36	4134
36	11	4134
11	146	2205
146	11	2205
11	43	4928
43	11	4928
11	82	3882
82	11	3883
11	32	3129
32	11	3130
11	150	3471
150	11	3472
11	64	4797
64	11	4797
11	149	2526
149	11	2527
11	39	3934
39	11	3935
12	39	3632
39	12	3632
12	75	3143
75	12	3143
12	169	4783
169	12	4783
12	137	4425
137	12	4425
12	152	4386
152	12	4386
12	139	2282
139	12	2282
12	18	2119
18	12	2119
12	76	3721
76	12	3722
12	189	888
189	12	889
12	132	3486
132	12	3486
12	81	4771
81	12	4771
12	36	4481
36	12	4482
12	143	774
143	12	775
12	199	3810
199	12	3811
12	115	4801
115	12	4801
12	23	4994
23	12	4995
12	34	4757
34	12	4757
12	148	4796
148	12	4797
12	20	3920
20	12	3921
13	194	3577
194	13	3578
13	177	2981
177	13	2981
13	53	2213
53	13	2214
13	86	4697
86	13	4697
13	14	3505
14	13	3505
13	50	4888
50	13	4889
13	153	4059
153	13	4060
13	30	3312
30	13	3313
13	151	4250
151	13	4251
13	148	3115
148	13	3115
13	200	1538
200	13	1538
13	156	3647
156	13	3647
13	81	4455
81	13	4456
13	175	4487
175	13	4488
13	58	4698
58	13	4699
13	96	2875
96	13	2876
13	56	309
56	13	309
13	167	3465
167	13	3466
14	84	929
84	14	929
14	112	3318
112	14	3318
14	85	3167
85	14	3167
14	192	2200
192	14	2200
14	39	3376
39	14	3376
14	65	2496
65	14	2496
14	178	463
178	14	464
14	18	3875
18	14	3876
14	180	4935
180	14	4936
14	35	2490
35	14	2491
14	193	780
193	14	780
14	43	4078
43	14	4079
14	105	1164
105	14	1165
14	17	3548
17	14	3549
14	200	633
200	14	633
14	151	3510
151	14	3510
14	106	4566
106	14	4567
15	32	1530
32	15	1530
15	23	176
23	15	177
15	86	1634
86	15	1635
15	71	2141
71	15	2142
15	49	4977
49	15	4977
15	197	4918
197	15	4918
15	193	2467
193	15	2467
15	196	2115
196	15	2115
15	191	1727
191	15	1728
15	85	2604
85	15	2605
15	141	4279
141	15	4280
15	18	4420
18	15	4421
15	176	4872
176	15	4872
15	101	1712
101	15	1713
15	42	4635
42	15	4636
15	130	1671
130	15	1671
15	57	1492
57	15	1492
15	161	3909
161	15	3910
16	50	1160
50	16	1160
16	64	2876
64	16	2876
16	145	1851
145	16	1851
16	161	4917
161	16	4918
16	44	2628
44	16	2628
16	123	4648
123	16	4649
16	38	4122
38	16	4122
16	147	2622
147	16	2623
16	139	4160
139	16	4160
16	85	1095
85	16	1095
16	189	4681
189	16	4681
16	39	3226
39	16	3227
16	193	552
193	16	553
16	56	1858
56	16	1859
16	138	4795
138	16	4796
16	24	3355
24	16	3356
16	180	4273
180	16	4273
16	75	4914
75	16	4914
16	102	2154
102	16	2154
16	199	154
199	16	154
17	97	3375
97	17	3375
17	104	4123
104	17	4124
17	34	3791
34	17	3791
17	198	3626
198	17	3627
17	23	1159
23	17	1159
17	145	2990
145	17	2991
17	124	3653
124	17	3654
17	45	4842
45	17	4843
17	175	4166
175	17	4167
17	43	1737
43	17	1738
17	103	4859
103	17	4859
17	113	2051
113	17	2051
17	166	3883
166	17	3883
17	150	4229
150	17	4229
17	142	1217
142	17	1218
17	149	4010
149	17	4011
17	172	3826
172	17	3827
18	134	4797
134	18	4797
18	77	1630
77	18	1631
18	115	4780
115	18	4781
18	36	3383
36	18	3383
18	70	1367
70	18	1368
18	71	1642
71	18	1642
18	31	4701
31	18	4701
18	179	4944
179	18	4944
18	183	3798
183	18	3799
18	62	4406
62	18	4407
18	138	2762
138	18	2762
18	20	3900
20	18	3901
18	197	3742
197	18	3743
18	123	4345
123	18	4346
18	165	1444
165	18	1444
18	40	4098
40	18	4098
18	125	370
125	18	371
19	176	3573
176	19	3574
19	173	4948
173	19	4949
19	183	1569
183	19	1570
19	200	4581
200	19	4582
19	169	4740
169	19	4741
19	58	2731
58	19	2732
19	151	2065
151	19	2065
19	148	2337
148	19	2337
19	55	3147
55	19	3148
19	150	638
150	19	638
19	73	3864
73	19	3865
19	98	714
98	19	714
19	131	137
131	19	138
19	32	4808
32	19	4808
19	171	4102
171	19	4102
19	69	4281
69	19	4281
19	86	1345
86	19	1345
19	42	2818
42	19	2819
19	100	4210
100	19	4211
19	54	3939
54	19	3939
20	106	2520
106	20	2520
20	152	3983
152	20	3983
20	183	3065
183	20	3066
20	62	1566
62	20	1566
20	30	1784
30	20	1785
20	149	4220
149	20	4221
20	102	4757
102	20	4757
20	170	577
170	20	578
20	135	3235
135	20	3236
20	171	4737
171	20	4738
20	148	2062
148	20	2062
20	138	4726
138	20	4727
20	112	4629
112	20	4630
20	144	4574
144	20	4575
20	43	3814
43	20	3814
20	134	4113
134	20	4114
20	143	1956
143	20	1956
21	64	2506
64	21	2507
21	22	3712
22	21	3713
21	194	546
194	21	547
21	47	1466
47	21	1466
21	142	227
142	21	227
21	53	2426
53	21	2427
21	108	451
108	21	451
21	27	3441
27	21	3442
21	36	2255
36	21	2256
21	110	4618
110	21	4619
21	152	4321
152	21	4321
21	124	4974
124	21	4974
21	121	1751
121	21	1751
21	93	436
93	21	436
21	180	4449
180	21	4450
21	177	4676
177	21	4677
22	38	4136
38	22	4137
22	112	4534
112	22	4534
22	85	3077
85	22	3077
22	126	1150
126	22	1150
22	89	4114
89	22	4115
22	54	2762
54	22	2762
22	170	2829
170	22	2829
22	72	544
72	22	544
22	97	3822
97	22	3823
22	153	3353
153	22	3354
22	154	4246
154	22	4246
22	160	1649
160	22	1649
22	174	4490
174	22	4491
22	188	2467
188	22	2467
22	30	266
30	22	266
22	116	1570
116	22	1571
22	83	788
83	22	789
23	191	1218
191	23	1218
23	176	4534
176	23	4535
23	179	1756
179	23	1757
23	137	4172
137	23	4173
23	122	3488
122	23	3489
23	128	4290
128	23	4290
23	141	4657
141	23	4657
23	61	4241
61	23	4241
23	132	4147
132	23	4147
23	133	3884
133	23	3884
23	24	4290
24	23	4290
24	78	457
78	24	458
24	117	471
117	24	471
24	146	3164
146	24	3165
24	96	1529
96	24	1529
24	39	4986
39	24	4987
24	142	2031
142	24	2032
24	28	4044
28	24	4044
24	136	4781
136	24	4781
24	113	1767
113	24	1767
24	40	1493
40	24	1493
24	43	893
43	24	893
24	192	4728
192	24	4729
24	161	4546
161	24	4546
24	128	533
128	24	533
24	82	4795
82	24	4795
25	65	1921
65	25	1922
25	86	590
86	25	591
25	73	4787
73	25	4788
25	188	4808
188	25	4808
25	64	863
64	25	863
25	42	517
42	25	517
25	77	4999
77	25	4999
25	134	3656
134	25	3656
25	70	4408
70	25	4409
25	104	3660
104	25	3661
25	105	996
105	25	996
25	75	3119
75	25	3120
25	122	3899
122	25	3900
25	103	4394
103	25	4395
25	110	2633
110	25	2634
26	68	3500
68	26	3501
26	124	4162
124	26	4163
26	135	3293
135	26	3294
26	35	2346
35	26	2346
26	177	4794
177	26	4795
26	73	1032
73	26	1033
26	96	1988
96	26	1989
26	41	1098
41	26	1098
26	185	3590
185	26	3590
26	58	4106
58	26	4106
26	87	2997
87	26	2998
26	40	4287
40	26	4287
26	175	3746
175	26	3747
26	32	953
32	26	954
26	33	1017
33	26	1017
26	28	1144
28	26	1144
26	51	1197
51	26	1197
26	191	4355
191	26	4356
27	179	1169
179	27	1169
27	133	1384
133	27	1385
27	165	1758
165	27	1759
27	188	3882
188	27	3882
27	126	4143
126	27	4143
27	163	3563
163	27	3564
27	101	2892
101	27	2893
27	70	2713
70	27	2713
27	38	3954
38	27	3954
27	129	3767
129	27	3767
27	88	2347
88	27	2347
27	45	2230
45	27	2230
27	31	3799
31	27	3800
27	140	4198
140	27	4199
27	118	1254
118	27	1255
27	53	4146
53	27	4147
27	81	4234
81	27	4235
28	46	428
46	28	429
28	79	505
79	28	505
28	160	4982
160	28	4983
28	183	720
183	28	720
28	128	3661
128	28	3661
28	72	4491
72	28	4492
28	110	670
110	28	670
28	131	3672
131	28	3673
28	88	2706
88	28	2707
28	33	3409
33	28	3410
28	178	298
178	28	298
28	187	4010
187	28	4010
28	40	893
40	28	893
28	120	1069
120	28	1069
29	104	228
104	29	229
29	48	3528
48	29	3528
29	107	493
107	29	493
29	127	4205
127	29	4206
29	172	3052
172	29	3052
29	191	2677
191	29	2677
29	45	2091
45	29	2092
29	142	2339
142	29	2339
29	176	4111
176	29	4111
29	116	3582
116	29	3582
29	77	3237
77	29	3237
29	168	3654
168	29	3655
29	173	4073
173	29	4074
29	55	2288
55	29	2289
29	53	4254
53	29	4254
29	117	4738
117	29	4738
29	95	2474
95	29	2475
29	47	2888
47	29	2889
29	66	1630
66	29	1631
30	135	4524
135	30	4525
30	83	1274
83	30	1275
30	106	3537
106	30	3538
30	32	1293
32	30	1293
30	161	4010
161	30	4010
30	176	3870
176	30	3870
30	177	4509
177	30	4510
30	44	4772
44	30	4772
30	122	577
122	30	577
30	183	4328
183	30	4328
30	165	3750
165	30	3751
30	119	3189
119	30	3189
30	116	3378
116	30	3379
30	48	2755
48	30	2756
31	135	2304
135	31	2304
31	164	2849
164	31	2850
31	75	2564
75	31	2565
31	160	2264
160	31	2264
31	33	3586
33	31	3587
31	136	4353
136	31	4353
31	63	1758
63	31	1758
31	111	4778
111	31	4779
31	77	1066
77	31	1066
31	88	4422
88	31	4422
31	180	4943
180	31	4944
31	197	1194
197	31	1195
31	152	3465
152	31	3466
32	38	3840
38	32	3841
32	74	3816
74	32	3817
32	127	4191
127	32	4192
32	125	3450
125	32	3451
32	86	3915
86	32	3916
32	63	2865
63	32	2865
32	94	2404
94	32	2404
32	95	2088
95	32	2089
32	83	1218
83	32	1218
32	104	4568
104	32	4569
32	80	4156
80	32	4157
32	196	2136
196	32	2136
32	166	2413
166	32	2413
33	187	4497
187	33	4498
33	77	1300
77	33	1300
33	150	1689
150	33	1689
33	60	1641
60	33	1641
33	152	3993
152	33	3994
33	180	4866
180	33	4867
33	153	3819
153	33	3820
33	118	2815
118	33	2816
33	68	4171
68	33	4172
33	73	4684
73	33	4684
33	124	2317
124	33	2318
34	56	2256
56	34	2257
34	176	3710
176	34	3710
34	174	3305
174	34	3305
34	63	3848
63	34	3849
34	127	3048
127	34	3049
34	44	4518
44	34	4519
34	135	1248
135	34	1249
34	163	1293
163	34	1293
34	101	4156
101	34	4157
34	61	2950
61	34	2951
34	67	3851
67	34	3851
34	158	3572
158	34	3573
34	68	3897
68	34	3897
34	138	4685
138	34	4685
34	200	4431
200	34	4431
34	147	3564
147	34	3564
34	193	1279
193	34	1280
35	194	3624
194	35	3624
35	44	4915
44	35	4916
35	114	2951
114	35	2951
35	45	4290
45	35	4290
35	85	2357
85	35	2357
35	170	4254
170	35	4255
35	113	1094
113	35	1094
35	36	4457
36	35	4457
35	148	2149
148	35	2150
35	88	3331
88	35	3331
35	179	538
179	35	539
35	84	4639
84	35	4640
35	99	3509
99	35	3509
36	60	4413
60	36	4413
36	136	85
136	36	86
36	194	4211
194	36	4212
36	138	4710
138	36	4710
36	49	996
49	36	997
36	157	4745
157	36	4745
36	82	3811
82	36	3812
36	167	2611
167	36	2611
36	179	795
179	36	795
36	77	4533
77	36	4534
37	61	4216
61	37	4216
37	47	1358
47	37	1359
37	50	301
50	37	301
37	128	1472
128	37	1473
37	153	822
153	37	823
37	140	4761
140	37	4761
37	170	3509
170	37	3510
37	85	2229
85	37	2230
37	161	4197
161	37	4198
37	117	3473
117	37	3474
37	178	4497
178	37	4498
37	102	3920
102	37	3920
37	106	4378
106	37	4378
37	156	993
156	37	994
37	108	4315
108	37	4315
38	141	3813
141	38	3814
38	60	1194
60	38	1194
38	175	1070
175	38	1070
38	52	760
52	38	760
38	96	1984
96	38	1984
38	79	1233
79	38	1234
38	178	1317
178	38	1317
38	148	4436
148	38	4437
38	112	3626
112	38	3627
39	138	996
138	39	996
39	125	4347
125	39	4347
39	115	4058
115	39	4059
39	132	4177
132	39	4177
39	84	4575
84	39	4576
39	95	1826
95	39	1827
39	151	3275
151	39	3275
39	58	1461
58	39	1461
39	153	3562
153	39	3563
40	187	3358
187	40	3359
40	197	209
197	40	209
40	146	4051
146	40	4052
40	118	2548
118	40	2549
40	162	251
162	40	252
40	113	2613
113	40	2613
40	47	1865
47	40	1865
40	45	585
45	40	585
40	180	1692
180	40	1693
40	181	3744
181	40	3745
40	103	2385
103	40	2385
40	121	593
121	40	594
41	145	4608
145	41	4608
41	118	582
118	41	582
41	100	3826
100	41	3826
41	180	917
180	41	917
41	155	3838
155	41	3838
41	163	3939
163	41	3939
41	48	4815
48	41	4815
41	124	3486
124	41	3487
41	141	4069
141	41	4070
41	156	3066
156	41	3066
41	59	1939
59	41	1939
41	119	455
119	41	455
41	43	2299
43	41	2299
41	50	3737
50	41	3737
41	173	4345
173	41	4345
41	88	1507
88	41	1507
41	77	4263
77	41	4264
42	86	4237
86	42	4238
42	55	4349
55	42	4349
42	114	4421
114	42	4421
42	166	1415
166	42	1416
42	91	4320
91	42	4321
42	44	3753
44	42	3753
42	175	3763
175	42	3763
42	192	3341
192	42	3341
42	93	652
93	42	652
42	47	613
47	42	613
42	185	2493
185	42	2493
42	75	4070
75	42	4071
43	98	1018
98	43	1019
43	185	3018
185	43	3019
43	106	4132
106	43	4133
43	92	1646
92	43	1647
43	80	4242
80	43	4243
43	142	4452
142	43	4453
43	69	1052
69	43	1053
43	139	1249
139	43	1250
43	150	3988
150	43	3989
44	82	3632
82	44	3632
44	94	3998
94	44	3999
44	74	3773
74	44	3774
44	72	4691
72	44	4692
44	52	2577
52	44	2578
44	103	4549
103	44	4550
44	97	4037
97	44	4037
44	177	3720
177	44	3721
44	90	3421
90	44	3421
44	149	3031
149	44	3031
44	136	2500
136	44	2501
45	179	4195
179	45	4195
45	105	1882
105	45	1883
45	92	4045
92	45	4046
45	93	2977
93	45	2977
45	47	4582
47	45	4583
45	132	2912
132	45	2912
45	79	4316
79	45	4316
45	144	4193
144	45	4193
46	147	4034
147	46	4035
46	57	4154
57	46	4155
46	181	1255
181	46	1255
46	47	4731
47	46	4731
46	78	2310
78	46	2311
46	172	4596
172	46	4596
46	148	3780
148	46	3780
46	164	4163
164	46	4164
46	182	4664
182	46	4664
46	160	278
160	46	279
46	179	4820
179	46	4821
46	56	3863
56	46	3863
46	82	3630
82	46	3631
46	125	2951
125	46	2952
46	153	1291
153	46	1292
47	133	2970
133	47	2971
47	53	1422
53	47	1422
47	179	4934
179	47	4935
47	130	4622
130	47	4622
47	140	1730
140	47	1730
47	85	1495
85	47	1495
47	146	4209
146	47	4209
47	159	878
159	47	879
48	182	4352
182	48	4353
48	179	1765
179	48	1765
48	149	3187
149	48	3188
48	172	2094
172	48	2094
48	87	748
87	48	748
48	88	3428
88	48	3428
48	177	2375
177	48	2376
48	126	3030
126	48	3031
48	164	1395
164	48	1395
48	153	2017
153	48	2017
48	157	3913
157	48	3914
48	129	1874
129	48	1874
48	142	4199
142	48	4199
48	58	4254
58	48	4255
48	90	4819
90	48	4819
49	91	1436
91	49	1437
49	76	3559
76	49	3560
49	123	3085
123	49	3085
49	93	4040
93	49	4040
49	112	4469
112	49	4469
49	87	1669
87	49	1669
49	166	4552
166	49	4553
49	130	1271
130	49	1271
49	105	4378
105	49	4379
49	121	4165
121	49	4166
49	144	3530
144	49	3531
49	146	3233
146	49	3233
49	140	4315
140	49	4315
49	162	4749
162	49	4749
49	85	4180
85	49	4180
49	84	3556
84	49	3556
49	88	3937
88	49	3938
50	58	4946
58	50	4947
50	92	4276
92	50	4276
50	157	3287
157	50	3288
50	129	4664
129	50	4665
50	171	2354
171	50	2354
50	172	4530
172	50	4531
50	87	3851
87	50	3851
50	120	1359
120	50	1359
50	154	910
154	50	910
50	51	2668
51	50	2668
51	171	4091
171	51	4091
51	72	3439
72	51	3440
51	71	1960
71	51	1961
51	115	4898
115	51	4899
51	136	4064
136	51	4064
51	59	3510
59	51	3511
51	134	4329
134	51	4330
51	158	4817
158	51	4817
51	145	3128
145	51	3128
51	140	607
140	51	608
51	113	789
113	51	789
51	77	4231
77	51	4231
51	194	4565
194	51	4565
52	180	3863
180	52	3864
52	56	1680
56	52	1681
52	97	1753
97	52	1753
52	96	1467
96	52	1468
52	134	3258
134	52	3258
52	194	4707
194	52	4708
52	159	2636
159	52	2637
52	130	3878
130	52	3878
52	98	4758
98	52	4759
52	140	3189
140	52	3189
52	163	4302
163	52	4302
52	175	3167
175	52	3167
52	114	2962
114	52	2963
52	124	1578
124	52	1578
52	83	3730
83	52	3730
52	94	4927
94	52	4928
53	78	3761
78	53	3761
53	148	4286
148	53	4286
53	181	3700
181	53	3700
53	177	1450
177	53	1450
53	140	1231
140	53	1232
53	137	1205
137	53	1206
53	95	4491
95	53	4491
53	65	4859
65	53	4859
53	90	3703
90	53	3704
53	114	3788
114	53	3789
54	121	2597
121	54	2598
54	66	2185
66	54	2185
54	197	2121
197	54	2121
54	127	4272
127	54	4272
54	160	3768
160	54	3768
54	93	1717
93	54	1718
54	152	2850
152	54	2851
54	98	2123
98	54	2124
54	163	1102
163	54	1103
54	124	4763
124	54	4763
54	146	3806
146	54	3807
54	131	3806
131	54	3806
54	61	697
61	54	698
54	84	4101
84	54	4101
54	110	364
110	54	365
54	170	3767
170	54	3768
55	61	4558
61	55	4559
55	90	2810
90	55	2810
55	197	4528
197	55	4528
55	143	3986
143	55	3987
55	187	3825
187	55	3826
55	58	2075
58	55	2075
55	131	1836
131	55	1836
55	159	4492
159	55	4492
55	160	2268
160	55	2269
55	136	4246
136	55	4246
55	151	2580
151	55	2580
56	109	4447
109	56	4447
56	108	4259
108	56	4259
56	89	2645
89	56	2646
56	58	4604
58	56	4605
56	122	3612
122	56	3613
56	160	1892
160	56	1892
56	104	3949
104	56	3950
56	127	2803
127	56	2804
56	146	4980
146	56	4980
56	72	2842
72	56	2843
56	140	2381
140	56	2381
56	147	3601
147	56	3601
57	148	2245
148	57	2246
57	109	1936
109	57	1937
57	67	3372
67	57	3372
57	141	4566
141	57	4566
57	94	2095
94	57	2096
57	75	2396
75	57	2397
57	107	4659
107	57	4659
57	88	4466
88	57	4466
57	81	862
81	57	863
57	173	975
173	57	976
57	96	4155
96	57	4156
57	168	4958
168	57	4958
57	167	4913
167	57	4913
57	143	3652
143	57	3652
58	146	4915
146	58	4916
58	165	3283
165	58	3283
58	68	1989
68	58	1990
58	74	1351
74	58	1351
58	72	2500
72	58	2500
58	109	4479
109	58	4480
59	102	3015
102	59	3016
59	131	4336
131	59	4337
59	78	4967
78	59	4968
59	92	4719
92	59	4719
59	126	966
126	59	966
59	172	4538
172	59	4539
59	141	1385
141	59	1385
59	64	4158
64	59	4159
59	119	4983
119	59	4983
59	148	4922
148	59	4922
59	80	4302
80	59	4302
60	91	4296
91	60	4296
60	62	4994
62	60	4995
60	156	2640
156	60	2640
60	158	3795
158	60	3796
60	143	3939
143	60	3939
60	152	3710
152	60	3710
60	108	1527
108	60	1528
60	168	3979
168	60	3980
60	130	4744
130	60	4744
60	64	1381
64	60	1382
60	113	3682
113	60	3682
60	65	907
65	60	908
61	196	4882
196	61	4882
61	99	1624
99	61	1625
61	77	3898
77	61	3899
61	190	3425
190	61	3426
61	147	3592
147	61	3592
61	108	3280
108	61	3281
61	124	4969
124	61	4970
61	168	3081
168	61	3082
61	109	3676
109	61	3677
61	200	3554
200	61	3554
61	62	4235
62	61	4235
62	134	1791
134	62	1791
62	111	4383
111	62	4383
62	169	4185
169	62	4185
62	101	3789
101	62	3789
62	93	3537
93	62	3538
62	137	771
137	62	771
62	174	1647
174	62	1647
62	143	1522
143	62	1523
62	120	4475
120	62	4476
62	136	255
136	62	255
62	84	3158
84	62	3159
62	77	1374
77	62	1374
63	167	4933
167	63	4933
63	169	4575
169	63	4576
63	139	534
139	63	535
63	70	1325
70	63	1326
63	73	3019
73	63	3019
63	136	3720
136	63	3721
63	142	3581
142	63	3582
63	155	1837
155	63	1838
63	163	2556
163	63	2557
63	171	2910
171	63	2911
63	131	4051
131	63	4051
63	170	677
170	63	677
63	174	2035
174	63	2035
63	126	3793
126	63	3793
64	82	3092
82	64	3093
64	149	3979
149	64	3979
64	111	3738
111	64	3738
64	94	2470
94	64	2470
64	104	4750
104	64	4751
64	143	774
143	64	775
64	102	4595
102	64	4595
64	107	4389
107	64	4390
64	147	4449
147	64	4449
64	129	4171
129	64	4172
64	134	4110
134	64	4111
64	108	274
108	64	274
65	84	3830
84	65	3831
65	94	2107
94	65	2107
65	154	4920
154	65	4920
65	99	4671
99	65	4672
65	157	398
157	65	399
65	87	2711
87	65	2712
65	134	73
134	65	74
65	107	3016
107	65	3017
65	121	748
121	65	749
65	113	2488
113	65	2489
65	138	4469
138	65	4469
65	141	4228
141	65	4228
65	75	1451
75	65	1452
65	69	2137
69	65	2138
66	163	1012
163	66	1013
66	68	3558
68	66	3558
66	187	1597
187	66	1598
66	90	2296
90	66	2296
66	93	4771
93	66	4771
66	135	1067
135	66	1067
66	115	686
115	66	687
66	145	1087
145	66	1087
66	153	4795
153	66	4796
66	120	1055
120	66	1056
66	108	2285
108	66	2285
66	87	4661
87	66	4661
66	106	585
106	66	585
67	174	2767
174	67	2767
67	120	4996
120	67	4997
67	71	840
71	67	840
67	88	3031
88	67	3031
67	93	4118
93	67	4118
67	86	4877
86	67	4878
67	190	1320
190	67	1321
67	182	4002
182	67	4002
67	102	3066
102	67	3066
67	168	1868
168	67	1868
67	111	4446
111	67	4447
67	137	2858
137	67	2858
67	196	2694
196	67	2694
68	146	3574
146	68	3575
68	70	3012
70	68	3013
68	142	2620
142	68	2621
68	161	4552
161	68	4553
68	171	4510
171	68	4511
68	94	3997
94	68	3997
68	176	3577
176	68	3578
68	166	3799
166	68	3800
68	151	1033
151	68	1034
68	71	3994
71	68	3995
69	96	3883
96	69	3883
69	71	3316
71	69	3316
69	141	4994
141	69	4994
69	169	1115
169	69	1116
69	107	1245
107	69	1246
69	73	4877
73	69	4878
69	116	4158
116	69	4159
69	105	4005
105	69	4005
69	90	2612
90	69	2612
69	180	4972
180	69	4973
69	118	4677
118	69	4677
69	129	4816
129	69	4816
70	107	3129
107	70	3129
70	88	2640
88	70	2640
70	81	4631
81	70	4631
70	167	3283
167	70	3284
70	149	3494
149	70	3495
70	85	3803
85	70	3803
70	178	3413
178	70	3413
70	152	4892
152	70	4893
70	79	1228
79	70	1229
70	165	662
165	70	663
71	160	3879
160	71	3880
71	116	4183
116	71	4184
71	146	3783
146	71	3783
71	145	4514
145	71	4515
71	74	2589
74	71	2590
71	167	4723
167	71	4723
71	120	4425
120	71	4426
71	180	2363
180	71	2364
71	183	4173
183	71	4174
71	153	1638
153	71	1638
71	114	4077
114	71	4077
72	108	312
108	72	313
72	185	3881
185	72	3882
72	82	4628
82	72	4629
72	154	4993
154	72	4994
72	161	4962
161	72	4962
72	180	3001
180	72	3001
72	145	3898
145	72	3899
72	92	4853
92	72	4854
72	159	4407
159	72	4407
72	124	4874
124	72	4875
72	151	4626
151	72	4627
73	170	507
170	73	508
73	128	892
128	73	893
73	104	1857
104	73	1857
73	85	3635
85	73	3635
73	100	3837
100	73	3837
73	173	4418
173	73	4419
73	99	4908
99	73	4908
74	193	4866
193	74	4867
74	159	4414
159	74	4414
74	103	1662
103	74	1663
74	90	3535
90	74	3535
74	83	3229
83	74	3230
74	79	1972
79	74	1973
74	119	3016
119	74	3016
74	118	3320
118	74	3321
74	115	4947
115	74	4948
74	95	4139
95	74	4139
74	120	702
120	74	702
75	88	4184
88	75	4184
75	157	4637
157	75	4637
75	178	3941
178	75	3941
75	127	1225
127	75	1226
75	126	3629
126	75	3629
75	162	3538
162	75	3538
75	132	3218
132	75	3218
75	170	3260
170	75	3261
75	143	2721
143	75	2721
75	147	4501
147	75	4502
76	90	4070
90	76	4071
76	145	1874
145	76	1874
76	167	4160
167	76	4161
76	116	3426
116	76	3426
76	169	3649
169	76	3649
76	86	3344
86	76	3345
76	165	4555
165	76	4556
76	117	4011
117	76	4012
76	152	4061
152	76	4062
76	126	4281
126	76	4282
76	111	3725
111	76	3725
76	100	1684
100	76	1684
76	177	4209
177	76	4210
76	88	2818
88	76	2819
76	127	4623
127	76	4623
76	175	2416
175	76	2416
77	142	3859
142	77	3860
77	143	1706
143	77	1707
77	131	4953
131	77	4953
78	103	671
103	78	672
78	162	2558
162	78	2558
78	80	1367
80	78	1368
78	149	2795
149	78	2796
78	169	3838
169	78	3838
78	128	1536
128	78	1536
78	165	3251
165	78	3252
78	93	3394
93	78	3395
78	101	2146
101	78	2147
78	151	1783
151	78	1783
79	134	1930
134	79	1930
79	161	3303
161	79	3304
79	133	4946
133	79	4947
79	114	4498
114	79	4498
79	176	4856
176	79	4857
79	154	1881
154	79	1882
79	129	662
129	79	662
79	137	4224
137	79	4225
79	89	2519
89	79	2519
79	130	4629
130	79	4630
79	118	4194
118	79	4194
80	139	3764
139	80	3765
80	81	3774
81	80	3775
80	82	2986
82	80	2986
80	106	2472
106	80	2473
80	138	4045
138	80	4045
80	126	4359
126	80	4360
80	120	4184
120	80	4184
80	84	934
84	80	934
80	145	4435
145	80	4436
80	136	2587
136	80	2587
80	133	3266
133	80	3266
80	117	4198
117	80	4199
81	165	2689
165	81	2689
81	134	4334
134	81	4334
81	118	1247
118	81	1248
81	178	3286
178	81	3286
81	157	4205
157	81	4205
81	122	641
122	81	641
81	141	4560
141	81	4561
81	147	4985
147	81	4985
81	175	4878
175	81	4879
81	108	1409
108	81	1409
81	100	4273
100	81	4274
81	92	1215
92	81	1215
82	176	191
176	82	192
82	127	1803
127	82	1804
82	89	3669
89	82	3669
82	193	4628
193	82	4628
82	183	3216
183	82	3217
82	141	4818
141	82	4818
82	87	4165
87	82	4165
82	172	1606
172	82	1607
82	113	4155
113	82	4155
83	87	3029
87	83	3030
83	145	2807
145	83	2808
83	167	3895
167	83	3895
83	163	730
163	83	731
83	117	1889
117	83	1890
83	126	1835
126	83	1836
83	129	2414
129	83	2415
83	183	4750
183	83	4751
83	151	1123
151	83	1123
83	136	4878
136	83	4879
83	104	4898
104	83	4899
83	157	4833
157	83	4833
83	95	2646
95	83	2646
84	101	4417
101	84	4417
84	132	2333
132	84	2334
84	160	2508
160	84	2508
84	118	1990
118	84	1990
84	131	4170
131	84	4170
84	110	1381
110	84	1381
84	142	3903
142	84	3903
85	125	1646
125	85	1646
85	99	4806
99	85	4807
85	118	4286
118	85	4286
85	200	3626
200	85	3627
85	178	474
178	85	475
85	108	3935
108	85	3936
85	97	2728
97	85	2728
85	167	3508
167	85	3509
86	92	4548
92	86	4549
86	123	4067
123	86	4067
86	149	4128
149	86	4129
86	89	3699
89	86	3699
86	116	2561
116	86	2562
86	146	4249
146	86	4250
86	170	4012
170	86	4012
86	154	4337
154	86	4338
86	90	1249
90	86	1249
87	129	4832
129	87	4833
87	132	3019
132	87	3019
87	114	1315
114	87	1315
87	103	3526
103	87	3526
87	90	4362
90	87	4363
87	131	2389
131	87	2389
88	168	2043
168	88	2043
88	113	767
113	88	768
88	107	2282
107	88	2283
88	101	2174
101	88	2174
88	103	3876
103	88	3877
89	160	4342
160	89	4342
89	128	2713
128	89	2713
89	139	4355
139	89	4356
89	172	3209
172	89	3209
89	147	2185
147	89	2185
89	117	478
117	89	478
89	109	2641
109	89	2642
89	90	1414
90	89	1414
89	98	2238
98	89	2238
90	147	112
147	90	113
90	97	386
97	90	386
90	94	3897
94	90	3897
90	176	4377
176	90	4378
90	132	1359
132	90	1360
91	101	2543
101	91	2543
91	100	4787
100	91	4788
91	107	2417
107	91	2418
91	168	3758
168	91	3759
91	173	4944
173	91	4944
91	108	4754
108	91	4754
91	111	1810
111	91	1811
91	174	1383
174	91	1384
91	177	1795
177	91	1796
92	158	4505
158	92	4506
92	163	2571
163	92	2572
92	106	1895
106	92	1895
92	113	696
113	92	697
92	100	3843
100	92	3843
92	174	3252
174	92	3252
92	127	3155
127	92	3156
92	200	3633
200	92	3634
92	96	4757
96	92	4757
92	160	4714
160	92	4714
92	151	4289
151	92	4290
92	128	2664
128	92	2665
93	105	4231
105	93	4232
93	159	4203
159	93	4204
93	145	3322
145	93	3323
93	106	2952
106	93	2952
93	118	4267
118	93	4268
93	172	1258
172	93	1259
93	114	1731
114	93	1731
93	157	75
157	93	75
93	101	268
101	93	268
94	103	4548
103	94	4549
94	109	3925
109	94	3925
94	134	449
134	94	449
94	107	4907
107	94	4908
94	171	4798
171	94	4799
94	127	1006
127	94	1007
94	183	2850
183	94	2850
94	104	1296
104	94	1296
94	156	2526
156	94	2526
95	144	3807
144	95	3808
95	97	2791
97	95	2792
95	168	4928
168	95	4929
95	115	2261
115	95	2261
95	158	2364
158	95	2364
95	116	519
116	95	519
95	152	373
152	95	373
95	167	1279
167	95	1280
95	131	2684
131	95	2684
95	102	4737
102	95	4738
95	112	828
112	95	828
96	132	4736
132	96	4737
96	110	4415
110	96	4416
96	108	3799
108	96	3799
96	147	386
147	96	387
96	103	3862
103	96	3863
96	145	4986
145	96	4987
96	169	2350
169	96	2351
97	129	2985
129	97	2986
97	187	4714
187	97	4715
97	171	3075
171	97	3075
97	112	1376
112	97	1376
97	138	4275
138	97	4275
97	163	4803
163	97	4804
97	177	3398
177	97	3399
97	141	973
141	97	973
97	120	1023
120	97	1024
97	126	3189
126	97	3190
97	99	1521
99	97	1522
98	157	2515
157	98	2516
98	103	768
103	98	768
98	106	1740
106	98	1740
98	200	2087
200	98	2088
98	173	3973
173	98	3974
98	131	2102
131	98	2102
98	174	2052
174	98	2052
98	162	64
162	98	65
98	160	3055
160	98	3056
98	178	4733
178	98	4734
98	163	4857
163	98	4858
99	123	2909
123	99	2910
99	178	2784
178	99	2785
99	118	4096
118	99	4096
99	154	3106
154	99	3106
99	185	4897
185	99	4898
99	137	1559
137	99	1559
99	102	2109
102	99	2109
99	100	4457
100	99	4458
99	144	4851
144	99	4852
99	122	1483
122	99	1484
99	121	3814
121	99	3814
99	155	4485
155	99	4486
100	169	289
169	100	290
100	161	698
161	100	699
100	200	4163
200	100	4164
100	132	3796
132	100	3797
100	166	1065
166	100	1065
100	110	2600
110	100	2600
100	157	4507
157	100	4508
100	108	2986
108	100	2987
100	173	1446
173	100	1447
102	171	4890
171	102	4890
102	185	3967
185	102	3968
103	157	3946
157	103	3947
105	169	2422
169	105	2423
105	108	4189
108	105	4190
105	130	2012
130	105	2012
105	109	4470
109	105	4471
105	185	4313
185	105	4313
105	161	495
161	105	495
105	116	4905
116	105	4905
105	166	4924
166	105	4925
107	162	698
162	107	699
107	133	3550
133	107	3550
107	176	4695
176	107	4695
107	122	270
122	107	271
109	147	2074
147	109	2074
110	178	4668
178	110	4669
110	119	4407
119	110	4407
110	150	1069
150	110	1069
112	117	3526
117	112	3527
112	172	2090
172	112	2090
112	156	3864
156	112	3864
112	141	2502
141	112	2502
112	133	2700
133	112	2700
113	121	4322
121	113	4322
115	121	4892
121	115	4892
115	119	1792
119	115	1793
115	152	3355
152	115	3356
115	178	2429
178	115	2430
115	128	2529
128	115	2530
116	155	2458
155	116	2458
116	138	3037
138	116	3037
116	174	4989
174	116	4990
116	162	2033
162	116	2033
117	137	3630
137	117	3631
117	157	781
157	117	781
119	129	3686
129	119	3687
119	169	3872
169	119	3872
119	167	2177
167	119	2178
120	123	2621
123	120	2621
120	171	1169
171	120	1169
120	187	3012
187	120	3012
120	169	3880
169	120	3881
121	147	3504
147	121	3505
121	138	4666
138	121	4667
121	122	4160
122	121	4161
121	133	4409
133	121	4409
121	187	4311
187	121	4312
123	156	4571
156	123	4571
123	172	4765
172	123	4766
123	134	3734
134	123	3735
123	144	4031
144	123	4032
125	187	185
187	125	186
125	128	2287
128	125	2288
125	142	3153
142	125	3153
125	172	1401
172	125	1401
129	142	4455
142	129	4455
129	144	388
144	129	388
130	167	2511
167	130	2512
130	156	3523
156	130	3524
130	163	3508
163	130	3509
130	139	2316
139	130	2316
130	137	2604
137	130	2604
132	133	3498
133	132	3499
132	141	4528
141	132	4529
133	144	2301
144	133	2301
133	150	2501
150	133	2502
133	147	754
147	133	754
133	155	1178
155	133	1179
138	172	2577
172	138	2577
138	158	3978
158	138	3978
139	159	948
159	139	949
139	150	394
150	139	395
139	173	1254
173	139	1255
144	173	1964
173	144	1965
144	162	4269
162	144	4270
150	166	4707
166	150	4708
150	154	1868
154	150	1869
154	172	4106
172	154	4106
154	156	3544
156	154	3544
154	162	615
162	154	615
155	161	3910
161	155	3911
155	159	4864
159	155	4864
155	158	1732
158	155	1732
155	163	4795
163	155	4795
155	156	4079
156	155	4080
155	166	2237
166	155	2238
158	159	1255
159	158	1255
158	161	471
161	158	472
158	163	320
163	158	321
158	164	4962
164	158	4963
158	162	2397
162	158	2397
159	166	1643
166	159	1644
159	164	2686
164	159	2687
159	161	4779
161	159	4779
161	166	3913
166	161	3914
162	164	3754
164	162	3755
164	166	4539
166	164	4539
