200	2822
2	2
2	2
5	5
3	3
4	4
2	2
2	2
4	4
4	4
5	5
3	3
4	4
5	5
2	2
2	2
4	4
4	4
2	2
3	3
2	2
3	3
4	4
4	4
5	5
5	5
4	4
2	2
4	4
3	3
4	4
5	5
5	5
3	3
2	2
4	4
3	3
4	4
5	5
5	5
3	3
2	2
5	5
4	4
5	5
4	4
2	2
4	4
5	5
3	3
3	3
5	5
3	3
2	2
3	3
3	3
2	2
3	3
5	5
5	5
2	2
5	5
4	4
4	4
3	3
5	5
3	3
3	3
2	2
5	5
2	2
4	4
3	3
3	3
5	5
4	4
3	3
5	5
2	2
5	5
5	5
5	5
2	2
2	2
4	4
5	5
4	4
4	4
4	4
5	5
5	5
2	2
3	3
3	3
4	4
4	4
5	5
3	3
5	5
3	3
3	3
4	4
3	3
3	3
2	2
2	2
4	4
5	5
2	2
4	4
3	3
5	5
4	4
4	4
5	5
4	4
5	5
2	2
2	2
4	4
2	2
2	2
3	3
2	2
3	3
2	2
4	4
5	5
2	2
2	2
3	3
5	5
4	4
2	2
4	4
3	3
3	3
3	3
2	2
4	4
5	5
4	4
5	5
4	4
2	2
5	5
3	3
2	2
4	4
3	3
3	3
3	3
5	5
2	2
2	2
3	3
4	4
2	2
4	4
4	4
5	5
2	2
3	3
3	3
2	2
2	2
5	5
3	3
2	2
5	5
3	3
2	2
5	5
2	2
2	2
2	2
3	3
3	3
2	2
5	5
3	3
3	3
3	3
5	5
5	5
4	4
2	2
4	4
5	5
3	3
5	5
3	3
4	4
4	4
5	5
5	5
3	3
5	5
4	4
3	3
5	5
1	195	2506
195	1	2506
1	58	3190
58	1	3191
1	106	4789
106	1	4789
1	172	687
172	1	687
1	90	1292
90	1	1292
1	184	4719
184	1	4719
1	192	4076
192	1	4077
1	101	1779
101	1	1779
1	6	4109
6	1	4109
1	44	1496
44	1	1496
1	51	1696
51	1	1696
1	102	1289
102	1	1290
1	95	4567
95	1	4568
1	183	4144
183	1	4145
1	64	1763
64	1	1763
1	55	3462
55	1	3463
1	53	736
53	1	736
1	66	3106
66	1	3107
1	137	4231
137	1	4231
1	45	4449
45	1	4450
2	125	3939
125	2	3939
2	152	2114
152	2	2115
2	119	4305
119	2	4305
2	74	3836
74	2	3836
2	150	1466
150	2	1467
2	169	3520
169	2	3521
2	106	4729
106	2	4729
2	14	727
14	2	727
2	13	2943
13	2	2943
2	3	370
3	2	371
2	36	3574
36	2	3574
2	113	1289
113	2	1290
2	160	3828
160	2	3828
2	68	4789
68	2	4789
2	42	539
42	2	539
2	161	3977
161	2	3977
2	28	4524
28	2	4524
2	12	3194
12	2	3194
2	170	3559
170	2	3560
2	7	4987
7	2	4988
3	140	4776
140	3	4777
3	69	3739
69	3	3740
3	106	2228
106	3	2229
3	195	3042
195	3	3042
3	134	3425
134	3	3425
3	118	306
118	3	307
3	73	3902
73	3	3902
3	187	1470
187	3	1471
3	190	2355
190	3	2356
3	83	4113
83	3	4113
3	138	2960
138	3	2961
3	39	1464
39	3	1465
3	25	4049
25	3	4049
3	56	4935
56	3	4935
3	194	4236
194	3	4236
3	113	4705
113	3	4706
3	175	554
175	3	555
3	31	547
31	3	547
3	18	130
18	3	131
4	118	4755
118	4	4755
4	37	4534
37	4	4535
4	101	4775
101	4	4776
4	162	4751
162	4	4752
4	132	3657
132	4	3658
4	106	4740
106	4	4741
4	76	3512
76	4	3513
4	133	4764
133	4	4765
4	137	3768
137	4	3769
4	46	4859
46	4	4860
4	179	4538
179	4	4538
4	125	4021
125	4	4021
4	13	3345
13	4	3345
4	150	4535
150	4	4536
4	10	2313
10	4	2314
4	135	3959
135	4	3960
4	82	3751
82	4	3752
4	31	3863
31	4	3864
4	110	4585
110	4	4585
4	26	4734
26	4	4734
5	90	1494
90	5	1494
5	66	2605
66	5	2605
5	191	3036
191	5	3036
5	118	1044
118	5	1045
5	99	3889
99	5	3889
5	19	3475
19	5	3476
5	39	4767
39	5	4768
5	100	4879
100	5	4879
5	170	3938
170	5	3939
5	46	1084
46	5	1084
5	136	130
136	5	130
5	30	4987
30	5	4987
5	133	4935
133	5	4936
5	85	1730
85	5	1730
5	120	568
120	5	569
5	76	4614
76	5	4615
5	36	3959
36	5	3959
5	200	3861
200	5	3862
5	86	290
86	5	291
5	68	3026
68	5	3027
6	168	2352
168	6	2352
6	199	3792
199	6	3792
6	106	4248
106	6	4249
6	169	63
169	6	63
6	160	3002
160	6	3003
6	150	4291
150	6	4291
6	50	4488
50	6	4489
6	74	4912
74	6	4912
6	183	4021
183	6	4021
6	65	4850
65	6	4850
6	116	428
116	6	429
6	180	1818
180	6	1818
6	12	3998
12	6	3999
6	82	4572
82	6	4573
6	159	3795
159	6	3796
6	171	4461
171	6	4462
6	111	3812
111	6	3812
6	110	2689
110	6	2689
6	95	4803
95	6	4804
7	83	3135
83	7	3136
7	85	3138
85	7	3139
7	162	3766
162	7	3767
7	183	1666
183	7	1666
7	99	719
99	7	720
7	172	1224
172	7	1224
7	27	3513
27	7	3513
7	57	655
57	7	656
7	198	327
198	7	328
7	153	3905
153	7	3905
7	196	3816
196	7	3817
7	80	2077
80	7	2077
7	24	1088
24	7	1088
7	92	3043
92	7	3043
7	131	1532
131	7	1532
7	72	4201
72	7	4202
7	55	4714
55	7	4714
7	52	1480
52	7	1480
7	106	2772
106	7	2772
8	137	507
137	8	508
8	115	2589
115	8	2590
8	147	1002
147	8	1002
8	72	344
72	8	345
8	15	4490
15	8	4490
8	31	4897
31	8	4897
8	179	1703
179	8	1704
8	192	3056
192	8	3056
8	120	4886
120	8	4886
8	64	2319
64	8	2319
8	75	1798
75	8	1799
8	42	4366
42	8	4367
8	22	2829
22	8	2829
8	10	949
10	8	949
8	103	2506
103	8	2507
8	185	4160
185	8	4161
8	49	4375
49	8	4375
8	171	3924
171	8	3925
8	26	3831
26	8	3831
8	169	2246
169	8	2246
9	79	1508
79	9	1508
9	144	369
144	9	370
9	164	4194
164	9	4194
9	67	3943
67	9	3943
9	86	3941
86	9	3942
9	19	4054
19	9	4054
9	125	4933
125	9	4934
9	77	1375
77	9	1375
9	54	4600
54	9	4600
9	128	3891
128	9	3892
9	162	1243
162	9	1243
9	66	4473
66	9	4474
9	92	2507
92	9	2508
9	118	4057
118	9	4058
9	28	4397
28	9	4398
9	117	2705
117	9	2705
9	179	3401
179	9	3401
9	14	3973
14	9	3974
9	163	2568
163	9	2568
9	94	3214
94	9	3214
10	186	3703
186	10	3703
10	86	1763
86	10	1764
10	95	4962
95	10	4963
10	38	2734
38	10	2734
10	121	655
121	10	656
10	46	3834
46	10	3835
10	145	4578
145	10	4579
10	141	4445
141	10	4445
10	189	1632
189	10	1632
10	138	4225
138	10	4225
10	169	1181
169	10	1182
10	135	287
135	10	287
10	87	4428
87	10	4429
10	68	4381
68	10	4382
10	50	3978
50	10	3978
10	22	2638
22	10	2639
10	142	4415
142	10	4416
10	11	2316
11	10	2317
11	33	3757
33	11	3758
11	103	4324
103	11	4325
11	82	3601
82	11	3602
11	37	4710
37	11	4711
11	59	2189
59	11	2190
11	126	1294
126	11	1295
11	74	495
74	11	495
11	200	4636
200	11	4637
11	15	1947
15	11	1948
11	133	4604
133	11	4605
11	127	3208
127	11	3209
11	26	4103
26	11	4103
11	81	4105
81	11	4106
11	137	2142
137	11	2143
11	138	1950
138	11	1951
11	113	4824
113	11	4825
11	44	2936
44	11	2936
11	66	4355
66	11	4356
11	116	3505
116	11	3505
12	107	2516
107	12	2516
12	118	3924
118	12	3924
12	192	3555
192	12	3555
12	14	4738
14	12	4739
12	69	2476
69	12	2476
12	77	2268
77	12	2268
12	32	4367
32	12	4368
12	13	224
13	12	224
12	168	3245
168	12	3246
12	120	4950
120	12	4950
12	42	3988
42	12	3988
12	72	731
72	12	732
12	50	3843
50	12	3843
12	130	4649
130	12	4650
12	30	3867
30	12	3868
12	152	3684
152	12	3685
12	196	4190
196	12	4190
12	184	4089
184	12	4089
13	79	3555
79	13	3556
13	133	2139
133	13	2140
13	51	2419
51	13	2420
13	39	3674
39	13	3675
13	200	4997
200	13	4998
13	77	4541
77	13	4541
13	158	4736
158	13	4737
13	151	3332
151	13	3332
13	105	4953
105	13	4954
13	87	2645
87	13	2645
13	65	2887
65	13	2887
13	30	4210
30	13	4210
13	192	4605
192	13	4606
13	160	4665
160	13	4665
13	70	4093
70	13	4093
13	159	3491
159	13	3492
13	46	774
46	13	774
14	66	2019
66	14	2019
14	103	997
103	14	998
14	70	2636
70	14	2636
14	35	3313
35	14	3314
14	86	2260
86	14	2260
14	29	3094
29	14	3095
14	193	3054
193	14	3054
14	134	358
134	14	359
14	84	3548
84	14	3548
14	100	4864
100	14	4864
14	53	1333
53	14	1333
14	98	857
98	14	858
14	154	3996
154	14	3997
14	109	1900
109	14	1900
14	150	4204
150	14	4204
14	27	2472
27	14	2472
14	190	4593
190	14	4594
15	30	4058
30	15	4058
15	24	1435
24	15	1436
15	176	98
176	15	98
15	121	2821
121	15	2821
15	130	3009
130	15	3010
15	63	4903
63	15	4904
15	21	4267
21	15	4267
15	69	3197
69	15	3197
15	58	2708
58	15	2709
15	184	3253
184	15	3253
15	146	3344
146	15	3344
15	169	4693
169	15	4693
15	86	4257
86	15	4258
15	160	4775
160	15	4776
15	129	1863
129	15	1863
15	177	4220
177	15	4221
15	120	2572
120	15	2572
15	46	1738
46	15	1738
16	114	4780
114	16	4781
16	138	2861
138	16	2861
16	67	2705
67	16	2705
16	163	2962
163	16	2962
16	26	3765
26	16	3766
16	45	1019
45	16	1020
16	177	4980
177	16	4981
16	117	3831
117	16	3831
16	143	3345
143	16	3346
16	118	3655
118	16	3655
16	182	2957
182	16	2957
16	179	3895
179	16	3895
16	168	2891
168	16	2892
16	52	974
52	16	974
16	189	1666
189	16	1666
16	27	4836
27	16	4836
16	48	3122
48	16	3122
16	55	3894
55	16	3895
16	161	3543
161	16	3543
16	157	2560
157	16	2560
17	191	216
191	17	216
17	106	2691
106	17	2692
17	118	4092
118	17	4092
17	181	4221
181	17	4221
17	71	4336
71	17	4337
17	101	2367
101	17	2368
17	87	1740
87	17	1740
17	43	4520
43	17	4520
17	121	4134
121	17	4134
17	64	4590
64	17	4591
17	29	1522
29	17	1523
17	88	3989
88	17	3990
17	183	1716
183	17	1716
17	123	3727
123	17	3728
17	176	3962
176	17	3962
17	164	2561
164	17	2562
17	42	3989
42	17	3990
17	26	4699
26	17	4700
17	189	3851
189	17	3851
17	199	2052
199	17	2052
18	149	4219
149	18	4219
18	163	1087
163	18	1088
18	78	2341
78	18	2341
18	42	2536
42	18	2537
18	119	4471
119	18	4471
18	134	3720
134	18	3721
18	109	4551
109	18	4551
18	106	4919
106	18	4919
18	49	3237
49	18	3237
18	22	4887
22	18	4887
18	173	4063
173	18	4063
18	19	4960
19	18	4961
18	66	2643
66	18	2643
18	70	4691
70	18	4691
18	136	1712
136	18	1712
18	35	4055
35	18	4056
18	24	4392
24	18	4392
18	68	2159
68	18	2159
18	144	4255
144	18	4255
19	180	3604
180	19	3605
19	109	2678
109	19	2678
19	162	1526
162	19	1527
19	50	2992
50	19	2993
19	77	2335
77	19	2336
19	161	977
161	19	978
19	163	4076
163	19	4076
19	187	605
187	19	605
19	65	727
65	19	727
19	93	4566
93	19	4567
19	66	4719
66	19	4720
19	96	4536
96	19	4536
19	101	3453
101	19	3453
19	85	1079
85	19	1079
19	200	4284
200	19	4284
19	53	4177
53	19	4178
19	79	1592
79	19	1592
20	37	4190
37	20	4190
20	134	1618
134	20	1619
20	72	1114
72	20	1114
20	74	3264
74	20	3264
20	91	3609
91	20	3609
20	35	4703
35	20	4703
20	131	235
131	20	235
20	64	1545
64	20	1545
20	49	4191
49	20	4191
20	167	1815
167	20	1815
20	38	4429
38	20	4429
20	75	4024
75	20	4024
20	103	4058
103	20	4059
20	98	4747
98	20	4748
20	141	4327
141	20	4328
20	86	2517
86	20	2518
20	107	1936
107	20	1936
20	135	4540
135	20	4541
20	39	938
39	20	938
20	115	3397
115	20	3398
21	192	912
192	21	912
21	163	3276
163	21	3277
21	170	751
170	21	751
21	103	1921
103	21	1921
21	177	3266
177	21	3266
21	28	3930
28	21	3930
21	74	3809
74	21	3810
21	110	4527
110	21	4527
21	30	2084
30	21	2084
21	114	174
114	21	175
21	150	4303
150	21	4303
21	134	4031
134	21	4032
21	186	4028
186	21	4028
21	56	4756
56	21	4756
21	42	1019
42	21	1019
21	122	1113
122	21	1114
21	129	3976
129	21	3976
21	48	2060
48	21	2060
22	119	1732
119	22	1733
22	30	698
30	22	698
22	66	4430
66	22	4431
22	155	3179
155	22	3180
22	120	4362
120	22	4362
22	28	1945
28	22	1946
22	167	3785
167	22	3786
22	138	2328
138	22	2329
22	145	54
145	22	55
22	160	1702
160	22	1703
22	158	332
158	22	332
22	72	3445
72	22	3446
22	137	3593
137	22	3593
22	108	3326
108	22	3327
22	39	4713
39	22	4713
22	106	2900
106	22	2900
23	57	4060
57	23	4061
23	108	4333
108	23	4334
23	184	4453
184	23	4453
23	48	4330
48	23	4330
23	55	4741
55	23	4741
23	126	4939
126	23	4939
23	157	537
157	23	538
23	152	174
152	23	174
23	199	2993
199	23	2994
23	59	1178
59	23	1179
23	99	3740
99	23	3741
23	89	1702
89	23	1702
23	53	4849
53	23	4850
23	159	4417
159	23	4418
23	130	2388
130	23	2388
23	112	2597
112	23	2597
23	125	225
125	23	225
23	186	4895
186	23	4896
23	116	4245
116	23	4246
24	192	570
192	24	571
24	102	3766
102	24	3767
24	62	3473
62	24	3474
24	145	634
145	24	635
24	92	4956
92	24	4956
24	108	4811
108	24	4812
24	127	148
127	24	148
24	149	611
149	24	611
24	179	4665
179	24	4666
24	165	4876
165	24	4877
24	38	4101
38	24	4101
24	154	4463
154	24	4464
25	97	177
97	25	177
25	118	1328
118	25	1329
25	74	4086
74	25	4087
25	183	3960
183	25	3961
25	186	1966
186	25	1967
25	153	3623
153	25	3623
25	105	4992
105	25	4993
25	45	1773
45	25	1773
25	125	1433
125	25	1433
25	168	3743
168	25	3743
25	166	2332
166	25	2333
25	154	1235
154	25	1236
25	170	2975
170	25	2975
25	101	3863
101	25	3863
26	93	3673
93	26	3673
26	181	3048
181	26	3049
26	116	3921
116	26	3922
26	199	4864
199	26	4864
26	148	456
148	26	456
26	49	2709
49	26	2709
26	153	2895
153	26	2896
26	31	1950
31	26	1950
26	50	3855
50	26	3856
26	42	1743
42	26	1743
26	92	1760
92	26	1761
26	127	1018
127	26	1018
26	115	3971
115	26	3972
27	177	3505
177	27	3505
27	33	4598
33	27	4598
27	50	2785
50	27	2785
27	82	2655
82	27	2655
27	58	3528
58	27	3529
27	85	4711
85	27	4712
27	129	2393
129	27	2394
27	148	1059
148	27	1059
27	32	3726
32	27	3727
27	102	4144
102	27	4145
27	118	1494
118	27	1495
27	183	4943
183	27	4944
27	91	4253
91	27	4254
27	36	466
36	27	467
27	40	119
40	27	119
28	143	4397
143	28	4398
28	191	160
191	28	161
28	169	4868
169	28	4868
28	116	3645
116	28	3645
28	117	740
117	28	740
28	98	3766
98	28	3767
28	147	1467
147	28	1467
28	93	2379
93	28	2380
28	112	370
112	28	370
28	84	4299
84	28	4299
28	154	1153
154	28	1154
28	56	2650
56	28	2651
28	108	609
108	28	609
28	194	4425
194	28	4426
29	56	590
56	29	590
29	151	4468
151	29	4469
29	60	2050
60	29	2050
29	89	1875
89	29	1876
29	200	1159
200	29	1159
29	31	2305
31	29	2305
29	92	4956
92	29	4957
29	59	4218
59	29	4218
29	163	3053
163	29	3054
29	169	4525
169	29	4526
29	51	4324
51	29	4325
29	96	2846
96	29	2846
29	75	3796
75	29	3797
29	101	3889
101	29	3890
29	73	2834
73	29	2835
29	91	1398
91	29	1399
29	65	1391
65	29	1392
30	79	4592
79	30	4592
30	118	1742
118	30	1743
30	194	4221
194	30	4222
30	103	2343
103	30	2344
30	100	4172
100	30	4172
30	115	4946
115	30	4946
30	59	4651
59	30	4652
30	108	4662
108	30	4662
30	107	132
107	30	133
30	185	4359
185	30	4359
30	41	4100
41	30	4101
31	112	1864
112	31	1864
31	35	2538
35	31	2539
31	90	1309
90	31	1310
31	67	2176
67	31	2176
31	86	2252
86	31	2252
31	63	1481
63	31	1481
31	40	2821
40	31	2822
31	160	4238
160	31	4238
31	64	4660
64	31	4661
31	166	2651
166	31	2651
32	139	4424
139	32	4425
32	147	3411
147	32	3411
32	96	4951
96	32	4951
32	98	3698
98	32	3699
32	154	2749
154	32	2750
32	134	1837
134	32	1838
32	55	4785
55	32	4785
32	52	4146
52	32	4146
32	122	4578
122	32	4578
32	37	1104
37	32	1105
32	118	4529
118	32	4529
32	83	2647
83	32	2648
32	84	1201
84	32	1201
32	36	1942
36	32	1943
32	177	3148
177	32	3149
32	181	4393
181	32	4394
33	163	3846
163	33	3846
33	177	2049
177	33	2049
33	73	3361
73	33	3361
33	79	4237
79	33	4237
33	141	3151
141	33	3152
33	133	2450
133	33	2450
33	50	1439
50	33	1439
33	140	4959
140	33	4959
33	187	3535
187	33	3535
33	78	4501
78	33	4502
33	75	1725
75	33	1725
33	120	4917
120	33	4917
33	88	4795
88	33	4796
33	108	2026
108	33	2027
33	116	2995
116	33	2996
33	164	3631
164	33	3632
34	38	1387
38	34	1388
34	193	4515
193	34	4516
34	167	1210
167	34	1210
34	117	4704
117	34	4704
34	124	2412
124	34	2412
34	45	2582
45	34	2582
34	180	4028
180	34	4029
34	161	3277
161	34	3277
34	104	3827
104	34	3827
34	138	4364
138	34	4365
34	133	4710
133	34	4711
34	87	3952
87	34	3952
34	156	4933
156	34	4934
34	48	4863
48	34	4864
34	82	2614
82	34	2615
34	71	4051
71	34	4052
35	153	4925
153	35	4926
35	45	1135
45	35	1136
35	145	4092
145	35	4093
35	108	3262
108	35	3262
35	42	3779
42	35	3779
35	137	2090
137	35	2090
35	90	4085
90	35	4086
35	142	1846
142	35	1846
35	144	2924
144	35	2925
35	52	728
52	35	728
35	95	4377
95	35	4377
35	117	3981
117	35	3981
35	53	4418
53	35	4418
35	109	206
109	35	206
35	57	4887
57	35	4887
36	87	4794
87	36	4795
36	120	537
120	36	538
36	61	4500
61	36	4500
36	170	4711
170	36	4711
36	114	2438
114	36	2438
36	78	284
78	36	285
36	80	4622
80	36	4622
36	51	4826
51	36	4826
36	52	2751
52	36	2752
36	70	231
70	36	231
36	91	2480
91	36	2481
36	125	773
125	36	774
37	64	3980
64	37	3980
37	165	4941
165	37	4941
37	146	2826
146	37	2826
37	87	4702
87	37	4702
37	116	1955
116	37	1955
37	65	4717
65	37	4718
37	106	3910
106	37	3911
37	53	4545
53	37	4545
37	131	398
131	37	399
37	96	3552
96	37	3553
37	61	4354
61	37	4354
38	39	1136
39	38	1137
38	78	2181
78	38	2182
38	108	476
108	38	476
38	86	1394
86	38	1395
38	68	1018
68	38	1019
38	156	1995
156	38	1995
38	193	3660
193	38	3660
38	122	3873
122	38	3873
38	197	541
197	38	542
38	103	4758
103	38	4758
38	43	4480
43	38	4481
38	185	4640
185	38	4641
38	102	4446
102	38	4447
39	141	2861
141	39	2861
39	138	2821
138	39	2821
39	66	1005
66	39	1006
39	67	4343
67	39	4344
39	199	1846
199	39	1847
39	139	594
139	39	595
39	125	4967
125	39	4968
39	90	2511
90	39	2511
39	135	816
135	39	816
39	44	2395
44	39	2395
39	58	3301
58	39	3302
39	163	493
163	39	493
40	141	1581
141	40	1582
40	97	4869
97	40	4870
40	116	1779
116	40	1779
40	100	260
100	40	261
40	104	4613
104	40	4613
40	114	538
114	40	539
40	58	4192
58	40	4193
40	81	3207
81	40	3207
40	126	4535
126	40	4536
40	111	4236
111	40	4237
40	48	4810
48	40	4810
40	112	2159
112	40	2159
40	181	4347
181	40	4348
41	78	2515
78	41	2515
41	50	2115
50	41	2116
41	118	298
118	41	298
41	129	4775
129	41	4776
41	57	3913
57	41	3913
41	139	4436
139	41	4436
41	145	1620
145	41	1620
41	136	3824
136	41	3824
41	71	3654
71	41	3655
41	167	4596
167	41	4596
41	73	4714
73	41	4715
41	177	1463
177	41	1464
41	85	4617
85	41	4617
41	134	4491
134	41	4492
42	76	3596
76	42	3597
42	143	1455
143	42	1456
42	132	99
132	42	99
42	139	690
139	42	691
42	170	1681
170	42	1682
42	81	3534
81	42	3535
42	174	2040
174	42	2040
42	92	3369
92	42	3370
42	93	3869
93	42	3869
42	94	3364
94	42	3365
43	106	4096
106	43	4096
43	66	490
66	43	491
43	146	1008
146	43	1008
43	150	1067
150	43	1068
43	79	4594
79	43	4595
43	45	4608
45	43	4609
43	63	3870
63	43	3870
43	109	3905
109	43	3906
43	197	4424
197	43	4425
43	60	2444
60	43	2444
43	65	3973
65	43	3974
43	103	4120
103	43	4120
43	76	4279
76	43	4279
43	55	2509
55	43	2509
43	84	2871
84	43	2871
43	145	2194
145	43	2195
44	171	4101
171	44	4101
44	197	2810
197	44	2811
44	118	4475
118	44	4476
44	128	3230
128	44	3231
44	189	4272
189	44	4273
44	148	3071
148	44	3071
44	104	4778
104	44	4779
44	60	4046
60	44	4046
44	50	3545
50	44	3545
44	158	4468
158	44	4468
44	155	1990
155	44	1991
44	126	4016
126	44	4017
45	63	2915
63	45	2915
45	144	4146
144	45	4147
45	65	4949
65	45	4949
45	111	4704
111	45	4704
45	67	3665
67	45	3666
45	86	804
86	45	804
45	175	3641
175	45	3641
45	87	3528
87	45	3529
45	169	4659
169	45	4659
45	104	2431
104	45	2432
45	141	1295
141	45	1295
45	130	1964
130	45	1965
46	93	2118
93	46	2119
46	63	4588
63	46	4589
46	194	3777
194	46	3777
46	148	2293
148	46	2294
46	105	1455
105	46	1456
46	133	4795
133	46	4796
46	170	185
170	46	185
46	123	4041
123	46	4041
46	83	1388
83	46	1389
46	128	1616
128	46	1617
46	159	1391
159	46	1391
46	187	845
187	46	845
46	67	2444
67	46	2444
46	101	2987
101	46	2988
47	50	1397
50	47	1398
47	118	2738
118	47	2739
47	90	1616
90	47	1617
47	103	4667
103	47	4668
47	121	1118
121	47	1118
47	54	3639
54	47	3640
47	65	4597
65	47	4598
47	62	4408
62	47	4409
47	80	2160
80	47	2160
47	122	3868
122	47	3869
47	79	2043
79	47	2044
47	141	3579
141	47	3579
47	178	3823
178	47	3824
47	169	1025
169	47	1025
47	73	4793
73	47	4793
47	97	1908
97	47	1909
47	125	4077
125	47	4077
48	109	4442
109	48	4442
48	135	3865
135	48	3866
48	124	2510
124	48	2511
48	96	3578
96	48	3578
48	62	3758
62	48	3759
48	49	4381
49	48	4382
48	77	4058
77	48	4059
48	165	3510
165	48	3510
48	117	4826
117	48	4826
48	50	4032
50	48	4032
48	82	1970
82	48	1971
48	126	4371
126	48	4372
48	166	1704
166	48	1704
49	79	4968
79	49	4969
49	57	4744
57	49	4744
49	171	2669
171	49	2670
49	98	611
98	49	611
49	60	1455
60	49	1456
49	146	4206
146	49	4207
49	158	2169
158	49	2169
49	56	2599
56	49	2600
49	51	3781
51	49	3781
49	145	4012
145	49	4012
49	83	3829
83	49	3830
49	163	3796
163	49	3797
50	125	3788
125	50	3789
50	132	2251
132	50	2252
50	112	319
112	50	319
50	163	2101
163	50	2101
51	99	4905
99	51	4905
51	151	4744
151	51	4745
51	131	4411
131	51	4411
51	52	1375
52	51	1376
51	107	3149
107	51	3149
51	70	1344
70	51	1345
51	150	1687
150	51	1688
51	115	4097
115	51	4098
51	168	2392
168	51	2393
51	112	4918
112	51	4919
51	71	4156
71	51	4157
51	64	1836
64	51	1837
51	174	4103
174	51	4103
51	109	1148
109	51	1148
52	168	1292
168	52	1292
52	147	1933
147	52	1933
52	133	4097
133	52	4097
52	71	4081
71	52	4082
52	126	4977
126	52	4977
52	144	3792
144	52	3793
52	92	4546
92	52	4546
52	131	2531
131	52	2532
52	130	2779
130	52	2780
53	62	2400
62	53	2400
53	59	4413
59	53	4413
53	135	4092
135	53	4092
53	119	3519
119	53	3520
53	166	4677
166	53	4678
53	159	1528
159	53	1529
53	126	2600
126	53	2600
53	58	2713
58	53	2713
53	150	4774
150	53	4775
53	109	3500
109	53	3500
53	91	1530
91	53	1530
54	90	1286
90	54	1286
54	127	2749
127	54	2749
54	156	2157
156	54	2158
54	172	4390
172	54	4391
54	181	4017
181	54	4018
54	122	3777
122	54	3778
54	130	187
130	54	188
54	61	4071
61	54	4071
54	98	232
98	54	233
54	189	4200
189	54	4201
54	80	3763
80	54	3764
54	106	1563
106	54	1563
54	93	4210
93	54	4210
55	84	4870
84	55	4870
55	125	4094
125	55	4095
55	181	2687
181	55	2687
55	189	2589
189	55	2589
55	74	4780
74	55	4780
55	61	2622
61	55	2622
55	148	4274
148	55	4275
55	186	1963
186	55	1963
55	122	3534
122	55	3535
55	88	3956
88	55	3956
56	132	1197
132	56	1198
56	149	3643
149	56	3644
56	156	4842
156	56	4842
56	186	1009
186	56	1010
56	87	3565
87	56	3565
56	163	1247
163	56	1247
56	61	4999
61	56	5000
56	65	2086
65	56	2087
56	73	401
73	56	402
56	146	4715
146	56	4716
56	119	3286
119	56	3286
57	70	1470
70	57	1470
57	62	2666
62	57	2666
57	105	4368
105	57	4369
57	80	1907
80	57	1908
57	124	2056
124	57	2057
57	97	3725
97	57	3725
57	139	4621
139	57	4621
57	189	778
189	57	779
57	102	115
102	57	115
57	166	4510
166	57	4511
58	124	3589
124	58	3590
58	178	4945
178	58	4945
58	181	4949
181	58	4949
58	66	4180
66	58	4181
58	146	2966
146	58	2966
58	116	2829
116	58	2830
58	93	2827
93	58	2827
58	59	2500
59	58	2500
58	75	4938
75	58	4938
58	148	2944
148	58	2945
58	103	3595
103	58	3595
58	86	3974
86	58	3975
59	105	4382
105	59	4383
59	144	457
144	59	457
59	148	4660
148	59	4660
59	89	2294
89	59	2295
59	90	4257
90	59	4258
59	171	3940
171	59	3940
59	80	4633
80	59	4634
59	132	4324
132	59	4324
59	147	3665
147	59	3666
59	98	4774
98	59	4774
59	84	2682
84	59	2683
60	98	3777
98	60	3778
60	73	3954
73	60	3955
60	173	4922
173	60	4922
60	127	3015
127	60	3016
60	180	4310
180	60	4310
60	177	3805
177	60	3806
60	114	2943
114	60	2943
60	76	3866
76	60	3866
60	185	453
185	60	453
60	157	4782
157	60	4782
60	83	1504
83	60	1504
60	104	4350
104	60	4350
60	132	2852
132	60	2852
60	88	4657
88	60	4657
60	119	1377
119	60	1378
61	108	4908
108	61	4909
61	103	1018
103	61	1019
61	80	4137
80	61	4138
61	91	4273
91	61	4273
61	147	4324
147	61	4325
61	98	2759
98	61	2759
61	89	4134
89	61	4134
61	69	4824
69	61	4825
61	135	3591
135	61	3591
61	149	4348
149	61	4348
61	96	997
96	61	997
61	125	2587
125	61	2587
61	68	1342
68	61	1343
62	98	4921
98	62	4921
62	144	986
144	62	987
62	65	2879
65	62	2880
62	82	2238
82	62	2238
62	143	4355
143	62	4355
62	120	4440
120	62	4440
62	197	242
197	62	243
62	117	1217
117	62	1218
62	108	2167
108	62	2168
62	112	3878
112	62	3879
62	110	4943
110	62	4943
63	105	3254
105	63	3254
63	138	1146
138	63	1147
63	161	3298
161	63	3298
63	176	4407
176	63	4408
63	102	412
102	63	412
63	162	2962
162	63	2963
63	78	4118
78	63	4118
63	79	2375
79	63	2375
63	172	4905
172	63	4905
63	87	4664
87	63	4664
63	111	1258
111	63	1259
63	81	4441
81	63	4442
64	175	820
175	64	820
64	170	4404
170	64	4405
64	74	4860
74	64	4860
64	166	4972
166	64	4972
64	167	4854
167	64	4855
64	120	4632
120	64	4633
64	87	863
87	64	863
64	119	3777
119	64	3777
64	77	2026
77	64	2026
64	107	4958
107	64	4959
65	163	4437
163	65	4437
65	113	602
113	65	603
65	167	2275
167	65	2276
65	178	138
178	65	138
65	87	2322
87	65	2322
65	170	348
170	65	348
65	105	2494
105	65	2495
66	86	4268
86	66	4268
66	142	4020
142	66	4021
66	106	1691
106	66	1692
66	166	3103
166	66	3104
67	148	1434
148	67	1434
67	123	4369
123	67	4370
67	136	3413
136	67	3414
67	110	1326
110	67	1327
67	132	4797
132	67	4798
67	87	1043
87	67	1044
67	71	586
71	67	587
67	133	3252
133	67	3252
67	85	4515
85	67	4516
67	83	1020
83	67	1021
68	102	1702
102	68	1702
68	76	3864
76	68	3864
68	131	604
131	68	605
68	97	3218
97	68	3219
68	155	3968
155	68	3968
68	88	980
88	68	980
68	109	3226
109	68	3227
68	137	3784
137	68	3785
68	94	4424
94	68	4425
68	113	1910
113	68	1910
68	103	4457
103	68	4458
68	81	2005
81	68	2006
69	81	1581
81	69	1581
69	153	4770
153	69	4771
69	99	1671
99	69	1671
69	142	3419
142	69	3420
69	137	3837
137	69	3837
69	151	2959
151	69	2959
69	134	1358
134	69	1358
69	106	3845
106	69	3845
69	162	3811
162	69	3812
69	154	4990
154	69	4991
69	98	4364
98	69	4365
69	90	4181
90	69	4182
70	72	3277
72	70	3278
70	186	4182
186	70	4183
70	97	4284
97	70	4284
70	176	3467
176	70	3467
70	88	3684
88	70	3684
70	165	3175
165	70	3175
70	162	2598
162	70	2598
70	148	3969
148	70	3969
70	145	4912
145	70	4913
70	143	3885
143	70	3885
70	101	1508
101	70	1508
70	80	4406
80	70	4406
71	175	4068
175	71	4068
71	166	4097
166	71	4097
71	167	2616
167	71	2617
71	89	2207
89	71	2207
71	138	4716
138	71	4717
71	135	2419
135	71	2419
71	173	3393
173	71	3393
71	128	4936
128	71	4936
71	73	2989
73	71	2990
71	91	3608
91	71	3608
71	90	2835
90	71	2835
72	156	2097
156	72	2097
72	75	4019
75	72	4020
72	159	3863
159	72	3864
72	89	4200
89	72	4201
72	92	4565
92	72	4566
72	134	1535
134	72	1536
72	112	4613
112	72	4614
72	180	3571
180	72	3571
72	85	3193
85	72	3193
72	102	3572
102	72	3573
72	148	2235
148	72	2235
72	84	4690
84	72	4690
72	109	682
109	72	682
73	96	4030
96	73	4030
73	144	3527
144	73	3528
73	181	4645
181	73	4645
73	125	3625
125	73	3625
73	83	2562
83	73	2562
73	147	4288
147	73	4288
73	159	4040
159	73	4041
73	141	3881
141	73	3881
73	95	4844
95	73	4844
73	156	4089
156	73	4090
73	84	271
84	73	272
74	128	972
128	74	972
74	116	2551
116	74	2551
74	162	4880
162	74	4881
74	159	4228
159	74	4228
74	170	4040
170	74	4041
74	157	4698
157	74	4699
74	143	4196
143	74	4196
74	90	3509
90	74	3510
74	174	2376
174	74	2376
74	127	4478
127	74	4478
75	99	2831
99	75	2832
75	180	1485
180	75	1485
75	161	1533
161	75	1533
75	96	2447
96	75	2448
75	127	3737
127	75	3737
75	138	4597
138	75	4598
75	88	594
88	75	595
75	112	4262
112	75	4263
75	122	4766
122	75	4766
75	91	4441
91	75	4442
75	111	1442
111	75	1442
75	131	3667
131	75	3667
76	111	4410
111	76	4411
76	173	1525
173	76	1525
76	124	2276
124	76	2277
76	139	2311
139	76	2311
76	86	3627
86	76	3628
76	164	4370
164	76	4370
76	92	3130
92	76	3130
76	102	4028
102	76	4028
76	187	2908
187	76	2909
77	120	3707
120	77	3708
77	133	2952
133	77	2953
77	82	4237
82	77	4238
77	166	3946
166	77	3946
77	174	4966
174	77	4966
77	176	4382
176	77	4382
77	151	4518
151	77	4518
77	111	1289
111	77	1289
77	98	4345
98	77	4345
77	99	1102
99	77	1103
77	178	3633
178	77	3633
77	109	2857
109	77	2857
78	137	3552
137	78	3552
78	98	3048
98	78	3049
78	112	4369
112	78	4369
78	83	758
83	78	758
78	138	3174
138	78	3175
78	123	1205
123	78	1205
78	174	1810
174	78	1811
78	197	3626
197	78	3626
78	86	2934
86	78	2934
79	141	1121
141	79	1122
79	126	2116
126	79	2116
79	116	3146
116	79	3146
79	89	2989
89	79	2989
79	149	1322
149	79	1322
79	86	1172
86	79	1173
80	86	4636
86	80	4637
80	145	4699
145	80	4699
80	139	4222
139	80	4223
80	94	1000
94	80	1000
80	85	538
85	80	538
80	163	4271
163	80	4272
80	134	3495
134	80	3495
80	88	4816
88	80	4816
80	176	3983
176	80	3984
80	99	4503
99	80	4503
81	158	4719
158	81	4720
81	185	3107
185	81	3107
81	130	2631
130	81	2632
81	178	3951
178	81	3952
81	170	4382
170	81	4382
81	91	4213
91	81	4214
81	164	330
164	81	330
81	110	4523
110	81	4523
81	100	2868
100	81	2868
81	168	2266
168	81	2266
81	133	4471
133	81	4472
81	173	3131
173	81	3131
81	139	4285
139	81	4285
82	197	2032
197	82	2032
82	137	2130
137	82	2130
82	166	4674
166	82	4674
82	177	991
177	82	991
82	185	4233
185	82	4233
82	117	4943
117	82	4944
82	169	4749
169	82	4749
82	116	1232
116	82	1232
82	107	4200
107	82	4201
82	138	2808
138	82	2809
82	128	495
128	82	496
83	101	1182
101	83	1182
83	113	3784
113	83	3784
83	142	3775
142	83	3775
83	95	1830
95	83	1831
83	109	4220
109	83	4221
83	128	3813
128	83	3813
83	174	1849
174	83	1850
84	113	4676
113	84	4677
84	128	3473
128	84	3473
84	180	3038
180	84	3038
84	146	4551
146	84	4551
84	170	157
170	84	157
84	155	2018
155	84	2018
84	136	2647
136	84	2647
84	156	1962
156	84	1963
84	144	4598
144	84	4599
84	127	2762
127	84	2762
85	143	3639
143	85	3640
85	110	4921
110	85	4922
85	151	4697
151	85	4698
85	92	2344
92	85	2344
85	114	3805
114	85	3805
85	97	2535
97	85	2535
85	130	1987
130	85	1987
85	126	2449
126	85	2449
87	149	3933
149	87	3934
87	122	3412
122	87	3413
87	159	4009
159	87	4010
87	134	3335
134	87	3335
88	128	4359
128	88	4360
88	101	4641
101	88	4641
88	167	4179
167	88	4180
88	143	333
143	88	334
88	151	3613
151	88	3613
88	158	3226
158	88	3226
88	133	3863
133	88	3863
88	124	3724
124	88	3724
89	110	4486
110	89	4486
89	185	4956
185	89	4956
89	119	4811
119	89	4812
89	156	1093
156	89	1093
89	162	4433
162	89	4433
89	105	4354
105	89	4354
89	158	4967
158	89	4968
89	152	2904
152	89	2904
90	112	4046
112	90	4046
90	187	2208
187	90	2208
90	95	3434
95	90	3434
90	151	4471
151	90	4471
91	171	3840
171	91	3840
91	166	2555
166	91	2555
91	102	3134
102	91	3134
91	111	607
111	91	607
91	139	2437
139	91	2437
91	110	2560
110	91	2560
91	178	4216
178	91	4216
91	129	4898
129	91	4899
92	156	2340
156	92	2340
92	161	3713
161	92	3713
92	109	2246
109	92	2247
92	117	3205
117	92	3205
92	100	59
100	92	59
92	170	3231
170	92	3231
92	131	3185
131	92	3186
92	177	2325
177	92	2326
92	96	278
96	92	278
93	180	641
180	93	642
93	156	4155
156	93	4155
93	125	3948
125	93	3948
93	178	3399
178	93	3399
93	139	1647
139	93	1648
93	102	4198
102	93	4198
93	97	3119
97	93	3120
93	169	3571
169	93	3571
94	160	4215
160	94	4215
94	132	4568
132	94	4568
94	146	2388
146	94	2389
94	158	2860
158	94	2861
94	157	2316
157	94	2317
94	177	4805
177	94	4806
94	165	2182
165	94	2183
94	149	1840
149	94	1841
94	154	873
154	94	873
94	164	3891
164	94	3892
94	180	2346
180	94	2347
94	131	2880
131	94	2880
94	170	4559
170	94	4559
94	115	4928
115	94	4929
94	156	4315
156	94	4315
95	160	4285
160	95	4285
95	126	1813
126	95	1813
95	140	3784
140	95	3785
95	146	4026
146	95	4027
95	123	1604
123	95	1604
95	162	1945
162	95	1946
95	111	4581
111	95	4581
95	130	3099
130	95	3099
95	99	1639
99	95	1640
95	159	601
159	95	602
95	100	452
100	95	452
96	129	4919
129	96	4920
96	177	3807
177	96	3807
96	110	657
110	96	658
96	153	4612
153	96	4613
96	172	4917
172	96	4917
96	132	2739
132	96	2740
96	150	2103
150	96	2104
96	160	2858
160	96	2859
96	136	3009
136	96	3010
96	165	4812
165	96	4812
97	104	1790
104	97	1791
97	144	4458
144	97	4459
97	127	1588
127	97	1588
97	132	2920
132	97	2921
97	107	852
107	97	852
97	113	211
113	97	211
97	99	2475
99	97	2476
97	115	1464
115	97	1464
97	154	4356
154	97	4356
97	135	774
135	97	775
98	119	4266
119	98	4267
98	187	4952
187	98	4952
98	123	3592
123	98	3592
98	151	376
151	98	377
99	137	4993
137	99	4994
99	113	4386
113	99	4386
99	114	2765
114	99	2765
99	177	1318
177	99	1318
99	101	4078
101	99	4078
99	115	2878
115	99	2879
99	168	3127
168	99	3127
99	132	4801
132	99	4802
99	146	4096
146	99	4096
100	140	3219
140	100	3220
100	130	772
130	100	773
100	147	3142
147	100	3142
100	188	1629
188	100	1630
100	163	2278
163	100	2279
100	117	1987
117	100	1987
100	141	894
141	100	895
100	180	3318
180	100	3318
100	127	1931
127	100	1932
101	128	4343
128	101	4343
101	157	2642
157	101	2642
101	122	2868
122	101	2868
102	188	999
188	102	1000
102	157	2855
157	102	2855
104	136	3856
136	104	3856
104	153	4148
153	104	4149
104	157	3192
157	104	3192
104	145	1672
145	104	1672
104	135	3552
135	104	3552
104	168	2182
168	104	2183
105	122	4658
122	105	4659
105	135	1579
135	105	1579
107	123	3323
123	107	3323
107	132	4103
132	107	4103
107	168	4076
168	107	4076
109	145	1736
145	109	1737
110	121	4071
121	110	4071
110	150	4786
150	110	4787
110	155	977
155	110	977
111	151	764
151	111	765
111	178	4486
178	111	4486
113	131	4588
131	113	4589
113	179	2537
179	113	2538
113	146	2493
146	113	2493
113	151	4178
151	113	4179
114	169	1395
169	114	1395
114	131	3403
131	114	3403
114	143	4115
143	114	4116
114	146	3974
146	114	3974
114	187	3662
187	114	3663
114	157	3246
157	114	3247
114	197	3938
197	114	3938
115	153	2329
153	115	2329
115	172	3514
172	115	3515
115	160	4093
160	115	4094
115	161	492
161	115	493
115	138	3981
138	115	3982
115	156	3802
156	115	3803
119	131	578
131	119	578
119	174	4458
174	119	4458
119	153	4383
153	119	4384
119	120	407
120	119	407
119	142	1025
142	119	1025
121	141	4448
141	121	4448
121	173	4142
173	121	4142
121	132	1610
132	121	1610
121	135	3858
135	121	3859
121	156	4886
156	121	4887
122	127	4242
127	122	4243
122	149	1133
149	122	1133
122	171	3101
171	122	3102
122	139	4537
139	122	4537
123	155	3538
155	123	3539
123	174	2642
174	123	2643
123	136	1343
136	123	1343
123	158	3459
158	123	3459
123	154	2274
154	123	2275
123	137	3025
137	123	3026
124	149	1556
149	124	1556
124	177	3621
177	124	3622
124	143	2392
143	124	2392
124	166	4103
166	124	4103
127	142	85
142	127	86
127	168	4376
168	127	4376
129	143	4777
143	129	4778
129	153	2095
153	129	2095
129	142	3362
142	129	3363
129	169	1172
169	129	1173
129	136	3292
136	129	3293
134	141	3727
141	134	3727
134	136	4959
136	134	4959
135	174	4668
174	135	4668
135	155	4921
155	135	4921
136	175	3944
175	136	3945
138	166	4084
166	138	4085
139	168	4107
168	139	4108
139	155	3637
155	139	3638
140	164	3903
164	140	3904
140	141	4235
141	140	4235
140	155	366
155	140	367
140	174	524
174	140	524
140	150	3444
150	140	3445
140	157	2281
157	140	2282
140	161	4400
161	140	4400
142	153	2285
153	142	2285
142	164	1596
164	142	1596
142	158	4035
158	142	4035
142	179	3889
179	142	3890
142	171	1537
171	142	1537
142	176	3463
176	142	3463
147	164	1518
164	147	1519
147	172	4093
172	147	4094
147	149	2467
149	147	2468
149	176	1107
176	149	1107
149	172	87
172	149	88
150	151	2525
151	150	2526
151	176	1612
176	151	1613
152	197	4593
197	152	4594
152	178	98
178	152	99
152	153	3030
153	152	3031
152	154	2039
154	152	2039
152	165	2970
165	152	2971
152	157	4261
157	152	4261
152	167	4796
167	152	4797
152	180	2204
180	152	2205
152	179	4529
179	152	4529
152	155	213
155	152	213
154	160	393
160	154	394
154	178	3829
178	154	3830
158	173	4465
173	158	4465
158	171	2601
171	158	2601
158	164	4401
164	158	4401
161	167	4749
167	161	4749
165	173	2619
173	165	2619
165	178	1454
178	165	1454
165	174	666
174	165	667
165	171	85
171	165	85
165	172	4443
172	165	4443
165	180	2333
180	165	2333
165	179	1057
179	165	1058
167	179	1067
179	167	1068
171	179	4053
179	171	4054
171	180	4170
180	171	4170
171	176	4864
176	171	4865
172	179	4046
179	172	4047
173	178	1422
178	173	1423
173	176	1295
176	173	1295
173	175	2538
175	173	2538
173	174	4563
174	173	4564
174	175	2566
175	174	2566
174	178	2222
178	174	2222
175	176	3671
176	175	3671
175	179	4860
179	175	4860
175	178	1093
178	175	1094
176	179	4935
179	176	4935
