200	2802
2	2
2	2
5	5
3	3
4	4
2	2
2	2
4	4
4	4
5	5
3	3
4	4
5	5
2	2
2	2
4	4
4	4
2	2
3	3
2	2
3	3
4	4
4	4
5	5
5	5
4	4
2	2
4	4
3	3
4	4
5	5
5	5
3	3
2	2
4	4
3	3
4	4
5	5
5	5
3	3
2	2
5	5
4	4
5	5
4	4
2	2
4	4
5	5
3	3
3	3
5	5
3	3
2	2
3	3
3	3
2	2
3	3
5	5
5	5
2	2
5	5
4	4
4	4
3	3
5	5
3	3
3	3
2	2
5	5
2	2
4	4
3	3
3	3
5	5
4	4
3	3
5	5
2	2
5	5
5	5
5	5
2	2
2	2
4	4
5	5
4	4
4	4
4	4
5	5
5	5
2	2
3	3
3	3
4	4
4	4
5	5
3	3
5	5
3	3
3	3
4	4
3	3
3	3
2	2
2	2
4	4
5	5
2	2
4	4
3	3
5	5
4	4
4	4
5	5
4	4
5	5
2	2
2	2
4	4
2	2
2	2
3	3
2	2
3	3
2	2
4	4
5	5
2	2
2	2
3	3
5	5
4	4
2	2
4	4
3	3
3	3
3	3
2	2
4	4
5	5
4	4
5	5
4	4
2	2
5	5
3	3
2	2
4	4
3	3
3	3
3	3
5	5
2	2
2	2
3	3
4	4
2	2
4	4
4	4
5	5
2	2
3	3
3	3
2	2
2	2
5	5
3	3
2	2
5	5
3	3
2	2
5	5
2	2
2	2
2	2
3	3
3	3
2	2
5	5
3	3
3	3
3	3
5	5
5	5
4	4
2	2
4	4
5	5
3	3
5	5
3	3
4	4
4	4
5	5
5	5
3	3
5	5
4	4
3	3
5	5
1	62	3230
62	1	3231
1	158	3068
158	1	3068
1	14	4770
14	1	4770
1	101	934
101	1	935
1	49	1980
49	1	1981
1	63	4919
63	1	4919
1	75	4729
75	1	4729
1	57	1691
57	1	1691
1	175	4891
175	1	4892
1	29	3009
29	1	3009
1	118	1902
118	1	1902
1	109	1113
109	1	1113
1	26	4059
26	1	4060
1	121	4274
121	1	4275
1	166	2053
166	1	2054
1	8	2071
8	1	2071
1	104	323
104	1	323
1	31	2378
31	1	2379
1	13	4764
13	1	4764
1	171	4828
171	1	4828
2	69	4984
69	2	4985
2	84	3076
84	2	3076
2	42	4702
42	2	4702
2	125	4184
125	2	4184
2	173	2964
173	2	2964
2	191	4627
191	2	4628
2	197	4157
197	2	4158
2	58	859
58	2	860
2	6	1649
6	2	1649
2	81	975
81	2	976
2	77	3918
77	2	3919
2	155	2285
155	2	2286
2	179	4046
179	2	4046
2	195	4382
195	2	4383
2	52	600
52	2	600
2	171	4577
171	2	4577
2	60	4026
60	2	4026
2	123	2026
123	2	2026
2	83	3945
83	2	3946
2	73	4705
73	2	4705
3	125	3907
125	3	3907
3	143	3727
143	3	3727
3	33	2603
33	3	2603
3	96	2464
96	3	2465
3	44	2944
44	3	2944
3	190	340
190	3	340
3	15	4469
15	3	4469
3	73	1260
73	3	1261
3	177	2871
177	3	2872
3	185	4042
185	3	4042
3	110	1153
110	3	1153
3	176	2904
176	3	2905
3	36	3710
36	3	3710
3	22	4595
22	3	4595
3	105	4375
105	3	4376
3	131	4913
131	3	4913
3	45	182
45	3	183
3	167	803
167	3	803
3	101	1772
101	3	1772
3	179	4071
179	3	4071
4	33	4223
33	4	4224
4	184	4704
184	4	4705
4	28	3877
28	4	3878
4	187	3832
187	4	3832
4	103	4009
103	4	4009
4	82	4592
82	4	4593
4	58	3613
58	4	3614
4	32	3813
32	4	3814
4	71	4118
71	4	4119
4	166	3828
166	4	3828
4	76	4162
76	4	4162
4	19	2660
19	4	2660
4	5	4873
5	4	4874
4	141	2598
141	4	2598
4	188	3820
188	4	3821
4	52	3979
52	4	3980
4	31	4247
31	4	4248
4	156	4807
156	4	4808
4	25	3783
25	4	3783
4	151	1998
151	4	1998
5	96	2990
96	5	2991
5	152	1366
152	5	1366
5	32	1816
32	5	1817
5	122	4381
122	5	4381
5	115	3484
115	5	3485
5	42	4580
42	5	4580
5	89	4294
89	5	4294
5	159	4134
159	5	4135
5	15	3423
15	5	3423
5	160	256
160	5	257
5	179	4678
179	5	4679
5	114	3835
114	5	3836
5	38	3340
38	5	3341
5	62	625
62	5	626
5	176	3560
176	5	3560
5	172	4695
172	5	4696
5	46	4896
46	5	4896
5	144	1648
144	5	1648
5	141	1704
141	5	1704
6	177	2497
177	6	2497
6	19	4222
19	6	4222
6	131	4920
131	6	4920
6	136	795
136	6	795
6	166	3481
166	6	3481
6	59	4346
59	6	4347
6	48	4695
48	6	4695
6	61	4465
61	6	4466
6	112	4803
112	6	4803
6	45	4489
45	6	4490
6	13	3113
13	6	3114
6	156	1745
156	6	1746
6	130	4448
130	6	4448
6	167	4219
167	6	4220
6	39	4372
39	6	4372
6	168	4492
168	6	4492
6	188	4670
188	6	4671
6	190	1642
190	6	1643
6	132	4450
132	6	4450
7	93	3078
93	7	3079
7	88	2723
88	7	2723
7	104	4735
104	7	4736
7	87	1172
87	7	1172
7	76	343
76	7	344
7	82	3411
82	7	3411
7	86	4642
86	7	4642
7	57	2492
57	7	2493
7	26	317
26	7	318
7	34	4237
34	7	4238
7	198	4621
198	7	4622
7	134	1296
134	7	1296
7	135	2533
135	7	2533
7	81	3405
81	7	3406
7	195	2580
195	7	2581
7	111	4667
111	7	4667
7	182	3934
182	7	3935
7	85	1787
85	7	1787
7	151	2435
151	7	2436
7	118	330
118	7	331
8	76	3004
76	8	3004
8	147	1856
147	8	1856
8	158	99
158	8	100
8	48	3603
48	8	3603
8	191	4564
191	8	4565
8	163	2094
163	8	2094
8	130	3269
130	8	3270
8	19	3960
19	8	3960
8	182	1326
182	8	1327
8	39	3070
39	8	3070
8	197	4609
197	8	4609
8	93	2927
93	8	2928
8	138	932
138	8	932
8	25	2821
25	8	2822
8	32	4112
32	8	4113
8	63	4775
63	8	4775
8	75	3507
75	8	3507
8	79	4528
79	8	4528
8	121	2068
121	8	2069
9	28	2720
28	9	2721
9	175	230
175	9	231
9	187	4825
187	9	4826
9	169	3829
169	9	3830
9	109	4163
109	9	4163
9	131	4629
131	9	4629
9	116	4514
116	9	4515
9	196	3463
196	9	3464
9	43	4615
43	9	4616
9	12	3766
12	9	3766
9	32	1264
32	9	1265
9	92	4125
92	9	4126
9	195	2486
195	9	2487
9	13	4724
13	9	4724
9	62	4589
62	9	4589
9	56	2334
56	9	2335
9	158	2555
158	9	2556
9	153	3669
153	9	3669
9	11	2993
11	9	2994
9	115	1258
115	9	1258
10	150	4440
150	10	4441
10	72	1244
72	10	1244
10	97	3948
97	10	3948
10	75	3413
75	10	3413
10	171	609
171	10	609
10	168	4608
168	10	4609
10	178	3325
178	10	3326
10	98	4430
98	10	4431
10	107	1051
107	10	1051
10	196	4921
196	10	4921
10	194	2984
194	10	2985
10	49	738
49	10	738
10	180	4837
180	10	4837
10	61	4381
61	10	4381
10	127	4552
127	10	4553
10	157	1414
157	10	1415
10	192	4128
192	10	4128
10	136	2656
136	10	2657
10	147	4586
147	10	4586
10	63	4473
63	10	4474
11	20	3724
20	11	3724
11	176	3811
176	11	3812
11	140	1926
140	11	1927
11	97	3019
97	11	3019
11	199	165
199	11	165
11	68	4654
68	11	4654
11	182	1858
182	11	1859
11	78	4494
78	11	4494
11	121	1179
121	11	1180
11	96	4039
96	11	4039
11	134	4802
134	11	4802
11	151	1349
151	11	1350
11	89	3210
89	11	3211
11	185	3852
185	11	3852
11	18	2094
18	11	2095
11	43	4768
43	11	4769
11	161	3629
161	11	3629
11	145	3266
145	11	3267
11	88	3815
88	11	3816
12	149	4206
149	12	4207
12	108	4796
108	12	4797
12	177	1921
177	12	1922
12	186	2709
186	12	2710
12	160	3884
160	12	3885
12	151	353
151	12	354
12	59	3414
59	12	3414
12	130	3783
130	12	3783
12	36	3984
36	12	3985
12	55	822
55	12	823
12	75	4811
75	12	4812
12	30	3725
30	12	3725
12	168	4075
168	12	4076
12	57	3680
57	12	3680
12	104	4940
104	12	4940
12	133	4664
133	12	4665
12	125	4111
125	12	4111
12	32	1817
32	12	1817
12	56	2229
56	12	2229
13	62	3981
62	13	3981
13	176	4309
176	13	4310
13	66	3920
66	13	3920
13	158	4304
158	13	4305
13	168	3363
168	13	3364
13	128	4575
128	13	4576
13	179	1072
179	13	1072
13	140	1471
140	13	1471
13	75	4644
75	13	4645
13	100	3752
100	13	3752
13	24	4921
24	13	4922
13	93	4316
93	13	4316
13	33	2017
33	13	2017
13	91	925
91	13	926
13	54	2374
54	13	2375
13	44	670
44	13	671
13	200	1202
200	13	1203
14	100	1759
100	14	1760
14	63	3322
63	14	3322
14	95	2279
95	14	2280
14	114	3156
114	14	3156
14	44	839
44	14	840
14	192	4526
192	14	4527
14	93	4236
93	14	4237
14	144	3320
144	14	3321
14	18	404
18	14	404
14	35	4198
35	14	4199
14	121	2821
121	14	2821
14	20	4842
20	14	4843
14	46	355
46	14	356
14	24	4897
24	14	4897
14	137	4732
137	14	4732
14	82	1638
82	14	1639
14	70	87
70	14	88
14	145	3139
145	14	3140
14	185	3491
185	14	3492
15	33	4931
33	15	4932
15	73	3568
73	15	3569
15	32	2714
32	15	2715
15	193	2231
193	15	2231
15	129	2671
129	15	2671
15	100	3472
100	15	3472
15	104	3668
104	15	3668
15	84	4666
84	15	4666
15	50	3976
50	15	3977
15	18	2838
18	15	2838
15	138	3931
138	15	3931
15	24	2885
24	15	2886
15	171	2720
171	15	2721
15	105	4708
105	15	4708
15	72	2651
72	15	2651
15	153	1657
153	15	1657
15	97	2501
97	15	2501
15	121	4193
121	15	4194
16	58	2415
58	16	2416
16	18	4348
18	16	4348
16	184	4332
184	16	4332
16	146	1309
146	16	1310
16	137	3598
137	16	3598
16	161	2929
161	16	2930
16	93	4775
93	16	4776
16	35	1319
35	16	1320
16	174	883
174	16	883
16	54	1400
54	16	1401
16	47	4046
47	16	4046
16	118	2411
118	16	2411
16	95	4010
95	16	4011
16	98	3547
98	16	3547
16	166	3256
166	16	3257
16	177	864
177	16	865
16	59	2079
59	16	2080
16	88	4433
88	16	4434
16	192	3799
192	16	3800
16	43	3951
43	16	3952
17	136	1982
136	17	1982
17	100	2100
100	17	2101
17	49	4850
49	17	4851
17	112	4087
112	17	4087
17	74	4704
74	17	4704
17	153	2498
153	17	2498
17	170	4238
170	17	4239
17	189	1006
189	17	1007
17	124	4277
124	17	4277
17	142	3893
142	17	3894
17	180	1691
180	17	1692
17	132	4332
132	17	4332
17	41	3863
41	17	3864
17	113	4059
113	17	4060
17	95	2952
95	17	2953
17	174	4100
174	17	4100
17	64	2745
64	17	2745
17	57	2825
57	17	2825
17	155	1492
155	17	1493
17	115	4707
115	17	4707
18	183	4369
183	18	4369
18	188	4143
188	18	4144
18	166	4756
166	18	4757
18	36	1228
36	18	1229
18	177	3816
177	18	3817
18	68	4448
68	18	4449
18	121	4771
121	18	4772
18	108	1221
108	18	1221
18	23	3711
23	18	3712
18	56	958
56	18	958
18	100	4921
100	18	4921
18	29	4471
29	18	4471
18	20	2038
20	18	2038
18	94	4236
94	18	4237
18	109	4654
109	18	4654
18	38	2394
38	18	2394
19	178	1628
178	19	1628
19	166	2643
166	19	2643
19	120	1192
120	19	1192
19	142	167
142	19	168
19	143	4423
143	19	4424
19	73	732
73	19	732
19	92	827
92	19	827
19	98	4491
98	19	4491
19	42	3810
42	19	3811
19	26	4702
26	19	4702
19	153	1769
153	19	1769
19	62	3017
62	19	3017
19	79	4097
79	19	4097
19	25	4826
25	19	4827
19	60	1436
60	19	1436
19	119	4029
119	19	4029
19	57	2066
57	19	2067
20	93	1508
93	20	1508
20	136	3172
136	20	3173
20	158	4441
158	20	4441
20	60	4082
60	20	4083
20	111	302
111	20	302
20	168	3415
168	20	3416
20	44	3730
44	20	3730
20	185	1303
185	20	1304
20	108	4570
108	20	4571
20	125	3833
125	20	3834
20	193	3735
193	20	3736
20	76	4020
76	20	4021
20	129	4954
129	20	4954
20	184	2902
184	20	2902
20	103	2858
103	20	2859
20	40	4362
40	20	4362
20	74	688
74	20	689
21	150	1592
150	21	1593
21	166	840
166	21	841
21	149	1827
149	21	1827
21	138	339
138	21	340
21	79	1689
79	21	1690
21	38	1910
38	21	1910
21	35	4612
35	21	4613
21	98	3910
98	21	3911
21	81	3727
81	21	3728
21	124	2373
124	21	2373
21	131	445
131	21	446
21	172	3603
172	21	3603
21	108	4380
108	21	4380
21	22	3660
22	21	3660
21	85	3829
85	21	3830
21	184	1740
184	21	1741
22	158	1668
158	22	1668
22	128	3656
128	22	3657
22	25	2001
25	22	2001
22	196	2203
196	22	2204
22	82	267
82	22	268
22	125	4358
125	22	4359
22	40	2671
40	22	2672
22	194	3951
194	22	3951
22	180	2323
180	22	2324
22	162	3727
162	22	3728
22	38	3180
38	22	3181
22	75	533
75	22	533
22	88	3157
88	22	3157
22	66	207
66	22	208
22	84	1586
84	22	1586
22	134	4450
134	22	4450
23	88	2556
88	23	2556
23	177	4289
177	23	4289
23	160	2418
160	23	2418
23	106	4602
106	23	4602
23	182	4496
182	23	4497
23	125	4866
125	23	4867
23	74	4433
74	23	4434
23	31	4091
31	23	4091
23	169	4706
169	23	4707
23	116	472
116	23	472
23	61	365
61	23	365
23	192	2093
192	23	2094
23	197	2219
197	23	2219
23	60	4931
60	23	4932
23	167	1864
167	23	1864
24	67	4161
67	24	4161
24	98	3965
98	24	3966
24	134	1092
134	24	1093
24	125	3116
125	24	3117
24	106	438
106	24	439
24	50	4499
50	24	4500
24	111	4539
111	24	4540
24	46	769
46	24	769
24	140	3888
140	24	3889
24	120	1624
120	24	1624
24	99	136
99	24	136
24	110	3963
110	24	3963
25	141	4300
141	25	4300
25	101	655
101	25	655
25	129	773
129	25	774
25	118	4495
118	25	4495
25	156	3518
156	25	3519
25	78	4912
78	25	4912
25	111	4298
111	25	4299
25	105	558
105	25	559
25	167	3487
167	25	3488
25	41	4435
41	25	4436
25	86	4566
86	25	4567
25	178	3398
178	25	3398
25	184	4092
184	25	4092
25	126	3913
126	25	3913
25	96	2146
96	25	2146
26	50	2602
50	26	2603
26	72	4411
72	26	4412
26	76	2819
76	26	2819
26	51	2218
51	26	2218
26	150	3468
150	26	3469
26	184	4199
184	26	4200
26	45	3840
45	26	3841
26	114	3434
114	26	3434
26	185	4650
185	26	4650
26	27	3872
27	26	3873
26	86	366
86	26	366
26	128	1594
128	26	1594
26	81	1717
81	26	1718
26	107	1833
107	26	1833
26	47	4010
47	26	4011
27	137	3165
137	27	3166
27	150	2884
150	27	2885
27	151	1631
151	27	1631
27	123	4001
123	27	4002
27	109	4806
109	27	4806
27	185	4204
185	27	4204
27	146	1351
146	27	1351
27	80	3420
80	27	3420
27	177	4945
177	27	4946
27	145	4566
145	27	4566
27	179	2296
179	27	2297
27	60	2152
60	27	2153
27	181	4118
181	27	4118
27	96	4789
96	27	4790
27	194	2473
194	27	2474
27	68	4633
68	27	4633
27	59	3512
59	27	3512
27	90	849
90	27	849
28	75	245
75	28	246
28	116	4215
116	28	4216
28	104	809
104	28	809
28	117	4302
117	28	4303
28	65	4944
65	28	4945
28	114	397
114	28	397
28	112	4303
112	28	4304
28	51	1929
51	28	1930
28	36	3152
36	28	3153
28	134	187
134	28	188
28	85	4211
85	28	4212
28	110	248
110	28	249
28	174	1571
174	28	1571
28	87	104
87	28	105
29	153	3740
153	29	3741
29	156	738
156	29	738
29	154	4158
154	29	4159
29	104	3357
104	29	3357
29	162	1998
162	29	1998
29	167	1712
167	29	1713
29	76	1789
76	29	1789
29	74	4541
74	29	4541
29	181	4889
181	29	4889
29	99	1207
99	29	1208
29	94	4680
94	29	4681
29	142	4207
142	29	4208
29	176	1427
176	29	1427
29	73	4768
73	29	4768
29	163	4386
163	29	4386
29	129	3252
129	29	3252
30	161	3246
161	30	3246
30	81	2772
81	30	2773
30	116	3528
116	30	3529
30	88	1182
88	30	1183
30	160	4541
160	30	4541
30	178	1534
178	30	1534
30	169	3827
169	30	3828
30	54	4580
54	30	4581
30	166	3903
166	30	3903
30	31	4946
31	30	4947
30	72	973
72	30	973
30	164	4065
164	30	4065
30	127	4125
127	30	4126
30	104	1526
104	30	1526
30	143	2596
143	30	2597
30	55	3433
55	30	3433
30	122	2103
122	30	2103
31	55	2476
55	31	2476
31	179	3133
179	31	3134
31	166	3304
166	31	3305
31	189	4038
189	31	4038
31	32	4571
32	31	4572
31	79	1585
79	31	1585
31	157	4968
157	31	4968
31	120	1814
120	31	1815
31	200	4042
200	31	4043
31	54	4147
54	31	4147
31	144	1886
144	31	1887
31	57	2641
57	31	2641
31	148	4433
148	31	4434
32	38	4440
38	32	4441
32	74	4886
74	32	4887
32	127	1808
127	32	1808
32	125	4669
125	32	4670
32	86	2248
86	32	2249
32	63	3497
63	32	3498
32	94	1541
94	32	1541
32	95	2916
95	32	2916
32	83	4575
83	32	4575
33	198	4520
198	33	4521
33	66	3084
66	33	3084
33	161	1193
161	33	1194
33	166	4502
166	33	4502
33	157	2330
157	33	2331
33	88	1440
88	33	1441
33	79	1228
79	33	1229
33	41	4869
41	33	4870
33	119	4100
119	33	4100
33	118	4230
118	33	4231
33	160	3109
160	33	3109
33	108	4376
108	33	4376
33	98	4364
98	33	4364
33	64	1353
64	33	1353
34	128	3086
128	34	3087
34	155	4335
155	34	4336
34	76	2324
76	34	2324
34	102	3950
102	34	3951
34	47	2636
47	34	2637
34	112	3837
112	34	3837
34	169	2274
169	34	2275
34	77	2706
77	34	2706
34	72	4171
72	34	4172
34	116	1045
116	34	1046
34	167	3755
167	34	3755
34	35	4373
35	34	4374
34	151	4592
151	34	4593
34	160	4063
160	34	4064
34	92	4693
92	34	4693
34	159	4484
159	34	4484
34	129	3229
129	34	3230
34	170	4480
170	34	4481
35	112	4124
112	35	4124
35	88	1064
88	35	1065
35	106	4135
106	35	4135
35	168	3113
168	35	3113
35	54	4403
54	35	4404
35	153	2181
153	35	2182
35	175	3535
175	35	3536
35	161	3039
161	35	3039
35	154	3414
154	35	3415
35	45	369
45	35	369
35	152	3975
152	35	3975
35	192	4947
192	35	4948
35	72	3838
72	35	3839
35	125	366
125	35	366
35	166	4899
166	35	4900
36	159	4283
159	36	4284
36	45	899
45	36	899
36	74	4352
74	36	4353
36	80	4821
80	36	4821
36	51	2136
51	36	2137
36	86	912
86	36	912
36	63	4519
63	36	4519
36	171	4074
171	36	4075
36	65	3498
65	36	3498
36	163	838
163	36	838
36	130	1241
130	36	1242
36	52	665
52	36	666
37	121	4263
121	37	4263
37	96	3663
96	37	3664
37	53	2714
53	37	2715
37	61	4473
61	37	4474
37	104	2322
104	37	2323
37	86	4280
86	37	4281
37	97	4636
97	37	4636
37	125	4797
125	37	4797
37	168	191
168	37	191
37	126	4499
126	37	4499
37	89	3660
89	37	3660
37	100	3078
100	37	3079
37	94	2403
94	37	2404
37	44	124
44	37	125
37	108	3148
108	37	3148
37	117	1034
117	37	1035
38	84	1456
84	38	1457
38	79	4643
79	38	4644
38	187	4941
187	38	4942
38	53	903
53	38	903
38	171	4591
171	38	4592
38	136	4267
136	38	4267
38	116	4387
116	38	4388
38	63	4290
63	38	4290
38	46	1789
46	38	1789
38	181	1858
181	38	1859
38	149	2904
149	38	2905
38	92	4373
92	38	4374
39	45	1607
45	39	1607
39	115	295
115	39	296
39	97	4998
97	39	4998
39	157	2643
157	39	2643
39	109	508
109	39	509
39	178	3373
178	39	3373
39	122	2326
122	39	2327
39	143	900
143	39	900
39	116	2392
116	39	2393
39	61	4337
61	39	4337
39	179	1868
179	39	1869
39	56	658
56	39	659
39	126	4366
126	39	4366
39	169	845
169	39	845
39	132	4569
132	39	4570
40	72	688
72	40	688
40	63	4120
63	40	4121
40	57	4763
57	40	4764
40	44	4372
44	40	4372
40	51	2246
51	40	2246
40	160	3931
160	40	3932
40	144	3486
144	40	3486
40	47	2336
47	40	2337
40	69	261
69	40	262
40	177	2547
177	40	2547
40	152	3811
152	40	3811
40	185	4970
185	40	4971
40	71	2295
71	40	2296
40	110	4779
110	40	4780
41	103	4143
103	41	4143
41	95	3903
95	41	3904
41	139	4202
139	41	4203
41	114	2329
114	41	2330
41	134	4536
134	41	4536
41	183	3977
183	41	3978
41	122	3621
122	41	3622
41	58	1256
58	41	1257
41	116	660
116	41	660
41	104	104
104	41	105
41	119	3076
119	41	3076
41	143	4972
143	41	4973
42	46	1732
46	42	1733
42	181	2387
181	42	2388
42	154	4472
154	42	4472
42	77	1526
77	42	1527
42	59	4332
59	42	4332
42	49	3831
49	42	3832
42	136	3376
136	42	3377
42	58	1882
58	42	1882
42	180	3805
180	42	3805
42	64	3958
64	42	3959
42	72	4274
72	42	4275
42	53	4350
53	42	4350
42	127	4801
127	42	4801
43	178	2868
178	43	2869
43	46	3945
46	43	3945
43	142	4151
142	43	4151
43	141	4041
141	43	4041
43	45	3005
45	43	3006
43	96	2704
96	43	2704
43	110	3284
110	43	3285
43	76	4167
76	43	4168
43	161	1756
161	43	1757
43	98	4611
98	43	4611
43	89	1797
89	43	1798
43	92	4635
92	43	4636
43	146	2057
146	43	2057
44	129	3648
129	44	3649
44	60	4642
60	44	4643
44	99	3745
99	44	3745
44	75	3503
75	44	3504
44	57	1133
57	44	1134
44	81	4523
81	44	4523
44	101	3070
101	44	3070
44	150	4753
150	44	4754
44	143	4370
143	44	4371
45	102	4662
102	45	4663
45	90	3993
90	45	3993
45	74	871
74	45	871
45	97	4751
97	45	4752
45	196	4542
196	45	4543
45	184	4351
184	45	4351
45	68	2504
68	45	2504
45	128	2981
128	45	2981
45	117	1379
117	45	1380
46	189	3349
189	46	3349
46	158	4231
158	46	4232
46	125	4175
125	46	4175
46	90	3203
90	46	3203
46	176	1097
176	46	1098
46	140	3892
140	46	3893
46	161	693
161	46	694
46	47	4222
47	46	4222
46	81	2752
81	46	2753
46	160	3451
160	46	3451
46	62	1373
62	46	1374
46	71	315
71	46	315
46	57	2628
57	46	2629
47	154	3020
154	47	3020
47	98	1332
98	47	1332
47	49	1637
49	47	1638
47	75	2488
75	47	2489
47	83	4167
83	47	4168
47	178	2611
178	47	2612
47	124	4228
124	47	4229
47	144	3929
144	47	3929
47	151	4079
151	47	4079
47	114	2523
114	47	2524
47	141	4859
141	47	4859
47	163	3431
163	47	3432
47	181	3882
181	47	3883
47	90	4661
90	47	4661
48	197	2651
197	48	2651
48	178	4306
178	48	4306
48	144	2710
144	48	2710
48	78	3848
78	48	3848
48	174	4481
174	48	4481
48	137	4443
137	48	4444
48	147	1845
147	48	1845
48	56	3819
56	48	3819
48	117	4537
117	48	4537
48	180	4540
180	48	4541
48	124	4135
124	48	4135
48	156	4207
156	48	4208
48	118	4421
118	48	4422
48	141	3504
141	48	3504
49	99	1035
99	49	1036
49	200	4245
200	49	4246
49	52	1700
52	49	1700
49	173	4179
173	49	4179
49	104	3759
104	49	3759
49	72	1760
72	49	1760
49	156	599
156	49	600
49	144	3034
144	49	3034
49	105	4028
105	49	4028
49	103	3400
103	49	3400
49	54	1995
54	49	1996
50	72	4894
72	50	4895
50	82	3741
82	50	3741
50	145	4394
145	50	4395
50	75	3942
75	50	3943
50	180	4819
180	50	4820
50	137	2576
137	50	2576
50	90	252
90	50	253
50	80	366
80	50	366
50	133	4230
133	50	4231
50	169	4180
169	50	4180
50	69	4736
69	50	4737
50	187	2039
187	50	2040
50	147	1033
147	50	1033
50	112	1972
112	50	1972
50	193	1801
193	50	1802
51	152	4049
152	51	4049
51	102	1053
102	51	1053
51	161	3753
161	51	3754
51	56	4178
56	51	4178
51	62	2740
62	51	2740
51	105	3646
105	51	3647
51	185	3023
185	51	3023
51	124	2608
124	51	2609
51	65	2019
65	51	2020
51	177	4486
177	51	4486
51	67	4833
67	51	4833
52	127	4605
127	52	4605
52	117	4316
117	52	4317
52	99	3613
99	52	3613
52	132	3260
132	52	3260
52	197	2712
197	52	2712
52	162	2260
162	52	2261
52	93	4483
93	52	4483
52	54	4076
54	52	4076
52	149	4552
149	52	4553
52	153	3768
153	52	3768
52	170	3473
170	52	3474
52	151	2056
151	52	2057
52	111	2574
111	52	2574
52	165	4865
165	52	4866
53	137	3652
137	53	3652
53	181	1768
181	53	1769
53	105	1075
105	53	1076
53	180	2754
180	53	2755
53	102	2563
102	53	2563
53	143	4043
143	53	4044
53	200	3987
200	53	3987
53	91	4025
91	53	4026
53	118	964
118	53	964
53	124	4756
124	53	4757
53	54	872
54	53	872
53	79	4791
79	53	4791
53	72	4026
72	53	4026
53	115	1485
115	53	1486
54	120	3665
120	54	3665
54	177	4281
177	54	4281
54	184	4470
184	54	4470
54	70	1699
70	54	1699
54	137	2502
137	54	2502
54	158	4718
158	54	4718
54	171	1218
171	54	1218
54	148	4606
148	54	4607
55	62	1871
62	55	1872
55	193	4260
193	55	4260
55	67	4046
67	55	4047
55	154	1872
154	55	1872
55	86	3954
86	55	3954
55	116	4526
116	55	4526
55	181	1489
181	55	1489
55	103	4153
103	55	4153
55	91	1131
91	55	1132
55	132	3682
132	55	3683
55	130	2793
130	55	2794
55	133	2149
133	55	2150
55	122	3610
122	55	3611
56	74	3152
74	56	3153
56	62	1247
62	56	1247
56	135	1913
135	56	1914
56	103	4957
103	56	4958
56	61	2030
61	56	2031
56	138	2589
138	56	2589
56	164	4234
164	56	4234
56	173	4352
173	56	4352
56	163	649
163	56	649
56	66	480
66	56	481
56	159	3954
159	56	3955
56	80	3694
80	56	3695
57	94	4924
94	57	4924
57	133	4379
133	57	4379
57	197	4805
197	57	4805
57	76	2994
76	57	2995
57	58	1105
58	57	1105
57	106	3039
106	57	3039
57	68	2500
68	57	2500
57	148	4320
148	57	4321
58	88	1659
88	58	1660
58	78	4341
78	58	4342
58	177	4428
177	58	4428
58	66	4680
66	58	4681
58	167	720
167	58	721
58	145	4507
145	58	4508
58	127	1541
127	58	1542
58	115	4230
115	58	4230
58	68	3742
68	58	3742
58	184	3789
184	58	3790
58	161	4126
161	58	4126
58	69	3964
69	58	3965
59	167	3589
167	59	3589
59	148	1048
148	59	1048
59	162	4275
162	59	4276
59	146	4218
146	59	4218
59	159	4324
159	59	4324
59	111	1392
111	59	1392
59	74	4960
74	59	4960
59	98	4624
98	59	4624
59	192	2365
192	59	2366
59	144	3976
144	59	3977
59	95	129
95	59	130
59	64	3711
64	59	3712
60	159	1993
159	60	1994
60	158	3914
158	60	3914
60	178	1420
178	60	1421
60	95	3778
95	60	3778
60	139	1841
139	60	1842
60	65	4757
65	60	4758
60	74	1765
74	60	1766
60	127	3766
127	60	3766
60	104	4874
104	60	4875
60	173	4599
173	60	4599
61	183	1480
183	61	1480
61	82	3992
82	61	3992
61	62	4228
62	61	4228
61	116	3977
116	61	3978
61	120	3871
120	61	3872
61	167	407
167	61	407
61	89	2202
89	61	2203
61	150	2471
150	61	2472
61	134	4539
134	61	4540
62	68	331
68	62	331
62	93	3305
93	62	3306
62	139	2718
139	62	2718
62	84	4450
84	62	4451
62	66	3526
66	62	3527
62	113	787
113	62	788
62	78	1282
78	62	1282
62	73	1695
73	62	1695
63	149	4743
149	63	4743
63	105	3910
105	63	3911
63	152	3030
152	63	3031
63	144	3074
144	63	3075
63	124	2745
124	63	2746
63	111	4358
111	63	4359
63	108	806
108	63	806
63	160	1776
160	63	1776
63	77	4950
77	63	4950
64	100	3238
100	64	3238
64	174	3660
174	64	3660
64	164	4393
164	64	4393
64	130	3354
130	64	3355
64	97	4903
97	64	4904
64	166	960
166	64	961
64	135	4128
135	64	4128
64	93	4423
93	64	4423
64	88	4965
88	64	4965
64	115	4339
115	64	4340
64	96	3588
96	64	3589
64	145	67
145	64	67
65	144	4069
144	65	4070
65	175	1868
175	65	1868
65	75	4762
75	65	4763
65	162	4597
162	65	4597
65	145	884
145	65	884
65	150	2061
150	65	2062
65	84	567
84	65	568
65	98	2302
98	65	2303
65	119	69
119	65	69
65	139	3387
139	65	3388
65	124	4515
124	65	4515
65	163	3841
163	65	3841
65	166	2398
166	65	2399
66	83	2879
83	66	2879
66	159	1551
159	66	1552
66	156	4481
156	66	4482
66	68	3111
68	66	3112
66	157	3457
157	66	3458
66	185	4757
185	66	4758
66	176	3039
176	66	3040
66	76	976
76	66	977
66	75	2765
75	66	2765
66	113	4423
113	66	4423
66	134	3234
134	66	3235
67	106	1758
106	67	1758
67	183	4325
183	67	4326
67	92	760
92	67	760
67	168	2058
168	67	2059
67	77	4513
77	67	4514
67	153	604
153	67	605
67	105	2852
105	67	2852
67	122	4727
122	67	4727
67	75	3992
75	67	3993
67	69	2322
69	67	2323
67	200	4316
200	67	4317
67	129	1847
129	67	1848
68	140	2613
140	68	2614
68	137	4411
137	68	4411
68	101	1754
101	68	1755
68	69	2675
69	68	2675
68	134	4434
134	68	4435
68	98	2057
98	68	2058
68	114	1352
114	68	1352
69	120	4456
120	69	4456
69	141	4845
141	69	4845
69	164	3741
164	69	3742
69	169	3925
169	69	3925
69	182	4328
182	69	4328
69	93	2343
93	69	2344
69	159	4827
159	69	4828
69	118	4052
118	69	4053
69	155	2684
155	69	2684
69	143	3814
143	69	3814
69	198	2221
198	69	2222
69	114	2112
114	69	2113
70	141	4596
141	70	4597
70	109	4870
109	70	4871
70	161	3933
161	70	3934
70	97	1703
97	70	1703
70	116	3649
116	70	3649
70	119	4922
119	70	4923
70	147	4098
147	70	4098
70	98	3019
98	70	3019
70	80	1163
80	70	1164
70	155	3930
155	70	3931
70	90	3055
90	70	3055
70	178	1797
178	70	1798
70	165	4494
165	70	4495
70	145	3388
145	70	3388
71	75	3644
75	71	3645
71	180	1862
180	71	1862
71	100	742
100	71	742
71	160	3917
160	71	3918
71	168	4989
168	71	4989
71	134	4707
134	71	4708
71	72	3904
72	71	3904
71	136	1543
136	71	1544
71	97	4148
97	71	4148
71	138	4460
138	71	4460
71	140	1802
140	71	1803
71	82	4606
82	71	4606
72	83	2283
83	72	2284
72	79	4234
79	72	4235
72	169	951
169	72	952
72	167	4223
167	72	4223
72	178	4465
178	72	4466
73	177	3586
177	73	3586
73	153	4823
153	73	4824
73	121	2080
121	73	2081
73	165	4948
165	73	4948
73	149	3537
149	73	3538
73	109	3609
109	73	3610
73	193	4175
193	73	4176
73	110	4807
110	73	4808
73	187	534
187	73	534
74	153	253
153	74	253
74	178	2381
178	74	2381
74	120	4890
120	74	4890
74	151	3782
151	74	3782
74	126	4333
126	74	4334
74	139	3959
139	74	3960
74	180	4900
180	74	4901
75	136	3717
136	75	3718
75	131	2381
131	75	2382
76	122	4820
122	76	4820
76	97	2064
97	76	2065
76	169	1408
169	76	1409
76	179	1945
179	76	1946
76	85	2815
85	76	2815
77	86	3861
86	77	3861
77	173	4533
173	77	4533
77	138	58
138	77	58
77	135	4148
135	77	4148
77	161	4908
161	77	4909
77	104	4013
104	77	4014
77	175	2859
175	77	2859
77	113	3745
113	77	3746
77	118	3946
118	77	3946
77	182	2315
182	77	2315
77	88	3167
88	77	3168
77	78	2515
78	77	2516
77	121	4203
121	77	4204
78	140	3819
140	78	3820
78	114	2798
114	78	2798
78	95	4565
95	78	4566
78	105	2155
105	78	2155
78	176	4907
176	78	4907
78	168	2530
168	78	2530
78	189	4264
189	78	4265
78	122	3866
122	78	3866
78	101	4192
101	78	4193
78	173	3504
173	78	3505
79	167	4544
167	79	4545
79	107	1919
107	79	1920
79	137	4399
137	79	4399
79	171	1601
171	79	1601
79	176	3654
176	79	3655
79	158	2051
158	79	2052
79	141	4585
141	79	4585
80	114	1001
114	80	1001
80	176	3858
176	80	3859
80	118	541
118	80	541
80	172	3393
172	80	3393
80	150	2827
150	80	2828
80	151	1343
151	80	1343
80	102	4996
102	80	4996
80	92	1210
92	80	1210
80	146	1987
146	80	1987
80	198	2548
198	80	2548
80	131	2054
131	80	2055
80	189	2418
189	80	2419
80	167	3337
167	80	3337
80	86	1900
86	80	1901
81	117	4269
117	81	4269
81	92	4296
92	81	4296
81	103	4589
103	81	4589
81	102	3267
102	81	3267
81	163	770
163	81	770
81	148	4691
148	81	4692
81	142	1443
142	81	1443
81	156	4549
156	81	4550
81	200	4891
200	81	4891
82	124	4003
124	82	4004
82	171	3984
171	82	3984
82	174	2739
174	82	2739
82	111	3363
111	82	3364
82	118	4334
118	82	4335
82	152	4438
152	82	4438
82	115	4234
115	82	4234
82	135	141
135	82	142
82	165	4378
165	82	4378
82	109	2242
109	82	2243
82	193	2570
193	82	2570
82	122	4217
122	82	4217
83	112	2248
112	83	2249
83	111	4400
111	83	4401
83	107	1794
107	83	1794
83	173	2443
173	83	2444
83	108	4623
108	83	4624
83	144	722
144	83	722
83	116	4473
116	83	4474
83	172	4571
172	83	4571
83	101	4925
101	83	4925
83	106	1337
106	83	1337
83	113	4796
113	83	4797
84	154	1616
154	84	1617
84	139	607
139	84	607
84	117	1095
117	84	1096
84	122	4066
122	84	4067
84	161	4548
161	84	4549
84	152	2122
152	84	2123
84	100	4436
100	84	4436
84	130	3723
130	84	3723
84	101	2097
101	84	2098
84	96	4133
96	84	4134
85	156	1058
156	85	1059
85	111	1109
111	85	1109
85	134	4031
134	85	4032
85	120	464
120	85	465
85	144	1922
144	85	1923
85	92	3270
92	85	3270
85	90	3468
90	85	3469
85	141	4568
141	85	4568
85	131	3170
131	85	3171
85	123	3743
123	85	3744
85	93	3888
93	85	3889
85	127	3974
127	85	3975
86	146	3011
146	86	3011
86	179	4880
179	86	4881
86	148	2393
148	86	2393
86	118	1870
118	86	1870
86	149	1571
149	86	1571
86	198	4401
198	86	4401
86	143	2601
143	86	2601
87	152	4768
152	87	4769
87	89	2825
89	87	2826
87	172	4231
172	87	4231
87	198	3691
198	87	3691
87	200	4548
200	87	4548
87	129	570
129	87	571
87	93	3549
93	87	3549
87	154	1663
154	87	1664
87	127	4377
127	87	4377
87	171	4399
171	87	4399
87	126	4692
126	87	4693
87	92	4225
92	87	4225
87	134	4232
134	87	4233
87	164	3136
164	87	3136
87	147	4507
147	87	4508
87	142	3593
142	87	3593
88	131	3838
131	88	3838
88	154	1808
154	88	1808
88	109	3964
109	88	3964
88	162	2533
162	88	2534
88	135	1953
135	88	1954
88	93	3528
93	88	3529
88	92	4315
92	88	4315
88	137	2816
137	88	2817
89	124	1592
124	89	1593
89	112	452
112	89	453
89	127	1286
127	89	1286
89	180	1068
180	89	1069
89	122	4422
122	89	4423
89	159	4450
159	89	4450
89	129	2669
129	89	2670
89	173	3629
173	89	3630
89	140	2556
140	89	2557
89	133	1348
133	89	1348
89	155	96
155	89	97
89	174	3255
174	89	3256
89	101	2668
101	89	2669
90	106	2874
106	90	2874
90	150	72
150	90	72
90	104	438
104	90	439
90	139	4886
139	90	4886
90	130	4753
130	90	4753
90	151	2404
151	90	2405
90	121	1074
121	90	1074
90	147	4597
147	90	4598
90	159	2360
159	90	2360
90	169	3712
169	90	3713
90	123	4070
123	90	4070
91	138	3603
138	91	3603
91	164	1971
164	91	1972
91	96	1544
96	91	1544
91	120	2796
120	91	2796
91	145	4237
145	91	4237
91	157	1304
157	91	1305
91	117	3212
117	91	3213
91	168	216
168	91	217
91	165	4294
165	91	4294
91	112	2566
112	91	2567
91	140	2418
140	91	2419
91	151	4361
151	91	4361
91	119	4091
119	91	4092
91	175	4198
175	91	4199
91	92	4458
92	91	4459
92	174	2325
174	92	2325
92	178	4241
178	92	4241
92	187	4606
187	92	4606
92	141	2465
141	92	2465
92	107	1359
107	92	1359
93	165	3958
165	93	3958
93	147	2853
147	93	2853
94	141	1570
141	94	1570
94	98	607
98	94	608
94	142	907
142	94	907
94	171	4680
171	94	4681
94	106	4547
106	94	4547
94	145	896
145	94	897
94	101	3852
101	94	3852
94	114	4741
114	94	4742
94	115	1965
115	94	1965
94	139	1975
139	94	1976
94	165	2628
165	94	2629
94	174	2234
174	94	2235
95	104	4190
104	95	4190
95	118	3007
118	95	3008
95	110	4423
110	95	4424
95	102	2532
102	95	2533
95	145	1658
145	95	1659
95	127	218
127	95	218
95	135	140
135	95	140
95	155	2793
155	95	2794
96	105	3454
105	96	3455
96	117	4600
117	96	4600
96	151	291
151	96	292
96	103	4253
103	96	4254
96	102	4395
102	96	4395
96	165	4139
165	96	4140
96	114	846
114	96	846
96	168	4158
168	96	4158
97	101	4887
101	97	4888
97	102	1748
102	97	1749
97	120	1640
120	97	1640
97	114	4290
114	97	4291
97	162	2214
162	97	2215
97	182	2009
182	97	2009
97	148	3709
148	97	3709
97	147	4497
147	97	4498
97	145	1981
145	97	1982
98	130	262
130	98	263
98	169	1015
169	98	1016
98	113	2938
113	98	2939
98	198	2017
198	98	2018
99	146	2366
146	99	2366
99	171	709
171	99	710
99	120	2430
120	99	2430
99	105	1338
105	99	1338
99	132	4986
132	99	4987
99	163	3150
163	99	3151
99	148	3449
148	99	3449
99	140	949
140	99	949
99	154	3211
154	99	3212
99	106	4516
106	99	4516
99	152	4667
152	99	4668
99	107	2511
107	99	2512
99	176	2393
176	99	2393
100	155	4928
155	100	4928
100	135	3468
135	100	3469
100	141	4575
141	100	4576
100	159	1923
159	100	1923
100	131	2358
131	100	2358
100	174	4667
174	100	4668
100	128	4731
128	100	4731
100	117	3396
117	100	3396
100	175	3768
175	100	3768
101	132	4543
132	101	4543
101	136	801
136	101	801
101	173	383
173	101	384
102	148	4962
148	102	4962
102	158	4179
158	102	4179
103	145	1396
145	103	1396
103	113	3434
113	103	3434
103	133	4397
133	103	4397
103	130	1162
130	103	1162
105	163	1592
163	105	1593
106	128	4974
128	106	4975
106	143	4500
143	106	4501
107	111	3969
111	107	3969
107	175	3229
175	107	3230
107	129	3728
129	107	3729
107	143	2843
143	107	2844
107	136	4697
136	107	4697
107	159	4281
159	107	4281
107	140	325
140	107	325
107	149	4566
149	107	4566
108	198	3595
198	108	3595
108	154	827
154	108	827
108	157	3923
157	108	3923
108	174	3964
174	108	3965
109	149	559
149	109	559
109	198	2152
198	109	2152
110	119	3947
119	110	3948
110	174	4324
174	110	4324
110	128	1896
128	110	1897
110	136	4730
136	110	4731
110	132	3039
132	110	3039
110	156	4963
156	110	4963
112	132	3077
132	112	3077
112	154	2926
154	112	2926
112	158	4972
158	112	4973
112	129	4909
129	112	4910
112	136	3397
136	112	3398
113	130	1364
130	113	1365
113	124	1305
124	113	1306
113	152	1455
152	113	1455
114	176	2581
176	114	2581
115	162	2700
162	115	2700
115	165	4349
165	115	4349
115	175	1105
175	115	1105
115	157	4392
157	115	4393
119	154	331
154	119	332
119	130	4861
130	119	4861
119	155	3837
155	119	3838
119	147	3036
147	119	3036
119	158	3026
158	119	3026
120	164	2717
164	120	2717
120	147	3070
147	120	3071
121	150	4607
150	121	4608
121	172	4005
172	121	4005
121	162	3714
162	121	3714
121	123	4138
123	121	4139
123	128	4521
128	123	4521
123	155	3654
155	123	3655
123	138	4427
138	123	4427
123	156	3688
156	123	3689
123	179	4680
179	123	4680
124	149	4540
149	124	4540
124	128	536
128	124	536
126	170	2279
170	126	2279
126	164	2240
164	126	2240
126	142	2050
142	126	2051
126	178	4021
178	126	4021
126	149	839
149	126	840
126	146	3167
146	126	3167
126	173	3764
173	126	3764
126	155	4907
155	126	4907
126	152	1996
152	126	1996
128	152	3222
152	128	3223
128	171	1208
171	128	1209
131	138	4760
138	131	4760
132	135	2948
135	132	2949
132	149	1289
149	132	1289
132	165	449
165	132	449
132	154	1807
154	132	1807
133	172	3225
172	133	3225
133	174	4914
174	133	4915
133	154	957
154	133	957
133	156	2519
156	133	2520
133	138	2068
138	133	2068
133	140	2374
140	133	2375
133	157	3592
157	133	3592
135	156	4220
156	135	4220
135	146	1003
146	135	1003
135	148	4462
148	135	4462
135	142	4265
142	135	4265
139	148	159
148	139	159
139	142	4311
142	139	4311
142	171	4736
171	142	4737
146	179	2082
179	146	2083
147	172	4080
172	147	4081
148	175	3810
175	148	3811
149	170	1341
170	149	1341
149	164	2923
164	149	2923
152	155	332
155	152	333
152	164	482
164	152	483
155	156	4154
156	155	4155
155	164	1846
164	155	1846
157	162	2665
162	157	2665
157	172	2692
172	157	2692
162	163	4882
163	162	4883
162	174	4171
174	162	4171
163	164	4808
164	163	4809
170	172	3727
172	170	3727
