200	2850
2	2
2	3
5	8
3	6
4	6
2	3
2	2
4	8
4	8
5	10
3	5
4	6
5	9
2	2
2	2
4	6
4	8
2	2
3	5
2	2
3	5
4	8
4	7
5	10
5	9
4	6
2	2
4	7
3	5
4	8
5	10
5	8
3	4
2	2
4	8
3	4
4	7
5	8
5	10
3	5
2	4
5	10
4	8
5	8
4	7
2	2
4	7
5	9
3	4
3	5
5	8
3	6
2	4
3	4
3	5
2	3
3	6
5	10
5	10
2	2
5	10
4	6
4	6
3	4
5	10
3	6
3	4
2	2
5	10
2	2
4	6
3	5
3	4
5	10
4	6
3	6
5	10
2	2
5	8
5	8
5	9
2	3
2	2
4	8
5	9
4	7
4	8
4	8
5	10
5	9
2	4
3	4
3	5
4	6
4	7
5	9
3	5
5	9
3	4
3	5
4	6
3	6
3	4
2	3
2	3
4	7
5	9
2	2
4	6
3	6
5	10
4	8
4	6
5	10
4	7
5	9
2	3
2	3
4	8
2	3
2	2
3	4
2	2
3	5
2	2
4	8
5	10
2	4
2	3
3	4
5	9
4	7
2	3
4	8
3	5
3	5
3	6
2	3
4	7
5	9
4	7
5	10
4	7
2	3
5	10
3	5
2	3
4	7
3	4
3	6
3	6
5	10
2	3
2	3
3	4
4	7
2	3
4	7
4	7
5	9
2	4
3	6
3	5
2	3
2	2
5	10
3	5
2	3
5	10
3	5
2	3
5	9
2	2
2	3
2	2
3	5
3	4
2	3
5	9
3	6
3	5
3	6
5	9
5	10
4	7
2	3
4	8
5	10
3	4
5	9
3	6
4	6
4	7
5	9
5	8
3	6
5	10
4	7
3	5
5	9
1	166	2749
166	1	2749
1	163	1537
163	1	1537
1	94	4088
94	1	4088
1	180	703
180	1	704
1	109	2837
109	1	2837
1	16	4629
16	1	4629
1	13	4142
13	1	4142
1	156	3135
156	1	3135
1	198	4457
198	1	4457
1	41	1908
41	1	1908
1	164	3259
164	1	3260
1	114	1038
114	1	1038
1	62	4018
62	1	4019
1	135	4139
135	1	4140
1	24	2389
24	1	2389
1	107	1371
107	1	1372
1	138	148
138	1	148
1	63	1854
63	1	1854
1	132	3640
132	1	3640
1	119	4252
119	1	4252
2	165	4637
165	2	4637
2	149	3005
149	2	3005
2	11	4877
11	2	4878
2	161	4616
161	2	4617
2	120	1904
120	2	1904
2	96	4377
96	2	4377
2	129	4982
129	2	4982
2	110	610
110	2	610
2	51	1423
51	2	1423
2	43	380
43	2	380
2	25	4825
25	2	4825
2	5	2688
5	2	2688
2	47	3886
47	2	3886
2	28	3511
28	2	3512
2	116	190
116	2	190
2	178	4148
178	2	4148
2	45	3847
45	2	3847
2	78	1573
78	2	1574
2	46	4692
46	2	4692
2	75	4542
75	2	4542
3	54	4965
54	3	4966
3	23	4971
23	3	4971
3	60	1681
60	3	1682
3	103	1717
103	3	1717
3	135	3440
135	3	3440
3	13	647
13	3	647
3	17	4535
17	3	4535
3	106	2058
106	3	2058
3	159	1108
159	3	1109
3	20	4663
20	3	4664
3	35	1431
35	3	1432
3	98	2955
98	3	2956
3	110	4853
110	3	4853
3	152	4170
152	3	4170
3	148	4923
148	3	4924
3	77	4193
77	3	4193
3	168	954
168	3	954
3	84	419
84	3	420
3	80	829
80	3	829
3	128	4240
128	3	4241
4	173	4317
173	4	4318
4	198	4697
198	4	4698
4	156	4096
156	4	4097
4	41	3636
41	4	3636
4	163	4919
163	4	4920
4	38	4242
38	4	4242
4	15	3795
15	4	3796
4	43	3983
43	4	3983
4	98	4173
98	4	4174
4	67	3678
67	4	3678
4	65	4535
65	4	4535
4	107	2540
107	4	2540
4	182	4818
182	4	4818
4	34	66
34	4	66
4	30	4888
30	4	4889
4	33	4454
33	4	4455
4	90	4199
90	4	4200
4	176	3992
176	4	3992
4	103	4762
103	4	4763
4	162	3054
162	4	3055
5	59	2610
59	5	2611
5	28	3131
28	5	3131
5	172	2660
172	5	2661
5	133	4799
133	5	4799
5	118	2851
118	5	2851
5	173	4175
173	5	4176
5	136	3604
136	5	3605
5	41	4891
41	5	4892
5	148	1627
148	5	1627
5	30	172
30	5	173
5	199	4620
199	5	4620
5	90	4620
90	5	4621
5	83	3069
83	5	3070
5	186	935
186	5	936
5	195	4954
195	5	4954
5	96	3994
96	5	3994
5	109	4918
109	5	4919
5	155	858
155	5	858
5	94	1860
94	5	1861
6	35	1102
35	6	1102
6	44	4838
44	6	4839
6	170	4504
170	6	4504
6	160	187
160	6	187
6	68	1025
68	6	1025
6	34	3692
34	6	3692
6	163	4116
163	6	4116
6	120	4084
120	6	4085
6	23	3565
23	6	3565
6	197	4358
197	6	4358
6	158	249
158	6	250
6	179	2859
179	6	2859
6	108	3872
108	6	3873
6	137	4490
137	6	4491
6	112	4577
112	6	4578
6	101	4551
101	6	4552
6	96	4829
96	6	4830
6	11	2862
11	6	2863
6	140	3758
140	6	3759
6	12	1773
12	6	1773
7	31	1806
31	7	1807
7	101	4029
101	7	4029
7	63	1499
63	7	1500
7	167	513
167	7	514
7	51	1475
51	7	1476
7	41	3822
41	7	3823
7	147	761
147	7	762
7	59	687
59	7	688
7	93	4202
93	7	4202
7	91	4035
91	7	4035
7	174	1765
174	7	1765
7	124	2246
124	7	2247
7	128	2273
128	7	2274
7	195	3050
195	7	3051
7	53	3965
53	7	3965
7	149	4885
149	7	4885
7	67	1990
67	7	1990
7	185	2258
185	7	2259
7	123	920
123	7	920
7	138	3364
138	7	3364
8	112	2964
112	8	2964
8	29	574
29	8	575
8	152	4201
152	8	4202
8	95	4494
95	8	4494
8	143	1339
143	8	1340
8	127	1842
127	8	1842
8	54	4246
54	8	4246
8	89	2826
89	8	2826
8	27	1059
27	8	1059
8	70	3812
70	8	3812
8	140	3049
140	8	3049
8	125	334
125	8	335
8	197	3147
197	8	3148
8	162	3988
162	8	3988
8	56	4210
56	8	4211
8	41	4682
41	8	4682
8	60	3515
60	8	3515
8	199	3157
199	8	3158
8	139	3205
139	8	3205
8	79	632
79	8	632
9	164	3881
164	9	3882
9	134	4127
134	9	4128
9	61	4860
61	9	4861
9	68	3837
68	9	3837
9	54	4029
54	9	4029
9	87	3297
87	9	3297
9	125	3591
125	9	3592
9	71	3989
71	9	3990
9	141	3452
141	9	3452
9	132	4359
132	9	4360
9	27	1529
27	9	1529
9	131	4666
131	9	4667
9	184	3837
184	9	3837
9	175	3282
175	9	3282
9	59	1708
59	9	1709
9	44	4050
44	9	4051
9	126	1965
126	9	1965
9	33	3415
33	9	3416
9	169	3873
169	9	3873
9	83	2398
83	9	2398
10	47	4247
47	10	4248
10	198	2998
198	10	2999
10	191	837
191	10	837
10	103	4909
103	10	4909
10	11	4905
11	10	4906
10	162	4021
162	10	4022
10	138	2218
138	10	2218
10	90	4141
90	10	4142
10	64	1935
64	10	1935
10	118	875
118	10	876
10	94	4727
94	10	4727
10	69	3876
69	10	3876
10	146	4437
146	10	4437
10	192	1321
192	10	1321
10	51	4076
51	10	4076
10	70	2928
70	10	2929
10	148	3692
148	10	3693
10	159	4061
159	10	4062
10	120	4887
120	10	4887
10	86	4493
86	10	4494
11	153	2795
153	11	2795
11	148	2087
148	11	2087
11	33	204
33	11	204
11	81	4919
81	11	4920
11	143	2956
143	11	2956
11	122	97
122	11	98
11	172	1622
172	11	1622
11	176	4601
176	11	4602
11	80	927
80	11	927
11	25	3414
25	11	3414
11	97	1048
97	11	1049
11	38	3827
38	11	3827
11	105	1965
105	11	1965
11	14	4677
14	11	4678
11	13	4360
13	11	4360
11	190	1576
190	11	1576
11	17	3722
17	11	3722
12	137	4799
137	12	4800
12	27	4218
27	12	4218
12	191	1298
191	12	1298
12	96	2574
96	12	2574
12	84	3785
84	12	3786
12	133	827
133	12	827
12	13	2271
13	12	2271
12	123	3895
123	12	3895
12	99	4370
99	12	4370
12	114	531
114	12	531
12	57	4282
57	12	4282
12	154	3787
154	12	3787
12	192	4347
192	12	4348
12	178	4410
178	12	4411
12	51	4796
51	12	4797
12	86	3516
86	12	3516
12	30	4371
30	12	4372
12	142	1824
142	12	1824
12	38	3108
38	12	3108
13	146	4256
146	13	4257
13	155	3748
155	13	3749
13	139	4769
139	13	4770
13	132	4421
132	13	4422
13	114	3434
114	13	3435
13	100	4939
100	13	4939
13	147	2699
147	13	2700
13	76	1402
76	13	1403
13	19	4456
19	13	4457
13	158	4094
158	13	4094
13	101	4955
101	13	4955
13	95	3905
95	13	3906
13	91	2868
91	13	2868
13	159	722
159	13	723
13	89	3119
89	13	3119
13	123	1522
123	13	1522
14	45	1899
45	14	1900
14	25	3864
25	14	3865
14	19	3169
19	14	3170
14	159	2088
159	14	2088
14	154	2699
154	14	2700
14	170	906
170	14	907
14	199	4027
199	14	4028
14	22	4550
22	14	4550
14	67	2848
67	14	2849
14	90	279
90	14	280
14	183	3867
183	14	3868
14	155	2463
155	14	2464
14	15	4470
15	14	4470
14	108	3129
108	14	3129
14	161	4542
161	14	4543
14	68	4601
68	14	4601
14	83	2687
83	14	2688
14	162	471
162	14	471
14	188	3299
188	14	3299
15	89	2341
89	15	2342
15	170	4044
170	15	4044
15	45	4644
45	15	4645
15	81	2320
81	15	2320
15	83	3141
83	15	3142
15	120	1905
120	15	1906
15	57	2942
57	15	2943
15	105	3909
105	15	3910
15	85	3570
85	15	3571
15	123	4276
123	15	4276
15	127	3004
127	15	3005
15	64	4961
64	15	4961
15	132	2464
132	15	2464
15	162	1902
162	15	1903
15	160	4976
160	15	4977
15	114	1067
114	15	1067
15	95	1097
95	15	1097
15	102	1462
102	15	1462
16	69	4730
69	16	4730
16	177	1607
177	16	1607
16	126	4582
126	16	4582
16	193	4448
193	16	4448
16	96	2559
96	16	2560
16	166	4500
166	16	4501
16	187	2519
187	16	2520
16	168	4080
168	16	4081
16	131	1875
131	16	1875
16	63	421
63	16	421
16	148	3282
148	16	3282
16	66	4230
66	16	4231
16	200	1271
200	16	1271
16	30	4865
30	16	4865
16	45	4746
45	16	4746
16	35	2778
35	16	2778
16	92	954
92	16	954
16	116	2582
116	16	2582
16	87	3899
87	16	3900
17	95	4292
95	17	4293
17	140	4024
140	17	4024
17	143	1076
143	17	1076
17	41	3289
41	17	3289
17	45	4958
45	17	4958
17	24	4434
24	17	4435
17	81	4561
81	17	4562
17	100	2528
100	17	2529
17	77	4368
77	17	4368
17	108	1160
108	17	1160
17	183	3971
183	17	3971
17	145	4711
145	17	4711
17	94	1646
94	17	1647
17	153	4156
153	17	4157
17	18	4151
18	17	4152
17	167	3641
167	17	3642
17	116	2227
116	17	2228
17	51	3908
51	17	3909
18	161	2365
161	18	2365
18	73	1671
73	18	1672
18	145	2085
145	18	2085
18	134	4732
134	18	4732
18	28	4508
28	18	4509
18	153	4798
153	18	4799
18	179	4077
179	18	4078
18	69	3317
69	18	3318
18	172	4091
172	18	4092
18	38	4143
38	18	4143
18	23	4784
23	18	4785
18	137	1538
137	18	1539
18	123	4481
123	18	4482
18	74	2549
74	18	2549
18	129	4615
129	18	4616
18	29	3877
29	18	3877
18	76	3704
76	18	3704
18	41	3821
41	18	3822
18	87	4226
87	18	4226
19	117	1743
117	19	1743
19	78	1286
78	19	1286
19	116	1767
116	19	1767
19	51	2050
51	19	2051
19	185	684
185	19	685
19	24	3754
24	19	3755
19	94	974
94	19	975
19	175	487
175	19	488
19	159	4399
159	19	4400
19	105	3867
105	19	3868
19	75	3762
75	19	3762
19	109	2851
109	19	2852
19	69	1758
69	19	1758
19	162	4290
162	19	4291
19	194	4662
194	19	4663
19	61	2901
61	19	2902
19	196	4157
196	19	4157
19	83	2000
83	19	2000
20	174	2258
174	20	2259
20	144	1328
144	20	1328
20	69	4197
69	20	4197
20	186	4083
186	20	4084
20	55	693
55	20	693
20	200	3420
200	20	3421
20	63	3686
63	20	3687
20	197	1197
197	20	1197
20	171	4294
171	20	4295
20	138	4121
138	20	4121
20	94	3799
94	20	3800
20	70	4529
70	20	4530
20	109	4402
109	20	4403
20	91	2299
91	20	2299
20	163	2845
163	20	2846
20	191	3862
191	20	3863
20	52	296
52	20	297
20	120	2947
120	20	2947
20	178	158
178	20	158
21	168	1194
168	21	1194
21	178	2812
178	21	2813
21	151	1241
151	21	1241
21	35	3071
35	21	3072
21	102	4454
102	21	4454
21	161	4460
161	21	4461
21	191	3703
191	21	3703
21	169	2354
169	21	2354
21	113	618
113	21	618
21	132	4631
132	21	4631
21	89	4072
89	21	4072
21	37	3800
37	21	3801
21	114	4410
114	21	4411
21	46	2802
46	21	2803
21	188	1907
188	21	1907
21	193	4817
193	21	4818
21	24	2061
24	21	2061
21	179	3193
179	21	3193
22	106	114
106	22	114
22	97	4975
97	22	4975
22	163	3173
163	22	3173
22	182	3853
182	22	3853
22	46	2699
46	22	2700
22	193	4652
193	22	4652
22	80	2710
80	22	2710
22	157	449
157	22	450
22	133	2772
133	22	2773
22	43	583
43	22	583
22	109	1838
109	22	1838
22	139	3910
139	22	3910
22	112	2214
112	22	2215
22	55	3838
55	22	3839
22	100	1647
100	22	1647
23	163	4705
163	23	4706
23	170	3772
170	23	3773
23	78	4708
78	23	4708
23	126	3921
126	23	3921
23	186	4597
186	23	4597
23	112	3945
112	23	3946
23	52	68
52	23	68
23	190	986
190	23	987
23	104	3337
104	23	3337
23	28	1631
28	23	1631
23	131	4397
131	23	4397
23	141	2059
141	23	2060
24	182	4429
182	24	4429
24	68	4546
68	24	4547
24	58	2335
58	24	2336
24	91	1710
91	24	1711
24	47	186
47	24	187
24	139	3747
139	24	3747
24	119	4398
119	24	4399
24	44	310
44	24	310
24	195	4056
195	24	4057
24	104	3072
104	24	3072
24	103	713
103	24	714
24	174	4240
174	24	4240
25	144	4085
144	25	4085
25	150	959
150	25	959
25	49	504
49	25	505
25	31	4187
31	25	4188
25	34	3757
34	25	3757
25	185	4149
185	25	4149
25	139	3953
139	25	3953
25	38	51
38	25	51
25	191	2354
191	25	2355
25	154	3727
154	25	3727
25	138	3753
138	25	3753
25	187	1173
187	25	1174
25	27	4881
27	25	4881
25	165	3575
165	25	3575
25	79	2742
79	25	2742
26	38	3460
38	26	3461
26	138	3646
138	26	3646
26	164	2884
164	26	2884
26	45	2661
45	26	2661
26	73	3123
73	26	3124
26	79	3797
79	26	3797
26	149	4757
149	26	4757
26	58	1983
58	26	1984
26	68	4268
68	26	4269
26	121	4119
121	26	4119
26	127	905
127	26	905
26	139	2513
139	26	2513
26	163	3001
163	26	3001
26	75	3283
75	26	3283
26	166	4343
166	26	4344
27	119	3436
119	27	3437
27	79	3446
79	27	3447
27	88	1316
88	27	1316
27	127	4575
127	27	4576
27	101	4544
101	27	4545
27	99	4056
99	27	4056
27	108	1736
108	27	1736
27	85	1480
85	27	1480
27	67	4820
67	27	4820
27	165	3603
165	27	3603
27	100	1051
100	27	1051
27	122	1089
122	27	1090
27	111	4457
111	27	4457
28	43	4600
43	28	4601
28	173	2885
173	28	2886
28	160	4475
160	28	4475
28	166	4136
166	28	4136
28	180	199
180	28	199
28	194	866
194	28	866
28	142	3519
142	28	3520
28	32	900
32	28	901
28	55	4692
55	28	4693
28	123	3876
123	28	3877
28	91	495
91	28	495
29	167	4459
167	29	4460
29	125	2052
125	29	2053
29	180	1703
180	29	1704
29	117	379
117	29	379
29	128	4903
128	29	4904
29	150	1219
150	29	1220
29	71	2806
71	29	2807
29	147	853
147	29	853
29	96	3800
96	29	3801
29	181	398
181	29	398
29	59	4517
59	29	4517
29	95	3363
95	29	3364
29	32	3450
32	29	3450
29	86	1637
86	29	1638
29	36	2406
36	29	2407
30	178	4444
178	30	4445
30	46	4240
46	30	4240
30	137	1504
137	30	1504
30	103	3648
103	30	3649
30	131	4328
131	30	4328
30	149	1106
149	30	1107
30	165	3566
165	30	3566
30	106	4806
106	30	4807
30	89	833
89	30	833
30	45	2957
45	30	2958
30	183	2695
183	30	2696
30	73	4566
73	30	4567
31	69	1958
69	31	1959
31	54	3961
54	31	3961
31	186	1876
186	31	1877
31	33	4520
33	31	4520
31	141	4322
141	31	4323
31	34	4025
34	31	4025
31	176	4615
176	31	4615
31	103	3146
103	31	3146
31	86	3697
86	31	3697
31	84	4414
84	31	4415
31	101	2905
101	31	2905
31	48	3052
48	31	3052
31	113	1787
113	31	1787
31	82	3401
82	31	3401
31	117	1780
117	31	1781
31	53	1957
53	31	1957
31	151	2845
151	31	2846
32	154	4241
154	32	4242
32	196	3588
196	32	3588
32	59	1224
59	32	1224
32	160	3887
160	32	3888
32	56	3405
56	32	3406
32	60	4111
60	32	4112
32	69	4962
69	32	4963
32	186	3023
186	32	3024
32	126	1083
126	32	1084
32	36	4992
36	32	4993
32	175	3911
175	32	3911
32	74	3572
74	32	3572
32	174	1787
174	32	1787
33	95	3835
95	33	3835
33	42	2999
42	33	2999
33	45	2693
45	33	2693
33	85	1023
85	33	1024
33	122	2240
122	33	2240
33	89	3900
89	33	3901
33	150	4101
150	33	4102
33	92	2251
92	33	2251
33	151	1348
151	33	1349
33	141	4628
141	33	4629
33	80	1357
80	33	1358
33	64	1324
64	33	1325
33	41	2731
41	33	2731
34	164	4378
164	34	4379
34	76	4337
76	34	4338
34	41	4907
41	34	4908
34	108	2228
108	34	2228
34	160	4678
160	34	4678
34	115	4594
115	34	4594
34	140	2779
140	34	2780
34	66	3148
66	34	3148
34	146	3918
146	34	3918
34	174	2029
174	34	2030
34	112	4380
112	34	4380
34	125	1664
125	34	1665
34	183	4198
183	34	4198
34	197	2088
197	34	2088
34	179	1553
179	34	1553
35	172	4387
172	35	4387
35	82	3260
82	35	3261
35	130	4301
130	35	4301
35	111	3542
111	35	3543
35	37	3781
37	35	3781
35	163	4392
163	35	4393
35	75	4279
75	35	4280
35	57	3769
57	35	3769
35	87	2679
87	35	2680
35	52	4322
52	35	4322
35	107	865
107	35	866
36	167	1942
167	36	1942
36	110	4520
110	36	4520
36	58	1113
58	36	1114
36	90	4882
90	36	4882
36	77	1622
77	36	1622
36	183	4538
183	36	4538
36	151	1550
151	36	1551
36	69	3178
69	36	3179
36	62	590
62	36	590
36	139	4098
139	36	4098
36	126	4647
126	36	4648
36	72	4553
72	36	4554
36	51	720
51	36	720
36	113	4465
113	36	4466
36	156	4834
156	36	4835
36	42	152
42	36	153
36	169	3556
169	36	3556
37	123	4367
123	37	4368
37	53	2317
53	37	2318
37	67	712
67	37	712
37	72	3695
72	37	3696
37	139	4056
139	37	4057
37	126	1323
126	37	1323
37	155	439
155	37	439
37	41	1321
41	37	1321
37	54	2670
54	37	2671
37	47	4366
47	37	4367
37	108	4961
108	37	4961
37	81	3021
81	37	3021
37	159	4075
159	37	4075
37	44	3322
44	37	3323
37	46	3776
46	37	3777
37	181	4410
181	37	4410
37	69	4150
69	37	4150
38	87	2247
87	38	2248
38	40	3833
40	38	3833
38	191	4223
191	38	4223
38	174	3112
174	38	3113
38	44	2857
44	38	2857
38	116	662
116	38	663
38	83	1188
83	38	1189
38	86	2816
86	38	2816
38	118	1237
118	38	1237
38	177	4675
177	38	4675
38	188	3691
188	38	3691
38	93	773
93	38	773
38	155	4166
155	38	4166
39	67	3855
67	39	3856
39	78	4165
78	39	4165
39	120	4800
120	39	4801
39	161	1757
161	39	1757
39	200	2528
200	39	2528
39	72	3375
72	39	3376
39	93	3630
93	39	3631
39	66	3230
66	39	3231
39	82	707
82	39	708
39	179	4839
179	39	4839
39	175	3162
175	39	3163
39	70	261
70	39	262
39	71	1375
71	39	1376
39	172	2623
172	39	2624
39	54	237
54	39	237
39	84	1174
84	39	1174
39	126	4284
126	39	4284
39	41	3436
41	39	3437
40	95	571
95	40	571
40	188	4124
188	40	4125
40	171	676
171	40	676
40	110	4303
110	40	4303
40	57	2403
57	40	2404
40	53	4266
53	40	4267
40	192	4148
192	40	4148
40	105	4408
105	40	4408
40	100	3215
100	40	3215
40	59	3779
59	40	3779
40	157	1390
157	40	1391
40	154	1594
154	40	1594
40	176	177
176	40	178
40	178	3740
178	40	3740
40	113	3765
113	40	3766
40	45	3956
45	40	3956
40	194	1523
194	40	1523
40	186	4243
186	40	4243
41	135	3802
135	41	3802
41	101	3551
101	41	3552
41	146	4551
146	41	4551
41	42	1836
42	41	1836
41	165	4487
165	41	4487
42	192	4605
192	42	4605
42	139	4740
139	42	4741
42	93	4815
93	42	4816
42	182	823
182	42	823
42	137	283
137	42	283
42	116	2109
116	42	2110
42	96	4532
96	42	4532
42	118	2917
118	42	2918
42	76	2049
76	42	2049
42	47	3566
47	42	3567
42	122	1598
122	42	1599
42	88	4394
88	42	4395
42	115	575
115	42	576
43	108	1946
108	43	1946
43	46	1813
46	43	1814
43	176	3501
176	43	3501
43	114	4887
114	43	4888
43	119	3786
119	43	3787
43	182	536
182	43	536
43	189	4785
189	43	4786
43	111	1970
111	43	1970
43	66	3531
66	43	3532
43	130	4780
130	43	4781
43	152	4122
152	43	4122
43	107	3344
107	43	3344
44	56	1544
56	44	1545
44	181	3435
181	44	3436
44	110	4781
110	44	4781
44	168	2880
168	44	2881
44	165	3755
165	44	3756
44	149	1528
149	44	1528
44	106	4315
106	44	4316
44	153	1677
153	44	1677
44	52	4937
52	44	4937
44	114	4794
114	44	4795
44	111	4772
111	44	4773
45	142	4968
142	45	4969
45	96	1775
96	45	1776
45	176	4853
176	45	4854
45	48	3219
48	45	3219
45	113	4817
113	45	4818
45	129	4199
129	45	4199
46	142	3782
142	46	3783
46	150	4635
150	46	4635
46	139	136
139	46	136
46	191	4006
191	46	4007
46	71	4207
71	46	4208
46	65	3722
65	46	3723
46	117	2752
117	46	2753
46	63	2363
63	46	2364
46	186	2049
186	46	2049
46	115	1132
115	46	1133
46	83	4962
83	46	4963
46	140	4015
140	46	4015
46	152	3106
152	46	3107
47	187	1151
187	47	1151
47	151	4997
151	47	4997
47	51	1075
51	47	1076
47	144	4879
144	47	4879
47	54	3417
54	47	3418
47	55	2861
55	47	2862
47	105	3078
105	47	3079
47	90	549
90	47	550
47	106	1651
106	47	1651
47	73	2529
73	47	2529
48	142	2490
142	48	2490
48	145	2203
145	48	2203
48	94	1708
94	48	1708
48	165	3974
165	48	3975
48	176	2815
176	48	2815
48	50	4566
50	48	4566
48	136	3889
136	48	3889
48	73	3961
73	48	3961
48	138	2846
138	48	2846
48	63	3906
63	48	3906
48	162	2099
162	48	2100
48	74	4806
74	48	4806
48	189	3825
189	48	3825
48	117	3051
117	48	3051
48	180	3812
180	48	3812
48	57	708
57	48	709
49	80	4778
80	49	4778
49	180	4483
180	49	4483
49	114	4467
114	49	4468
49	133	1451
133	49	1452
49	185	4980
185	49	4981
49	176	4912
176	49	4913
49	59	4023
59	49	4023
49	61	4831
61	49	4831
49	159	4137
159	49	4138
49	52	4794
52	49	4794
49	132	4091
132	49	4091
49	100	1915
100	49	1915
49	121	4418
121	49	4419
49	69	3231
69	49	3232
49	64	4577
64	49	4577
49	75	3775
75	49	3776
49	143	2821
143	49	2821
49	76	614
76	49	615
50	167	2217
167	50	2217
50	172	4426
172	50	4426
50	126	1068
126	50	1069
50	71	3362
71	50	3362
50	102	4508
102	50	4508
50	157	3770
157	50	3770
50	161	4268
161	50	4268
50	103	4731
103	50	4731
50	178	3811
178	50	3811
50	144	2099
144	50	2099
50	153	63
153	50	63
50	108	1102
108	50	1103
50	130	3956
130	50	3956
50	200	4999
200	50	4999
51	66	4245
66	51	4246
51	133	2519
133	51	2520
51	138	1448
138	51	1448
51	142	3049
142	51	3049
51	167	1757
167	51	1758
51	83	4849
83	51	4850
51	122	1145
122	51	1146
51	87	4505
87	51	4505
51	160	4432
160	51	4432
51	176	2618
176	51	2619
52	119	3772
119	52	3773
52	61	3038
61	52	3039
52	97	1826
97	52	1827
52	160	3317
160	52	3317
52	166	4067
166	52	4068
52	104	3901
104	52	3902
52	106	4189
106	52	4189
52	107	4510
107	52	4510
52	148	4264
148	52	4264
52	137	2651
137	52	2652
52	96	4576
96	52	4577
52	68	3306
68	52	3306
52	91	4651
91	52	4651
52	118	3805
118	52	3805
53	146	4323
146	53	4324
53	77	4965
77	53	4966
53	121	1423
121	53	1423
53	80	1023
80	53	1024
53	83	2180
83	53	2180
53	187	3991
187	53	3992
53	166	4389
166	53	4389
53	163	3318
163	53	3318
53	87	1152
87	53	1152
53	86	2347
86	53	2347
53	165	1369
165	53	1369
53	189	4746
189	53	4747
53	96	4359
96	53	4360
53	151	4579
151	53	4579
54	84	102
84	54	102
54	158	3897
158	54	3898
54	112	829
112	54	829
54	162	4931
162	54	4931
54	176	59
176	54	59
54	132	2215
132	54	2215
54	64	4205
64	54	4205
54	78	4370
78	54	4371
54	127	3710
127	54	3711
55	121	2398
121	55	2398
55	79	2236
79	55	2236
55	196	3943
196	55	3943
55	177	2229
177	55	2229
55	133	4988
133	55	4989
55	74	2422
74	55	2422
55	67	4884
67	55	4885
55	104	4110
104	55	4111
55	154	2941
154	55	2942
55	115	4619
115	55	4619
55	172	4050
172	55	4050
56	112	1697
112	56	1698
56	150	4967
150	56	4967
56	114	3344
114	56	3345
56	113	4612
113	56	4613
56	162	3014
162	56	3014
56	66	726
66	56	726
56	107	4257
107	56	4258
56	105	1876
105	56	1877
56	67	2944
67	56	2944
56	94	2005
94	56	2005
56	85	4076
85	56	4076
56	172	2213
172	56	2213
56	80	2503
80	56	2504
56	191	3661
191	56	3662
56	69	4510
69	56	4511
56	89	892
89	56	892
57	162	269
162	57	269
57	173	4849
173	57	4849
57	175	4224
175	57	4224
57	138	4771
138	57	4771
57	191	3586
191	57	3586
57	147	4568
147	57	4568
57	140	2116
140	57	2116
57	200	3165
200	57	3165
57	170	2291
170	57	2292
57	178	2500
178	57	2500
58	121	4250
121	58	4251
58	74	2116
74	58	2117
58	83	4110
83	58	4110
58	103	4610
103	58	4610
58	124	4471
124	58	4472
58	172	665
172	58	666
58	167	4717
167	58	4718
58	95	1098
95	58	1099
58	138	4471
138	58	4471
58	94	4992
94	58	4993
58	73	4588
73	58	4588
58	143	4554
143	58	4554
58	88	4917
88	58	4918
58	110	4899
110	58	4899
58	147	3298
147	58	3298
59	85	4435
85	59	4436
59	73	4573
73	59	4573
59	195	3958
195	59	3959
59	102	2204
102	59	2205
59	189	4465
189	59	4466
59	88	3940
88	59	3940
59	118	2180
118	59	2181
59	117	4230
117	59	4231
59	74	709
74	59	709
59	116	4173
116	59	4174
60	127	2383
127	60	2383
60	150	3833
150	60	3834
60	82	1607
82	60	1607
60	86	3844
86	60	3845
60	120	1566
120	60	1567
60	109	4527
109	60	4528
60	137	2695
137	60	2696
60	177	3532
177	60	3533
60	152	4904
152	60	4905
60	182	4028
182	60	4029
60	165	1235
165	60	1236
60	76	4855
76	60	4855
60	143	4109
143	60	4110
60	175	4026
175	60	4026
60	92	3626
92	60	3626
61	119	190
119	61	191
61	132	3117
132	61	3117
61	146	2036
146	61	2036
61	123	4526
123	61	4527
61	78	3030
78	61	3030
61	194	2725
194	61	2726
61	135	1698
135	61	1698
61	111	4969
111	61	4969
61	72	4632
72	61	4633
61	150	734
150	61	734
61	69	2202
69	61	2202
61	92	1975
92	61	1976
61	131	4817
131	61	4817
61	136	3691
136	61	3691
62	160	3445
160	62	3445
62	98	1442
98	62	1443
62	74	3093
74	62	3093
62	128	3509
128	62	3509
62	102	670
102	62	671
62	166	1814
166	62	1815
62	137	3927
137	62	3927
62	134	3019
134	62	3020
62	155	4380
155	62	4381
62	89	4617
89	62	4618
62	79	1596
79	62	1596
62	81	4199
81	62	4199
62	91	651
91	62	652
62	151	4890
151	62	4890
62	76	4383
76	62	4383
62	170	4531
170	62	4531
63	83	4685
83	63	4686
63	182	4203
182	63	4204
63	130	467
130	63	468
63	181	4692
181	63	4692
63	87	2112
87	63	2112
63	72	3960
72	63	3960
63	179	3531
179	63	3531
63	131	860
131	63	861
63	173	2698
173	63	2698
63	129	64
129	63	65
64	105	1051
105	64	1051
64	81	156
81	64	157
64	100	1904
100	64	1904
64	140	4957
140	64	4958
64	118	3770
118	64	3771
64	79	1833
79	64	1834
64	164	2553
164	64	2553
64	75	1757
75	64	1758
64	134	4973
134	64	4973
64	130	2211
130	64	2211
64	145	3030
145	64	3031
64	80	3710
80	64	3710
65	102	3089
102	65	3089
65	147	110
147	65	111
65	157	1042
157	65	1043
65	169	4049
169	65	4050
65	66	2383
66	65	2384
65	76	1539
76	65	1539
65	110	4261
110	65	4261
65	146	552
146	65	553
65	179	1351
179	65	1352
65	161	4870
161	65	4871
65	71	238
71	65	239
65	129	2647
129	65	2648
65	122	4296
122	65	4297
65	180	4214
180	65	4215
66	102	1459
102	66	1460
66	170	4211
170	66	4211
66	169	2602
169	66	2602
66	155	1308
155	66	1308
66	182	4824
182	66	4824
66	152	1435
152	66	1436
66	158	1299
158	66	1299
66	105	4541
105	66	4542
66	79	1890
79	66	1891
66	123	2159
123	66	2159
66	135	4773
135	66	4774
67	82	4130
82	67	4130
67	109	3592
109	67	3593
67	170	3875
170	67	3875
67	180	3531
180	67	3532
67	187	1404
187	67	1404
67	100	4097
100	67	4097
67	152	3617
152	67	3617
67	72	1991
72	67	1992
67	112	3551
112	67	3552
68	70	1996
70	68	1997
68	179	1689
179	68	1689
68	95	4596
95	68	4597
68	171	3883
171	68	3883
68	86	4916
86	68	4916
68	160	3176
160	68	3177
68	157	3961
157	68	3962
68	143	4985
143	68	4985
68	140	3829
140	68	3829
69	154	1133
154	69	1133
69	96	2886
96	69	2887
69	129	4404
129	69	4405
69	195	2616
195	69	2617
69	111	2384
111	69	2384
69	171	4952
171	69	4953
69	78	1087
78	69	1087
70	161	3619
161	70	3620
70	145	2165
145	70	2165
70	92	2697
92	70	2697
70	150	4311
150	70	4312
70	156	4848
156	70	4848
70	73	4659
73	70	4659
70	93	4977
93	70	4978
70	162	1947
162	70	1948
70	107	4887
107	70	4888
70	168	3533
168	70	3534
70	97	3223
97	70	3224
71	164	4313
164	71	4314
71	163	1078
163	71	1078
71	94	4309
94	71	4309
71	107	827
107	71	827
71	79	3631
79	71	3631
71	127	4244
127	71	4245
71	153	3577
153	71	3578
71	105	4200
105	71	4201
71	110	2986
110	71	2987
71	75	4589
75	71	4589
71	171	4406
171	71	4407
71	196	3982
196	71	3982
72	151	4961
151	72	4961
72	196	4895
196	72	4895
72	131	183
131	72	183
72	143	556
143	72	557
72	96	1246
96	72	1247
72	147	4338
147	72	4339
72	155	4671
155	72	4672
72	149	4143
149	72	4143
72	110	4827
110	72	4828
73	157	4735
157	73	4736
73	81	4556
81	73	4557
73	74	1916
74	73	1917
73	124	3632
124	73	3632
73	171	2895
171	73	2895
73	105	2055
105	73	2056
73	127	2762
127	73	2763
73	132	1022
132	73	1023
73	155	3589
155	73	3589
73	146	4995
146	73	4995
74	174	838
174	74	839
74	154	4508
154	74	4509
74	156	4920
156	74	4920
74	81	3596
81	74	3596
74	113	2676
113	74	2677
74	90	3972
90	74	3972
74	152	3704
152	74	3705
74	145	3282
145	74	3283
75	96	1087
96	75	1088
75	81	2790
81	75	2790
75	142	3517
142	75	3518
75	103	4218
103	75	4218
75	185	1756
185	75	1757
75	117	4417
117	75	4417
75	118	2056
118	75	2057
75	84	3832
84	75	3832
75	91	2987
91	75	2988
76	107	4958
107	76	4959
76	182	4735
182	76	4736
76	135	4643
135	76	4643
76	108	3932
108	76	3933
76	124	3716
124	76	3717
76	165	3085
165	76	3085
76	140	3626
140	76	3626
76	88	3043
88	76	3044
76	129	3907
129	76	3908
76	156	2660
156	76	2661
76	143	3541
143	76	3542
77	134	2511
134	77	2512
77	132	4244
132	77	4244
77	168	77
168	77	78
77	143	2471
143	77	2472
77	96	2663
96	77	2664
77	99	1792
99	77	1792
77	151	3806
151	77	3806
77	101	1166
101	77	1166
77	93	2939
93	77	2939
77	153	1073
153	77	1074
77	194	2857
194	77	2858
77	83	1179
83	77	1180
77	144	2421
144	77	2422
78	156	1345
156	78	1345
78	116	4095
116	78	4096
78	150	3982
150	78	3982
78	198	4349
198	78	4349
78	131	2369
131	78	2370
78	111	971
111	78	972
78	200	4866
200	78	4867
78	152	2804
152	78	2804
78	115	4085
115	78	4086
78	118	4898
118	78	4899
79	111	4338
111	79	4338
79	169	4104
169	79	4105
79	95	3442
95	79	3443
79	140	1043
140	79	1044
79	143	4054
143	79	4055
79	113	3718
113	79	3718
79	137	4514
137	79	4514
80	165	303
165	80	303
80	94	4070
94	80	4070
80	137	1023
137	80	1023
80	119	2953
119	80	2953
80	152	3593
152	80	3593
80	115	2471
115	80	2472
80	146	3704
146	80	3705
80	160	2871
160	80	2872
80	144	3936
144	80	3936
81	95	4221
95	81	4221
81	169	467
169	81	467
81	110	3786
110	81	3786
81	175	3980
175	81	3980
81	166	3998
166	81	3998
81	123	1707
123	81	1708
81	200	3996
200	81	3997
81	137	1088
137	81	1088
81	97	822
97	81	823
81	86	2290
86	81	2291
82	122	3923
122	82	3923
82	131	3930
131	82	3931
82	111	1961
111	82	1962
82	146	4048
146	82	4048
82	107	4068
107	82	4069
82	91	3184
91	82	3185
82	178	4371
178	82	4372
82	175	1614
175	82	1615
82	120	3114
120	82	3115
82	171	4935
171	82	4936
82	167	564
167	82	565
82	115	1009
115	82	1010
82	117	1864
117	82	1865
82	124	2832
124	82	2832
83	114	3864
114	83	3865
83	149	1402
149	83	1403
83	174	4134
174	83	4134
83	109	3778
109	83	3779
84	146	3943
146	84	3944
84	125	2857
125	84	2858
84	94	3872
94	84	3872
84	126	2542
126	84	2542
84	95	1821
95	84	1822
84	165	2957
165	84	2957
84	90	4538
90	84	4539
84	151	2159
151	84	2160
84	178	3565
178	84	3566
84	104	1896
104	84	1897
84	99	4013
99	84	4013
84	150	4907
150	84	4908
85	115	3762
115	85	3762
85	180	319
180	85	320
85	97	3517
97	85	3518
85	92	1782
92	85	1783
85	122	4678
122	85	4679
85	121	3558
121	85	3558
85	136	3704
136	85	3705
85	141	4144
141	85	4145
85	143	4800
143	85	4801
85	131	2141
131	85	2141
85	168	4215
168	85	4215
85	164	4527
164	85	4527
86	97	4407
97	86	4407
86	113	2936
113	86	2936
86	198	4514
198	86	4514
86	151	2889
151	86	2890
86	145	2472
145	86	2473
86	173	3992
173	86	3993
86	123	4232
123	86	4233
86	106	1639
106	86	1639
87	140	2251
140	87	2251
87	94	443
94	87	444
87	91	1733
91	87	1734
87	167	3417
167	87	3417
87	128	4312
128	87	4313
87	115	3893
115	87	3894
87	175	1178
175	87	1178
88	158	3953
158	88	3954
88	125	1232
125	88	1232
88	156	2986
156	88	2986
88	148	300
148	88	301
88	94	2037
94	88	2038
88	97	2942
97	88	2942
88	130	1784
130	88	1785
88	175	2331
175	88	2332
88	91	998
91	88	999
88	152	4076
152	88	4077
88	100	4505
100	88	4506
88	113	2526
113	88	2526
89	128	1376
128	89	1377
89	144	4626
144	89	4627
89	126	1218
126	89	1219
89	115	4419
115	89	4420
89	148	4768
148	89	4768
89	98	4338
98	89	4339
89	170	1385
170	89	1385
89	131	1382
131	89	1383
89	96	2082
96	89	2083
89	174	4937
174	89	4937
89	121	2109
121	89	2109
90	159	3065
159	90	3066
90	102	2883
102	90	2884
90	109	4443
109	90	4443
90	172	2099
172	90	2100
90	99	2084
99	90	2085
90	160	4157
160	90	4158
90	177	4771
177	90	4771
90	135	4186
135	90	4186
90	145	4777
145	90	4777
90	94	1154
94	90	1155
90	116	128
116	90	128
91	159	4676
159	91	4677
91	92	2293
92	91	2293
91	116	2873
116	91	2874
91	166	4273
166	91	4273
91	119	1357
119	91	1358
91	172	1890
172	91	1890
91	135	2649
135	91	2650
91	124	929
124	91	930
92	157	4449
157	92	4450
92	120	4331
120	92	4331
92	110	415
110	92	415
92	156	4556
156	92	4557
92	93	4858
93	92	4858
92	155	1200
155	92	1200
92	177	1074
177	92	1074
92	198	2992
198	92	2993
92	124	1836
124	92	1836
93	121	3513
121	93	3513
93	166	1709
166	93	1709
93	157	4601
157	93	4602
93	106	1922
106	93	1922
93	189	3246
189	93	3247
93	150	293
150	93	293
93	163	270
163	93	270
93	130	3304
130	93	3305
93	114	1824
114	93	1824
93	119	3953
119	93	3954
95	127	732
127	95	733
95	120	4815
120	95	4816
95	113	4690
113	95	4690
95	148	4853
148	95	4853
95	122	573
122	95	573
95	175	4562
175	95	4563
96	165	4522
165	96	4522
96	127	1838
127	96	1839
97	144	3185
144	97	3186
97	163	4162
163	97	4162
97	145	2835
145	97	2836
97	124	1122
124	97	1122
97	153	4979
153	97	4979
97	136	3772
136	97	3772
97	125	3055
125	97	3055
97	155	827
155	97	827
97	198	1676
198	97	1677
97	100	2176
100	97	2176
97	154	2251
154	97	2252
98	170	1347
170	98	1347
98	112	714
112	98	715
98	171	2461
171	98	2462
98	173	3122
173	98	3123
98	161	4567
161	98	4567
98	177	3441
177	98	3441
98	160	2760
160	98	2761
98	200	224
200	98	225
98	175	917
175	98	917
98	116	4126
116	98	4127
98	159	3527
159	98	3528
98	102	1577
102	98	1578
98	140	2865
140	98	2866
98	157	4914
157	98	4915
99	136	3384
136	99	3384
99	129	4639
129	99	4640
99	166	1423
166	99	1424
99	108	1351
108	99	1351
99	121	4028
121	99	4028
99	171	4773
171	99	4774
99	144	2232
144	99	2233
99	189	4013
189	99	4013
99	111	4921
111	99	4921
99	178	380
178	99	381
99	126	573
126	99	573
99	119	4477
119	99	4477
99	157	4520
157	99	4521
100	122	2384
122	100	2385
100	160	2593
160	100	2593
100	130	3998
130	100	3998
100	177	3156
177	100	3156
100	189	1272
189	100	1273
100	121	3617
121	100	3617
100	115	4899
115	100	4900
101	129	4196
129	101	4196
101	158	2835
158	101	2836
101	164	4947
164	101	4947
101	171	3478
171	101	3479
101	148	4430
148	101	4431
102	168	4292
168	102	4293
102	148	906
148	102	907
102	174	4928
174	102	4929
102	134	4849
134	102	4849
103	194	991
194	103	991
104	135	4347
135	104	4348
104	175	3835
175	104	3836
104	145	301
145	104	302
104	118	3177
118	104	3178
104	107	4748
107	104	4748
104	116	3726
116	104	3726
104	171	2397
171	104	2398
104	144	4829
144	104	4830
104	108	4353
108	104	4353
105	113	3742
113	105	3743
106	159	1832
159	106	1833
106	122	1728
122	106	1728
106	117	4786
117	106	4786
106	149	4635
149	106	4636
106	150	2823
150	106	2824
107	164	2221
164	107	2222
107	118	1044
118	107	1044
107	158	2326
158	107	2327
108	130	1779
130	108	1780
108	173	2583
173	108	2584
108	144	3510
144	108	3510
109	126	1485
126	109	1485
111	175	4511
175	111	4511
112	141	359
141	112	359
113	134	4898
134	113	4899
117	198	4233
198	117	4234
117	124	2377
124	117	2377
117	121	1664
121	117	1665
117	145	3197
145	117	3197
117	166	2160
166	117	2161
118	153	4820
153	118	4821
118	138	3924
138	118	3924
119	173	3809
173	119	3810
121	168	4354
168	121	4355
123	163	4352
163	123	4353
123	198	3722
198	123	3722
124	169	4385
169	124	4386
124	130	4092
130	124	4093
125	171	4294
171	125	4294
125	167	3674
167	125	3674
125	179	367
179	125	367
125	134	879
134	125	880
125	142	1207
142	125	1207
125	148	1448
148	125	1448
126	173	3938
173	126	3939
126	132	1412
132	126	1412
128	141	1237
141	128	1237
128	179	3795
179	128	3795
128	133	3808
133	128	3809
128	135	3184
135	128	3185
128	134	1497
134	128	1497
128	158	3244
158	128	3244
129	142	4819
142	129	4820
129	169	2618
169	129	2619
129	168	2828
168	129	2828
129	150	594
150	129	595
129	138	1684
138	129	1685
130	149	1906
149	130	1906
130	147	3744
147	130	3744
130	169	555
169	130	556
132	200	2275
200	132	2276
132	153	3749
153	132	3750
133	149	2120
149	133	2121
133	179	4710
179	133	4710
133	166	4877
166	133	4878
134	177	2372
177	134	2372
134	141	4968
141	134	4969
134	164	823
164	134	824
134	149	665
149	134	665
135	161	3995
161	135	3995
135	172	4407
172	135	4407
135	168	1374
168	135	1375
136	159	4668
159	136	4669
136	145	4864
145	136	4865
136	144	2927
144	136	2927
136	156	2451
156	136	2451
136	189	53
189	136	54
138	168	166
168	138	167
141	142	4409
142	141	4410
141	161	1120
161	141	1121
141	154	2764
154	141	2765
141	174	2012
174	141	2012
141	172	4406
172	141	4406
141	148	3808
148	141	3808
142	194	3903
194	142	3903
142	179	4919
179	142	4920
144	189	2560
189	144	2560
145	172	1921
172	145	1921
145	171	3077
171	145	3077
147	163	4212
163	147	4212
147	161	1300
161	147	1300
147	158	4126
158	147	4126
147	170	3790
170	147	3791
149	158	3871
158	149	3872
149	170	2654
170	149	2655
150	158	4673
158	150	4673
153	180	2196
180	153	2197
153	177	3184
177	153	3184
153	174	1215
174	153	1216
154	164	3657
164	154	3657
154	180	1618
180	154	1619
154	159	3129
159	154	3130
154	194	3942
194	154	3942
159	194	3994
194	159	3995
161	173	3233
173	161	3233
167	180	4022
180	167	4022
167	177	1241
177	167	1242
169	173	1337
173	169	1338
173	174	4557
174	173	4557
177	180	3834
180	177	3834
