200	2824
2	2
2	3
5	8
3	6
4	6
2	3
2	2
4	8
4	8
5	10
3	5
4	6
5	9
2	2
2	2
4	6
4	8
2	2
3	5
2	2
3	5
4	8
4	7
5	10
5	9
4	6
2	2
4	7
3	5
4	8
5	10
5	8
3	4
2	2
4	8
3	4
4	7
5	8
5	10
3	5
2	4
5	10
4	8
5	8
4	7
2	2
4	7
5	9
3	4
3	5
5	8
3	6
2	4
3	4
3	5
2	3
3	6
5	10
5	10
2	2
5	10
4	6
4	6
3	4
5	10
3	6
3	4
2	2
5	10
2	2
4	6
3	5
3	4
5	10
4	6
3	6
5	10
2	2
5	8
5	8
5	9
2	3
2	2
4	8
5	9
4	7
4	8
4	8
5	10
5	9
2	4
3	4
3	5
4	6
4	7
5	9
3	5
5	9
3	4
3	5
4	6
3	6
3	4
2	3
2	3
4	7
5	9
2	2
4	6
3	6
5	10
4	8
4	6
5	10
4	7
5	9
2	3
2	3
4	8
2	3
2	2
3	4
2	2
3	5
2	2
4	8
5	10
2	4
2	3
3	4
5	9
4	7
2	3
4	8
3	5
3	5
3	6
2	3
4	7
5	9
4	7
5	10
4	7
2	3
5	10
3	5
2	3
4	7
3	4
3	6
3	6
5	10
2	3
2	3
3	4
4	7
2	3
4	7
4	7
5	9
2	4
3	6
3	5
2	3
2	2
5	10
3	5
2	3
5	10
3	5
2	3
5	9
2	2
2	3
2	2
3	5
3	4
2	3
5	9
3	6
3	5
3	6
5	9
5	10
4	7
2	3
4	8
5	10
3	4
5	9
3	6
4	6
4	7
5	9
5	8
3	6
5	10
4	7
3	5
5	9
1	195	2041
195	1	2041
1	58	1118
58	1	1119
1	106	4893
106	1	4893
1	172	890
172	1	890
1	90	3109
90	1	3109
1	184	3626
184	1	3627
1	192	4885
192	1	4886
1	101	3046
101	1	3046
1	6	4695
6	1	4695
1	44	2823
44	1	2824
1	51	3040
51	1	3040
1	102	2241
102	1	2241
1	95	4561
95	1	4561
1	183	3909
183	1	3910
1	64	1382
64	1	1382
1	55	2465
55	1	2465
1	53	629
53	1	630
1	66	2050
66	1	2050
1	137	4167
137	1	4168
1	45	3806
45	1	3807
2	125	4871
125	2	4872
2	152	3418
152	2	3419
2	119	3734
119	2	3735
2	74	4519
74	2	4519
2	150	3335
150	2	3335
2	169	4948
169	2	4949
2	106	3940
106	2	3940
2	14	285
14	2	286
2	13	1992
13	2	1993
2	3	595
3	2	595
2	36	4420
36	2	4420
2	113	2951
113	2	2952
2	160	4796
160	2	4796
2	68	4899
68	2	4899
2	42	475
42	2	476
2	161	4609
161	2	4610
2	28	4152
28	2	4153
2	12	1567
12	2	1568
2	170	3954
170	2	3955
2	7	4111
7	2	4111
3	140	4108
140	3	4108
3	69	4815
69	3	4816
3	106	1005
106	3	1006
3	195	1857
195	3	1858
3	134	2359
134	3	2359
3	118	666
118	3	667
3	73	3872
73	3	3872
3	187	3481
187	3	3481
3	190	1728
190	3	1729
3	83	4390
83	3	4390
3	138	3041
138	3	3041
3	39	1265
39	3	1266
3	25	3503
25	3	3503
3	56	4637
56	3	4638
3	194	4355
194	3	4356
3	113	4580
113	3	4580
3	175	260
175	3	261
3	31	221
31	3	222
3	18	961
18	3	961
4	118	4843
118	4	4843
4	37	4807
37	4	4808
4	101	4996
101	4	4996
4	162	4182
162	4	4183
4	132	3958
132	4	3959
4	106	3693
106	4	3694
4	76	4763
76	4	4763
4	133	3992
133	4	3993
4	137	4839
137	4	4840
4	46	3751
46	4	3751
4	179	4848
179	4	4849
4	125	4561
125	4	4561
4	13	2088
13	4	2089
4	150	4405
150	4	4406
4	10	2303
10	4	2303
4	135	4285
135	4	4285
4	82	3877
82	4	3878
4	31	4298
31	4	4298
4	110	3982
110	4	3982
4	26	3900
26	4	3901
5	61	1451
61	5	1451
5	132	3411
132	5	3411
5	185	3175
185	5	3176
5	190	3489
190	5	3489
5	107	4297
107	5	4297
5	154	1441
154	5	1442
5	195	4903
195	5	4903
5	26	4598
26	5	4599
5	35	3787
35	5	3788
5	87	2210
87	5	2211
5	49	479
49	5	480
5	193	4195
193	5	4196
5	62	4192
62	5	4193
5	7	1566
7	5	1566
5	27	80
27	5	81
5	79	4928
79	5	4928
5	186	3962
186	5	3963
5	80	4219
80	5	4219
5	200	357
200	5	358
5	124	2064
124	5	2064
6	18	1749
18	6	1749
6	190	4579
190	6	4579
6	107	4098
107	6	4099
6	187	789
187	6	790
6	61	2154
61	6	2155
6	160	3679
160	6	3680
6	125	4747
125	6	4747
6	165	4523
165	6	4523
6	38	4424
38	6	4425
6	171	3688
171	6	3689
6	7	357
7	6	358
6	11	2717
11	6	2717
6	10	4878
10	6	4878
6	96	4880
96	6	4881
6	193	3823
193	6	3824
6	141	4392
141	6	4393
6	94	4393
94	6	4394
6	16	3303
16	6	3303
6	184	4848
184	6	4849
7	181	3198
181	7	3198
7	166	2112
166	7	2113
7	143	4447
143	7	4448
7	74	2680
74	7	2681
7	81	659
81	7	659
7	51	2378
51	7	2378
7	150	4877
150	7	4878
7	72	72
72	7	73
7	177	684
177	7	685
7	171	3519
171	7	3520
7	118	4342
118	7	4342
7	38	2318
38	7	2318
7	23	1521
23	7	1522
7	113	2535
113	7	2536
7	151	3105
151	7	3105
7	159	4301
159	7	4302
7	111	4647
111	7	4647
8	85	1858
85	8	1858
8	175	3452
175	8	3452
8	116	462
116	8	462
8	132	2602
132	8	2603
8	106	1268
106	8	1269
8	84	460
84	8	460
8	188	4942
188	8	4942
8	83	3701
83	8	3702
8	112	2806
112	8	2806
8	114	3428
114	8	3428
8	130	3575
130	8	3575
8	40	2305
40	8	2305
8	122	2235
122	8	2236
8	79	4458
79	8	4459
8	72	1980
72	8	1980
8	22	914
22	8	915
8	157	2559
157	8	2559
8	16	4199
16	8	4199
8	78	3827
78	8	3827
8	165	3937
165	8	3937
9	14	4159
14	9	4159
9	136	1176
136	9	1177
9	175	1495
175	9	1495
9	73	747
73	9	747
9	115	4453
115	9	4453
9	78	4989
78	9	4989
9	191	4554
191	9	4555
9	186	4061
186	9	4061
9	55	3622
55	9	3623
9	68	1131
68	9	1131
9	173	3910
173	9	3911
9	161	3905
161	9	3905
9	17	3459
17	9	3459
9	144	4803
144	9	4804
9	37	1131
37	9	1132
9	84	4056
84	9	4057
9	134	3805
134	9	3806
9	174	1144
174	9	1144
9	147	1138
147	9	1139
9	69	4656
69	9	4657
10	166	2700
166	10	2701
10	36	3343
36	10	3344
10	183	3601
183	10	3601
10	51	2947
51	10	2947
10	164	3851
164	10	3852
10	118	2235
118	10	2236
10	158	324
158	10	324
10	77	3852
77	10	3852
10	145	4133
145	10	4134
10	45	4780
45	10	4781
10	105	1668
105	10	1668
10	100	4666
100	10	4667
10	143	1382
143	10	1382
10	109	827
109	10	827
10	160	4632
160	10	4633
10	169	3800
169	10	3800
10	19	3689
19	10	3689
10	111	1028
111	10	1029
11	50	4635
50	11	4636
11	91	2881
91	11	2882
11	171	4183
171	11	4184
11	120	4833
120	11	4834
11	90	3719
90	11	3720
11	39	4730
39	11	4730
11	119	2740
119	11	2740
11	100	3052
100	11	3053
11	61	942
61	11	942
11	114	4073
114	11	4073
11	103	1662
103	11	1662
11	71	3834
71	11	3835
11	43	2158
43	11	2158
11	79	4700
79	11	4700
11	142	3905
142	11	3905
11	74	2118
74	11	2119
11	55	2221
55	11	2221
11	174	4946
174	11	4946
11	88	1069
88	11	1069
12	46	4991
46	12	4991
12	62	4842
62	12	4842
12	116	2531
116	12	2531
12	167	4856
167	12	4856
12	171	4532
171	12	4532
12	60	4752
60	12	4752
12	144	2985
144	12	2985
12	59	2964
59	12	2965
12	54	4750
54	12	4750
12	179	88
179	12	88
12	17	2218
17	12	2218
12	91	4500
91	12	4501
12	127	3840
127	12	3841
12	139	337
139	12	337
12	110	4095
110	12	4096
12	16	4701
16	12	4701
12	36	4992
36	12	4993
12	32	3835
32	12	3835
12	65	4137
65	12	4137
13	173	4899
173	13	4900
13	160	4916
160	13	4916
13	134	1681
134	13	1682
13	62	2336
62	13	2336
13	64	4913
64	13	4913
13	111	3501
111	13	3501
13	58	4147
58	13	4147
13	45	4907
45	13	4907
13	71	2886
71	13	2886
13	52	3588
52	13	3588
13	146	1357
146	13	1357
13	53	1604
53	13	1604
13	49	3534
49	13	3534
13	149	4242
149	13	4243
13	110	4614
110	13	4615
13	127	3737
127	13	3738
13	15	1227
15	13	1228
13	145	945
145	13	946
14	189	1962
189	14	1962
14	49	855
49	14	855
14	93	2751
93	14	2751
14	94	2921
94	14	2921
14	89	2585
89	14	2586
14	155	1421
155	14	1421
14	192	2762
192	14	2762
14	124	615
124	14	615
14	138	4152
138	14	4152
14	64	4041
64	14	4042
14	132	2807
132	14	2808
14	121	433
121	14	433
14	42	4811
42	14	4811
14	91	2379
91	14	2379
14	101	4810
101	14	4810
14	81	1674
81	14	1674
14	185	3727
185	14	3727
14	178	4283
178	14	4284
15	46	2863
46	15	2863
15	81	280
81	15	281
15	36	1333
36	15	1333
15	142	2530
142	15	2530
15	200	4969
200	15	4970
15	82	4523
82	15	4524
15	38	3429
38	15	3429
15	67	2747
67	15	2748
15	141	1688
141	15	1689
15	119	2219
119	15	2219
15	94	4780
94	15	4781
15	62	4262
62	15	4263
15	106	4988
106	15	4989
15	65	1271
65	15	1271
15	66	4772
66	15	4773
15	33	1778
33	15	1779
15	59	1875
59	15	1875
15	83	4283
83	15	4283
15	130	1954
130	15	1954
16	134	2040
134	16	2040
16	109	1108
109	16	1108
16	156	4412
156	16	4412
16	29	3257
29	16	3258
16	166	3819
166	16	3819
16	93	4027
93	16	4027
16	55	3193
55	16	3194
16	184	3790
184	16	3791
16	123	2969
123	16	2970
16	122	4452
122	16	4453
16	158	2965
158	16	2965
16	36	969
36	16	970
16	161	1700
161	16	1701
16	90	4210
90	16	4210
16	193	2600
193	16	2601
16	165	3507
165	16	3507
16	188	4711
188	16	4712
17	104	1288
104	17	1289
17	137	539
137	17	540
17	148	3240
148	17	3241
17	160	3976
160	17	3977
17	90	3986
90	17	3987
17	127	4974
127	17	4974
17	76	3000
76	17	3000
17	197	3181
197	17	3182
17	102	3656
102	17	3657
17	30	3533
30	17	3534
17	143	3813
143	17	3814
17	73	2434
73	17	2434
17	115	4475
115	17	4475
17	94	1020
94	17	1021
17	95	3956
95	17	3956
17	18	4896
18	17	4897
17	144	2539
144	17	2540
17	187	4161
187	17	4162
18	136	3778
136	18	3778
18	71	4344
71	18	4345
18	55	1513
55	18	1513
18	95	4859
95	18	4859
18	81	2988
81	18	2989
18	48	2320
48	18	2320
18	182	2691
182	18	2692
18	68	3828
68	18	3829
18	132	4097
132	18	4097
18	157	3729
157	18	3730
18	67	4039
67	18	4040
18	93	1049
93	18	1049
18	64	4109
64	18	4109
18	40	3767
40	18	3768
18	19	3792
19	18	3793
18	34	2444
34	18	2445
18	165	4841
165	18	4841
19	94	3106
94	19	3107
19	100	4554
100	19	4554
19	63	4348
63	19	4348
19	111	1206
111	19	1207
19	97	3762
97	19	3763
19	131	4588
131	19	4588
19	62	1729
62	19	1729
19	117	2135
117	19	2135
19	194	2332
194	19	2333
19	134	2580
134	19	2581
19	157	228
157	19	229
19	192	4943
192	19	4944
19	146	862
146	19	862
19	175	238
175	19	238
19	153	4375
153	19	4376
19	113	3521
113	19	3522
19	70	4121
70	19	4122
19	91	1183
91	19	1184
20	74	3420
74	20	3420
20	141	4340
141	20	4341
20	133	3641
133	20	3642
20	53	1405
53	20	1406
20	25	4622
25	20	4622
20	184	1313
184	20	1313
20	108	2445
108	20	2445
20	51	3352
51	20	3353
20	142	4148
142	20	4148
20	62	4980
62	20	4981
20	41	150
41	20	151
20	147	2493
147	20	2493
20	179	4454
179	20	4454
20	30	2882
30	20	2883
20	163	4300
163	20	4301
20	156	4857
156	20	4858
20	143	3619
143	20	3619
20	27	3955
27	20	3955
20	28	4136
28	20	4136
20	58	2724
58	20	2724
21	25	2574
25	21	2575
21	110	4021
110	21	4022
21	193	688
193	21	688
21	152	1289
152	21	1289
21	131	424
131	21	425
21	40	3427
40	21	3427
21	94	638
94	21	639
21	156	1580
156	21	1580
21	185	3234
185	21	3235
21	32	4896
32	21	4897
21	144	3664
144	21	3664
21	82	4416
82	21	4417
21	167	1604
167	21	1605
21	88	179
88	21	179
21	180	4635
180	21	4636
22	140	4587
140	22	4588
22	67	4119
67	22	4120
22	30	3613
30	22	3614
22	69	2034
69	22	2035
22	136	2907
136	22	2907
22	125	4903
125	22	4904
22	193	2405
193	22	2406
22	110	2464
110	22	2464
22	181	372
181	22	373
22	73	4042
73	22	4042
22	180	1698
180	22	1699
22	195	4463
195	22	4463
22	87	3082
87	22	3082
22	183	4074
183	22	4074
22	184	1196
184	22	1196
22	48	520
48	22	520
22	169	3162
169	22	3162
23	61	983
61	23	983
23	132	2765
132	23	2766
23	143	4901
143	23	4902
23	115	1526
115	23	1527
23	167	4032
167	23	4032
23	197	1166
197	23	1167
23	46	4045
46	23	4046
23	133	4890
133	23	4891
23	36	3913
36	23	3913
23	101	4306
101	23	4307
23	144	4957
144	23	4958
23	131	3559
131	23	3559
23	68	480
68	23	480
23	182	596
182	23	596
23	100	1365
100	23	1366
23	41	2578
41	23	2579
23	71	4056
71	23	4057
23	157	2703
157	23	2703
24	87	3983
87	24	3983
24	159	4535
159	24	4536
24	200	1136
200	24	1136
24	79	1599
79	24	1600
24	186	998
186	24	998
24	80	4362
80	24	4363
24	158	4695
158	24	4695
24	73	848
73	24	848
24	162	4237
162	24	4238
24	50	1917
50	24	1917
24	49	443
49	24	444
24	123	4273
123	24	4273
24	142	4924
142	24	4925
24	29	126
29	24	126
24	130	696
130	24	696
24	174	4951
174	24	4951
24	33	4453
33	24	4453
24	129	4190
129	24	4190
24	117	3931
117	24	3931
25	151	497
151	25	497
25	53	2659
53	25	2659
25	43	4631
43	25	4631
25	85	4554
85	25	4554
25	27	2367
27	25	2368
25	186	4523
186	25	4523
25	166	4690
166	25	4690
25	152	2224
152	25	2225
25	59	1074
59	25	1075
25	120	3762
120	25	3762
25	35	3419
35	25	3419
25	158	1889
158	25	1889
25	29	2510
29	25	2510
25	118	4675
118	25	4676
25	154	4004
154	25	4004
26	99	3491
99	26	3491
26	173	4083
173	26	4084
26	135	4236
135	26	4236
26	50	482
50	26	483
26	79	2899
79	26	2900
26	177	1234
177	26	1234
26	133	1227
133	26	1228
26	68	4058
68	26	4058
26	108	1604
108	26	1605
26	72	1572
72	26	1572
26	101	2953
101	26	2954
26	131	3756
131	26	3757
26	166	3516
166	26	3517
26	74	4950
74	26	4951
26	43	2447
43	26	2448
27	57	2226
57	27	2227
27	127	3667
127	27	3667
27	149	3761
149	27	3761
27	69	1607
69	27	1607
27	171	2051
171	27	2052
27	174	4763
174	27	4763
27	141	4980
141	27	4980
27	30	3174
30	27	3174
27	152	4587
152	27	4588
27	118	4213
118	27	4214
27	107	504
107	27	504
27	70	558
70	27	558
28	102	4764
102	28	4765
28	134	876
134	28	877
28	71	4130
71	28	4131
28	193	4052
193	28	4053
28	79	607
79	28	608
28	68	3909
68	28	3910
28	161	2032
161	28	2033
28	107	2144
107	28	2145
28	67	390
67	28	391
28	39	3692
39	28	3693
28	191	1571
191	28	1571
28	34	2303
34	28	2304
28	76	706
76	28	707
29	98	4083
98	29	4083
29	111	316
111	29	316
29	159	4864
159	29	4865
29	157	3063
157	29	3063
29	46	3491
46	29	3491
29	162	2017
162	29	2017
29	198	1610
198	29	1610
29	102	3684
102	29	3684
29	125	4527
125	29	4527
29	72	3149
72	29	3150
29	41	4055
41	29	4055
29	80	4441
80	29	4442
29	176	3378
176	29	3378
29	94	4244
94	29	4244
30	44	3806
44	30	3807
30	113	1278
113	30	1279
30	77	1606
77	30	1607
30	140	2812
140	30	2812
30	185	3790
185	30	3790
30	53	1335
53	30	1336
30	154	3940
154	30	3941
30	96	1737
96	30	1737
30	92	4687
92	30	4688
30	189	3598
189	30	3598
30	70	4879
70	30	4879
31	162	3810
162	31	3810
31	193	780
193	31	780
31	160	4578
160	31	4579
31	105	4853
105	31	4853
31	65	1912
65	31	1913
31	99	2750
99	31	2751
31	88	1382
88	31	1382
31	180	3134
180	31	3134
31	191	1129
191	31	1130
31	101	2711
101	31	2711
31	52	3350
52	31	3350
31	39	4187
39	31	4188
31	140	4582
140	31	4582
32	179	1123
179	32	1123
32	185	3621
185	32	3621
32	34	1982
34	32	1983
32	75	4103
75	32	4103
32	126	3871
126	32	3872
32	116	1190
116	32	1191
32	130	1234
130	32	1234
32	123	4681
123	32	4682
32	85	4250
85	32	4251
32	37	4474
37	32	4475
32	38	3328
38	32	3328
32	69	4781
69	32	4781
32	146	1230
146	32	1230
32	67	3091
67	32	3092
33	79	1368
79	33	1368
33	117	2041
117	33	2042
33	120	3670
120	33	3670
33	84	4189
84	33	4190
33	81	3245
81	33	3245
33	130	3269
130	33	3270
33	51	4572
51	33	4572
33	169	2478
169	33	2478
33	61	2270
61	33	2271
33	118	1837
118	33	1837
33	77	4835
77	33	4836
33	162	3818
162	33	3819
33	53	4969
53	33	4969
33	175	1451
175	33	1451
34	35	4147
35	34	4148
34	40	4080
40	34	4080
34	45	1867
45	34	1867
34	96	1393
96	34	1394
34	53	4849
53	34	4850
34	104	1895
104	34	1896
34	146	4987
146	34	4987
34	113	2925
113	34	2925
34	153	4809
153	34	4809
34	147	2546
147	34	2546
34	159	1171
159	34	1171
34	105	3645
105	34	3645
34	160	1221
160	34	1221
34	178	4770
178	34	4770
35	100	4473
100	35	4474
35	71	3509
71	35	3509
35	80	4556
80	35	4556
35	82	4418
82	35	4419
35	65	3583
65	35	3584
35	181	1370
181	35	1370
35	117	4319
117	35	4320
35	195	4495
195	35	4496
35	178	3407
178	35	3408
35	73	4331
73	35	4332
35	96	2219
96	35	2219
35	123	4063
123	35	4064
35	48	1626
48	35	1627
35	134	4924
134	35	4925
35	131	1580
131	35	1581
36	77	1680
77	36	1681
36	100	869
100	36	870
36	84	4688
84	36	4688
36	142	4512
142	36	4512
36	94	3823
94	36	3824
36	122	636
122	36	637
36	57	4418
57	36	4418
36	45	4812
45	36	4813
36	127	73
127	36	74
37	87	3610
87	37	3610
37	141	3825
141	37	3825
37	191	1550
191	37	1550
37	195	781
195	37	782
37	41	4020
41	37	4021
37	58	4812
58	37	4813
37	108	1822
108	37	1823
37	156	336
156	37	336
37	140	1868
140	37	1868
37	40	759
40	37	759
37	78	3833
78	37	3833
37	177	4352
177	37	4353
38	147	1477
147	38	1478
38	51	4854
51	38	4854
38	112	1405
112	38	1406
38	107	3521
107	38	3521
38	149	4073
149	38	4073
38	193	4455
193	38	4456
38	123	143
123	38	144
38	95	4611
95	38	4612
38	150	3947
150	38	3947
38	153	1113
153	38	1114
38	174	2637
174	38	2637
38	132	710
132	38	710
39	47	3174
47	39	3175
39	138	1868
138	39	1869
39	157	1111
157	39	1112
39	177	3563
177	39	3563
39	86	3912
86	39	3913
39	74	82
74	39	82
39	199	4252
199	39	4253
39	102	4276
102	39	4276
39	87	3539
87	39	3540
39	169	4042
169	39	4043
39	120	2468
120	39	2469
39	100	1327
100	39	1328
40	104	3353
104	40	3353
40	92	3981
92	40	3981
40	106	1461
106	40	1461
40	141	146
141	40	147
40	114	4448
114	40	4449
40	66	2321
66	40	2322
40	47	619
47	40	619
40	81	1615
81	40	1615
40	52	1751
52	40	1751
40	166	184
166	40	184
41	170	1030
170	41	1031
41	134	3901
134	41	3901
41	50	1297
50	41	1297
41	132	452
132	41	453
41	178	3944
178	41	3944
41	180	890
180	41	890
41	43	4315
43	41	4315
41	166	3035
166	41	3036
41	176	4922
176	41	4923
41	185	4994
185	41	4994
41	106	4669
106	41	4669
42	166	2083
166	42	2084
42	57	4114
57	42	4115
42	148	1863
148	42	1863
42	99	1841
99	42	1842
42	149	453
149	42	454
42	137	3800
137	42	3800
42	156	4174
156	42	4174
42	84	4479
84	42	4480
42	133	1582
133	42	1582
42	162	4836
162	42	4836
42	61	4218
61	42	4218
42	68	4304
68	42	4304
42	186	3907
186	42	3907
42	125	2995
125	42	2996
43	124	3646
124	43	3646
43	196	3557
196	43	3558
43	45	3750
45	43	3750
43	177	2351
177	43	2352
43	123	744
123	43	744
43	154	733
154	43	734
43	170	1886
170	43	1887
43	96	4572
96	43	4573
43	50	1133
50	43	1133
43	167	1056
167	43	1056
43	87	4765
87	43	4765
43	68	2362
68	43	2363
43	97	3904
97	43	3905
43	183	112
183	43	112
44	73	2990
73	44	2990
44	67	2585
67	44	2585
44	48	4553
48	44	4554
44	113	4363
113	44	4364
44	152	4091
152	44	4091
44	167	3900
167	44	3900
44	151	4484
151	44	4485
44	126	1212
126	44	1212
44	133	4315
133	44	4315
44	143	4335
143	44	4335
44	170	4366
170	44	4366
44	69	1843
69	44	1843
44	155	3491
155	44	3491
44	103	2700
103	44	2700
45	112	3759
112	45	3759
45	126	2714
126	45	2715
45	174	3567
174	45	3567
45	136	1652
136	45	1652
45	49	4416
49	45	4416
45	59	2571
59	45	2572
45	165	3984
165	45	3985
45	91	4582
91	45	4582
45	104	3742
104	45	3742
45	185	4743
185	45	4744
45	109	2722
109	45	2722
46	53	3666
53	46	3667
46	159	2377
159	46	2378
46	141	4424
141	46	4424
46	62	4461
62	46	4461
46	175	4066
175	46	4067
46	180	4353
180	46	4353
46	132	969
132	46	969
46	114	4603
114	46	4604
46	147	3997
147	46	3997
46	119	4471
119	46	4472
46	146	2331
146	46	2332
46	133	2065
133	46	2065
47	167	1141
167	47	1142
47	49	2285
49	47	2286
47	181	4747
181	47	4747
47	122	4735
122	47	4736
47	69	1687
69	47	1688
47	165	3481
165	47	3482
47	152	4455
152	47	4456
47	148	332
148	47	333
47	74	4420
74	47	4421
47	59	1655
59	47	1655
47	132	2849
132	47	2849
47	164	2613
164	47	2614
47	153	236
153	47	237
47	101	1775
101	47	1776
48	178	1522
178	48	1522
48	59	1410
59	48	1411
48	125	2790
125	48	2791
48	191	1659
191	48	1659
48	86	4194
86	48	4195
48	73	1609
73	48	1610
48	57	4148
57	48	4148
48	139	4036
139	48	4036
48	158	3842
158	48	3843
48	90	2335
90	48	2336
48	149	4206
149	48	4207
48	153	2216
153	48	2216
49	120	3963
120	49	3964
49	133	3528
133	49	3528
49	77	1926
77	49	1926
49	145	4232
145	49	4232
49	117	2232
117	49	2233
49	178	3797
178	49	3798
49	148	3945
148	49	3946
49	123	4416
123	49	4416
49	143	2227
143	49	2227
49	163	4328
163	49	4329
49	189	4341
189	49	4341
49	65	4487
65	49	4487
49	140	3688
140	49	3688
50	59	3558
59	50	3559
50	74	4672
74	50	4672
50	84	3973
84	50	3973
50	114	3331
114	50	3332
50	126	3730
126	50	3731
50	68	3327
68	50	3328
50	147	4750
147	50	4751
50	174	4147
174	50	4147
50	164	2280
164	50	2281
50	168	845
168	50	845
50	113	2650
113	50	2651
50	73	4259
73	50	4260
50	171	2575
171	50	2576
50	158	2200
158	50	2200
51	107	4422
107	51	4422
51	173	4666
173	51	4666
51	118	4999
118	51	4999
51	58	4743
58	51	4743
51	153	3558
153	51	3558
51	146	3045
146	51	3045
51	158	448
158	51	448
51	108	1575
108	51	1575
51	177	4883
177	51	4884
51	175	4339
175	51	4340
51	176	4604
176	51	4605
51	191	1505
191	51	1506
52	95	1962
95	52	1962
52	76	3177
76	52	3177
52	129	1034
129	52	1034
52	98	3786
98	52	3786
52	85	2723
85	52	2723
52	153	4979
153	52	4980
52	112	3603
112	52	3603
52	148	1732
148	52	1732
52	177	3763
177	52	3763
52	181	1472
181	52	1472
52	56	3352
56	52	3352
52	166	1042
166	52	1042
53	144	3702
144	53	3703
53	197	4395
197	53	4396
53	124	3652
124	53	3653
53	141	4966
141	53	4966
53	164	4593
164	53	4593
53	167	2522
167	53	2522
53	60	1614
60	53	1614
53	147	1792
147	53	1793
53	131	4653
131	53	4654
53	118	4002
118	53	4002
54	113	3935
113	54	3936
54	174	4298
174	54	4299
54	97	2449
97	54	2450
54	127	3288
127	54	3289
54	162	3395
162	54	3395
54	122	4374
122	54	4374
54	87	4167
87	54	4167
54	90	2715
90	54	2715
54	133	2631
133	54	2631
54	182	1242
182	54	1242
54	86	3056
86	54	3057
54	106	4429
106	54	4429
54	125	4908
125	54	4909
54	146	4772
146	54	4772
54	95	774
95	54	774
54	126	3961
126	54	3962
54	181	186
181	54	187
54	108	4343
108	54	4344
55	118	3573
118	55	3574
55	96	2467
96	55	2468
55	84	4989
84	55	4989
55	56	4889
56	55	4890
55	150	3734
150	55	3735
55	154	2693
154	55	2693
55	101	3352
101	55	3352
55	93	4171
93	55	4171
55	73	1792
73	55	1793
55	82	4180
82	55	4181
55	123	2659
123	55	2660
55	127	3929
127	55	3930
55	180	4799
180	55	4800
55	117	1894
117	55	1895
56	170	4843
170	56	4844
56	83	4492
83	56	4493
56	114	3167
114	56	3167
56	59	4736
59	56	4737
56	149	2166
149	56	2166
56	137	3842
137	56	3843
56	128	2530
128	56	2530
56	60	318
60	56	319
56	122	4052
122	56	4053
56	132	1297
132	56	1297
56	108	2559
108	56	2559
56	101	2634
101	56	2635
56	159	4576
159	56	4577
56	121	2505
121	56	2505
56	112	2800
112	56	2801
57	186	4969
186	57	4970
57	159	4761
159	57	4762
57	130	312
130	57	313
57	59	974
59	57	975
57	95	4738
95	57	4738
57	156	4521
156	57	4521
57	125	3672
125	57	3673
57	176	4480
176	57	4481
57	158	4485
158	57	4486
57	145	1907
145	57	1907
57	106	1955
106	57	1955
57	92	2484
92	57	2485
58	131	2500
131	58	2500
58	127	4850
127	58	4851
58	102	2905
102	58	2906
58	179	3623
179	58	3623
58	124	4859
124	58	4860
58	76	4784
76	58	4785
58	154	899
154	58	900
58	73	4913
73	58	4914
58	198	1296
198	58	1297
58	200	4614
200	58	4615
58	116	4129
116	58	4130
58	103	4792
103	58	4793
58	93	4811
93	58	4812
58	63	3773
63	58	3774
59	163	4234
163	59	4235
59	101	3334
101	59	3335
59	196	4763
196	59	4763
59	80	3918
80	59	3919
59	167	4357
167	59	4358
59	99	3010
99	59	3011
60	104	4446
104	60	4447
60	196	4043
196	60	4044
60	97	3077
97	60	3078
60	146	4171
146	60	4171
60	199	818
199	60	819
60	153	3818
153	60	3818
60	159	1016
159	60	1017
60	113	3627
113	60	3628
60	94	2587
94	60	2587
60	142	3737
142	60	3738
60	105	1535
105	60	1536
60	72	3878
72	60	3878
60	165	2209
165	60	2210
61	125	4167
125	61	4167
61	150	3762
150	61	3763
61	198	4730
198	61	4730
61	112	2224
112	61	2225
61	83	4295
83	61	4296
61	63	4854
63	61	4854
61	76	4200
76	61	4201
61	116	4040
116	61	4041
61	122	836
122	61	837
61	99	1963
99	61	1964
61	101	1880
101	61	1881
61	104	4840
104	61	4840
62	96	527
96	62	528
62	76	1887
76	62	1888
62	99	1288
99	62	1289
62	143	3944
143	62	3944
62	112	3778
112	62	3778
62	200	339
200	62	339
62	103	2288
103	62	2288
62	141	3443
141	62	3444
62	95	4459
95	62	4459
63	133	3530
133	63	3530
63	115	3270
115	63	3271
63	154	1677
154	63	1678
63	91	1515
91	63	1515
63	104	3775
104	63	3775
63	88	590
88	63	590
63	149	1703
149	63	1704
63	76	4729
76	63	4730
63	118	1782
118	63	1782
63	152	4181
152	63	4182
63	98	3661
98	63	3662
63	83	1105
83	63	1105
63	114	4923
114	63	4924
64	98	397
98	64	398
64	72	4612
72	64	4612
64	71	4579
71	64	4580
64	69	4724
69	64	4724
64	152	4384
152	64	4384
64	111	4155
111	64	4155
64	174	498
174	64	499
64	96	4606
96	64	4606
64	175	2396
175	64	2396
64	147	3637
147	64	3638
64	162	3594
162	64	3594
64	80	159
80	64	160
64	109	2670
109	64	2671
64	177	280
177	64	281
65	198	1179
198	65	1179
65	128	640
128	65	640
65	133	2988
133	65	2988
65	74	3646
74	65	3647
65	142	4359
142	65	4359
65	95	2984
95	65	2984
65	146	1238
146	65	1239
65	121	3325
121	65	3325
65	165	3915
165	65	3915
65	188	1168
188	65	1168
65	143	2024
143	65	2025
65	170	4947
170	65	4947
65	123	2577
123	65	2577
66	111	514
111	66	514
66	110	2244
110	66	2244
66	164	3668
164	66	3669
66	74	1320
74	66	1320
66	128	2375
128	66	2375
66	114	3926
114	66	3927
66	150	331
150	66	331
66	115	1316
115	66	1317
66	81	3830
81	66	3830
66	107	643
107	66	644
66	94	2269
94	66	2270
66	136	4613
136	66	4614
66	95	4901
95	66	4902
66	156	2347
156	66	2348
66	106	4586
106	66	4586
67	143	1206
143	67	1206
67	188	1278
188	67	1279
67	146	4752
146	67	4753
67	119	3218
119	67	3219
67	74	1940
74	67	1941
67	70	4547
70	67	4547
67	83	1293
83	67	1293
67	135	1348
135	67	1348
67	147	3917
147	67	3917
67	116	4100
116	67	4100
68	162	4134
162	68	4134
68	143	4921
143	68	4922
68	128	3640
128	68	3641
68	140	2189
140	68	2190
68	124	4263
124	68	4264
68	168	3769
168	68	3770
69	139	1568
139	69	1568
69	87	4666
87	69	4666
69	172	3181
172	69	3181
69	96	3445
96	69	3445
69	158	4823
158	69	4823
69	91	3919
91	69	3920
69	183	3988
183	69	3989
69	136	3480
136	69	3480
69	81	4493
81	69	4493
70	77	4835
77	70	4835
70	137	4224
137	70	4225
70	95	1448
95	70	1448
70	174	1958
174	70	1959
70	144	4085
144	70	4085
70	145	2830
145	70	2830
70	76	2164
76	70	2165
70	116	3766
116	70	3767
70	92	2393
92	70	2394
70	182	4632
182	70	4632
70	181	2593
181	70	2593
70	99	2459
99	70	2460
70	133	4952
133	70	4952
70	73	4562
73	70	4562
71	153	4530
153	71	4530
71	109	4595
109	71	4596
71	82	2103
82	71	2104
71	75	4592
75	71	4592
71	111	3639
111	71	3639
71	146	3134
146	71	3135
71	159	4381
159	71	4381
71	130	2161
130	71	2161
71	79	3956
79	71	3956
72	185	853
185	72	853
72	76	3776
76	72	3777
72	82	4284
82	72	4285
72	135	4487
135	72	4488
72	177	4110
177	72	4111
72	110	1872
110	72	1873
72	108	4450
108	72	4450
72	88	4329
88	72	4330
72	172	4083
172	72	4083
72	94	4873
94	72	4874
73	139	3768
139	73	3768
73	97	853
97	73	854
73	117	489
117	73	489
73	168	1656
168	73	1656
73	114	3948
114	73	3948
73	133	4367
133	73	4367
73	142	4397
142	73	4398
74	136	4384
136	74	4384
74	150	3998
150	74	3999
74	156	4251
156	74	4252
74	133	2075
133	74	2076
74	106	4590
106	74	4590
74	76	2428
76	74	2429
74	175	2079
175	74	2080
75	82	1761
82	75	1762
75	93	3320
93	75	3320
75	107	3788
107	75	3788
75	130	4323
130	75	4324
75	88	825
88	75	826
75	157	4423
157	75	4424
75	159	4665
159	75	4665
75	83	3995
83	75	3995
75	124	3245
124	75	3245
75	150	4569
150	75	4570
75	139	4405
139	75	4406
75	145	2439
145	75	2439
75	89	2962
89	75	2962
75	115	2899
115	75	2900
75	185	4526
185	75	4527
75	152	4736
152	75	4737
75	131	1869
131	75	1870
76	137	4044
137	76	4044
76	120	3003
120	76	3004
76	110	3909
110	76	3909
76	86	2717
86	76	2717
76	144	4514
144	76	4514
76	83	4455
83	76	4455
76	99	3834
99	76	3835
76	124	4545
124	76	4545
77	144	4347
144	77	4347
77	196	2568
196	77	2568
77	151	3891
151	77	3892
77	139	2836
139	77	2837
77	157	4717
157	77	4717
77	126	1883
126	77	1883
77	96	4544
96	77	4544
77	110	2320
110	77	2320
77	89	4785
89	77	4785
78	165	609
165	78	610
78	96	2003
96	78	2003
78	182	1090
182	78	1091
78	174	2085
174	78	2086
78	169	4655
169	78	4656
78	83	1704
83	78	1704
78	172	2858
172	78	2858
78	121	3151
121	78	3152
78	198	1704
198	78	1704
78	87	1505
87	78	1506
78	104	1650
104	78	1650
78	90	3041
90	78	3042
78	181	3813
181	78	3814
78	110	4461
110	78	4462
78	114	4689
114	78	4689
79	137	2456
137	79	2457
79	129	986
129	79	986
79	164	3802
164	79	3802
79	115	3173
115	79	3174
79	188	3582
188	79	3582
79	81	4861
81	79	4862
79	169	4855
169	79	4856
79	119	3923
119	79	3923
79	112	1554
112	79	1555
79	161	1567
161	79	1568
80	97	4022
97	80	4022
80	124	4832
124	80	4833
80	141	3815
141	80	3816
80	174	522
174	80	522
80	136	4800
136	80	4800
80	119	1945
119	80	1946
80	131	2112
131	80	2112
80	84	4173
84	80	4173
80	83	1428
83	80	1428
80	188	4342
188	80	4342
80	106	1146
106	80	1146
81	98	1432
98	81	1433
81	130	4479
130	81	4479
81	196	133
196	81	134
81	116	3965
116	81	3965
81	129	3905
129	81	3906
81	108	4573
108	81	4574
81	139	1973
139	81	1973
81	131	3975
131	81	3976
81	145	2044
145	81	2044
81	137	279
137	81	279
82	138	2127
138	82	2128
82	101	4156
101	82	4156
82	102	4643
102	82	4643
82	188	2033
188	82	2033
82	176	4714
176	82	4714
82	88	4126
88	82	4126
82	121	2779
121	82	2780
82	100	3554
100	82	3554
82	89	2186
89	82	2186
83	164	2767
164	83	2767
83	173	4405
173	83	4405
83	140	493
140	83	493
83	117	1459
117	83	1460
84	99	1938
99	84	1939
84	120	3328
120	84	3329
84	164	4993
164	84	4993
84	139	2592
139	84	2593
84	181	4155
181	84	4155
84	177	4675
177	84	4675
84	178	4027
178	84	4028
85	145	2672
145	85	2673
85	108	4836
108	85	4837
85	168	1914
168	85	1915
85	94	2410
94	85	2410
85	173	2399
173	85	2399
85	175	4720
175	85	4721
85	88	1041
88	85	1042
85	127	4960
127	85	4960
85	137	1615
137	85	1616
85	166	4002
166	85	4002
85	177	4990
177	85	4991
85	180	3527
180	85	3527
85	176	908
176	85	909
85	141	4875
141	85	4875
85	140	2062
140	85	2063
86	111	4795
111	86	4796
86	124	4889
124	86	4890
86	148	4162
148	86	4163
86	173	3617
173	86	3617
86	98	4115
98	86	4116
86	129	2487
129	86	2487
86	105	4776
105	86	4777
86	122	3647
122	86	3647
86	144	3927
144	86	3928
86	101	1458
101	86	1458
86	119	4511
119	86	4511
86	92	2620
92	86	2621
86	88	2914
88	86	2914
86	196	4129
196	86	4129
87	169	3905
169	87	3905
87	163	2503
163	87	2504
87	98	3065
98	87	3066
87	105	293
105	87	293
87	196	2499
196	87	2500
87	104	1138
104	87	1139
87	176	3689
176	87	3689
87	122	4674
122	87	4674
87	171	1953
171	87	1953
88	172	4741
172	88	4741
88	182	2023
182	88	2024
88	90	2307
90	88	2308
88	140	954
140	88	955
88	136	1925
136	88	1925
88	116	1271
116	88	1272
89	139	2934
139	89	2934
89	147	220
147	89	221
89	100	139
100	89	140
89	107	4959
107	89	4960
89	115	3557
115	89	3557
89	135	1703
135	89	1704
89	178	1737
178	89	1737
89	126	4093
126	89	4094
89	99	3119
99	89	3119
89	143	4320
143	89	4321
89	156	4060
156	89	4060
89	162	3826
162	89	3826
89	163	2988
163	89	2988
90	130	3358
130	90	3358
90	197	3256
197	90	3257
90	93	3844
93	90	3844
90	164	1254
164	90	1255
90	153	3489
153	90	3490
90	163	880
163	90	881
90	120	4458
120	90	4458
90	95	2996
95	90	2997
90	178	1471
178	90	1472
90	96	4022
96	90	4022
90	137	3929
137	90	3929
91	121	4092
121	91	4092
91	159	3877
159	91	3877
91	178	2452
178	91	2453
91	173	4218
173	91	4218
91	119	4479
119	91	4479
91	164	2123
164	91	2123
91	165	2583
165	91	2583
91	161	4086
161	91	4086
91	137	3222
137	91	3222
91	102	1264
102	91	1264
91	129	323
129	91	323
91	172	651
172	91	652
92	116	4109
116	92	4110
92	151	4356
151	92	4356
92	125	698
125	92	699
92	120	4073
120	92	4073
92	154	4710
154	92	4711
92	171	1847
171	92	1848
92	165	3048
165	92	3049
92	93	2007
93	92	2007
92	112	1923
112	92	1924
92	138	4018
138	92	4019
93	94	2994
94	93	2994
93	158	4610
158	93	4611
93	197	2359
197	93	2360
93	180	1903
180	93	1903
93	111	816
111	93	817
93	102	130
102	93	131
93	157	1972
157	93	1972
93	149	2778
149	93	2778
93	167	4748
167	93	4749
93	159	248
159	93	249
93	128	4547
128	93	4548
94	103	4568
103	94	4568
94	141	3506
141	94	3507
94	113	181
113	94	181
95	169	4654
169	95	4655
95	125	3788
125	95	3788
95	128	1108
128	95	1109
96	116	3338
116	96	3338
96	104	4898
104	96	4898
96	161	1614
161	96	1614
96	119	1000
119	96	1001
96	113	3923
113	96	3923
96	139	3895
139	96	3896
97	116	1445
116	97	1446
97	168	868
168	97	869
97	153	2564
153	97	2565
97	138	1087
138	97	1088
97	161	2675
161	97	2676
97	143	3089
143	97	3090
97	159	870
159	97	870
97	112	3366
112	97	3367
97	150	1389
150	97	1389
97	140	4847
140	97	4847
97	156	3070
156	97	3071
98	115	1271
115	98	1271
98	148	527
148	98	527
98	135	2216
135	98	2217
98	160	4900
160	98	4901
98	149	3737
149	98	3738
98	161	3271
161	98	3272
98	153	2820
153	98	2820
98	150	3905
150	98	3906
98	111	2915
111	98	2916
98	138	3902
138	98	3903
98	156	3062
156	98	3062
98	121	2542
121	98	2543
99	108	3660
108	99	3660
99	137	4817
137	99	4817
99	179	1884
179	99	1885
99	121	3513
121	99	3514
99	115	4661
115	99	4662
99	151	318
151	99	319
99	119	960
119	99	960
100	161	4795
161	100	4795
100	154	4203
154	100	4203
100	135	3121
135	100	3122
100	156	2909
156	100	2910
100	145	3768
145	100	3768
100	136	3090
136	100	3090
102	140	2296
140	102	2297
102	186	3741
186	102	3741
102	111	3587
111	102	3587
102	172	4359
172	102	4359
103	134	2942
134	103	2942
103	153	3635
153	103	3636
103	126	1308
126	103	1308
103	176	4254
176	103	4254
103	174	3814
174	103	3814
103	199	447
199	103	448
103	165	4726
165	103	4727
103	152	4806
152	103	4806
105	155	946
155	105	947
105	108	4021
108	105	4021
105	123	3980
123	105	3981
105	196	248
196	105	248
105	152	1565
152	105	1566
107	141	4323
141	107	4323
107	172	4228
172	107	4228
107	151	1255
151	107	1255
108	180	3970
180	108	3971
108	135	3749
135	108	3750
109	196	4919
196	109	4919
109	122	3114
122	109	3115
109	138	1483
138	109	1484
109	179	3567
179	109	3567
109	148	4729
148	109	4730
109	126	2175
126	109	2176
110	179	3274
179	110	3274
110	138	2116
138	110	2117
112	169	2778
169	112	2778
113	142	2789
142	113	2789
114	151	3161
151	114	3162
114	165	4861
165	114	4862
114	138	2125
138	114	2125
115	160	4335
160	115	4336
115	169	290
169	115	291
115	153	4686
153	115	4686
117	128	3844
128	117	3844
117	137	2678
137	117	2678
117	162	1222
162	117	1223
117	148	2640
148	117	2641
117	199	2783
199	117	2783
117	129	3910
129	117	3910
120	154	3680
154	120	3680
120	140	3871
140	120	3871
121	167	4557
167	121	4558
121	152	3640
152	121	3640
121	142	3609
142	121	3609
122	150	3776
150	122	3777
122	136	4930
136	122	4931
126	135	4795
135	126	4796
126	136	4891
136	126	4892
127	158	993
158	127	993
127	139	567
139	127	568
127	155	1767
155	127	1767
128	180	2969
180	128	2969
128	139	4586
139	128	4586
128	159	2524
159	128	2524
128	175	2886
175	128	2886
128	157	3614
157	128	3615
128	171	4352
171	128	4352
129	158	1817
158	129	1817
129	150	1908
150	129	1909
129	170	2403
170	129	2404
129	160	4748
160	129	4748
129	162	3277
162	129	3278
134	145	2902
145	134	2902
135	182	812
182	135	812
135	180	1392
180	135	1393
135	150	2793
150	135	2794
135	176	3854
176	135	3855
135	179	679
179	135	679
136	199	1338
199	136	1338
138	171	1363
171	138	1363
138	156	2236
156	138	2236
140	163	3629
163	140	3630
142	170	3795
170	142	3795
148	157	2830
157	148	2831
148	161	4803
161	148	4804
148	199	350
199	148	351
149	155	472
155	149	472
149	154	4381
154	149	4382
149	170	4193
170	149	4194
151	197	2126
197	151	2127
151	191	3748
191	151	3749
151	173	3958
173	151	3958
154	197	2637
197	154	2637
154	176	2843
176	154	2843
155	199	200
199	155	201
155	179	770
179	155	770
155	158	4280
158	155	4280
155	173	1214
173	155	1215
155	170	1249
170	155	1249
155	176	2128
176	155	2129
155	168	4978
168	155	4978
155	172	4416
172	155	4416
156	170	4420
170	156	4420
157	168	4406
168	157	4406
158	173	1083
173	158	1084
163	169	1980
169	163	1981
163	170	1139
170	163	1139
163	168	3673
168	163	3674
163	179	1508
179	163	1509
168	172	3457
172	168	3457
168	179	4030
179	168	4031
168	169	4093
169	168	4094
168	199	1199
199	168	1200
169	179	3816
179	169	3817
172	199	2361
199	172	2361
