200	2794
2	2
2	2
5	5
3	3
4	4
2	2
2	2
4	4
4	4
5	5
3	3
4	4
5	5
2	2
2	2
4	4
4	4
2	2
3	3
2	2
3	3
4	4
4	4
5	5
5	5
4	4
2	2
4	4
3	3
4	4
5	5
5	5
3	3
2	2
4	4
3	3
4	4
5	5
5	5
3	3
2	2
5	5
4	4
5	5
4	4
2	2
4	4
5	5
3	3
3	3
5	5
3	3
2	2
3	3
3	3
2	2
3	3
5	5
5	5
2	2
5	5
4	4
4	4
3	3
5	5
3	3
3	3
2	2
5	5
2	2
4	4
3	3
3	3
5	5
4	4
3	3
5	5
2	2
5	5
5	5
5	5
2	2
2	2
4	4
5	5
4	4
4	4
4	4
5	5
5	5
2	2
3	3
3	3
4	4
4	4
5	5
3	3
5	5
3	3
3	3
4	4
3	3
3	3
2	2
2	2
4	4
5	5
2	2
4	4
3	3
5	5
4	4
4	4
5	5
4	4
5	5
2	2
2	2
4	4
2	2
2	2
3	3
2	2
3	3
2	2
4	4
5	5
2	2
2	2
3	3
5	5
4	4
2	2
4	4
3	3
3	3
3	3
2	2
4	4
5	5
4	4
5	5
4	4
2	2
5	5
3	3
2	2
4	4
3	3
3	3
3	3
5	5
2	2
2	2
3	3
4	4
2	2
4	4
4	4
5	5
2	2
3	3
3	3
2	2
2	2
5	5
3	3
2	2
5	5
3	3
2	2
5	5
2	2
2	2
2	2
3	3
3	3
2	2
5	5
3	3
3	3
3	3
5	5
5	5
4	4
2	2
4	4
5	5
3	3
5	5
3	3
4	4
4	4
5	5
5	5
3	3
5	5
4	4
3	3
5	5
1	145	1773
145	1	1774
1	126	1180
126	1	1181
1	185	4965
185	1	4966
1	62	995
62	1	996
1	92	1645
92	1	1646
1	107	3798
107	1	3799
1	197	4068
197	1	4069
1	147	1002
147	1	1003
1	177	4883
177	1	4884
1	38	1516
38	1	1517
1	111	1020
111	1	1021
1	80	3245
80	1	3246
1	161	3589
161	1	3589
1	153	4251
153	1	4252
1	115	3322
115	1	3322
1	57	2919
57	1	2920
1	164	201
164	1	202
1	129	3481
129	1	3481
1	47	4364
47	1	4364
1	85	3610
85	1	3610
2	195	3700
195	2	3701
2	145	2387
145	2	2387
2	99	4182
99	2	4183
2	9	3743
9	2	3743
2	55	2850
55	2	2850
2	61	4386
61	2	4387
2	74	4008
74	2	4008
2	132	307
132	2	307
2	151	1204
151	2	1205
2	66	575
66	2	576
2	108	4220
108	2	4221
2	191	2040
191	2	2040
2	90	4419
90	2	4419
2	199	3674
199	2	3675
2	13	844
13	2	844
2	185	4937
185	2	4938
2	37	4698
37	2	4698
2	164	2677
164	2	2677
2	94	4492
94	2	4492
2	57	4967
57	2	4967
3	157	3969
157	3	3970
3	158	3766
158	3	3766
3	154	1995
154	3	1996
3	109	1785
109	3	1785
3	108	2820
108	3	2820
3	70	646
70	3	647
3	90	4378
90	3	4379
3	151	2791
151	3	2792
3	163	1355
163	3	1356
3	41	4633
41	3	4634
3	53	2600
53	3	2600
3	155	3155
155	3	3155
3	40	1690
40	3	1691
3	177	3807
177	3	3807
3	63	4115
63	3	4115
3	9	4247
9	3	4248
3	46	429
46	3	429
3	19	728
19	3	729
3	188	3373
188	3	3374
3	179	4925
179	3	4925
4	138	4513
138	4	4514
4	15	3676
15	4	3676
4	165	3934
165	4	3935
4	11	4592
11	4	4593
4	125	4307
125	4	4308
4	191	4324
191	4	4324
4	27	4220
27	4	4221
4	39	4621
39	4	4621
4	48	3970
48	4	3971
4	151	4555
151	4	4555
4	20	4560
20	4	4561
4	43	2136
43	4	2136
4	72	3779
72	4	3779
4	97	2917
97	4	2918
4	92	4330
92	4	4330
4	62	3850
62	4	3851
4	157	4743
157	4	4744
4	145	4331
145	4	4332
4	190	3662
190	4	3663
4	112	3478
112	4	3478
5	152	2558
152	5	2559
5	186	2720
186	5	2720
5	91	2005
91	5	2006
5	165	4346
165	5	4346
5	83	2397
83	5	2397
5	61	4434
61	5	4434
5	53	3530
53	5	3531
5	175	3757
175	5	3757
5	155	2401
155	5	2402
5	50	180
50	5	180
5	49	4209
49	5	4210
5	195	4026
195	5	4026
5	176	3342
176	5	3342
5	52	2817
52	5	2817
5	22	3661
22	5	3661
5	180	4958
180	5	4959
5	170	3251
170	5	3252
5	137	1689
137	5	1690
5	58	2510
58	5	2510
5	161	3061
161	5	3061
6	9	4161
9	6	4161
6	108	4632
108	6	4633
6	24	769
24	6	769
6	18	1243
18	6	1243
6	200	4280
200	6	4281
6	48	4962
48	6	4963
6	187	4000
187	6	4001
6	156	4274
156	6	4275
6	39	4640
39	6	4640
6	171	1875
171	6	1876
6	150	2008
150	6	2009
6	33	4792
33	6	4792
6	147	4738
147	6	4738
6	162	4640
162	6	4640
6	196	4969
196	6	4969
6	148	4873
148	6	4874
6	142	2762
142	6	2763
6	128	3654
128	6	3655
6	73	2203
73	6	2204
6	110	3270
110	6	3270
7	60	3805
60	7	3806
7	103	269
103	7	270
7	174	839
174	7	839
7	48	3244
48	7	3244
7	192	4509
192	7	4509
7	75	2039
75	7	2040
7	165	429
165	7	429
7	125	4995
125	7	4995
7	144	3681
144	7	3682
7	197	2094
197	7	2094
7	39	3227
39	7	3228
7	20	2805
20	7	2806
7	59	3045
59	7	3046
7	17	3918
17	7	3918
7	86	4648
86	7	4649
7	64	2515
64	7	2515
7	173	1992
173	7	1992
7	148	231
148	7	232
7	81	2391
81	7	2392
7	121	2288
121	7	2289
8	90	683
90	8	684
8	195	4927
195	8	4928
8	129	4670
129	8	4671
8	109	3181
109	8	3182
8	63	1182
63	8	1183
8	46	4445
46	8	4446
8	83	1173
83	8	1173
8	60	2528
60	8	2528
8	98	3996
98	8	3996
8	153	2990
153	8	2991
8	24	496
24	8	497
8	47	3389
47	8	3389
8	150	4612
150	8	4613
8	139	4286
139	8	4287
8	19	3895
19	8	3895
8	163	4386
163	8	4387
8	37	1506
37	8	1507
8	21	1248
21	8	1249
8	31	755
31	8	755
8	175	4878
175	8	4879
9	184	4235
184	9	4236
9	117	3838
117	9	3838
9	164	3583
164	9	3584
9	46	4345
46	9	4346
9	97	2465
97	9	2466
9	179	4144
179	9	4144
9	23	4868
23	9	4868
9	52	2555
52	9	2556
9	62	4196
62	9	4196
9	59	2753
59	9	2754
9	104	3839
104	9	3840
9	54	3908
54	9	3909
9	70	1973
70	9	1973
9	114	2001
114	9	2002
9	16	4856
16	9	4857
9	19	3014
19	9	3015
9	115	1300
115	9	1301
10	64	3508
64	10	3508
10	187	2841
187	10	2842
10	124	4107
124	10	4108
10	47	1596
47	10	1597
10	115	847
115	10	848
10	74	4279
74	10	4279
10	93	3053
93	10	3053
10	159	4506
159	10	4507
10	138	2635
138	10	2636
10	27	4923
27	10	4923
10	50	2944
50	10	2945
10	39	855
39	10	856
10	117	4044
117	10	4045
10	198	4113
198	10	4114
10	193	3801
193	10	3801
10	68	1151
68	10	1152
10	110	4362
110	10	4362
10	45	1742
45	10	1742
10	168	4546
168	10	4546
10	121	3840
121	10	3840
11	68	4158
68	11	4159
11	23	3775
23	11	3775
11	49	2035
49	11	2036
11	147	2036
147	11	2037
11	43	316
43	11	316
11	88	4897
88	11	4897
11	174	3175
174	11	3175
11	121	3885
121	11	3885
11	73	3397
73	11	3397
11	52	4818
52	11	4819
11	199	4331
199	11	4332
11	104	1758
104	11	1758
11	113	1737
113	11	1737
11	17	3542
17	11	3542
11	139	1182
139	11	1183
11	192	4493
192	11	4493
11	194	3668
194	11	3669
11	151	3062
151	11	3063
11	146	3793
146	11	3794
12	116	4923
116	12	4924
12	118	4569
118	12	4570
12	75	1019
75	12	1019
12	26	3146
26	12	3146
12	136	4296
136	12	4297
12	74	430
74	12	431
12	83	1670
83	12	1670
12	42	4761
42	12	4761
12	164	4369
164	12	4370
12	57	663
57	12	663
12	82	4096
82	12	4096
12	84	4024
84	12	4024
12	149	3897
149	12	3897
12	91	4459
91	12	4460
12	135	3602
135	12	3603
12	148	4779
148	12	4779
12	199	4628
199	12	4629
12	112	1320
112	12	1321
12	180	1792
180	12	1793
12	40	4016
40	12	4016
13	38	4084
38	13	4085
13	95	3724
95	13	3724
13	169	3648
169	13	3649
13	21	2792
21	13	2793
13	189	4682
189	13	4683
13	106	390
106	13	391
13	74	2764
74	13	2764
13	123	4319
123	13	4320
13	28	4104
28	13	4104
13	104	3953
104	13	3953
13	153	3699
153	13	3700
13	110	1629
110	13	1629
13	23	439
23	13	439
13	101	2290
101	13	2291
13	108	191
108	13	191
13	178	1644
178	13	1645
13	111	3285
111	13	3285
13	185	1546
185	13	1547
13	113	3211
113	13	3212
14	193	1499
193	14	1500
14	107	821
107	14	821
14	179	4858
179	14	4859
14	181	4707
181	14	4707
14	96	3412
96	14	3412
14	53	845
53	14	845
14	185	4450
185	14	4450
14	144	2251
144	14	2251
14	89	4398
89	14	4398
14	81	748
81	14	749
14	184	3580
184	14	3580
14	189	4619
189	14	4620
14	24	1782
24	14	1783
14	51	791
51	14	791
14	19	1093
19	14	1094
14	165	3243
165	14	3244
14	18	4827
18	14	4828
14	63	3979
63	14	3979
14	124	2158
124	14	2159
14	115	2315
115	14	2315
15	65	2927
65	15	2927
15	181	2868
181	15	2869
15	52	3898
52	15	3899
15	29	4991
29	15	4992
15	169	4636
169	15	4636
15	155	1848
155	15	1848
15	113	4379
113	15	4380
15	89	2585
89	15	2586
15	140	2241
140	15	2241
15	90	4348
90	15	4348
15	148	2689
148	15	2689
15	128	1727
128	15	1728
15	25	2909
25	15	2909
15	110	4037
110	15	4038
15	69	1435
69	15	1436
15	174	4199
174	15	4200
15	83	4910
83	15	4911
15	177	1583
177	15	1584
15	84	4960
84	15	4961
16	58	2788
58	16	2789
16	78	3917
78	16	3918
16	101	1385
101	16	1385
16	26	269
26	16	269
16	44	2827
44	16	2828
16	61	4001
61	16	4002
16	148	1509
148	16	1509
16	169	4420
169	16	4420
16	196	3899
196	16	3900
16	131	2473
131	16	2474
16	63	570
63	16	570
16	122	3016
122	16	3016
16	154	4778
154	16	4778
16	140	4865
140	16	4865
16	97	4104
97	16	4105
16	59	2192
59	16	2193
16	125	2490
125	16	2490
16	146	4526
146	16	4527
16	118	4031
118	16	4032
17	109	4560
109	17	4560
17	135	2804
135	17	2804
17	68	4612
68	17	4612
17	31	2437
31	17	2437
17	132	4367
132	17	4368
17	130	4945
130	17	4946
17	107	2003
107	17	2004
17	120	3507
120	17	3507
17	76	4777
76	17	4778
17	59	4531
59	17	4532
17	141	2051
141	17	2052
17	33	3901
33	17	3901
17	99	1245
99	17	1246
17	128	1763
128	17	1764
17	157	1229
157	17	1230
17	176	4026
176	17	4027
17	60	3854
60	17	3854
17	161	4477
161	17	4478
18	119	4238
119	18	4238
18	147	1465
147	18	1466
18	163	4702
163	18	4702
18	131	4133
131	18	4134
18	72	3666
72	18	3666
18	83	1907
83	18	1907
18	61	3961
61	18	3962
18	130	994
130	18	995
18	193	3943
193	18	3943
18	178	4205
178	18	4206
18	47	3010
47	18	3010
18	135	3616
135	18	3617
18	164	4025
164	18	4026
18	77	1830
77	18	1831
18	69	2016
69	18	2017
18	44	1916
44	18	1917
18	59	3339
59	18	3339
18	160	385
160	18	386
19	182	4375
182	19	4375
19	102	142
102	19	143
19	134	108
134	19	108
19	40	4954
40	19	4954
19	56	4507
56	19	4508
19	195	4266
195	19	4267
19	114	1774
114	19	1775
19	115	2507
115	19	2508
19	118	3905
118	19	3905
19	59	3853
59	19	3854
19	129	2165
129	19	2166
19	70	4123
70	19	4124
19	75	1406
75	19	1406
19	93	1281
93	19	1282
19	179	1215
179	19	1216
19	140	4754
140	19	4754
20	101	3805
101	20	3806
20	165	208
165	20	208
20	141	2282
141	20	2282
20	53	4366
53	20	4366
20	177	2097
177	20	2098
20	109	4011
109	20	4011
20	176	4854
176	20	4854
20	115	4393
115	20	4393
20	139	3776
139	20	3776
20	160	4981
160	20	4981
20	104	2490
104	20	2491
20	39	2762
39	20	2763
20	95	3846
95	20	3847
20	62	855
62	20	855
20	57	1837
57	20	1837
20	59	493
59	20	493
20	199	1405
199	20	1406
20	138	94
138	20	94
21	107	2598
107	21	2598
21	130	1405
130	21	1406
21	161	4999
161	21	4999
21	126	3843
126	21	3843
21	179	3633
179	21	3633
21	98	3140
98	21	3140
21	26	4974
26	21	4974
21	125	3611
125	21	3611
21	160	4354
160	21	4355
21	142	3938
142	21	3939
21	63	4034
63	21	4035
21	112	2040
112	21	2040
21	118	2848
118	21	2848
21	170	4025
170	21	4025
21	54	1792
54	21	1793
22	125	2229
125	22	2229
22	148	885
148	22	885
22	194	4897
194	22	4897
22	198	1957
198	22	1958
22	86	3784
86	22	3784
22	193	2217
193	22	2218
22	45	3812
45	22	3813
22	115	1097
115	22	1097
22	158	327
158	22	328
22	63	1030
63	22	1031
22	92	397
92	22	397
22	152	2158
152	22	2159
22	113	3813
113	22	3814
22	36	2127
36	22	2127
22	123	3831
123	22	3832
23	89	3162
89	23	3163
23	116	3694
116	23	3695
23	80	4720
80	23	4720
23	81	3718
81	23	3718
23	170	3698
170	23	3699
23	162	4235
162	23	4236
23	112	4539
112	23	4539
23	168	293
168	23	293
23	142	91
142	23	91
23	184	1668
184	23	1668
23	68	1901
68	23	1901
23	24	4215
24	23	4215
23	29	3416
29	23	3416
23	118	4032
118	23	4032
23	86	4196
86	23	4197
23	175	3287
175	23	3287
24	164	2654
164	24	2654
24	112	151
112	24	151
24	151	3511
151	24	3512
24	49	4553
49	24	4554
24	172	963
172	24	964
24	32	4038
32	24	4038
24	61	1331
61	24	1331
24	122	898
122	24	899
24	106	3770
106	24	3771
24	144	4279
144	24	4280
24	189	93
189	24	93
25	115	959
115	25	959
25	111	4641
111	25	4641
25	130	4601
130	25	4601
25	44	4475
44	25	4475
25	118	3740
118	25	3741
25	192	1188
192	25	1189
25	174	3343
174	25	3344
25	189	4973
189	25	4973
25	135	4424
135	25	4424
25	80	1451
80	25	1451
25	153	4632
153	25	4632
25	90	3793
90	25	3793
25	30	2165
30	25	2166
25	40	2193
40	25	2193
25	104	3778
104	25	3778
25	60	1130
60	25	1130
25	96	1161
96	25	1162
25	59	3344
59	25	3345
26	80	4991
80	26	4991
26	57	4887
57	26	4887
26	161	1697
161	26	1698
26	27	3526
27	26	3526
26	140	4685
140	26	4686
26	72	110
72	26	110
26	142	1396
142	26	1396
26	31	1898
31	26	1899
26	197	1762
197	26	1763
26	123	4488
123	26	4488
26	85	3373
85	26	3374
26	71	1366
71	26	1367
26	114	2244
114	26	2245
26	58	3888
58	26	3888
26	82	3910
82	26	3911
26	96	4004
96	26	4004
27	173	2500
173	27	2501
27	62	2688
62	27	2689
27	163	4650
163	27	4650
27	41	4595
41	27	4595
27	53	1169
53	27	1169
27	77	1944
77	27	1944
27	85	3670
85	27	3671
27	97	4856
97	27	4856
27	143	1033
143	27	1034
27	81	4130
81	27	4131
27	126	4024
126	27	4024
27	93	484
93	27	484
28	89	403
89	28	403
28	178	4584
178	28	4585
28	36	920
36	28	920
28	30	3759
30	28	3759
28	68	4238
68	28	4238
28	160	571
160	28	572
28	66	4594
66	28	4595
28	82	2665
82	28	2665
28	159	1874
159	28	1874
28	165	565
165	28	566
28	179	3657
179	28	3658
28	151	245
151	28	246
28	131	2941
131	28	2941
28	111	697
111	28	698
28	99	4363
99	28	4363
29	122	191
122	29	192
29	82	4387
82	29	4388
29	84	2728
84	29	2729
29	123	1480
123	29	1481
29	99	2453
99	29	2453
29	56	1760
56	29	1760
29	51	4160
51	29	4161
29	170	4685
170	29	4686
29	112	1148
112	29	1149
29	111	4467
111	29	4468
29	175	4587
175	29	4587
29	97	2253
97	29	2254
29	158	4931
158	29	4932
29	74	3568
74	29	3568
29	176	2202
176	29	2202
29	124	2210
124	29	2211
29	191	2644
191	29	2644
30	180	4499
180	30	4499
30	95	3112
95	30	3112
30	171	4388
171	30	4388
30	94	1351
94	30	1351
30	93	3883
93	30	3883
30	81	4738
81	30	4738
30	116	4103
116	30	4104
30	153	3964
153	30	3964
30	98	311
98	30	312
30	173	3952
173	30	3953
30	145	4188
145	30	4188
30	146	1232
146	30	1232
30	31	2836
31	30	2837
30	148	2018
148	30	2019
30	177	3214
177	30	3214
30	167	2118
167	30	2119
31	37	1190
37	31	1191
31	39	3050
39	31	3050
31	46	3857
46	31	3857
31	125	4479
125	31	4480
31	145	2053
145	31	2054
31	177	4970
177	31	4970
31	110	1669
110	31	1670
31	96	3896
96	31	3897
31	180	3928
180	31	3928
31	58	2437
58	31	2437
31	94	3238
94	31	3238
31	53	3690
53	31	3691
31	140	4360
140	31	4360
32	43	4283
43	32	4284
32	139	1668
139	32	1668
32	99	4990
99	32	4990
32	105	3100
105	32	3100
32	178	1774
178	32	1775
32	100	1675
100	32	1676
32	176	1336
176	32	1337
32	52	4760
52	32	4760
32	193	3594
193	32	3594
32	130	2166
130	32	2166
32	81	3115
81	32	3115
32	129	4705
129	32	4706
32	174	530
174	32	531
32	59	2805
59	32	2806
32	144	2394
144	32	2394
32	50	4269
50	32	4269
32	153	4480
153	32	4481
33	39	4866
39	33	4866
33	99	3042
99	33	3042
33	129	4778
129	33	4778
33	130	4702
130	33	4703
33	149	1590
149	33	1591
33	161	1998
161	33	1998
33	179	4881
179	33	4881
33	152	1030
152	33	1031
33	177	3758
177	33	3759
33	43	2802
43	33	2803
33	168	3925
168	33	3925
33	38	1658
38	33	1659
33	138	2249
138	33	2249
33	134	4178
134	33	4178
33	137	2368
137	33	2369
33	170	4361
170	33	4361
34	134	4383
134	34	4383
34	173	3601
173	34	3601
34	76	4011
76	34	4011
34	112	4099
112	34	4099
34	171	4366
171	34	4366
34	174	1591
174	34	1591
34	150	4560
150	34	4560
34	73	3927
73	34	3927
34	82	2995
82	34	2996
34	42	4767
42	34	4768
34	152	2071
152	34	2071
34	88	4664
88	34	4665
34	94	3369
94	34	3370
34	71	4905
71	34	4906
34	50	2994
50	34	2995
35	36	1549
36	35	1550
35	187	132
187	35	132
35	118	3910
118	35	3911
35	182	3670
182	35	3670
35	132	4109
132	35	4110
35	167	722
167	35	722
35	99	4917
99	35	4918
35	178	3935
178	35	3935
35	60	153
60	35	153
35	73	3694
73	35	3694
35	129	4690
129	35	4691
35	108	2180
108	35	2180
35	181	952
181	35	952
35	106	4359
106	35	4359
35	174	4075
174	35	4075
35	59	1552
59	35	1553
35	82	944
82	35	945
36	155	2441
155	36	2442
36	50	359
50	36	360
36	147	4596
147	36	4597
36	74	4277
74	36	4277
36	136	2038
136	36	2039
36	59	4153
59	36	4153
36	170	1443
170	36	1443
36	123	4270
123	36	4271
36	182	4491
182	36	4492
36	108	4765
108	36	4766
36	84	906
84	36	907
36	127	3981
127	36	3982
36	56	4390
56	36	4390
36	39	1400
39	36	1401
37	73	2417
73	37	2417
37	56	114
56	37	115
37	70	2372
70	37	2372
37	167	2910
167	37	2910
37	94	1257
94	37	1258
37	60	4768
60	37	4769
37	51	4439
51	37	4440
37	173	289
173	37	290
37	57	4675
57	37	4675
37	155	3623
155	37	3623
37	138	4332
138	37	4332
37	80	4070
80	37	4071
37	101	2476
101	37	2476
37	38	1447
38	37	1448
37	136	1087
136	37	1088
38	152	4330
152	38	4331
38	90	2388
90	38	2389
38	179	108
179	38	109
38	98	4288
98	38	4289
38	114	1894
114	38	1894
38	110	530
110	38	531
38	159	2726
159	38	2726
38	44	2494
44	38	2494
38	121	637
121	38	637
38	41	2708
41	38	2709
38	137	3986
137	38	3987
38	154	1415
154	38	1416
39	92	186
92	39	186
39	72	4365
72	39	4365
39	69	990
69	39	990
39	59	4605
59	39	4605
39	153	241
153	39	241
39	83	4316
83	39	4316
39	95	3780
95	39	3780
40	144	3644
144	40	3644
40	168	3317
168	40	3317
40	155	4434
155	40	4435
40	91	3155
91	40	3156
40	68	1893
68	40	1894
40	150	987
150	40	987
40	157	2935
157	40	2936
40	108	4133
108	40	4133
40	42	4296
42	40	4296
40	181	3017
181	40	3018
40	64	4399
64	40	4400
41	118	3560
118	41	3561
41	67	3900
67	41	3901
41	151	4729
151	41	4730
41	107	2284
107	41	2284
41	138	3693
138	41	3693
41	140	4929
140	41	4930
41	189	4228
189	41	4228
41	125	2313
125	41	2314
41	119	490
119	41	490
41	163	172
163	41	173
41	164	2986
164	41	2987
41	78	4974
78	41	4975
41	71	2016
71	41	2017
42	113	1277
113	42	1278
42	82	4147
82	42	4147
42	145	1325
145	42	1325
42	151	4719
151	42	4720
42	164	4339
164	42	4339
42	125	1649
125	42	1649
42	99	1185
99	42	1185
42	187	4179
187	42	4180
42	157	3539
157	42	3540
42	48	4482
48	42	4483
42	124	3792
124	42	3793
42	97	4985
97	42	4986
43	173	3203
173	43	3203
43	168	4280
168	43	4281
43	165	4699
165	43	4700
43	140	3729
140	43	3730
43	106	1711
106	43	1711
43	63	3267
63	43	3268
43	51	2448
51	43	2448
43	138	4301
138	43	4302
43	76	1523
76	43	1523
43	59	4437
59	43	4437
43	123	2267
123	43	2268
43	129	4940
129	43	4940
44	65	3141
65	44	3141
44	187	4596
187	44	4596
44	176	3893
176	44	3893
44	131	3851
131	44	3851
44	144	4458
144	44	4459
44	85	2287
85	44	2288
44	143	4590
143	44	4591
44	175	2341
175	44	2341
44	183	4125
183	44	4125
44	83	3922
83	44	3923
44	51	4531
51	44	4531
44	152	3868
152	44	3869
44	154	199
154	44	200
44	182	1999
182	44	2000
44	139	4826
139	44	4827
45	178	4925
178	45	4925
45	182	1022
182	45	1023
45	53	1413
53	45	1414
45	157	1782
157	45	1782
45	170	1777
170	45	1777
45	69	4112
69	45	4113
45	90	4422
90	45	4422
45	122	3136
122	45	3136
45	155	2875
155	45	2876
45	109	4977
109	45	4977
45	77	659
77	45	659
45	176	4659
176	45	4659
45	136	3144
136	45	3145
45	189	2730
189	45	2730
45	57	1546
57	45	1547
45	141	503
141	45	503
46	139	2996
139	46	2996
46	164	2706
164	46	2706
46	48	3447
48	46	3448
46	83	1481
83	46	1482
46	162	1874
162	46	1875
46	182	4046
182	46	4046
46	140	2605
140	46	2606
46	137	4237
137	46	4238
46	77	4546
77	46	4546
46	68	4980
68	46	4980
46	142	1966
142	46	1966
46	136	3753
136	46	3753
46	168	2016
168	46	2017
47	109	4717
109	47	4718
47	162	3923
162	47	3923
47	152	3348
152	47	3348
47	167	4709
167	47	4709
47	97	3389
97	47	3389
47	57	3841
57	47	3842
47	121	4360
121	47	4361
47	132	4874
132	47	4875
47	61	3392
61	47	3392
47	111	3584
111	47	3584
47	115	4570
115	47	4570
47	145	4127
145	47	4128
47	103	4913
103	47	4913
48	135	4233
135	48	4234
48	183	3548
183	48	3548
48	62	4149
62	48	4149
48	167	3452
167	48	3452
48	131	4071
131	48	4072
48	136	1145
136	48	1146
48	101	3893
101	48	3894
48	61	4129
61	48	4130
48	144	1152
144	48	1152
48	68	579
68	48	580
49	173	1071
173	49	1072
49	107	4759
107	49	4760
49	146	2019
146	49	2019
49	103	1075
103	49	1075
49	78	3751
78	49	3752
49	59	4702
59	49	4703
49	196	3841
196	49	3842
49	143	4621
143	49	4621
49	160	3785
160	49	3785
49	136	2394
136	49	2395
49	58	829
58	49	829
49	112	851
112	49	852
49	159	4541
159	49	4542
49	64	4362
64	49	4363
50	95	4322
95	50	4322
50	90	3408
90	50	3409
50	160	2544
160	50	2545
50	103	2000
103	50	2000
50	180	2506
180	50	2506
50	77	4679
77	50	4680
50	166	2869
166	50	2869
50	58	4627
58	50	4627
50	61	3708
61	50	3709
50	127	3105
127	50	3105
50	81	4200
81	50	4200
50	101	1877
101	50	1877
50	164	1331
164	50	1332
50	144	3314
144	50	3315
51	108	4575
108	51	4576
51	141	3928
141	51	3929
51	179	4008
179	51	4008
51	140	4397
140	51	4397
51	55	3986
55	51	3987
51	192	2284
192	51	2284
51	75	3454
75	51	3454
51	172	2161
172	51	2162
51	59	4628
59	51	4628
51	161	4464
161	51	4464
51	66	4172
66	51	4172
51	181	3873
181	51	3873
51	100	2632
100	51	2632
51	163	1837
163	51	1838
52	86	2638
86	52	2638
52	125	4058
125	52	4059
52	103	4880
103	52	4881
52	122	1655
122	52	1656
52	179	3488
179	52	3488
52	94	2638
94	52	2638
52	159	1878
159	52	1878
52	187	3521
187	52	3521
52	156	4793
156	52	4794
52	127	4821
127	52	4822
53	74	700
74	53	701
53	132	4395
132	53	4396
53	109	888
109	53	889
53	69	3788
69	53	3788
53	145	4410
145	53	4410
53	129	3452
129	53	3453
53	91	4785
91	53	4786
53	173	3560
173	53	3561
54	135	3591
135	54	3591
54	128	1515
128	54	1516
54	166	2287
166	54	2288
54	134	4228
134	54	4228
54	74	2002
74	54	2003
54	73	3952
73	54	3952
54	99	2931
99	54	2931
54	65	3579
65	54	3579
54	89	4285
89	54	4285
54	152	2172
152	54	2173
54	179	4510
179	54	4511
54	97	3622
97	54	3623
54	137	2483
137	54	2483
55	151	4076
151	55	4077
55	95	3058
95	55	3059
55	175	4322
175	55	4322
55	173	2785
173	55	2785
55	91	2284
91	55	2284
55	169	3744
169	55	3745
55	144	2209
144	55	2210
55	105	3150
105	55	3150
55	126	3092
126	55	3092
55	166	4878
166	55	4879
55	58	2886
58	55	2886
55	155	3226
155	55	3227
55	120	4242
120	55	4242
55	133	4334
133	55	4335
55	140	176
140	55	177
55	119	544
119	55	544
56	166	4929
166	56	4929
56	112	4604
112	56	4605
56	198	4889
198	56	4890
56	85	4538
85	56	4539
56	155	3951
155	56	3952
56	90	1657
90	56	1657
56	130	2404
130	56	2404
56	160	1824
160	56	1824
56	95	2500
95	56	2500
56	88	4394
88	56	4395
56	82	2857
82	56	2858
56	122	4792
122	56	4792
57	156	4968
156	57	4968
57	59	4607
59	57	4608
57	113	965
113	57	966
57	115	4797
115	57	4797
57	120	3018
120	57	3018
57	158	3825
158	57	3825
57	89	3710
89	57	3710
57	171	4086
171	57	4087
57	73	4158
73	57	4159
57	79	4416
79	57	4417
57	134	4864
134	57	4864
58	107	2752
107	58	2752
58	129	4661
129	58	4662
58	144	4936
144	58	4936
58	146	3661
146	58	3661
58	178	1587
178	58	1587
58	118	3808
118	58	3809
58	99	4821
99	58	4822
58	154	3282
154	58	3283
58	66	4742
66	58	4742
59	171	951
171	59	951
59	160	4766
160	59	4766
60	103	1895
103	60	1895
60	132	3861
132	60	3861
60	79	2795
79	60	2796
60	93	4596
93	60	4596
60	127	1835
127	60	1836
60	172	3890
172	60	3891
60	141	1247
141	60	1247
60	65	4086
65	60	4087
60	120	4803
120	60	4804
61	138	4817
138	61	4818
61	172	1332
172	61	1333
61	137	3749
137	61	3749
61	191	3974
191	61	3974
61	77	4247
77	61	4248
61	142	4034
142	61	4034
61	154	939
154	61	939
61	75	1289
75	61	1290
62	117	1450
117	62	1451
62	158	4732
158	62	4732
62	133	516
133	62	516
62	196	2657
196	62	2658
62	144	1036
144	62	1037
62	176	4470
176	62	4471
62	149	4675
149	62	4675
62	67	884
67	62	884
62	146	2324
146	62	2324
62	157	3231
157	62	3232
62	118	3677
118	62	3678
62	112	3990
112	62	3991
63	121	2000
121	63	2000
63	69	2024
69	63	2024
63	136	2823
136	63	2824
63	94	4692
94	63	4693
63	164	319
164	63	319
63	128	2921
128	63	2922
63	147	4681
147	63	4681
63	108	1009
108	63	1009
64	157	4558
157	64	4558
64	87	4372
87	64	4373
64	98	1136
98	64	1137
64	136	3826
136	64	3826
64	171	530
171	64	530
64	95	4094
95	64	4094
64	102	3669
102	64	3670
64	97	4120
97	64	4120
64	86	4137
86	64	4138
64	178	3647
178	64	3648
64	177	63
177	64	63
64	144	4273
144	64	4274
64	166	1367
166	64	1367
64	94	4778
94	64	4779
64	99	4708
99	64	4709
65	165	941
165	65	941
65	69	1775
69	65	1775
65	171	601
171	65	602
65	115	2845
115	65	2845
65	86	971
86	65	972
65	157	552
157	65	552
65	163	4256
163	65	4257
65	133	4977
133	65	4978
65	145	2660
145	65	2660
65	66	2170
66	65	2171
65	71	1670
71	65	1670
65	94	4157
94	65	4158
66	158	1164
158	66	1164
66	150	2811
150	66	2812
66	146	4492
146	66	4493
66	139	2830
139	66	2830
66	111	908
111	66	909
66	174	1227
174	66	1228
66	155	4834
155	66	4834
66	121	2587
121	66	2587
66	112	2814
112	66	2814
66	179	4275
179	66	4276
67	91	2451
91	67	2452
67	165	3356
165	67	3357
67	81	3692
81	67	3693
67	135	71
135	67	71
67	70	2464
70	67	2464
67	84	4414
84	67	4414
67	166	4126
166	67	4127
67	125	2050
125	67	2050
67	78	4576
78	67	4577
67	115	1760
115	67	1760
67	132	1023
132	67	1024
67	178	4622
178	67	4623
67	75	2331
75	67	2331
67	169	2870
169	67	2870
67	180	4335
180	67	4336
68	94	3423
94	68	3423
68	161	2287
161	68	2287
68	91	4146
91	68	4146
68	93	3902
93	68	3903
68	130	4553
130	68	4554
68	140	3911
140	68	3911
68	69	4364
69	68	4364
68	100	3269
100	68	3270
68	121	4599
121	68	4600
69	159	4744
159	69	4744
69	128	2880
128	69	2881
69	177	4852
177	69	4853
69	133	2756
133	69	2757
69	99	1761
99	69	1762
69	74	4608
74	69	4608
69	179	3731
179	69	3731
70	133	4071
133	70	4071
70	91	1053
91	70	1054
70	102	3659
102	70	3660
70	123	3829
123	70	3830
70	136	3959
136	70	3960
70	180	2061
180	70	2061
70	131	2455
131	70	2456
70	183	4191
183	70	4192
70	137	1885
137	70	1886
70	177	1517
177	70	1518
70	94	4888
94	70	4889
70	124	2485
124	70	2485
70	172	4804
172	70	4804
71	73	2778
73	71	2779
71	134	220
134	71	220
71	135	3667
135	71	3667
71	84	4246
84	71	4246
71	165	4090
165	71	4090
71	192	3775
192	71	3775
71	75	2892
75	71	2892
71	148	4212
148	71	4212
71	153	3514
153	71	3515
71	162	1595
162	71	1596
71	157	4599
157	71	4599
71	166	916
166	71	917
71	104	4749
104	71	4749
71	175	913
175	71	913
71	132	3947
132	71	3948
72	87	4858
87	72	4858
72	121	4352
121	72	4353
72	143	3932
143	72	3932
72	149	1126
149	72	1127
72	158	3913
158	72	3914
72	105	3942
105	72	3942
72	148	4633
148	72	4633
72	93	3769
93	72	3769
72	130	3987
130	72	3987
72	132	563
132	72	564
72	76	612
76	72	613
72	166	1142
166	72	1142
72	177	4005
177	72	4005
72	82	4828
82	72	4828
73	77	4665
77	73	4665
73	173	4762
173	73	4763
73	102	4288
102	73	4288
73	165	4449
165	73	4449
73	172	2716
172	73	2717
73	138	3503
138	73	3504
73	74	1208
74	73	1209
73	140	2414
140	73	2414
73	99	3374
99	73	3374
73	142	3281
142	73	3281
74	173	4080
173	74	4080
74	129	3958
129	74	3959
74	99	288
99	74	289
74	102	3794
102	74	3795
74	92	4811
92	74	4812
74	101	4120
101	74	4121
74	81	3068
81	74	3069
74	106	4404
106	74	4404
75	167	4899
167	75	4899
75	140	2061
140	75	2062
75	172	3045
172	75	3046
75	137	3281
137	75	3282
75	124	4419
124	75	4420
75	87	4350
87	75	4351
75	127	1256
127	75	1256
75	85	4086
85	75	4087
75	100	3494
100	75	3494
75	160	4053
160	75	4054
76	92	3438
92	76	3438
76	126	4290
126	76	4290
76	93	3980
93	76	3981
76	98	4639
98	76	4639
76	90	4945
90	76	4946
76	183	4947
183	76	4947
76	136	2458
136	76	2458
76	80	4798
80	76	4798
76	81	1631
81	76	1632
76	140	4012
140	76	4013
76	161	2960
161	76	2961
77	113	4676
113	77	4677
77	78	2792
78	77	2792
77	168	3772
168	77	3772
77	178	291
178	77	292
77	101	2297
101	77	2297
77	123	2277
123	77	2278
77	126	2497
126	77	2497
77	161	3843
161	77	3844
77	175	3106
175	77	3107
77	151	2802
151	77	2802
77	90	2732
90	77	2732
78	121	2018
121	78	2018
78	143	1583
143	78	1584
78	116	3033
116	78	3034
78	87	1940
87	78	1940
78	171	4784
171	78	4785
78	148	4547
148	78	4548
78	163	4505
163	78	4505
78	146	3173
146	78	3174
78	111	686
111	78	686
78	126	4450
126	78	4451
78	83	3359
83	78	3360
78	129	3550
129	78	3550
78	169	3915
169	78	3916
79	106	3894
106	79	3894
79	111	4740
111	79	4740
79	150	1103
150	79	1104
79	105	3479
105	79	3479
79	137	3974
137	79	3975
79	153	4462
153	79	4462
79	144	4705
144	79	4705
79	86	265
86	79	266
79	116	3788
116	79	3788
79	122	2310
122	79	2310
79	132	2001
132	79	2002
79	138	4857
138	79	4857
79	108	3288
108	79	3288
80	158	3854
158	80	3854
80	127	2060
127	80	2061
80	174	1356
174	80	1356
80	100	4151
100	80	4151
80	117	457
117	80	458
80	114	3983
114	80	3983
80	173	4159
173	80	4159
80	120	4748
120	80	4749
80	166	3444
166	80	3444
80	198	4987
198	80	4987
80	121	2488
121	80	2489
80	111	239
111	80	239
80	154	3066
154	80	3066
81	88	4859
88	81	4859
81	135	3907
135	81	3908
81	148	2205
148	81	2205
81	87	4560
87	81	4561
81	152	4078
152	81	4078
81	119	2181
119	81	2182
81	110	4986
110	81	4986
81	103	1191
103	81	1191
81	90	2368
90	81	2369
82	136	4481
136	82	4481
82	176	190
176	82	191
82	141	2312
141	82	2312
82	166	1466
166	82	1467
82	126	3035
126	82	3035
82	111	3814
111	82	3815
82	169	2545
169	82	2546
82	91	4992
91	82	4992
82	156	4500
156	82	4501
83	198	4325
198	83	4325
83	175	3057
175	83	3058
83	170	4133
170	83	4134
83	159	2653
159	83	2653
83	92	1648
92	83	1648
83	114	2116
114	83	2117
83	129	4135
129	83	4136
83	167	1106
167	83	1107
83	103	4861
103	83	4861
83	155	1528
155	83	1529
84	85	3948
85	84	3949
84	163	3906
163	84	3906
84	99	4148
99	84	4149
84	117	223
117	84	223
84	109	4774
109	84	4774
84	166	3030
166	84	3031
84	158	4506
158	84	4507
84	88	4214
88	84	4214
84	170	4309
170	84	4309
84	169	4444
169	84	4445
84	121	3876
121	84	3876
84	132	2333
132	84	2333
84	104	3565
104	84	3565
85	156	4503
156	85	4503
85	132	3837
132	85	3837
85	148	1454
148	85	1455
85	152	4240
152	85	4240
85	100	3089
100	85	3090
85	121	2254
121	85	2255
85	123	4241
123	85	4242
85	150	4049
150	85	4050
85	110	1540
110	85	1540
85	183	2420
183	85	2421
85	168	4687
168	85	4687
86	175	3276
175	86	3276
86	128	2294
128	86	2294
86	119	4866
119	86	4867
86	114	4961
114	86	4962
86	87	2423
87	86	2423
86	136	4963
136	86	4964
86	101	1586
101	86	1587
86	97	3151
97	86	3151
86	127	792
127	86	793
86	107	1648
107	86	1648
86	123	3237
123	86	3238
86	180	2604
180	86	2605
87	117	313
117	87	314
87	174	51
174	87	52
87	147	4898
147	87	4898
87	106	4989
106	87	4990
87	150	2938
150	87	2939
87	145	1286
145	87	1287
87	88	4988
88	87	4989
87	170	3124
170	87	3124
87	137	4629
137	87	4629
87	141	4453
141	87	4453
88	106	4758
106	88	4759
88	145	2785
145	88	2786
88	143	1091
143	88	1091
88	89	3088
89	88	3088
88	169	4176
169	88	4176
88	126	2997
126	88	2998
88	117	1676
117	88	1676
88	156	150
156	88	150
88	107	4257
107	88	4258
88	151	1764
151	88	1764
88	159	2265
159	88	2265
89	174	4297
174	89	4297
89	107	3553
107	89	3553
89	151	3686
151	89	3687
89	128	3944
128	89	3945
89	132	2231
132	89	2232
89	155	4801
155	89	4802
89	110	4212
110	89	4212
89	176	1994
176	89	1994
89	102	2651
102	89	2651
89	143	4235
143	89	4235
89	100	1435
100	89	1435
89	146	3098
146	89	3098
90	172	757
172	90	758
90	96	4541
96	90	4542
90	178	3971
178	90	3971
90	94	4584
94	90	4584
90	119	99
119	90	100
91	180	4558
180	91	4558
91	121	3807
121	91	3807
91	113	2553
113	91	2554
91	105	2711
105	91	2712
91	107	1706
107	91	1706
91	126	1263
126	91	1264
92	175	3518
175	92	3519
92	147	2142
147	92	2142
92	109	4242
109	92	4243
92	155	1786
155	92	1786
92	95	1026
95	92	1027
92	142	906
142	92	907
92	148	227
148	92	227
92	156	2376
156	92	2377
92	150	2212
150	92	2213
92	98	4909
98	92	4910
92	127	304
127	92	305
92	172	4925
172	92	4925
93	135	4862
135	93	4863
93	154	3619
154	93	3619
93	96	208
96	93	209
93	160	4025
160	93	4025
93	134	4810
134	93	4811
93	149	3241
149	93	3242
93	94	1251
94	93	1252
93	120	4656
120	93	4656
93	125	3206
125	93	3207
93	109	2170
109	93	2170
93	102	3554
102	93	3555
94	130	4169
130	94	4170
94	135	2712
135	94	2712
95	120	567
120	95	567
95	97	3385
97	95	3386
95	155	2930
155	95	2930
95	172	2802
172	95	2802
95	163	2647
163	95	2648
95	156	933
156	95	933
95	151	1531
151	95	1531
96	158	1539
158	96	1540
96	143	4000
143	96	4001
96	151	1296
151	96	1296
96	127	1976
127	96	1977
96	135	276
135	96	277
96	141	1824
141	96	1824
96	117	4684
117	96	4684
96	114	4181
114	96	4181
96	129	1951
129	96	1951
96	134	2390
134	96	2390
96	108	3843
108	96	3844
96	98	1141
98	96	1142
96	180	4279
180	96	4280
97	117	1277
117	97	1277
97	167	1681
167	97	1681
97	180	3975
180	97	3975
97	100	4929
100	97	4930
98	113	2078
113	98	2079
98	148	4317
148	98	4318
98	130	4039
130	98	4039
98	150	318
150	98	318
98	159	668
159	98	669
98	162	4875
162	98	4876
98	119	4782
119	98	4783
98	143	1489
143	98	1489
98	128	1589
128	98	1590
98	137	4603
137	98	4604
100	171	1464
171	100	1464
100	120	1878
120	100	1878
100	125	3904
125	100	3905
100	164	3556
164	100	3557
100	173	4485
173	100	4485
100	131	1642
131	100	1643
100	147	3728
147	100	3728
100	178	1312
178	100	1313
100	108	4204
108	100	4205
101	130	4001
130	101	4001
102	142	495
142	102	495
102	180	3940
180	102	3941
102	110	4248
110	102	4248
103	120	798
120	103	799
103	150	4612
150	103	4613
103	134	4435
134	103	4436
103	178	144
178	103	145
103	108	2250
108	103	2250
104	110	3757
110	104	3758
104	127	4277
127	104	4277
104	162	1654
162	104	1654
105	171	4029
171	105	4029
105	147	3304
147	105	3305
105	169	3836
169	105	3836
105	168	1975
168	105	1976
105	110	2229
110	105	2229
106	169	4482
169	106	4483
106	131	3880
131	106	3880
107	154	3059
154	107	3059
107	127	1618
127	107	1618
107	128	3475
128	107	3476
110	143	1034
143	110	1034
110	113	1263
113	110	1264
113	116	1336
116	113	1336
113	137	4169
137	113	4170
114	142	2941
142	114	2941
114	152	4762
152	114	4762
116	124	654
124	116	654
116	156	4092
156	116	4092
116	150	3656
150	116	3657
116	178	1937
178	116	1938
116	147	2278
147	116	2278
117	122	1183
122	117	1183
117	134	1493
134	117	1493
119	133	4805
133	119	4805
119	134	4273
134	119	4274
119	162	4527
162	119	4528
120	146	3674
146	120	3675
120	172	4606
172	120	4606
120	126	3918
126	120	3919
122	141	4495
141	122	4495
122	126	3890
126	122	3891
122	168	4366
168	122	4367
122	159	4210
159	122	4211
122	125	957
125	122	958
122	174	1813
174	122	1814
124	135	1407
135	124	1407
124	153	2310
153	124	2310
124	133	4252
133	124	4252
124	154	885
154	124	886
124	128	2983
128	124	2984
124	142	4449
142	124	4450
124	173	4158
173	124	4159
126	131	2785
131	126	2786
127	142	2445
142	127	2445
127	134	1382
134	127	1382
128	158	4421
158	128	4422
131	175	3298
175	131	3298
131	152	2004
152	131	2004
131	141	134
141	131	135
133	147	2601
147	133	2602
133	149	2140
149	133	2140
133	150	4319
150	133	4319
133	169	308
169	133	309
135	171	794
171	135	794
139	164	1561
164	139	1561
139	174	1188
174	139	1188
139	152	3942
152	139	3942
139	158	4460
158	139	4461
139	141	1553
141	139	1553
141	152	3670
152	141	3671
141	143	4645
143	141	4645
143	164	198
164	143	199
143	145	4161
145	143	4161
149	171	4516
171	149	4516
149	175	2773
175	149	2773
149	153	4380
153	149	4381
149	172	4170
172	149	4171
149	162	1156
162	149	1156
149	156	2088
156	149	2088
149	167	443
167	149	444
149	169	602
169	149	603
153	175	3817
175	153	3818
153	172	1686
172	153	1687
156	162	2723
162	156	2724
162	169	3313
169	162	3313
