200	2820
2	2
2	2
5	5
3	3
4	4
2	2
2	2
4	4
4	4
5	5
3	3
4	4
5	5
2	2
2	2
4	4
4	4
2	2
3	3
2	2
3	3
4	4
4	4
5	5
5	5
4	4
2	2
4	4
3	3
4	4
5	5
5	5
3	3
2	2
4	4
3	3
4	4
5	5
5	5
3	3
2	2
5	5
4	4
5	5
4	4
2	2
4	4
5	5
3	3
3	3
5	5
3	3
2	2
3	3
3	3
2	2
3	3
5	5
5	5
2	2
5	5
4	4
4	4
3	3
5	5
3	3
3	3
2	2
5	5
2	2
4	4
3	3
3	3
5	5
4	4
3	3
5	5
2	2
5	5
5	5
5	5
2	2
2	2
4	4
5	5
4	4
4	4
4	4
5	5
5	5
2	2
3	3
3	3
4	4
4	4
5	5
3	3
5	5
3	3
3	3
4	4
3	3
3	3
2	2
2	2
4	4
5	5
2	2
4	4
3	3
5	5
4	4
4	4
5	5
4	4
5	5
2	2
2	2
4	4
2	2
2	2
3	3
2	2
3	3
2	2
4	4
5	5
2	2
2	2
3	3
5	5
4	4
2	2
4	4
3	3
3	3
3	3
2	2
4	4
5	5
4	4
5	5
4	4
2	2
5	5
3	3
2	2
4	4
3	3
3	3
3	3
5	5
2	2
2	2
3	3
4	4
2	2
4	4
4	4
5	5
2	2
3	3
3	3
2	2
2	2
5	5
3	3
2	2
5	5
3	3
2	2
5	5
2	2
2	2
2	2
3	3
3	3
2	2
5	5
3	3
3	3
3	3
5	5
5	5
4	4
2	2
4	4
5	5
3	3
5	5
3	3
4	4
4	4
5	5
5	5
3	3
5	5
4	4
3	3
5	5
1	54	3418
54	1	3418
1	77	2464
77	1	2465
1	63	4181
63	1	4181
1	130	841
130	1	842
1	111	1278
111	1	1279
1	103	3523
103	1	3523
1	73	4340
73	1	4341
1	151	2308
151	1	2308
1	161	4865
161	1	4865
1	131	2287
131	1	2287
1	66	2505
66	1	2506
1	29	2633
29	1	2633
1	145	4020
145	1	4020
1	127	4926
127	1	4927
1	92	2497
92	1	2498
1	59	1186
59	1	1187
1	179	285
179	1	286
1	96	3440
96	1	3441
1	152	4917
152	1	4917
1	189	4788
189	1	4789
2	188	4023
188	2	4024
2	38	1377
38	2	1378
2	128	4420
128	2	4421
2	177	3967
177	2	3967
2	184	1084
184	2	1085
2	43	4161
43	2	4161
2	58	4104
58	2	4105
2	39	658
39	2	658
2	151	2406
151	2	2406
2	125	663
125	2	663
2	65	4535
65	2	4536
2	4	3064
4	2	3064
2	156	4211
156	2	4212
2	158	4363
158	2	4364
2	77	202
77	2	202
2	21	3828
21	2	3829
2	53	3875
53	2	3876
2	23	2621
23	2	2622
2	136	4782
136	2	4782
2	55	4454
55	2	4455
3	9	4246
9	3	4246
3	136	4546
136	3	4546
3	199	1624
199	3	1624
3	161	1286
161	3	1287
3	190	2760
190	3	2761
3	188	845
188	3	845
3	37	4272
37	3	4273
3	127	3075
127	3	3076
3	26	1699
26	3	1699
3	56	4932
56	3	4933
3	79	3260
79	3	3261
3	144	1536
144	3	1536
3	95	4825
95	3	4825
3	80	4282
80	3	4283
3	172	3530
172	3	3530
3	149	3522
149	3	3522
3	85	586
85	3	587
3	109	182
109	3	183
3	10	937
10	3	937
3	31	3977
31	3	3978
4	195	4141
195	4	4142
4	92	3500
92	4	3501
4	69	3907
69	4	3907
4	131	4152
131	4	4152
4	102	4843
102	4	4843
4	167	3746
167	4	3746
4	63	3850
63	4	3850
4	22	4222
22	4	4223
4	59	4768
59	4	4768
4	80	4666
80	4	4667
4	113	4086
113	4	4086
4	21	2899
21	4	2900
4	104	3686
104	4	3687
4	185	1543
185	4	1543
4	171	4564
171	4	4564
4	174	4196
174	4	4196
4	39	4941
39	4	4941
4	152	4028
152	4	4028
4	123	4735
123	4	4735
5	61	2982
61	5	2982
5	132	1936
132	5	1936
5	185	3129
185	5	3130
5	191	1590
191	5	1591
5	107	3971
107	5	3971
5	154	3331
154	5	3332
5	196	4412
196	5	4412
5	26	4443
26	5	4443
5	35	4337
35	5	4338
5	87	1257
87	5	1258
5	49	416
49	5	416
5	194	4521
194	5	4521
5	62	3975
62	5	3976
5	7	1530
7	5	1530
5	27	631
27	5	632
5	79	4571
79	5	4571
5	186	4471
186	5	4472
5	80	4224
80	5	4224
5	77	576
77	5	576
5	124	1029
124	5	1030
6	43	1362
43	6	1363
6	111	4068
111	6	4069
6	92	4608
92	6	4609
6	163	541
163	6	542
6	156	2195
156	6	2196
6	139	3582
139	6	3582
6	112	4285
112	6	4286
6	15	3971
15	6	3971
6	20	3928
20	6	3929
6	68	4464
68	6	4464
6	64	434
64	6	435
6	24	2384
24	6	2385
6	28	4116
28	6	4117
6	157	4277
157	6	4278
6	69	4930
69	6	4930
6	168	4469
168	6	4470
6	102	4935
102	6	4935
6	44	2723
44	6	2724
6	16	4081
16	6	4082
6	148	2675
148	6	2676
7	83	2122
83	7	2123
7	85	3637
85	7	3637
7	162	2407
162	7	2408
7	183	871
183	7	872
7	99	3091
99	7	3092
7	172	4255
172	7	4256
7	27	98
27	7	99
7	57	361
57	7	362
7	199	4455
199	7	4456
7	153	4216
153	7	4216
7	197	1930
197	7	1931
7	80	1090
80	7	1091
7	24	2843
24	7	2843
7	92	2737
92	7	2738
7	131	3729
131	7	3730
7	72	3732
72	7	3733
7	55	1582
55	7	1583
7	52	3285
52	7	3286
7	106	980
106	7	981
8	163	1710
163	8	1711
8	156	1853
156	8	1854
8	74	683
74	8	684
8	53	4340
53	8	4341
8	71	3660
71	8	3661
8	94	3280
94	8	3280
8	182	3063
182	8	3064
8	11	4762
11	8	4763
8	131	1884
131	8	1884
8	84	1930
84	8	1930
8	110	4761
110	8	4761
8	56	1267
56	8	1268
8	29	123
29	8	123
8	57	1633
57	8	1633
8	184	4419
184	8	4420
8	162	3727
162	8	3727
8	158	3509
158	8	3510
8	139	4937
139	8	4937
8	178	1883
178	8	1883
8	144	1885
144	8	1885
9	89	357
89	9	358
9	157	4546
157	9	4547
9	10	3935
10	9	3936
9	159	4237
159	9	4237
9	75	3507
75	9	3508
9	58	3917
58	9	3917
9	68	1209
68	9	1209
9	172	4102
172	9	4102
9	16	3989
16	9	3990
9	195	1374
195	9	1374
9	97	4202
97	9	4203
9	95	3445
95	9	3446
9	72	4428
72	9	4429
9	11	4912
11	9	4913
9	194	1959
194	9	1960
9	116	2553
116	9	2554
9	165	3668
165	9	3668
9	122	2324
122	9	2325
9	171	2313
171	9	2314
10	164	4451
164	10	4452
10	170	2429
170	10	2430
10	80	4436
80	10	4436
10	169	3038
169	10	3039
10	137	655
137	10	655
10	151	4797
151	10	4797
10	28	3810
28	10	3810
10	23	4038
23	10	4039
10	47	2639
47	10	2640
10	97	4057
97	10	4057
10	81	1078
81	10	1079
10	106	135
106	10	136
10	153	3751
153	10	3751
10	183	4689
183	10	4690
10	56	3830
56	10	3831
10	101	1281
101	10	1282
10	38	3745
38	10	3745
10	67	2152
67	10	2153
11	89	4060
89	11	4061
11	160	4135
160	11	4135
11	14	3893
14	11	3893
11	116	4932
116	11	4932
11	58	2495
58	11	2495
11	147	3414
147	11	3414
11	86	574
86	11	574
11	136	4194
136	11	4195
11	196	3054
196	11	3054
11	77	4425
77	11	4425
11	126	2445
126	11	2446
11	73	3586
73	11	3587
11	79	86
79	11	87
11	62	3016
62	11	3016
11	174	1940
174	11	1940
11	161	4022
161	11	4023
11	142	3356
142	11	3357
11	15	4526
15	11	4526
12	47	4516
47	12	4517
12	67	2685
67	12	2686
12	181	4567
181	12	4568
12	135	4964
135	12	4965
12	145	3933
145	12	3933
12	194	1982
194	12	1982
12	96	1481
96	12	1482
12	121	4392
121	12	4393
12	120	504
120	12	505
12	155	1030
155	12	1031
12	128	4780
128	12	4781
12	60	4912
60	12	4912
12	81	868
81	12	868
12	125	4081
125	12	4081
12	73	3957
73	12	3957
12	123	4751
123	12	4751
12	140	4324
140	12	4325
12	158	4516
158	12	4517
12	156	3547
156	12	3548
12	151	3699
151	12	3699
13	37	2862
37	13	2862
13	70	2374
70	13	2374
13	90	4134
90	13	4135
13	171	4160
171	13	4161
13	197	4302
197	13	4302
13	123	4062
123	13	4063
13	153	1570
153	13	1570
13	121	3902
121	13	3902
13	39	2842
39	13	2843
13	105	2897
105	13	2897
13	177	3643
177	13	3643
13	157	4769
157	13	4769
13	83	3772
83	13	3773
13	77	4097
77	13	4097
13	47	2057
47	13	2057
13	154	242
154	13	243
13	179	1586
179	13	1586
13	94	636
94	13	637
13	50	2416
50	13	2417
13	117	2578
117	13	2578
14	88	3483
88	14	3483
14	180	1495
180	14	1495
14	134	3282
134	14	3283
14	80	516
80	14	516
14	136	4986
136	14	4986
14	128	4672
128	14	4672
14	58	1592
58	14	1593
14	170	213
170	14	214
14	55	3774
55	14	3775
14	179	1049
179	14	1050
14	83	4275
83	14	4275
14	155	2319
155	14	2320
14	72	4044
72	14	4045
14	23	4636
23	14	4637
14	17	2056
17	14	2057
14	102	764
102	14	765
14	50	2847
50	14	2847
14	52	1514
52	14	1514
14	145	4143
145	14	4143
15	80	4325
80	15	4325
15	195	2335
195	15	2335
15	132	3210
132	15	3211
15	106	2161
106	15	2161
15	129	1239
129	15	1240
15	144	4906
144	15	4907
15	168	4969
168	15	4970
15	23	4690
23	15	4691
15	125	3376
125	15	3376
15	193	4535
193	15	4536
15	130	1453
130	15	1454
15	38	3176
38	15	3177
15	59	3783
59	15	3783
15	36	1288
36	15	1289
15	178	1350
178	15	1351
15	186	2202
186	15	2203
15	199	3996
199	15	3997
15	40	2507
40	15	2508
16	181	4131
181	16	4131
16	191	4076
191	16	4076
16	125	3324
125	16	3324
16	18	3598
18	16	3599
16	37	1072
37	16	1072
16	147	4496
147	16	4496
16	172	3118
172	16	3118
16	78	255
78	16	256
16	148	1567
148	16	1567
16	140	4672
140	16	4673
16	113	2764
113	16	2765
16	90	3793
90	16	3794
16	112	4147
112	16	4148
16	87	1493
87	16	1493
16	131	784
131	16	785
16	124	1987
124	16	1988
16	198	3573
198	16	3574
16	123	4227
123	16	4228
17	172	3898
172	17	3899
17	103	1281
103	17	1281
17	98	1943
98	17	1944
17	21	4341
21	17	4341
17	46	4052
46	17	4052
17	85	4987
85	17	4987
17	97	1181
97	17	1182
17	126	3893
126	17	3894
17	112	1749
112	17	1749
17	61	4575
61	17	4576
17	177	4394
177	17	4395
17	116	1469
116	17	1469
17	123	4818
123	17	4818
17	93	3860
93	17	3860
17	107	3694
107	17	3694
17	133	3062
133	17	3062
17	56	3853
56	17	3853
17	165	1305
165	17	1305
17	186	1501
186	17	1502
18	95	3214
95	18	3214
18	169	4284
169	18	4284
18	87	4743
87	18	4744
18	165	4683
165	18	4683
18	73	3759
73	18	3760
18	174	2299
174	18	2299
18	30	3585
30	18	3585
18	200	3564
200	18	3565
18	99	4085
99	18	4085
18	192	1051
192	18	1052
18	136	4646
136	18	4647
18	34	3113
34	18	3113
18	176	3933
176	18	3934
18	92	4873
92	18	4874
18	111	1472
111	18	1472
18	66	4843
66	18	4844
18	39	4490
39	18	4491
18	78	2056
78	18	2056
18	55	2273
55	18	2273
19	172	2451
172	19	2451
19	191	1996
191	19	1997
19	38	228
38	19	229
19	25	4544
25	19	4544
19	42	566
42	19	566
19	89	970
89	19	970
19	121	3708
121	19	3708
19	28	3858
28	19	3858
19	132	4881
132	19	4881
19	63	2279
63	19	2280
19	122	2389
122	19	2390
19	144	4470
144	19	4470
19	76	4671
76	19	4671
19	96	1319
96	19	1320
19	75	4413
75	19	4413
19	31	2131
31	19	2132
19	67	1419
67	19	1419
19	149	2564
149	19	2564
19	80	4248
80	19	4248
19	160	3720
160	19	3721
20	174	306
174	20	306
20	40	2835
40	20	2836
20	109	4531
109	20	4531
20	163	2129
163	20	2129
20	137	4173
137	20	4174
20	59	4333
59	20	4334
20	95	4967
95	20	4968
20	189	4824
189	20	4824
20	134	4867
134	20	4867
20	28	1520
28	20	1521
20	168	3111
168	20	3111
20	152	4539
152	20	4539
20	89	944
89	20	945
20	170	3477
170	20	3478
20	65	891
65	20	892
20	102	3324
102	20	3325
20	51	749
51	20	750
20	49	2558
49	20	2558
20	157	2336
157	20	2337
21	64	4754
64	21	4755
21	22	4175
22	21	4175
21	198	4342
198	21	4343
21	47	2411
47	21	2411
21	142	141
142	21	141
21	53	4599
53	21	4599
21	108	4634
108	21	4634
21	27	4539
27	21	4539
21	36	4507
36	21	4508
21	110	2801
110	21	2801
21	152	3468
152	21	3469
21	124	4712
124	21	4713
21	121	1365
121	21	1365
21	93	1105
93	21	1106
21	180	420
180	21	420
21	177	4771
177	21	4771
22	31	2176
31	22	2176
22	129	4087
129	22	4087
22	192	2384
192	22	2385
22	151	4819
151	22	4819
22	105	1856
105	22	1857
22	75	191
75	22	192
22	70	1665
70	22	1665
22	87	722
87	22	722
22	197	2707
197	22	2708
22	158	3746
158	22	3747
22	53	1217
53	22	1217
22	123	3984
123	22	3985
22	26	2140
26	22	2140
22	126	4726
126	22	4726
22	111	3875
111	22	3876
22	155	3894
155	22	3894
22	65	4952
65	22	4953
23	88	4236
88	23	4236
23	177	4269
177	23	4269
23	160	462
160	23	462
23	106	744
106	23	745
23	182	1906
182	23	1907
23	125	2413
125	23	2413
23	74	4785
74	23	4785
23	31	2323
31	23	2323
23	169	3699
169	23	3700
23	116	3894
116	23	3895
23	61	1256
61	23	1256
23	196	2746
196	23	2747
24	173	878
173	24	879
24	196	3769
196	24	3770
24	105	3905
105	24	3905
24	197	800
197	24	801
24	54	4136
54	24	4136
24	155	2448
155	24	2448
24	38	536
38	24	537
24	39	3565
39	24	3565
24	81	4908
81	24	4908
24	42	74
42	24	74
24	160	224
160	24	224
24	75	4085
75	24	4086
24	78	4883
78	24	4884
24	32	3868
32	24	3868
24	131	3556
131	24	3556
24	69	666
69	24	666
25	127	1383
127	25	1383
25	199	4372
199	25	4373
25	159	4755
159	25	4755
25	136	1032
136	25	1033
25	77	3743
77	25	3744
25	44	4527
44	25	4527
25	112	1818
112	25	1818
25	88	1539
88	25	1539
25	58	4971
58	25	4971
25	78	3303
78	25	3303
25	132	2291
132	25	2291
25	164	3442
164	25	3442
25	67	4099
67	25	4099
25	155	4781
155	25	4781
25	138	1616
138	25	1616
25	33	4195
33	25	4195
25	163	4188
163	25	4188
26	38	902
38	26	903
26	115	2404
115	26	2404
26	61	2955
61	26	2956
26	158	1431
158	26	1431
26	32	3929
32	26	3930
26	194	3424
194	26	3424
26	139	2844
139	26	2845
26	157	3051
157	26	3052
26	140	4328
140	26	4328
26	75	3915
75	26	3916
26	88	4947
88	26	4947
26	145	3116
145	26	3116
27	67	1316
67	27	1317
27	141	4883
141	27	4884
27	126	4933
126	27	4934
27	94	3241
94	27	3242
27	45	2721
45	27	2722
27	52	4083
52	27	4083
27	61	4455
61	27	4455
27	87	2036
87	27	2037
27	99	4982
99	27	4982
27	165	4808
165	27	4809
27	135	273
135	27	273
27	36	462
36	27	462
27	190	4686
190	27	4686
27	142	689
142	27	689
28	73	4168
73	28	4168
28	46	3943
46	28	3943
28	172	225
172	28	226
28	31	4074
31	28	4075
28	48	2889
48	28	2889
28	37	3413
37	28	3413
28	85	979
85	28	979
28	91	4651
91	28	4651
28	100	3366
100	28	3366
28	173	2409
173	28	2410
28	113	858
113	28	858
29	119	4602
119	29	4602
29	141	667
141	29	668
29	149	3625
149	29	3626
29	90	2611
90	29	2611
29	157	1381
157	29	1382
29	33	2407
33	29	2407
29	142	3276
142	29	3277
29	110	4070
110	29	4070
29	118	3816
118	29	3817
29	44	3045
44	29	3045
29	146	3704
146	29	3704
29	126	4320
126	29	4320
29	48	2525
48	29	2525
29	115	4201
115	29	4202
29	182	3965
182	29	3965
30	179	2884
179	30	2884
30	63	3065
63	30	3065
30	155	2720
155	30	2720
30	41	4551
41	30	4551
30	71	1291
71	30	1291
30	45	4862
45	30	4863
30	177	2166
177	30	2167
30	77	3918
77	30	3919
30	90	4518
90	30	4518
30	132	4147
132	30	4148
30	93	3952
93	30	3953
30	156	214
156	30	214
30	106	4355
106	30	4356
30	53	4554
53	30	4555
30	126	1005
126	30	1006
31	41	1120
41	31	1120
31	104	2014
104	31	2014
31	80	1902
80	31	1903
31	53	1411
53	31	1411
31	169	3478
169	31	3478
31	87	2318
87	31	2319
31	110	4950
110	31	4951
31	197	4585
197	31	4586
31	72	1107
72	31	1108
31	153	4286
153	31	4286
31	134	1359
134	31	1360
31	161	4984
161	31	4984
31	32	4444
32	31	4444
32	126	2988
126	32	2989
32	39	1565
39	32	1565
32	189	3906
189	32	3907
32	116	3688
116	32	3688
32	85	3907
85	32	3908
32	74	2908
74	32	2908
32	150	4154
150	32	4155
32	104	2618
104	32	2618
32	103	2062
103	32	2062
32	132	3345
132	32	3346
32	113	2117
113	32	2118
32	62	3502
62	32	3502
33	39	4455
39	33	4455
33	116	1764
116	33	1765
33	134	3494
134	33	3494
33	59	3942
59	33	3943
33	169	1313
169	33	1313
33	63	2099
63	33	2099
33	167	2225
167	33	2226
33	164	4584
164	33	4584
33	121	4371
121	33	4371
33	150	4260
150	33	4260
33	42	2325
42	33	2326
33	34	4574
34	33	4574
33	152	4796
152	33	4797
33	86	1541
86	33	1542
33	94	1358
94	33	1358
33	128	4221
128	33	4222
34	36	2637
36	34	2638
34	199	4087
199	34	4087
34	130	1893
130	34	1894
34	70	4316
70	34	4316
34	80	3085
80	34	3086
34	194	1852
194	34	1852
34	82	4882
82	34	4883
34	136	1569
136	34	1569
34	134	4503
134	34	4504
34	38	4242
38	34	4242
34	113	3743
113	34	3743
34	93	4084
93	34	4084
34	58	4237
58	34	4237
34	91	3914
91	34	3914
34	73	2878
73	34	2878
34	106	3772
106	34	3772
35	59	3939
59	35	3940
35	116	2993
116	35	2994
35	108	4898
108	35	4898
35	147	2291
147	35	2292
35	102	3822
102	35	3822
35	133	1812
133	35	1813
35	125	3723
125	35	3724
35	83	3278
83	35	3279
35	135	2820
135	35	2821
35	50	661
50	35	662
35	200	4947
200	35	4947
35	178	4888
178	35	4888
35	64	4842
64	35	4842
35	179	961
179	35	962
35	166	4452
166	35	4453
36	54	4490
54	36	4491
36	115	374
115	36	375
36	61	3747
61	36	3747
36	173	4992
173	36	4992
36	62	2903
62	36	2903
36	125	191
125	36	191
36	48	4378
48	36	4379
36	104	3547
104	36	3548
36	143	1550
143	36	1551
36	146	542
146	36	542
36	38	2964
38	36	2964
37	118	1149
118	37	1149
37	46	4802
46	37	4803
37	125	4734
125	37	4735
37	47	1690
47	37	1690
37	151	4910
151	37	4910
37	76	2651
76	37	2652
37	147	3527
147	37	3527
37	69	4229
69	37	4230
37	143	4383
143	37	4383
37	172	222
172	37	222
37	122	4576
122	37	4576
37	110	4151
110	37	4152
37	48	1655
48	37	1656
37	107	1788
107	37	1788
38	79	941
79	38	942
38	171	3420
171	38	3421
38	120	2493
120	38	2494
38	179	1700
179	38	1701
38	50	4480
50	38	4480
38	187	4935
187	38	4936
38	166	395
166	38	395
38	157	4874
157	38	4874
39	198	4319
198	39	4320
39	110	4791
110	39	4792
39	96	4922
96	39	4922
39	70	1636
70	39	1637
39	111	2532
111	39	2532
39	68	3312
68	39	3313
39	166	4890
166	39	4890
39	189	2871
189	39	2871
39	143	600
143	39	601
39	41	3703
41	39	3703
39	56	2318
56	39	2319
39	90	764
90	39	765
40	200	2199
200	40	2199
40	107	3302
107	40	3303
40	157	129
157	40	129
40	61	3328
61	40	3329
40	153	4542
153	40	4543
40	128	1694
128	40	1694
40	52	762
52	40	763
40	177	4627
177	40	4627
40	71	892
71	40	893
40	131	4647
131	40	4647
40	168	1488
168	40	1488
40	143	4796
143	40	4796
40	98	4336
98	40	4336
40	178	4336
178	40	4337
40	83	1491
83	40	1491
40	179	4518
179	40	4518
40	161	1755
161	40	1755
41	44	1677
44	41	1678
41	139	699
139	41	700
41	89	4389
89	41	4389
41	120	4552
120	41	4553
41	98	3532
98	41	3533
41	135	1856
135	41	1857
41	163	4561
163	41	4562
41	190	4965
190	41	4965
41	150	4118
150	41	4118
41	194	4655
194	41	4656
41	119	2262
119	41	2262
41	148	4119
148	41	4120
41	77	3635
77	41	3635
41	99	3623
99	41	3624
42	63	1360
63	42	1361
42	175	942
175	42	942
42	85	254
85	42	254
42	87	2367
87	42	2368
42	92	4993
92	42	4993
42	57	1178
57	42	1179
42	74	3100
74	42	3101
42	115	3603
115	42	3604
42	88	1307
88	42	1307
42	160	3661
160	42	3662
42	151	110
151	42	111
42	126	1140
126	42	1140
42	146	1017
146	42	1018
42	125	4353
125	42	4354
42	86	3988
86	42	3988
43	113	4600
113	43	4600
43	159	3905
159	43	3906
43	155	3587
155	43	3587
43	57	3016
57	43	3017
43	148	3511
148	43	3511
43	132	3875
132	43	3876
43	179	3653
179	43	3653
43	163	3283
163	43	3284
43	136	2531
136	43	2532
43	170	1006
170	43	1007
43	177	3575
177	43	3576
43	156	3366
156	43	3366
43	46	4428
46	43	4428
43	59	1739
59	43	1740
43	68	4254
68	43	4255
43	154	3091
154	43	3092
44	89	4761
89	44	4762
44	82	4412
82	44	4412
44	144	3657
144	44	3658
44	48	4640
48	44	4640
44	78	1696
78	44	1696
44	104	4946
104	44	4946
44	124	3325
124	44	3326
44	50	4869
50	44	4870
44	152	3882
152	44	3882
44	63	4263
63	44	4264
44	54	4226
54	44	4226
44	101	370
101	44	371
44	150	4286
150	44	4286
44	141	4108
141	44	4108
44	177	4946
177	44	4947
45	59	2300
59	45	2300
45	129	1111
129	45	1112
45	123	1707
123	45	1707
45	82	1221
82	45	1221
45	61	4788
61	45	4789
45	85	3581
85	45	3581
45	144	3268
144	45	3268
45	51	2152
51	45	2153
45	95	4634
95	45	4634
45	98	81
98	45	82
45	131	3851
131	45	3851
45	157	1241
157	45	1241
45	72	1572
72	45	1572
45	57	3427
57	45	3427
45	89	365
89	45	366
45	152	2069
152	45	2070
46	106	1363
106	46	1364
46	134	1346
134	46	1347
46	132	1837
132	46	1838
46	164	1320
164	46	1320
46	87	4247
87	46	4247
46	91	3196
91	46	3196
46	115	3923
115	46	3923
46	193	3812
193	46	3813
46	86	4844
86	46	4844
46	90	3026
90	46	3026
46	52	3888
52	46	3889
46	53	1523
53	46	1524
46	96	3719
96	46	3719
46	57	3722
57	46	3723
46	109	1134
109	46	1135
47	70	4450
70	47	4451
47	134	2818
134	47	2819
47	49	4070
49	47	4070
47	160	4738
160	47	4739
47	102	3824
102	47	3825
47	93	1110
93	47	1110
47	74	4926
74	47	4927
47	104	3911
104	47	3912
47	175	3808
175	47	3808
47	105	4414
105	47	4415
48	149	4945
149	48	4946
48	135	3853
135	48	3854
48	80	3609
80	48	3610
48	70	1539
70	48	1540
48	81	3591
81	48	3591
48	132	1471
132	48	1472
48	98	3674
98	48	3675
48	139	4854
139	48	4855
48	104	2268
104	48	2269
48	87	238
87	48	239
48	73	1301
73	48	1301
48	190	4506
190	48	4507
48	137	3109
137	48	3110
48	130	3379
130	48	3379
49	174	4226
174	49	4226
49	139	4451
139	49	4452
49	137	4236
137	49	4236
49	51	4626
51	49	4626
49	102	3926
102	49	3927
49	120	3055
120	49	3056
49	148	747
148	49	748
49	165	3026
165	49	3027
49	181	4935
181	49	4936
49	177	4222
177	49	4222
49	93	4173
93	49	4174
49	160	2617
160	49	2618
49	82	1239
82	49	1239
50	133	2586
133	50	2586
50	81	2218
81	50	2218
50	155	4627
155	50	4628
50	116	3210
116	50	3210
50	64	4929
64	50	4929
50	106	4299
106	50	4299
50	144	2986
144	50	2987
50	196	3598
196	50	3599
50	88	3479
88	50	3480
50	113	3267
113	50	3268
50	94	1408
94	50	1409
50	180	4645
180	50	4645
50	122	4037
122	50	4037
50	68	3641
68	50	3642
51	162	4389
162	51	4389
51	124	4870
124	51	4871
51	88	3489
88	51	3489
51	106	3128
106	51	3128
51	68	2912
68	51	2913
51	119	4814
119	51	4814
51	130	4629
130	51	4629
51	74	3750
74	51	3751
51	138	4272
138	51	4273
51	110	3240
110	51	3240
51	114	3498
114	51	3498
51	176	3349
176	51	3350
52	136	4638
136	52	4639
52	144	4758
144	52	4759
52	165	2282
165	52	2283
52	103	1566
103	52	1567
52	111	2725
111	52	2726
52	60	1138
60	52	1139
52	57	4687
57	52	4687
52	98	3844
98	52	3844
52	125	4405
125	52	4406
52	110	972
110	52	973
53	143	4004
143	53	4004
53	78	850
78	53	850
53	102	3537
102	53	3538
53	88	4397
88	53	4397
53	187	1506
187	53	1506
53	164	4679
164	53	4680
53	58	4564
58	53	4564
53	65	4512
65	53	4513
53	148	1244
148	53	1244
54	89	2614
89	54	2615
54	63	4558
63	54	4559
54	65	3352
65	54	3352
54	187	4149
187	54	4150
54	56	1789
56	54	1790
54	98	4146
98	54	4146
54	145	3901
145	54	3901
54	72	1032
72	54	1033
54	95	3846
95	54	3847
54	181	3671
181	54	3672
54	128	3261
128	54	3262
54	87	3817
87	54	3818
54	60	3194
60	54	3195
54	130	4061
130	54	4062
55	124	2752
124	55	2753
55	158	632
158	55	633
55	171	4238
171	55	4238
55	91	1011
91	55	1012
55	162	3002
162	55	3002
55	113	1399
113	55	1400
55	187	4495
187	55	4496
55	115	1857
115	55	1857
55	104	1524
104	55	1524
55	75	3658
75	55	3659
55	130	3733
130	55	3734
55	111	978
111	55	978
55	97	391
97	55	392
55	145	4738
145	55	4738
55	148	3564
148	55	3564
56	131	4199
131	56	4199
56	148	4355
148	56	4355
56	155	4067
155	56	4068
56	187	2400
187	56	2401
56	200	1486
200	56	1486
56	162	1742
162	56	1743
56	61	2500
61	56	2500
56	65	3904
65	56	3905
56	73	1622
73	56	1622
57	116	4896
116	57	4896
57	126	4902
126	57	4903
57	197	4274
197	57	4274
57	107	394
107	57	395
57	124	4520
124	57	4521
57	61	1579
61	57	1580
57	72	4773
72	57	4773
57	135	4154
135	57	4155
58	87	4765
87	58	4766
58	130	4471
130	58	4471
58	60	3760
60	58	3761
58	175	4888
175	58	4888
58	179	1636
179	58	1636
58	107	4778
107	58	4779
58	142	3521
142	58	3522
58	149	3659
149	58	3660
58	139	1396
139	58	1397
58	84	4605
84	58	4605
58	137	3549
137	58	3550
59	76	2928
76	59	2928
59	94	4391
94	59	4391
59	97	867
97	59	867
59	131	3551
131	59	3552
59	149	2192
149	59	2193
59	74	4106
74	59	4106
59	146	2090
146	59	2091
59	118	3672
118	59	3673
59	160	2626
160	59	2627
60	134	3832
134	60	3833
60	96	3287
96	60	3288
60	137	4123
137	60	4123
60	140	4868
140	60	4869
60	113	4279
113	60	4280
60	152	1161
152	60	1161
60	63	4350
63	60	4351
60	109	4958
109	60	4958
60	163	3656
163	60	3656
60	149	4899
149	60	4900
60	198	492
198	60	493
60	91	1189
91	60	1189
61	131	2803
131	61	2804
61	136	4835
136	61	4836
61	87	529
87	61	530
61	153	2323
153	61	2324
61	123	1592
123	61	1592
62	92	4698
92	62	4699
62	79	3796
79	62	3797
62	163	412
163	62	413
62	175	3459
175	62	3459
62	119	1486
119	62	1487
62	162	3530
162	62	3531
62	136	4222
136	62	4223
62	97	2640
97	62	2641
62	74	3378
74	62	3378
62	145	2959
145	62	2959
62	156	3503
156	62	3503
62	67	254
67	62	255
62	135	2659
135	62	2660
62	80	3844
80	62	3844
62	102	3432
102	62	3433
63	130	4815
130	63	4816
63	142	4673
142	63	4673
63	110	2109
110	63	2110
63	85	4568
85	63	4568
63	111	681
111	63	682
63	116	3913
116	63	3914
63	160	4640
160	63	4640
64	95	4604
95	64	4605
64	174	4868
174	64	4868
64	77	4326
77	64	4326
64	124	548
124	64	548
64	72	4900
72	64	4900
64	85	1960
85	64	1961
64	190	4569
190	64	4570
64	80	4990
80	64	4990
64	112	895
112	64	896
64	134	3428
134	64	3428
64	164	893
164	64	894
65	89	1757
89	65	1758
65	115	972
115	65	973
65	109	3132
109	65	3132
65	92	4606
92	65	4607
65	165	3532
165	65	3532
65	90	1148
90	65	1149
65	153	2789
153	65	2789
65	190	2105
190	65	2105
65	75	4864
75	65	4865
65	132	1528
132	65	1529
65	178	1640
178	65	1641
66	72	4569
72	66	4569
66	151	1699
151	66	1700
66	115	539
115	66	540
66	111	2201
111	66	2202
66	170	4721
170	66	4721
66	103	2260
103	66	2261
66	125	1845
125	66	1845
66	113	3842
113	66	3842
66	193	629
193	66	630
66	172	3376
172	66	3376
66	95	4520
95	66	4521
66	73	271
73	66	272
66	130	2543
130	66	2543
66	97	4984
97	66	4985
66	99	4589
99	66	4590
66	197	1013
197	66	1013
66	112	4439
112	66	4439
67	113	1617
113	67	1617
67	139	2307
139	67	2308
67	100	4857
100	67	4857
67	114	2182
114	67	2183
67	133	1547
133	67	1547
67	165	3578
165	67	3578
67	167	1669
167	67	1669
67	163	3204
163	67	3205
67	101	3903
101	67	3903
67	99	4225
99	67	4225
68	200	4277
200	68	4277
68	105	3726
105	68	3727
68	136	4978
136	68	4979
68	92	2994
92	68	2994
68	125	4783
125	68	4783
68	84	3786
84	68	3787
68	172	1922
172	68	1922
68	81	4902
81	68	4903
68	198	3027
198	68	3028
68	193	3334
193	68	3334
68	82	4650
82	68	4650
68	116	4793
116	68	4794
68	100	4741
100	68	4742
69	133	1366
133	69	1367
69	200	4843
200	69	4844
69	101	4973
101	69	4973
69	121	4900
121	69	4900
69	137	2399
137	69	2400
69	180	2407
180	69	2407
69	131	4018
131	69	4019
69	181	3241
181	69	3242
69	138	3340
138	69	3340
69	178	4540
178	69	4541
69	93	3298
93	69	3298
69	122	4528
122	69	4529
70	79	1003
79	70	1004
70	131	3330
131	70	3331
70	75	4472
75	70	4472
70	163	3819
163	70	3820
70	143	3820
143	70	3820
70	159	3902
159	70	3903
70	193	3164
193	70	3165
70	150	4417
150	70	4418
70	140	3641
140	70	3642
71	141	2494
141	71	2495
71	169	4027
169	71	4027
71	106	2526
106	71	2527
71	168	4066
168	71	4066
71	200	191
200	71	191
71	148	4833
148	71	4833
71	139	4795
139	71	4796
71	115	4203
115	71	4203
71	178	4139
178	71	4140
71	73	2547
73	71	2547
71	149	4766
149	71	4767
71	109	3847
109	71	3848
71	102	3825
102	71	3825
71	107	3881
107	71	3882
71	135	3761
135	71	3761
72	197	682
197	72	682
72	92	726
92	72	726
72	97	2246
97	72	2246
72	131	3691
131	72	3691
72	96	4698
96	72	4698
72	102	4593
102	72	4593
72	140	3898
140	72	3899
72	100	4981
100	72	4981
72	119	4754
119	72	4755
72	150	2092
150	72	2092
73	175	4305
175	73	4306
73	166	3131
166	73	3131
73	115	3383
115	73	3384
73	108	1544
108	73	1545
73	145	2742
145	73	2742
73	111	3776
111	73	3776
73	134	4546
134	73	4546
73	157	371
157	73	372
74	175	4741
175	74	4741
74	83	4594
83	74	4594
74	152	4720
152	74	4721
74	171	2915
171	74	2915
74	138	3788
138	74	3789
74	145	4348
145	74	4349
74	163	1842
163	74	1842
74	79	1031
79	74	1032
74	90	3305
90	74	3305
74	176	4913
176	74	4913
74	180	4320
180	74	4321
75	98	3390
98	75	3391
75	120	4506
120	75	4507
75	82	2380
82	75	2380
75	119	4575
119	75	4575
75	77	1271
77	75	1272
75	92	3965
92	75	3966
75	160	4705
160	75	4706
75	149	4705
149	75	4706
75	84	4557
84	75	4558
75	122	3656
122	75	3657
76	179	2008
179	76	2008
76	87	4399
87	76	4400
76	95	2769
95	76	2770
76	81	4777
81	76	4777
76	124	3099
124	76	3099
76	167	4819
167	76	4819
76	99	3253
99	76	3254
76	118	4092
118	76	4093
76	135	269
135	76	269
76	198	3410
198	76	3410
76	139	1384
139	76	1384
76	146	2984
146	76	2984
76	107	3961
107	76	3961
77	196	2740
196	77	2740
77	150	1824
150	77	1825
77	81	3252
81	77	3253
77	170	2270
170	77	2270
77	179	2998
179	77	2999
77	80	1155
80	77	1156
78	80	1400
80	78	1400
78	108	4301
108	78	4302
78	146	4140
146	78	4140
78	173	3588
173	78	3588
78	104	2842
104	78	2843
78	114	53
114	78	53
78	129	3971
129	78	3971
78	87	1179
87	78	1180
78	168	4435
168	78	4435
79	96	4713
96	79	4713
79	115	4993
115	79	4994
79	111	4341
111	79	4341
79	104	1764
104	79	1764
79	138	1806
138	79	1806
79	171	4322
171	79	4323
79	122	4368
122	79	4369
79	159	4221
159	79	4222
79	198	275
198	79	275
79	117	4145
117	79	4145
80	127	1589
127	80	1589
80	146	3279
146	80	3279
80	86	4430
86	80	4431
80	193	1547
193	80	1547
81	112	4706
112	81	4707
81	126	1656
126	81	1656
81	158	2373
158	81	2374
81	135	4707
135	81	4707
81	170	343
170	81	344
81	107	3861
107	81	3861
81	105	4196
105	81	4197
81	85	4872
85	81	4873
81	174	1230
174	81	1231
81	109	4285
109	81	4285
81	95	2366
95	81	2366
82	170	376
170	82	377
82	176	2871
176	82	2871
82	84	4413
84	82	4414
82	99	3819
99	82	3820
82	159	1267
159	82	1267
82	83	4380
83	82	4381
82	168	3776
168	82	3777
82	108	3271
108	82	3272
82	87	4549
87	82	4549
82	172	2912
172	82	2912
82	90	1977
90	82	1978
82	115	4937
115	82	4937
82	196	439
196	82	439
83	146	1780
146	83	1780
83	84	2412
84	83	2412
83	129	1879
129	83	1879
83	117	4683
117	83	4683
83	187	2356
187	83	2357
83	138	4704
138	83	4705
83	94	3707
94	83	3707
83	92	3581
92	83	3582
83	142	3236
142	83	3237
84	141	4901
141	84	4901
84	102	3368
102	84	3369
84	127	3336
127	84	3337
84	134	2184
134	84	2184
84	178	4100
178	84	4101
84	165	2693
165	84	2694
84	93	4566
93	84	4567
84	187	1683
187	84	1683
84	156	4435
156	84	4436
85	137	4623
137	85	4623
85	147	4101
147	85	4102
85	120	989
120	85	989
85	160	4081
160	85	4082
85	114	1204
114	85	1204
85	94	3619
94	85	3620
85	98	4928
98	85	4929
85	167	3810
167	85	3810
86	156	4337
156	86	4338
86	153	3959
153	86	3959
86	157	1422
157	86	1423
86	89	4018
89	86	4018
86	173	3981
173	86	3982
86	175	4579
175	86	4579
86	108	2604
108	86	2605
86	98	4587
98	86	4587
86	123	1540
123	86	1540
86	129	2104
129	86	2105
86	121	4484
121	86	4485
86	162	4335
162	86	4335
87	169	1378
169	87	1379
87	133	3074
133	87	3074
87	112	95
112	87	95
88	98	2293
98	88	2294
88	90	2638
90	88	2639
88	95	4208
95	88	4208
88	145	4113
145	88	4114
88	119	1536
119	88	1536
88	127	4643
127	88	4644
88	165	3231
165	88	3232
88	124	3021
124	88	3021
89	154	792
154	89	793
89	165	2973
165	89	2974
89	129	1993
129	89	1993
89	124	1303
124	89	1304
89	160	376
160	89	376
89	148	803
148	89	804
89	173	4464
173	89	4465
89	158	4410
158	89	4410
89	114	1181
114	89	1181
90	144	1514
144	90	1514
90	143	4323
143	90	4323
90	150	1517
150	90	1517
90	176	4124
176	90	4124
90	147	4020
147	90	4020
90	119	4474
119	90	4474
90	103	2357
103	90	2358
91	151	2195
151	91	2196
91	177	1430
177	91	1430
91	180	4922
180	91	4923
91	161	3283
161	91	3283
91	154	1762
154	91	1763
91	171	699
171	91	700
91	103	4960
103	91	4960
91	100	1393
100	91	1394
91	152	1014
152	91	1015
91	148	3521
148	91	3522
91	119	3675
119	91	3676
91	101	3684
101	91	3684
91	138	4113
138	91	4113
91	176	3135
176	91	3135
92	102	4283
102	92	4284
92	101	4688
101	92	4689
92	110	2019
110	92	2019
92	174	3190
174	92	3191
92	179	3786
179	92	3786
93	107	1465
107	93	1466
93	94	2845
94	93	2846
93	114	139
114	93	140
93	122	113
122	93	113
93	99	4880
99	93	4881
93	153	4657
153	93	4657
93	173	397
173	93	398
93	133	4558
133	93	4558
94	165	4647
165	94	4648
94	159	3366
159	94	3367
94	138	2576
138	94	2576
94	102	1976
102	94	1976
94	156	3121
156	94	3122
94	103	4747
103	94	4748
94	178	1612
178	94	1612
94	175	3611
175	94	3611
94	96	2357
96	94	2358
95	129	3310
129	95	3311
95	100	64
100	95	64
95	171	861
171	95	862
95	97	2474
97	95	2475
95	103	2428
103	95	2429
96	165	4960
165	96	4960
96	101	371
101	96	371
96	114	4898
114	96	4899
96	167	4381
167	96	4381
96	109	3597
109	96	3598
96	97	198
97	96	198
96	170	4379
170	96	4379
96	157	4822
157	96	4823
96	128	1642
128	96	1643
96	156	1489
156	96	1490
97	153	3790
153	97	3791
97	178	2180
178	97	2181
97	135	3007
135	97	3008
97	108	4139
108	97	4140
97	167	4147
167	97	4148
97	175	2376
175	97	2377
97	161	266
161	97	267
97	148	2723
148	97	2723
97	119	2600
119	97	2600
98	107	1329
107	98	1330
98	162	1437
162	98	1437
98	142	460
142	98	460
98	163	2999
163	98	2999
98	171	1451
171	98	1452
98	170	4315
170	98	4315
98	143	2049
143	98	2049
98	137	1370
137	98	1370
99	109	191
109	99	191
99	108	2527
108	99	2528
99	198	4391
198	99	4391
99	160	4578
160	99	4578
99	161	2751
161	99	2752
99	193	2405
193	99	2405
99	133	4104
133	99	4104
99	107	2941
107	99	2941
100	128	4215
128	100	4216
100	170	2679
170	100	2680
100	160	2686
160	100	2686
100	154	3623
154	100	3623
100	105	4484
105	100	4484
100	108	3229
108	100	3229
100	162	3917
162	100	3918
100	150	3945
150	100	3946
100	148	763
148	100	764
100	164	93
164	100	93
100	114	4842
114	100	4842
101	146	4315
146	101	4316
101	128	1701
128	101	1701
101	173	1420
173	101	1420
103	112	4948
112	103	4949
103	145	2095
145	103	2096
105	138	3104
138	105	3104
105	169	4923
169	105	4923
105	127	4152
127	105	4152
105	140	4504
140	105	4504
108	175	3141
175	108	3141
109	123	4793
123	109	4794
112	180	1110
180	112	1110
112	133	3913
133	112	3913
112	118	4957
118	112	4957
114	123	152
123	114	152
114	135	4216
135	114	4217
114	127	4824
127	114	4824
114	143	915
143	114	916
117	149	4133
149	117	4134
117	180	4201
180	117	4202
117	155	837
155	117	838
117	167	3103
167	117	3104
117	152	4598
152	117	4598
117	168	4411
168	117	4412
117	135	2398
135	117	2398
117	133	3689
133	117	3689
117	140	4744
140	117	4744
118	176	4246
176	118	4247
118	159	2943
159	118	2944
118	149	2638
149	118	2639
118	120	4959
120	118	4960
118	150	4032
150	118	4032
118	147	1418
147	118	1419
118	168	1580
168	118	1580
118	180	2948
180	118	2949
118	129	3064
129	118	3064
120	128	1080
128	120	1081
120	122	2585
122	120	2585
120	155	4172
155	120	4173
120	171	1856
171	120	1856
120	165	3811
165	120	3812
120	145	175
145	120	175
121	129	3966
129	121	3967
121	162	4985
162	121	4986
121	132	2904
132	121	2905
121	153	2351
153	121	2351
121	166	3115
166	121	3115
121	154	1708
154	121	1708
122	150	4320
150	122	4320
122	162	4448
162	122	4448
122	154	3578
154	122	3578
122	173	3592
173	122	3592
122	170	4605
170	122	4605
123	178	3724
178	123	3724
127	128	4423
128	127	4423
127	198	4232
198	127	4233
127	137	4654
137	127	4654
128	133	4083
133	128	4084
133	135	720
135	133	720
133	145	274
145	133	274
133	169	1392
169	133	1393
137	154	2834
154	137	2834
137	169	3551
169	137	3552
137	147	1340
147	137	1341
138	168	3124
168	138	3124
138	141	3965
141	138	3966
138	153	4454
153	138	4454
138	151	2999
151	138	2999
138	148	1254
148	138	1255
140	193	2326
193	140	2327
140	174	4395
174	140	4396
140	169	2440
169	140	2441
140	180	2263
180	140	2263
141	145	283
145	141	284
141	159	1702
159	141	1703
141	175	2935
175	141	2935
141	147	4843
147	141	4844
141	176	91
176	141	92
141	149	1813
149	141	1814
141	158	3137
158	141	3137
141	153	1775
153	141	1776
142	167	4498
167	142	4499
142	151	4217
151	142	4217
142	176	2564
176	142	2565
143	161	4991
161	143	4992
143	150	312
150	143	313
143	153	669
153	143	670
143	158	4774
158	143	4774
143	176	4924
176	143	4924
144	156	1300
156	144	1300
146	169	3770
169	146	3771
146	164	4800
164	146	4800
146	175	2366
175	146	2366
147	167	1581
167	147	1581
147	159	470
159	147	470
150	156	396
156	150	396
151	174	4926
174	151	4927
154	167	3451
167	154	3452
154	175	3097
175	154	3098
154	171	2208
171	154	2208
154	164	4391
164	154	4392
154	176	4529
176	154	4530
156	164	4940
164	156	4940
159	166	4776
166	159	4776
159	174	1167
174	159	1168
161	174	1755
174	161	1755
161	171	1677
171	161	1678
161	173	4354
173	161	4354
164	174	2796
174	164	2797
164	169	4865
169	164	4866
164	175	3533
175	164	3533
164	166	4899
166	164	4900
166	171	1657
171	166	1657
