900	5240
2	2
2	2
5	5
3	3
4	4
2	2
2	2
4	4
4	4
5	5
3	3
4	4
5	5
2	2
2	2
4	4
4	4
2	2
3	3
2	2
3	3
4	4
4	4
5	5
5	5
4	4
2	2
4	4
3	3
4	4
5	5
5	5
3	3
2	2
4	4
3	3
4	4
5	5
5	5
3	3
2	2
5	5
4	4
5	5
4	4
2	2
4	4
5	5
3	3
3	3
5	5
3	3
2	2
3	3
3	3
2	2
3	3
5	5
5	5
2	2
5	5
4	4
4	4
3	3
5	5
3	3
3	3
2	2
5	5
2	2
4	4
3	3
3	3
5	5
4	4
3	3
5	5
2	2
5	5
5	5
5	5
2	2
2	2
4	4
5	5
4	4
4	4
4	4
5	5
5	5
2	2
3	3
3	3
4	4
4	4
5	5
3	3
5	5
3	3
3	3
4	4
3	3
3	3
2	2
2	2
4	4
5	5
2	2
4	4
3	3
5	5
4	4
4	4
5	5
4	4
5	5
2	2
2	2
4	4
2	2
2	2
3	3
2	2
3	3
2	2
4	4
5	5
2	2
2	2
3	3
5	5
4	4
2	2
4	4
3	3
3	3
3	3
2	2
4	4
5	5
4	4
5	5
4	4
2	2
5	5
3	3
2	2
4	4
3	3
3	3
3	3
5	5
2	2
2	2
3	3
4	4
2	2
4	4
4	4
5	5
2	2
3	3
3	3
2	2
2	2
5	5
3	3
2	2
5	5
3	3
2	2
5	5
2	2
2	2
2	2
3	3
3	3
2	2
5	5
3	3
3	3
3	3
5	5
5	5
4	4
2	2
4	4
5	5
3	3
5	5
3	3
4	4
4	4
5	5
5	5
3	3
5	5
4	4
3	3
5	5
4	4
4	4
5	5
5	5
5	5
3	3
4	4
4	4
2	2
3	3
4	4
5	5
3	3
4	4
5	5
4	4
5	5
4	4
4	4
2	2
5	5
4	4
3	3
2	2
4	4
3	3
4	4
4	4
2	2
5	5
5	5
5	5
4	4
2	2
3	3
5	5
2	2
3	3
3	3
4	4
5	5
3	3
3	3
5	5
3	3
2	2
5	5
2	2
4	4
4	4
2	2
2	2
5	5
4	4
3	3
3	3
4	4
4	4
2	2
5	5
4	4
5	5
2	2
2	2
5	5
4	4
2	2
2	2
2	2
3	3
5	5
5	5
3	3
3	3
4	4
3	3
5	5
5	5
3	3
3	3
2	2
2	2
2	2
5	5
2	2
5	5
2	2
3	3
4	4
2	2
5	5
2	2
5	5
3	3
2	2
2	2
2	2
4	4
4	4
5	5
4	4
5	5
4	4
4	4
2	2
4	4
2	2
3	3
4	4
2	2
5	5
4	4
4	4
4	4
3	3
4	4
2	2
2	2
3	3
5	5
5	5
4	4
4	4
3	3
2	2
4	4
3	3
4	4
4	4
3	3
3	3
3	3
3	3
3	3
3	3
3	3
3	3
2	2
3	3
3	3
4	4
4	4
4	4
4	4
4	4
5	5
3	3
5	5
3	3
3	3
4	4
4	4
3	3
4	4
5	5
2	2
4	4
3	3
4	4
4	4
5	5
2	2
3	3
4	4
4	4
5	5
3	3
5	5
2	2
5	5
4	4
3	3
5	5
2	2
2	2
4	4
4	4
3	3
4	4
5	5
5	5
4	4
3	3
5	5
2	2
2	2
3	3
2	2
2	2
5	5
5	5
4	4
3	3
2	2
4	4
4	4
2	2
4	4
3	3
2	2
3	3
4	4
4	4
4	4
4	4
3	3
5	5
3	3
4	4
3	3
2	2
2	2
4	4
5	5
2	2
2	2
2	2
2	2
4	4
3	3
2	2
3	3
3	3
4	4
3	3
2	2
3	3
5	5
4	4
4	4
4	4
3	3
2	2
5	5
4	4
2	2
5	5
2	2
3	3
3	3
4	4
4	4
4	4
4	4
2	2
2	2
5	5
2	2
3	3
4	4
4	4
2	2
4	4
5	5
3	3
5	5
5	5
3	3
3	3
3	3
5	5
5	5
2	2
5	5
4	4
3	3
3	3
4	4
2	2
2	2
2	2
4	4
2	2
2	2
4	4
3	3
2	2
4	4
3	3
5	5
2	2
5	5
2	2
2	2
3	3
5	5
5	5
3	3
3	3
5	5
3	3
4	4
4	4
4	4
5	5
2	2
2	2
2	2
4	4
4	4
4	4
3	3
2	2
2	2
4	4
2	2
4	4
2	2
2	2
4	4
2	2
5	5
3	3
4	4
5	5
2	2
4	4
4	4
3	3
2	2
3	3
4	4
5	5
2	2
3	3
5	5
3	3
3	3
3	3
4	4
2	2
2	2
3	3
5	5
5	5
3	3
2	2
2	2
4	4
2	2
4	4
2	2
5	5
3	3
3	3
3	3
4	4
4	4
5	5
5	5
5	5
4	4
3	3
5	5
4	4
3	3
4	4
3	3
3	3
2	2
2	2
3	3
3	3
3	3
2	2
2	2
5	5
4	4
4	4
5	5
2	2
4	4
3	3
3	3
2	2
3	3
2	2
5	5
3	3
2	2
3	3
4	4
3	3
2	2
5	5
2	2
5	5
5	5
2	2
4	4
2	2
3	3
3	3
4	4
5	5
5	5
4	4
3	3
5	5
4	4
2	2
2	2
2	2
5	5
2	2
4	4
5	5
2	2
2	2
2	2
4	4
4	4
3	3
3	3
4	4
3	3
2	2
2	2
3	3
3	3
5	5
5	5
3	3
2	2
4	4
2	2
5	5
4	4
5	5
3	3
2	2
4	4
3	3
3	3
5	5
5	5
5	5
5	5
3	3
2	2
5	5
4	4
3	3
5	5
4	4
5	5
4	4
4	4
2	2
5	5
5	5
2	2
2	2
3	3
2	2
2	2
4	4
2	2
4	4
5	5
4	4
4	4
4	4
4	4
2	2
2	2
4	4
3	3
2	2
2	2
5	5
2	2
3	3
4	4
2	2
2	2
4	4
5	5
4	4
2	2
4	4
5	5
5	5
3	3
4	4
5	5
5	5
4	4
4	4
4	4
3	3
2	2
5	5
4	4
3	3
4	4
4	4
4	4
2	2
4	4
4	4
4	4
3	3
4	4
4	4
3	3
2	2
4	4
4	4
2	2
2	2
4	4
3	3
2	2
2	2
2	2
3	3
4	4
4	4
4	4
5	5
5	5
4	4
3	3
4	4
4	4
3	3
3	3
3	3
4	4
4	4
3	3
4	4
3	3
4	4
4	4
5	5
2	2
3	3
4	4
5	5
5	5
4	4
5	5
4	4
2	2
2	2
5	5
3	3
4	4
2	2
5	5
3	3
5	5
3	3
5	5
4	4
2	2
3	3
4	4
3	3
2	2
5	5
2	2
3	3
3	3
3	3
5	5
3	3
3	3
2	2
4	4
3	3
2	2
2	2
5	5
5	5
3	3
3	3
5	5
2	2
2	2
2	2
2	2
3	3
3	3
5	5
3	3
3	3
4	4
3	3
2	2
5	5
5	5
5	5
5	5
5	5
2	2
4	4
2	2
5	5
4	4
5	5
3	3
5	5
4	4
3	3
5	5
4	4
5	5
3	3
4	4
4	4
5	5
3	3
2	2
4	4
4	4
5	5
2	2
4	4
5	5
3	3
2	2
2	2
3	3
2	2
4	4
4	4
5	5
5	5
5	5
4	4
5	5
5	5
3	3
2	2
3	3
3	3
4	4
2	2
2	2
2	2
3	3
4	4
2	2
3	3
5	5
4	4
4	4
5	5
3	3
5	5
5	5
3	3
2	2
3	3
3	3
3	3
3	3
4	4
5	5
3	3
2	2
2	2
2	2
5	5
3	3
2	2
5	5
5	5
2	2
2	2
2	2
3	3
4	4
3	3
4	4
3	3
3	3
3	3
4	4
3	3
2	2
4	4
5	5
4	4
3	3
5	5
5	5
5	5
3	3
2	2
3	3
4	4
4	4
4	4
5	5
3	3
3	3
1	124	4335
124	1	4336
1	280	4180
280	1	4180
1	713	3546
713	1	3547
1	796	3271
796	1	3272
1	4	3342
4	1	3343
1	149	4995
149	1	4996
1	63	4105
63	1	4105
1	671	4357
671	1	4357
1	354	4405
354	1	4406
1	562	2123
562	1	2123
1	347	4268
347	1	4268
1	31	4031
31	1	4031
1	853	3860
853	1	3861
1	677	1013
677	1	1013
1	471	2552
471	1	2552
2	258	2585
258	2	2585
2	7	3451
7	2	3451
2	532	4757
532	2	4757
2	679	3877
679	2	3877
2	849	3797
849	2	3798
2	344	2734
344	2	2735
2	18	1026
18	2	1026
2	645	4063
645	2	4063
2	644	1980
644	2	1980
2	684	4469
684	2	4470
2	873	3090
873	2	3091
2	576	619
576	2	619
2	235	1588
235	2	1588
2	320	3790
320	2	3791
3	473	3262
473	3	3262
3	40	526
40	3	527
3	356	4010
356	3	4010
3	165	4388
165	3	4389
3	344	3268
344	3	3269
3	87	1089
87	3	1089
3	859	4732
859	3	4733
3	639	3546
639	3	3547
3	294	4231
294	3	4231
3	512	4470
512	3	4470
3	149	4477
149	3	4477
3	288	4096
288	3	4096
3	245	4605
245	3	4606
3	646	4049
646	3	4049
3	700	2930
700	3	2930
3	374	3051
374	3	3052
3	789	3282
789	3	3283
4	447	3998
447	4	3999
4	738	4594
738	4	4595
4	37	1753
37	4	1754
4	803	4960
803	4	4961
4	776	4809
776	4	4809
4	345	3915
345	4	3915
4	533	1803
533	4	1804
4	564	1686
564	4	1686
4	71	4630
71	4	4630
4	830	4285
830	4	4286
4	322	2500
322	4	2501
5	232	1523
232	5	1523
5	110	684
110	5	685
5	279	4792
279	5	4793
5	314	4355
314	5	4355
5	222	3991
222	5	3991
5	894	3822
894	5	3822
5	289	4348
289	5	4348
5	225	3444
225	5	3444
5	632	4622
632	5	4622
5	98	4399
98	5	4400
5	633	4538
633	5	4538
5	531	1782
531	5	1782
5	413	2676
413	5	2677
5	621	4867
621	5	4867
5	721	3641
721	5	3641
5	147	3991
147	5	3991
5	321	3418
321	5	3419
5	502	719
502	5	719
5	40	4233
40	5	4234
6	206	3978
206	6	3979
6	518	3311
518	6	3312
6	538	4630
538	6	4630
6	563	3501
563	6	3502
6	399	4140
399	6	4141
6	319	3939
319	6	3939
6	355	4374
355	6	4375
6	888	1833
888	6	1834
6	638	4748
638	6	4748
6	100	4266
100	6	4266
6	817	4734
817	6	4734
6	725	4333
725	6	4334
6	754	2398
754	6	2399
6	525	3075
525	6	3076
6	561	1021
561	6	1022
7	415	1622
415	7	1623
7	549	817
549	7	817
7	400	1087
400	7	1088
7	30	3024
30	7	3024
7	277	4591
277	7	4591
7	722	1153
722	7	1154
7	625	2287
625	7	2288
7	434	880
434	7	880
7	19	4179
19	7	4180
7	325	3554
325	7	3555
7	807	1829
807	7	1830
8	462	3414
462	8	3414
8	233	3931
233	8	3931
8	441	2921
441	8	2922
8	267	4892
267	8	4892
8	297	2403
297	8	2404
8	705	2118
705	8	2118
8	545	3902
545	8	3903
8	123	1645
123	8	1645
8	610	1922
610	8	1922
8	287	3817
287	8	3817
8	368	3966
368	8	3966
8	337	3729
337	8	3730
8	554	4821
554	8	4822
8	588	4089
588	8	4090
8	790	4800
790	8	4801
9	84	3609
84	9	3610
9	288	2069
288	9	2069
9	108	4989
108	9	4990
9	395	3600
395	9	3600
9	486	3622
486	9	3622
9	782	2209
782	9	2210
9	541	4306
541	9	4307
9	18	396
18	9	397
9	605	2725
605	9	2725
9	887	2144
887	9	2145
9	649	4748
649	9	4748
9	388	2515
388	9	2516
9	892	894
892	9	895
10	366	2480
366	10	2480
10	253	4902
253	10	4903
10	692	2119
692	10	2120
10	284	392
284	10	393
10	396	3976
396	10	3976
10	491	4479
491	10	4480
10	217	4965
217	10	4965
10	407	1300
407	10	1300
10	295	3063
295	10	3063
10	223	2535
223	10	2535
10	666	3342
666	10	3342
10	306	3223
306	10	3224
10	814	1341
814	10	1341
11	762	4077
762	11	4077
11	607	2163
607	11	2163
11	40	4195
40	11	4196
11	611	4520
611	11	4521
11	67	4058
67	11	4059
11	192	856
192	11	856
11	367	2058
367	11	2058
11	189	1005
189	11	1005
11	289	596
289	11	596
11	448	477
448	11	477
11	493	4462
493	11	4462
11	753	4692
753	11	4692
11	63	3879
63	11	3879
11	412	3781
412	11	3782
11	411	1888
411	11	1889
11	526	3242
526	11	3243
12	300	4530
300	12	4531
12	845	3042
845	12	3042
12	395	4903
395	12	4904
12	470	1557
470	12	1558
12	375	684
375	12	684
12	837	4640
837	12	4641
12	854	4234
854	12	4234
12	385	3764
385	12	3765
12	60	4624
60	12	4624
12	741	4807
741	12	4808
12	82	1424
82	12	1425
12	363	1745
363	12	1746
12	695	1290
695	12	1290
12	520	1333
520	12	1333
13	747	1162
747	13	1162
13	87	3320
87	13	3321
13	161	4113
161	13	4114
13	655	319
655	13	319
13	519	2103
519	13	2103
13	541	3314
541	13	3315
13	396	4524
396	13	4525
13	127	4419
127	13	4419
13	478	2011
478	13	2011
13	529	4103
529	13	4103
13	459	184
459	13	184
13	490	2560
490	13	2561
13	881	3719
881	13	3720
13	741	3801
741	13	3801
13	495	4343
495	13	4344
14	260	2857
260	14	2858
14	835	3853
835	14	3854
14	435	1062
435	14	1062
14	585	3873
585	14	3873
14	750	3958
750	14	3958
14	557	239
557	14	240
14	568	2732
568	14	2732
14	126	1000
126	14	1000
14	764	3967
764	14	3968
14	322	4731
322	14	4731
14	425	4661
425	14	4661
14	539	1619
539	14	1619
14	704	4772
704	14	4772
14	289	3107
289	14	3108
14	31	4103
31	14	4103
14	846	2815
846	14	2815
14	308	2597
308	14	2598
14	440	3914
440	14	3914
14	263	2675
263	14	2675
15	374	1041
374	15	1041
15	421	3963
421	15	3963
15	315	3344
315	15	3344
15	496	3447
496	15	3447
15	87	3590
87	15	3591
15	35	2004
35	15	2004
15	117	3659
117	15	3659
15	660	4184
660	15	4184
15	196	4283
196	15	4284
15	900	4745
900	15	4746
15	777	4694
777	15	4694
15	768	3572
768	15	3573
15	842	3474
842	15	3474
15	833	235
833	15	235
15	306	2189
306	15	2189
15	462	4349
462	15	4350
15	448	4733
448	15	4734
15	244	1370
244	15	1370
15	517	2111
517	15	2111
16	630	1069
630	16	1069
16	413	1777
413	16	1778
16	722	3957
722	16	3958
16	856	4561
856	16	4562
16	306	1815
306	16	1815
16	483	4537
483	16	4537
16	40	3250
40	16	3250
16	803	3765
803	16	3765
16	228	4774
228	16	4774
16	602	2293
602	16	2294
16	662	4492
662	16	4492
16	372	4835
372	16	4835
16	699	1961
699	16	1961
16	388	3889
388	16	3889
16	419	4900
419	16	4900
16	262	2435
262	16	2436
16	150	2987
150	16	2988
16	640	4522
640	16	4522
17	367	4532
367	17	4533
17	712	2314
712	17	2315
17	775	1870
775	17	1870
17	86	4280
86	17	4281
17	340	370
340	17	371
17	588	1526
588	17	1527
17	717	3237
717	17	3237
17	424	4879
424	17	4879
17	445	4098
445	17	4099
17	681	3916
681	17	3917
17	45	668
45	17	668
17	626	4234
626	17	4235
17	461	2335
461	17	2335
17	633	4467
633	17	4467
17	69	598
69	17	599
17	53	4268
53	17	4269
18	326	2141
326	18	2141
18	244	4126
244	18	4126
18	685	1926
685	18	1926
18	363	2011
363	18	2011
18	67	4877
67	18	4878
18	705	3650
705	18	3651
18	693	960
693	18	961
18	657	3244
657	18	3245
18	732	3239
732	18	3239
18	490	1996
490	18	1996
18	293	3931
293	18	3932
18	590	4843
590	18	4843
18	199	3557
199	18	3558
19	465	4612
465	19	4613
19	878	3713
878	19	3714
19	313	2172
313	19	2172
19	696	877
696	19	878
19	420	113
420	19	114
19	141	4609
141	19	4610
19	660	3312
660	19	3312
19	209	4238
209	19	4238
19	529	4072
529	19	4072
19	178	195
178	19	196
19	688	4628
688	19	4629
19	636	4901
636	19	4902
19	372	4217
372	19	4217
20	107	3155
107	20	3155
20	255	3478
255	20	3479
20	342	1083
342	20	1084
20	359	4949
359	20	4949
20	642	3879
642	20	3880
20	291	4557
291	20	4557
20	818	4936
818	20	4937
20	628	1263
628	20	1263
20	694	4495
694	20	4496
20	596	1092
596	20	1092
20	805	3521
805	20	3521
20	675	1319
675	20	1319
20	844	3718
844	20	3718
20	137	4394
137	20	4394
20	139	4481
139	20	4482
20	266	2871
266	20	2871
21	599	4528
599	21	4528
21	631	1613
631	21	1613
21	278	2292
278	21	2293
21	305	3935
305	21	3936
21	143	4309
143	21	4309
21	260	4520
260	21	4520
21	715	2382
715	21	2382
21	456	3113
456	21	3114
21	467	4144
467	21	4145
21	373	3632
373	21	3633
21	648	4872
648	21	4873
21	281	2085
281	21	2086
21	577	2564
577	21	2565
21	463	2549
463	21	2550
21	741	3096
741	21	3097
21	129	350
129	21	351
21	307	1774
307	21	1774
22	244	1700
244	22	1701
22	324	2304
324	22	2305
22	528	3857
528	22	3858
22	344	4286
344	22	4286
22	897	4693
897	22	4693
22	75	2652
75	22	2653
22	290	1184
290	22	1184
22	196	2526
196	22	2527
22	30	2628
30	22	2629
22	351	1794
351	22	1794
22	492	4531
492	22	4531
22	862	3563
862	22	3564
22	782	4968
782	22	4969
22	113	4895
113	22	4895
22	660	3400
660	22	3400
22	600	4061
600	22	4061
22	207	4546
207	22	4546
23	474	4492
474	23	4493
23	185	2349
185	23	2350
23	778	4456
778	23	4456
23	64	911
64	23	912
23	483	2764
483	23	2764
23	50	3655
50	23	3655
23	438	4935
438	23	4936
23	886	2100
886	23	2100
23	448	98
448	23	99
23	162	4406
162	23	4407
23	443	3088
443	23	3088
23	276	2046
276	23	2047
23	151	2998
151	23	2999
23	365	1860
365	23	1861
23	578	2259
578	23	2259
23	124	374
124	23	374
23	546	1476
546	23	1476
23	238	815
238	23	815
23	220	3910
220	23	3910
24	587	4899
587	24	4899
24	751	3306
751	24	3307
24	217	4716
217	24	4717
24	416	4949
416	24	4949
24	685	2821
685	24	2822
24	40	4697
40	24	4698
24	581	2226
581	24	2226
24	79	4087
79	24	4088
24	254	2930
254	24	2930
24	375	1041
375	24	1041
24	813	2029
813	24	2029
24	442	2300
442	24	2301
24	194	4802
194	24	4803
24	489	4169
489	24	4170
24	380	4199
380	24	4199
24	731	1779
731	24	1780
24	744	3757
744	24	3757
24	401	2640
401	24	2640
24	89	1479
89	24	1479
25	311	2104
311	25	2105
25	223	1417
223	25	1417
25	45	4073
45	25	4073
25	673	4321
673	25	4321
25	852	1487
852	25	1488
25	251	233
251	25	233
25	855	772
855	25	772
25	186	4911
186	25	4911
25	831	2378
831	25	2379
25	893	1585
893	25	1586
25	544	4900
544	25	4900
25	489	4647
489	25	4648
25	106	4578
106	25	4578
26	578	4584
578	26	4584
26	453	1090
453	26	1090
26	408	874
408	26	874
26	592	4972
592	26	4972
26	32	4331
32	26	4332
26	524	1246
524	26	1246
26	195	1205
195	26	1206
26	884	4807
884	26	4808
26	871	4822
871	26	4823
26	612	4540
612	26	4540
26	396	4502
396	26	4502
26	704	90
704	26	91
26	575	722
575	26	722
27	866	2134
866	27	2135
27	868	3753
868	27	3754
27	507	4832
507	27	4832
27	434	3410
434	27	3410
27	130	1680
130	27	1681
27	349	4999
349	27	5000
27	750	1309
750	27	1309
27	300	3582
300	27	3583
27	219	1632
219	27	1633
27	176	1646
176	27	1647
27	603	569
603	27	569
27	809	772
809	27	773
27	363	242
363	27	243
27	267	4745
267	27	4745
27	812	3043
812	27	3044
28	442	4217
442	28	4218
28	88	97
88	28	98
28	287	4393
287	28	4393
28	479	1273
479	28	1273
28	403	4590
403	28	4591
28	733	99
733	28	99
28	780	1981
780	28	1981
28	834	3224
834	28	3225
28	255	1913
255	28	1914
28	153	1672
153	28	1673
28	237	3552
237	28	3553
28	451	720
451	28	721
29	264	3897
264	29	3898
29	107	4956
107	29	4956
29	30	3530
30	29	3530
29	55	3081
55	29	3081
29	33	4026
33	29	4026
29	679	4415
679	29	4416
29	356	1384
356	29	1385
29	588	4445
588	29	4445
29	755	4730
755	29	4731
29	166	1266
166	29	1266
29	885	3102
885	29	3102
29	558	4765
558	29	4765
29	638	1772
638	29	1772
29	159	1997
159	29	1998
29	673	204
673	29	205
29	257	4802
257	29	4803
30	197	2644
197	30	2645
30	216	4719
216	30	4719
30	178	3182
178	30	3183
30	355	4904
355	30	4905
30	61	4478
61	30	4478
30	421	4706
421	30	4706
30	767	3614
767	30	3614
30	516	4273
516	30	4273
30	360	4773
360	30	4774
30	503	2812
503	30	2812
30	836	1230
836	30	1231
30	88	1898
88	30	1898
30	586	3861
586	30	3862
30	52	4035
52	30	4035
30	31	3534
31	30	3535
31	398	3867
398	31	3867
31	434	2037
434	31	2037
31	131	1258
131	31	1259
31	773	2451
773	31	2451
31	603	3258
603	31	3259
31	815	1920
815	31	1921
31	38	3672
38	31	3673
31	446	629
446	31	630
31	435	2028
435	31	2028
31	261	1423
261	31	1423
31	851	4388
851	31	4388
31	474	4116
474	31	4116
31	78	4524
78	31	4524
32	92	4221
92	32	4221
32	381	4867
381	32	4868
32	385	4628
385	32	4629
32	623	2512
623	32	2512
32	563	3391
563	32	3391
32	207	3887
207	32	3887
32	154	167
154	32	167
32	454	4543
454	32	4543
32	690	4294
690	32	4295
32	219	95
219	32	96
32	279	1955
279	32	1955
32	559	1077
559	32	1078
33	173	4767
173	33	4768
33	45	3275
45	33	3275
33	598	1065
598	33	1065
33	857	1336
857	33	1336
33	89	3965
89	33	3965
33	193	2774
193	33	2775
33	572	2227
572	33	2227
33	237	4351
237	33	4351
33	532	2014
532	33	2014
33	761	1065
761	33	1066
33	662	4804
662	33	4804
33	646	1675
646	33	1675
33	517	2009
517	33	2010
33	348	4221
348	33	4222
33	299	4024
299	33	4025
33	591	3238
591	33	3239
33	418	3367
418	33	3367
34	126	2683
126	34	2683
34	423	2218
423	34	2218
34	193	3259
193	34	3260
34	671	4860
671	34	4861
34	61	2051
61	34	2052
34	575	4745
575	34	4746
34	568	1920
568	34	1920
34	674	4645
674	34	4645
34	208	3152
208	34	3152
34	276	832
276	34	833
34	792	4848
792	34	4849
34	310	4108
310	34	4109
35	455	3975
455	35	3976
35	159	4484
159	35	4485
35	76	3676
76	35	3676
35	694	2552
694	35	2552
35	254	3547
254	35	3548
35	574	4528
574	35	4529
35	453	3861
453	35	3862
35	520	3690
520	35	3691
35	127	1772
127	35	1772
35	517	4845
517	35	4845
35	332	3891
332	35	3892
35	724	184
724	35	184
35	310	3018
310	35	3019
36	422	2245
422	36	2246
36	717	2694
717	36	2695
36	279	4610
279	36	4611
36	382	3882
382	36	3882
36	57	4398
57	36	4398
36	425	1768
425	36	1768
36	283	4988
283	36	4988
36	242	3749
242	36	3750
36	557	4409
557	36	4409
36	865	4418
865	36	4418
36	777	4711
777	36	4712
36	442	3931
442	36	3932
37	209	3893
209	37	3893
37	439	1364
439	37	1365
37	400	1905
400	37	1905
37	417	2766
417	37	2766
37	611	4619
611	37	4620
37	810	2705
810	37	2706
37	115	4811
115	37	4811
37	650	1424
650	37	1424
37	123	1844
123	37	1844
37	255	3949
255	37	3949
37	339	3782
339	37	3783
37	73	4172
73	37	4172
37	549	720
549	37	720
37	126	4830
126	37	4830
37	379	4660
379	37	4660
37	680	2153
680	37	2153
38	442	3719
442	38	3719
38	451	4966
451	38	4966
38	724	4877
724	38	4877
38	807	2811
807	38	2812
38	520	921
520	38	921
38	403	4371
403	38	4371
38	305	4699
305	38	4699
38	521	2671
521	38	2671
38	138	4499
138	38	4499
38	460	4611
460	38	4612
38	780	4990
780	38	4991
38	313	97
313	38	98
39	380	4909
380	39	4910
39	220	3779
220	39	3780
39	520	1545
520	39	1545
39	746	4527
746	39	4528
39	662	711
662	39	711
39	761	3945
761	39	3945
39	182	4965
182	39	4965
39	671	2306
671	39	2306
39	784	2707
784	39	2708
39	390	4342
390	39	4343
39	534	4676
534	39	4676
39	428	3666
428	39	3666
39	458	2578
458	39	2579
40	798	3944
798	40	3944
40	404	3997
404	40	3998
40	331	4063
331	40	4063
40	217	3776
217	40	3776
40	774	4345
774	40	4346
40	597	1821
597	40	1822
40	694	2167
694	40	2167
40	85	4023
85	40	4023
40	766	1730
766	40	1730
40	466	1247
466	40	1247
40	436	4067
436	40	4067
40	327	4269
327	40	4270
41	138	3709
138	41	3709
41	288	4062
288	41	4062
41	119	941
119	41	942
41	149	4567
149	41	4568
41	335	4362
335	41	4362
41	385	475
385	41	476
41	627	2323
627	41	2323
41	147	3968
147	41	3968
41	268	801
268	41	801
41	811	4973
811	41	4973
41	234	2746
234	41	2746
41	286	3506
286	41	3507
41	822	2405
822	41	2406
41	380	2684
380	41	2685
41	547	3021
547	41	3021
41	895	271
895	41	272
41	93	1654
93	41	1654
41	68	2104
68	41	2105
42	404	4943
404	42	4943
42	311	3937
311	42	3937
42	703	2523
703	42	2523
42	323	3271
323	42	3271
42	106	273
106	42	274
42	175	3686
175	42	3686
42	206	1054
206	42	1055
42	648	4042
648	42	4042
42	165	4593
165	42	4594
42	801	2025
801	42	2026
42	94	586
94	42	587
42	469	4577
469	42	4578
42	643	1863
643	42	1864
42	43	1991
43	42	1991
42	747	675
747	42	676
42	120	4193
120	42	4194
42	869	3044
869	42	3045
43	78	4863
78	43	4864
43	390	4806
390	43	4807
43	324	2120
324	43	2120
43	560	2897
560	43	2897
43	557	4834
557	43	4834
43	410	1227
410	43	1227
43	61	1895
61	43	1895
43	119	1908
119	43	1909
43	83	3110
83	43	3110
43	555	4116
555	43	4117
43	501	4307
501	43	4308
44	366	4878
366	44	4878
44	777	4339
777	44	4339
44	535	722
535	44	723
44	386	2005
386	44	2006
44	889	4852
889	44	4852
44	291	3969
291	44	3970
44	861	2076
861	44	2076
44	669	1096
669	44	1096
44	655	338
655	44	339
44	467	2560
467	44	2561
44	240	577
240	44	577
44	789	1606
789	44	1607
44	567	2639
567	44	2639
44	667	3482
667	44	3482
44	293	593
293	44	593
44	872	69
872	44	69
45	252	1171
252	45	1172
45	314	2049
314	45	2050
45	335	2308
335	45	2308
45	79	1602
79	45	1602
45	489	3628
489	45	3629
45	289	535
289	45	536
45	702	4145
702	45	4146
45	216	4860
216	45	4861
45	329	92
329	45	93
45	361	2218
361	45	2218
45	706	2673
706	45	2673
45	120	2172
120	45	2173
45	482	4286
482	45	4287
45	422	2259
422	45	2259
45	415	3243
415	45	3244
46	110	230
110	46	230
46	557	2514
557	46	2515
46	227	3605
227	46	3605
46	304	3716
304	46	3716
46	475	4425
475	46	4425
46	615	574
615	46	575
46	322	413
322	46	413
46	606	2539
606	46	2539
46	748	3120
748	46	3120
46	189	4920
189	46	4921
46	847	3633
847	46	3634
46	390	3326
390	46	3326
46	788	1886
788	46	1886
47	132	1956
132	47	1957
47	211	1744
211	47	1744
47	739	3993
739	47	3994
47	372	3810
372	47	3811
47	537	4657
537	47	4657
47	687	4775
687	47	4775
47	259	3825
259	47	3825
47	270	1454
270	47	1455
47	804	3390
804	47	3390
47	217	1445
217	47	1445
47	361	4673
361	47	4674
47	336	3962
336	47	3962
47	567	3539
567	47	3539
47	74	4920
74	47	4921
47	711	237
711	47	238
47	440	4419
440	47	4420
48	401	4274
401	48	4275
48	229	4732
229	48	4733
48	394	4007
394	48	4007
48	796	4612
796	48	4612
48	466	4092
466	48	4093
48	249	162
249	48	162
48	578	498
578	48	499
48	697	2400
697	48	2400
48	168	4432
168	48	4433
48	242	836
242	48	836
48	99	4360
99	48	4360
48	345	3859
345	48	3859
48	418	2649
418	48	2650
48	203	4394
203	48	4395
49	394	1398
394	49	1399
49	639	4461
639	49	4461
49	809	1833
809	49	1834
49	201	2730
201	49	2731
49	754	2950
754	49	2950
49	446	4955
446	49	4955
49	237	3249
237	49	3250
49	85	4705
85	49	4706
49	823	4827
823	49	4827
49	453	4550
453	49	4551
49	134	1084
134	49	1085
49	150	3272
150	49	3273
49	773	4770
773	49	4770
49	302	4102
302	49	4103
49	165	4101
165	49	4102
50	221	661
221	50	661
50	558	3987
558	50	3988
50	779	3751
779	50	3751
50	749	4057
749	50	4058
50	529	4314
529	50	4315
50	682	678
682	50	678
50	468	4931
468	50	4932
50	712	4980
712	50	4980
50	705	2529
705	50	2530
50	513	1300
513	50	1300
50	191	4606
191	50	4606
50	744	2670
744	50	2671
50	389	1392
389	50	1392
50	444	1280
444	50	1280
50	124	1169
124	50	1170
50	870	4506
870	50	4506
50	392	1479
392	50	1480
51	781	4290
781	51	4291
51	600	1479
600	51	1480
51	554	2364
554	51	2364
51	114	4973
114	51	4973
51	76	4228
76	51	4229
51	586	4013
586	51	4014
51	187	3760
187	51	3761
51	682	2695
682	51	2695
51	270	4108
270	51	4109
51	189	4321
189	51	4322
51	417	1450
417	51	1450
51	606	1349
606	51	1349
51	492	4600
492	51	4601
51	264	4530
264	51	4530
52	803	582
803	52	582
52	84	2726
84	52	2726
52	614	4248
614	52	4249
52	94	3277
94	52	3277
52	294	1773
294	52	1774
52	636	2336
636	52	2337
52	562	4753
562	52	4754
52	228	4466
228	52	4466
52	240	4241
240	52	4241
52	126	3629
126	52	3630
52	359	3855
359	52	3855
52	591	357
591	52	357
53	238	2942
238	53	2942
53	323	742
323	53	742
53	509	4668
509	53	4668
53	384	3880
384	53	3880
53	385	1033
385	53	1033
53	228	1194
228	53	1195
53	173	84
173	53	85
53	83	4081
83	53	4082
53	566	3529
566	53	3530
53	325	4583
325	53	4584
53	476	935
476	53	936
53	291	4345
291	53	4346
53	257	4776
257	53	4776
54	362	2772
362	54	2773
54	398	2052
398	54	2052
54	433	4600
433	54	4601
54	367	3982
367	54	3983
54	268	2434
268	54	2434
54	116	2715
116	54	2715
54	497	4034
497	54	4034
54	710	4477
710	54	4477
54	80	1916
80	54	1917
54	738	2460
738	54	2461
54	734	3916
734	54	3916
54	438	4535
438	54	4535
54	348	3833
348	54	3834
54	765	1883
765	54	1883
54	258	3502
258	54	3503
54	459	2721
459	54	2721
55	238	4373
238	55	4373
55	359	3606
359	55	3607
55	632	3653
632	55	3653
55	125	3431
125	55	3431
55	82	4605
82	55	4606
55	103	737
103	55	738
55	519	3486
519	55	3487
55	453	4691
453	55	4691
55	783	1079
783	55	1079
55	348	2794
348	55	2794
55	127	164
127	55	165
55	385	4840
385	55	4841
55	394	2251
394	55	2252
55	112	2598
112	55	2599
55	243	4889
243	55	4890
55	120	1638
120	55	1639
55	625	4997
625	55	4997
55	144	2801
144	55	2801
56	622	4962
622	56	4962
56	94	1159
94	56	1160
56	634	4617
634	56	4617
56	499	2873
499	56	2873
56	819	2602
819	56	2603
56	659	1279
659	56	1279
56	896	3784
896	56	3785
56	235	1258
235	56	1258
56	516	4141
516	56	4141
56	368	2142
368	56	2142
56	619	3084
619	56	3084
56	286	3566
286	56	3566
56	676	2908
676	56	2908
56	402	1042
402	56	1043
56	326	3155
326	56	3156
56	653	4879
653	56	4880
56	81	1798
81	56	1799
57	767	4269
767	57	4270
57	488	1660
488	57	1660
57	821	3979
821	57	3979
57	481	1208
481	57	1209
57	422	396
422	57	397
57	686	3898
686	57	3898
57	705	4821
705	57	4822
57	306	3751
306	57	3752
57	534	4244
534	57	4244
57	552	4081
552	57	4081
57	123	3961
123	57	3961
57	431	2747
431	57	2747
57	655	4882
655	57	4882
57	339	4002
339	57	4002
58	732	2304
732	58	2305
58	460	1116
460	58	1117
58	685	2568
685	58	2568
58	166	2736
166	58	2736
58	568	2133
568	58	2133
58	101	4787
101	58	4787
58	647	2956
647	58	2957
58	598	3539
598	58	3539
58	593	3930
593	58	3930
58	465	1800
465	58	1801
58	292	3817
292	58	3817
58	770	1636
770	58	1637
58	235	3863
235	58	3863
58	721	3440
721	58	3441
58	824	3074
824	58	3074
59	579	293
579	59	293
59	195	1702
195	59	1702
59	708	2945
708	59	2946
59	127	250
127	59	251
59	756	2233
756	59	2233
59	234	4316
234	59	4316
59	627	1571
627	59	1572
59	120	4550
120	59	4550
59	255	2564
255	59	2564
59	363	1477
363	59	1478
59	735	2417
735	59	2417
59	771	2148
771	59	2148
59	313	4066
313	59	4067
59	176	1503
176	59	1503
60	303	2374
303	60	2375
60	405	4533
405	60	4533
60	116	4625
116	60	4626
60	809	1220
809	60	1220
60	500	4739
500	60	4740
60	686	1505
686	60	1505
60	218	4199
218	60	4200
60	205	4002
205	60	4002
60	738	4312
738	60	4312
60	485	4516
485	60	4517
60	586	3576
586	60	3577
60	323	2771
323	60	2771
60	106	4958
106	60	4958
60	378	3854
378	60	3855
60	706	3797
706	60	3798
60	433	4387
433	60	4387
60	185	3638
185	60	3638
60	762	4891
762	60	4892
61	110	4531
110	61	4532
61	384	4041
384	61	4042
61	537	1964
537	61	1964
61	213	2301
213	61	2301
61	627	4323
627	61	4323
61	343	3891
343	61	3892
61	457	4615
457	61	4615
61	422	305
422	61	305
61	758	4245
758	61	4246
61	625	3721
625	61	3721
61	681	1137
681	61	1138
61	347	4038
347	61	4038
61	458	4737
458	61	4737
62	176	3955
176	62	3956
62	140	122
140	62	122
62	170	4622
170	62	4622
62	82	4420
82	62	4421
62	269	4192
269	62	4193
62	272	3868
272	62	3869
62	454	4258
454	62	4259
62	388	170
388	62	171
62	742	2102
742	62	2103
62	85	393
85	62	393
62	588	4271
588	62	4272
62	110	2894
110	62	2895
62	264	4986
264	62	4987
62	675	3261
675	62	3261
62	164	2175
164	62	2175
62	143	2367
143	62	2367
63	431	3003
431	63	3003
63	570	4349
570	63	4350
63	300	1839
300	63	1840
63	361	2963
361	63	2964
63	167	4103
167	63	4103
63	760	3817
760	63	3817
63	601	4307
601	63	4307
63	364	1615
364	63	1615
63	79	4780
79	63	4781
63	542	1722
542	63	1723
63	613	4828
613	63	4828
63	426	2464
426	63	2464
63	398	3834
398	63	3834
63	740	4524
740	63	4525
63	780	839
780	63	840
63	382	2538
382	63	2538
63	256	4592
256	63	4592
64	508	1882
508	64	1883
64	536	4088
536	64	4088
64	775	4166
775	64	4167
64	445	3853
445	64	3853
64	527	2626
527	64	2627
64	795	4519
795	64	4520
64	393	162
393	64	162
64	387	1156
387	64	1156
64	167	409
167	64	410
64	366	4424
366	64	4424
64	306	2665
306	64	2666
65	124	3104
124	65	3105
65	743	2359
743	65	2359
65	266	1746
266	65	1747
65	829	4754
829	65	4754
65	714	1608
714	65	1609
65	105	1687
105	65	1688
65	308	4096
308	65	4096
65	208	4871
208	65	4871
65	77	1161
77	65	1161
65	117	1120
117	65	1120
65	689	457
689	65	458
65	161	732
161	65	732
65	282	135
282	65	135
65	631	3950
631	65	3951
65	311	4831
311	65	4832
65	101	3598
101	65	3599
65	486	1346
486	65	1346
66	506	2891
506	66	2891
66	121	4083
121	66	4084
66	591	4922
591	66	4923
66	661	1627
661	66	1628
66	115	3903
115	66	3903
66	786	1011
786	66	1011
66	742	3998
742	66	3998
66	739	4950
739	66	4951
66	390	2617
390	66	2617
66	116	4905
116	66	4906
66	133	4376
133	66	4377
66	333	2629
333	66	2629
67	497	4417
497	67	4417
67	265	3593
265	67	3594
67	276	909
276	67	910
67	189	1582
189	67	1583
67	548	4550
548	67	4551
67	694	390
694	67	391
67	93	735
93	67	735
67	169	1785
169	67	1786
67	290	3095
290	67	3095
67	899	3723
899	67	3723
67	228	4050
228	67	4050
67	449	2609
449	67	2609
67	338	4917
338	67	4918
67	637	3723
637	67	3723
68	215	3946
215	68	3946
68	463	1374
463	68	1375
68	701	4399
701	68	4400
68	450	4123
450	68	4123
68	260	4188
260	68	4189
68	231	3382
231	68	3382
68	792	4791
792	68	4792
68	100	1667
100	68	1668
68	283	1254
283	68	1255
68	863	3674
863	68	3674
68	447	4314
447	68	4315
69	457	3976
457	69	3977
69	511	1700
511	69	1701
69	104	4654
104	69	4655
69	163	3613
163	69	3614
69	325	984
325	69	984
69	152	4526
152	69	4527
69	301	1484
301	69	1485
69	825	4487
825	69	4488
69	766	3967
766	69	3968
69	108	4379
108	69	4380
69	758	4537
758	69	4537
69	313	4284
313	69	4284
69	606	2125
606	69	2126
69	182	1966
182	69	1966
69	98	1688
98	69	1688
69	74	4880
74	69	4881
70	411	4220
411	70	4221
70	395	2035
395	70	2036
70	324	4937
324	70	4937
70	725	4850
725	70	4851
70	345	3579
345	70	3579
70	151	3597
151	70	3598
70	740	3595
740	70	3595
70	771	730
771	70	730
70	763	1866
763	70	1866
70	267	2282
267	70	2283
70	481	3656
481	70	3656
70	652	1912
652	70	1913
70	796	2004
796	70	2004
70	731	4674
731	70	4675
70	93	4623
93	70	4623
70	290	4999
290	70	4999
71	429	1696
429	71	1697
71	641	167
641	71	167
71	298	665
298	71	665
71	139	557
139	71	558
71	521	1608
521	71	1609
71	365	2517
365	71	2517
71	81	648
81	71	648
71	850	119
850	71	120
71	677	4473
677	71	4473
71	882	3871
882	71	3872
71	640	834
640	71	834
71	564	4071
564	71	4072
71	246	1314
246	71	1315
71	683	4160
683	71	4161
71	643	548
643	71	549
71	405	3655
405	71	3655
71	532	686
532	71	686
72	334	366
334	72	366
72	76	998
76	72	998
72	307	2393
307	72	2393
72	431	4042
431	72	4042
72	698	2888
698	72	2889
72	487	611
487	72	612
72	103	4273
103	72	4274
72	242	3188
242	72	3188
72	406	4305
406	72	4306
72	494	4524
494	72	4524
72	403	2450
403	72	2450
72	318	3301
318	72	3302
72	206	2652
206	72	2653
73	362	2190
362	73	2190
73	395	3539
395	73	3540
73	234	1356
234	73	1356
73	410	2097
410	73	2098
73	744	4500
744	73	4501
73	565	1390
565	73	1390
73	864	3934
864	73	3935
73	260	4369
260	73	4370
73	787	4664
787	73	4664
73	75	202
75	73	202
73	394	4095
394	73	4095
73	314	4708
314	73	4709
73	700	3763
700	73	3763
73	257	4470
257	73	4471
73	372	1300
372	73	1300
73	169	3948
169	73	3948
73	572	4822
572	73	4823
74	420	4455
420	74	4455
74	816	4082
816	74	4083
74	669	4505
669	74	4505
74	550	1724
550	74	1724
74	684	2934
684	74	2934
74	358	1886
358	74	1887
74	145	4272
145	74	4273
74	220	110
220	74	110
74	417	1801
417	74	1802
74	736	1135
736	74	1135
74	93	3648
93	74	3649
75	199	3262
199	75	3263
75	185	3303
185	75	3304
75	743	4024
743	75	4024
75	366	3974
366	75	3975
75	411	4953
411	75	4953
75	670	911
670	75	911
75	116	1900
116	75	1900
75	564	2084
564	75	2085
75	102	3634
102	75	3634
75	793	3205
793	75	3206
75	201	4172
201	75	4172
75	368	1617
368	75	1617
75	355	4633
355	75	4633
76	774	4223
774	76	4223
76	657	4607
657	76	4608
76	387	3996
387	76	3996
76	877	1547
877	76	1547
76	459	3015
459	76	3015
76	307	2827
307	76	2828
76	535	4915
535	76	4916
76	828	3244
828	76	3244
76	219	2471
219	76	2471
76	654	4575
654	76	4575
76	697	4514
697	76	4514
76	410	1984
410	76	1984
77	302	2020
302	77	2021
77	406	4358
406	77	4358
77	656	3342
656	77	3342
77	198	2540
198	77	2541
77	445	3767
445	77	3768
77	867	3422
867	77	3422
77	412	1817
412	77	1818
77	619	4207
619	77	4207
77	686	753
686	77	753
77	418	4402
418	77	4403
77	81	4008
81	77	4008
77	355	3236
355	77	3237
77	528	340
528	77	341
77	534	291
534	77	292
78	207	3517
207	78	3518
78	236	1677
236	78	1677
78	80	3911
80	78	3911
78	898	4440
898	78	4441
78	416	4670
416	78	4671
78	377	4038
377	78	4038
78	178	1821
178	78	1822
78	577	4808
577	78	4809
78	307	4481
307	78	4482
78	649	3961
649	78	3962
78	820	4821
820	78	4822
79	489	3253
489	79	3254
79	246	2611
246	79	2611
79	719	306
719	79	307
79	149	4919
149	79	4920
79	782	3850
782	79	3851
79	364	4880
364	79	4880
79	875	3713
875	79	3713
79	327	4735
327	79	4736
79	795	73
795	79	73
79	248	1691
248	79	1692
79	308	4822
308	79	4823
79	172	4292
172	79	4292
79	541	4892
541	79	4892
79	348	3400
348	79	3401
79	384	3230
384	79	3231
79	469	3559
469	79	3559
80	318	4191
318	80	4192
80	203	3708
203	80	3708
80	397	99
397	80	99
80	826	4919
826	80	4919
80	139	1714
139	80	1714
80	445	3484
445	80	3485
80	772	411
772	80	412
80	326	4000
326	80	4001
80	475	906
475	80	907
80	325	703
325	80	703
81	672	4169
672	81	4170
81	733	4707
733	81	4708
81	441	4356
441	81	4357
81	357	3550
357	81	3550
81	285	4394
285	81	4394
81	368	4264
368	81	4264
81	547	3613
547	81	3614
81	436	1971
436	81	1971
81	760	3675
760	81	3676
81	507	4553
507	81	4554
81	237	1077
237	81	1077
81	224	2762
224	81	2762
81	334	190
334	81	191
81	445	2226
445	81	2227
81	281	4732
281	81	4733
81	280	2493
280	81	2494
82	472	933
472	82	934
82	464	1448
464	82	1449
82	375	4443
375	82	4444
82	256	3230
256	82	3230
82	162	3925
162	82	3926
82	481	3801
481	82	3802
82	232	2283
232	82	2284
82	441	4243
441	82	4243
82	246	3484
246	82	3485
82	223	3770
223	82	3771
82	405	2865
405	82	2866
82	393	2855
393	82	2855
82	255	1329
255	82	1329
82	283	1820
283	82	1820
82	285	4009
285	82	4010
83	271	1770
271	83	1771
83	224	3598
224	83	3598
83	374	4454
374	83	4455
83	571	4211
571	83	4211
83	799	4401
799	83	4401
83	410	4644
410	83	4645
83	443	4638
443	83	4638
83	673	3762
673	83	3762
83	124	4863
124	83	4863
83	807	2206
807	83	2206
83	196	4140
196	83	4140
84	505	3532
505	84	3532
84	700	3980
700	84	3980
84	806	2709
806	84	2710
84	206	2705
206	84	2705
84	784	3844
784	84	3845
84	421	4961
421	84	4961
84	716	4737
716	84	4738
84	327	1968
327	84	1969
84	423	1720
423	84	1721
84	136	1525
136	84	1525
84	459	778
459	84	778
85	116	3774
116	85	3775
85	311	1364
311	85	1365
85	107	4079
107	85	4080
85	487	3868
487	85	3868
85	340	3678
340	85	3679
85	361	3952
361	85	3953
85	335	4521
335	85	4522
85	400	864
400	85	865
85	521	3053
521	85	3053
85	416	2693
416	85	2694
85	159	2170
159	85	2171
85	641	4120
641	85	4121
85	333	2423
333	85	2423
85	788	3772
788	85	3772
85	680	172
680	85	173
85	805	2271
805	85	2272
86	432	2651
432	86	2651
86	420	3936
420	86	3937
86	292	4949
292	86	4950
86	720	4764
720	86	4765
86	801	1082
801	86	1082
86	539	4325
539	86	4325
86	413	4140
413	86	4140
86	301	4675
301	86	4676
86	352	1904
352	86	1905
86	180	3280
180	86	3281
86	775	4863
775	86	4864
86	365	4759
365	86	4759
86	339	4875
339	86	4875
86	473	1069
473	86	1069
86	800	636
800	86	636
87	336	4948
336	87	4949
87	683	4393
683	87	4393
87	322	527
322	87	527
87	224	4560
224	87	4560
87	771	4550
771	87	4550
87	174	3689
174	87	3689
87	429	3610
429	87	3610
87	401	4854
401	87	4854
87	251	3075
251	87	3075
87	631	2848
631	87	2848
87	247	1536
247	87	1537
87	440	4368
440	87	4368
88	589	4747
589	88	4747
88	347	1213
347	88	1213
88	211	3060
211	88	3060
88	533	461
533	88	461
88	375	1093
375	88	1093
88	242	4276
242	88	4276
88	530	1708
530	88	1709
88	171	2843
171	88	2844
88	192	3638
192	88	3639
88	272	4236
272	88	4237
88	280	2561
280	88	2562
88	646	4752
646	88	4753
88	727	2842
727	88	2842
88	291	399
291	88	400
88	119	4841
119	88	4841
88	390	1834
390	88	1834
89	157	3042
157	89	3042
89	497	1729
497	89	1729
89	175	3340
175	89	3341
89	799	3569
799	89	3570
89	642	3942
642	89	3943
89	266	4449
266	89	4449
89	327	3218
327	89	3219
89	319	1397
319	89	1398
89	351	1616
351	89	1616
89	221	4608
221	89	4608
89	753	4472
753	89	4472
90	729	1434
729	90	1435
90	181	2471
181	90	2471
90	190	2763
190	90	2764
90	323	4677
323	90	4678
90	447	1394
447	90	1394
90	308	4421
308	90	4422
90	98	4314
98	90	4314
90	659	4580
659	90	4580
90	657	1054
657	90	1055
90	544	2336
544	90	2337
90	275	1000
275	90	1001
90	145	3224
145	90	3225
90	883	2958
883	90	2958
90	217	257
217	90	257
90	218	1898
218	90	1898
90	791	3615
791	90	3615
90	702	3939
702	90	3940
90	789	4854
789	90	4855
91	470	2358
470	91	2359
91	174	4481
174	91	4482
91	247	4418
247	91	4418
91	474	3463
474	91	3464
91	622	762
622	91	763
91	386	416
386	91	417
91	687	2240
687	91	2241
91	272	4616
272	91	4617
91	508	874
508	91	875
91	618	1308
618	91	1308
92	417	4763
417	92	4764
92	169	1112
169	92	1113
92	658	4962
658	92	4962
92	363	3116
363	92	3117
92	218	329
218	92	330
93	707	595
707	93	595
93	758	1883
758	93	1883
94	559	4655
559	94	4655
94	148	4760
148	94	4761
94	840	1576
840	94	1577
94	322	3927
322	94	3928
94	469	1225
469	94	1226
94	128	4761
128	94	4762
94	759	4170
759	94	4171
94	498	1392
498	94	1393
95	126	2519
126	95	2520
95	456	4878
456	95	4879
95	662	3349
662	95	3349
95	691	3950
691	95	3951
95	432	3885
432	95	3886
95	737	3065
737	95	3066
95	268	4442
268	95	4443
95	786	4640
786	95	4640
95	730	3676
730	95	3676
95	321	1174
321	95	1174
96	406	4327
406	96	4327
96	257	4514
257	96	4514
96	155	3996
155	96	3996
96	286	4137
286	96	4137
96	354	4073
354	96	4073
96	569	4846
569	96	4847
96	108	3853
108	96	3854
96	552	3501
552	96	3501
97	277	3212
277	97	3213
97	580	1389
580	97	1390
97	568	2673
568	97	2673
97	318	3348
318	97	3348
97	213	1611
213	97	1612
97	708	3045
708	97	3046
97	808	4967
808	97	4967
97	311	2708
311	97	2709
97	709	4943
709	97	4944
98	408	4747
408	98	4747
98	219	172
219	98	172
98	827	4654
827	98	4654
99	532	2290
532	99	2290
99	522	976
522	99	977
99	472	2848
472	99	2849
99	236	4601
236	99	4602
100	320	2567
320	100	2567
100	334	4806
334	100	4807
100	484	4083
484	100	4084
100	480	2251
480	100	2252
100	316	1585
316	100	1585
100	286	2136
286	100	2136
100	697	4390
697	100	4391
100	785	4427
785	100	4427
100	443	1551
443	100	1551
101	403	3934
403	101	3934
101	211	1253
211	101	1253
101	344	4738
344	101	4738
101	250	3018
250	101	3019
101	594	3222
594	101	3222
101	416	3574
416	101	3575
101	207	4530
207	101	4530
101	874	1406
874	101	1407
102	238	2070
238	102	2070
102	616	1474
616	102	1475
102	305	4970
305	102	4970
102	155	2533
155	102	2534
102	693	1485
693	102	1486
102	736	2156
736	102	2157
103	629	3314
629	103	3314
103	285	4682
285	103	4682
103	207	3922
207	103	3922
103	502	4555
502	103	4556
103	266	606
266	103	606
103	638	4402
638	103	4403
103	760	1401
760	103	1401
104	505	4892
505	104	4893
104	504	1955
504	104	1956
104	385	3694
385	104	3694
104	593	4202
593	104	4203
104	252	3987
252	104	3988
104	185	1278
185	104	1279
105	427	1403
427	105	1403
105	301	4346
301	105	4346
105	133	4862
133	105	4862
105	354	3217
354	105	3217
105	464	2493
464	105	2494
106	880	4125
880	106	4126
106	720	1461
720	106	1462
106	499	4694
499	106	4694
106	712	1532
712	106	1532
107	445	915
445	107	915
107	226	4870
226	107	4870
107	364	2684
364	107	2684
107	295	4665
295	107	4665
107	760	2786
760	107	2786
107	390	4940
390	107	4940
107	208	551
208	107	552
108	758	4734
758	108	4734
108	674	4063
674	108	4064
108	454	1403
454	108	1404
108	111	1869
111	108	1870
108	676	351
676	108	352
108	201	3304
201	108	3304
108	274	3783
274	108	3784
109	653	4796
653	109	4797
109	348	1334
348	109	1335
109	298	1988
298	109	1989
109	152	461
152	109	462
109	413	4263
413	109	4263
109	210	4414
210	109	4415
109	226	2965
226	109	2965
109	709	2395
709	109	2395
109	338	2211
338	109	2211
109	541	1961
541	109	1962
109	368	4638
368	109	4639
110	651	4867
651	110	4868
110	213	3754
213	110	3754
111	447	4271
447	111	4271
111	133	2480
133	111	2481
111	355	3359
355	111	3360
111	657	4581
657	111	4581
112	392	3531
392	112	3532
112	654	4710
654	112	4711
112	477	4906
477	112	4906
112	402	733
402	112	734
113	370	3249
370	113	3249
113	174	771
174	113	771
113	452	3716
452	113	3716
113	412	3749
412	113	3750
113	437	3742
437	113	3742
113	536	4326
536	113	4326
113	350	3223
350	113	3224
114	431	3027
431	114	3028
114	651	3553
651	114	3554
114	166	4561
166	114	4562
114	124	4147
124	114	4147
114	665	2773
665	114	2774
115	336	4397
336	115	4398
115	176	4592
176	115	4592
115	175	3363
175	115	3363
117	137	2826
137	117	2826
117	150	4699
150	117	4700
117	410	4362
410	117	4363
117	435	4097
435	117	4098
117	330	3752
330	117	3753
117	447	4594
447	117	4594
117	791	2801
791	117	2801
117	674	4293
674	117	4294
117	253	2109
253	117	2109
118	286	4566
286	118	4567
118	294	4116
294	118	4116
118	757	4165
757	118	4165
118	801	4319
801	118	4319
118	252	4061
252	118	4062
118	434	1313
434	118	1314
118	359	1751
359	118	1752
118	364	3383
364	118	3383
119	409	1138
409	119	1138
119	547	1717
547	119	1718
119	651	2552
651	119	2553
119	252	4260
252	119	4261
120	344	1213
344	120	1214
120	596	4870
596	120	4871
120	228	968
228	120	968
120	594	1194
594	120	1194
120	550	4457
550	120	4458
120	203	2108
203	120	2108
121	420	1193
420	121	1194
121	144	2038
144	121	2039
121	388	3771
388	121	3771
121	775	1924
775	121	1924
121	128	2718
128	121	2719
121	696	4292
696	121	4292
121	305	4078
305	121	4078
122	149	4862
149	122	4863
122	399	3437
399	122	3437
122	670	3537
670	122	3538
122	139	4534
139	122	4535
122	123	3349
123	122	3350
122	273	3316
273	122	3317
122	127	1058
127	122	1058
123	766	1855
766	123	1856
123	501	1542
501	123	1542
123	287	1592
287	123	1593
124	448	749
448	124	749
124	190	4256
190	124	4257
124	254	4173
254	124	4174
124	473	4258
473	124	4259
125	204	4499
204	125	4499
125	258	894
258	125	895
125	839	4291
839	125	4291
125	192	4329
192	125	4329
128	494	3849
494	128	3850
128	224	828
224	128	829
128	790	4653
790	128	4654
129	285	4111
285	129	4111
129	668	4972
668	129	4972
129	167	458
167	129	459
129	422	2225
422	129	2225
129	464	972
464	129	972
129	360	4795
360	129	4795
129	416	3763
416	129	3763
130	415	4847
415	130	4847
130	174	4557
174	130	4558
130	860	541
860	130	541
130	285	4577
285	130	4577
131	466	1712
466	131	1712
131	324	1223
324	131	1223
131	334	4735
334	131	4736
131	631	4651
631	131	4652
131	221	2638
221	131	2639
131	433	280
433	131	281
131	207	1510
207	131	1511
132	300	2023
300	132	2023
132	205	4143
205	132	4143
132	276	4445
276	132	4445
132	626	4312
626	132	4312
132	247	1395
247	132	1396
133	189	3935
189	133	3935
133	388	3866
388	133	3867
133	891	3689
891	133	3689
133	328	4862
328	133	4863
133	794	3786
794	133	3786
133	637	2841
637	133	2841
134	298	3416
298	134	3417
134	746	3165
746	134	3165
134	674	4448
674	134	4448
134	283	4022
283	134	4023
134	735	3872
735	134	3873
134	332	906
332	134	907
134	465	4158
465	134	4158
134	427	4909
427	134	4909
135	362	3936
362	135	3937
135	247	1526
247	135	1527
135	675	4985
675	135	4986
135	364	1389
364	135	1389
135	159	4011
159	135	4012
135	283	3725
283	135	3726
135	234	3448
234	135	3448
135	257	1500
257	135	1501
135	188	3794
188	135	3794
136	287	4010
287	136	4010
136	138	2800
138	136	2801
136	155	1050
155	136	1051
136	556	4887
556	136	4887
136	157	3311
157	136	3311
136	179	1605
179	136	1606
136	526	4761
526	136	4761
137	139	4661
139	137	4661
137	622	4950
622	137	4951
137	680	2185
680	137	2186
137	286	4219
286	137	4220
137	403	4471
403	137	4471
137	420	3960
420	137	3960
137	399	3604
399	137	3605
137	511	4463
511	137	4464
137	638	3652
638	137	3653
138	689	4328
689	138	4329
138	464	1396
464	138	1396
138	551	2640
551	138	2641
138	167	527
167	138	528
138	353	258
353	138	258
138	618	1814
618	138	1815
139	590	4251
590	139	4251
139	678	2685
678	139	2685
140	344	1565
344	140	1565
140	282	3539
282	140	3540
140	228	4829
228	140	4829
140	441	953
441	140	954
140	242	3619
242	140	3619
140	338	4510
338	140	4510
140	716	2804
716	140	2805
140	422	4644
422	140	4644
140	266	2059
266	140	2060
141	191	1629
191	141	1630
141	325	4292
325	141	4293
141	148	3595
148	141	3595
141	527	4317
527	141	4318
141	561	4206
561	141	4206
141	330	1717
330	141	1717
141	385	3034
385	141	3035
141	329	3332
329	141	3332
141	726	1061
726	141	1061
141	338	4648
338	141	4649
142	400	1482
400	142	1482
142	392	4085
392	142	4085
142	258	3041
258	142	3041
142	213	4744
213	142	4744
142	250	3853
250	142	3854
142	443	4914
443	142	4914
142	476	3871
476	142	3872
143	203	1429
203	143	1429
143	548	4561
548	143	4561
143	251	582
251	143	582
143	177	2026
177	143	2026
143	288	1492
288	143	1493
143	795	4030
795	143	4031
144	799	3913
799	144	3914
144	507	2990
507	144	2991
144	876	130
876	144	131
144	248	2438
248	144	2438
144	766	3691
766	144	3691
145	676	262
676	145	262
145	567	4291
567	145	4292
145	268	4785
268	145	4786
146	554	3423
554	146	3423
146	174	2425
174	146	2425
146	550	1202
550	146	1202
146	301	2317
301	146	2318
146	651	2461
651	146	2462
146	197	3774
197	146	3774
147	232	3806
232	147	3806
147	321	2712
321	147	2712
147	580	1692
580	147	1693
148	649	3921
649	148	3921
148	314	4254
314	148	4254
148	697	4869
697	148	4869
149	289	3093
289	149	3094
149	165	4683
165	149	4684
149	296	3357
296	149	3357
150	630	3803
630	150	3804
150	339	3538
339	150	3539
150	790	4297
790	150	4297
150	193	4572
193	150	4572
150	277	2906
277	150	2907
150	732	2589
732	150	2589
150	787	2727
787	150	2727
150	247	3965
247	150	3966
151	400	2707
400	151	2707
151	394	4648
394	151	4649
151	691	90
691	151	91
151	599	3936
599	151	3937
151	736	1995
736	151	1996
151	604	3569
604	151	3569
152	684	2243
684	152	2243
152	405	3878
405	152	3879
152	337	2710
337	152	2710
152	522	3988
522	152	3989
153	293	1790
293	153	1791
153	281	3257
281	153	3257
153	338	2435
338	153	2436
153	890	4135
890	153	4135
154	155	2303
155	154	2303
154	318	2191
318	154	2191
154	335	3189
335	154	3189
154	224	3709
224	154	3709
154	332	4345
332	154	4345
154	246	2973
246	154	2973
154	213	4667
213	154	4668
154	523	3131
523	154	3131
154	479	4420
479	154	4421
154	623	1001
623	154	1001
155	197	4635
197	155	4636
155	184	3788
184	155	3789
155	618	1206
618	155	1207
155	298	1682
298	155	1683
156	259	771
259	156	771
156	315	4002
315	156	4003
156	403	4714
403	156	4714
156	399	4790
399	156	4790
156	225	1707
225	156	1707
157	367	4140
367	157	4141
157	169	1119
169	157	1120
157	202	4970
202	157	4971
157	729	4467
729	157	4467
157	293	2016
293	157	2016
157	589	96
589	157	96
157	316	2189
316	157	2189
157	392	4984
392	157	4985
158	167	2046
167	158	2046
158	337	1111
337	158	1112
158	787	859
787	158	859
158	430	3361
430	158	3361
158	224	3617
224	158	3618
158	725	4550
725	158	4550
158	398	3631
398	158	3631
158	164	1099
164	158	1100
159	542	2500
542	159	2500
159	304	1721
304	159	1721
159	423	1302
423	159	1303
159	793	3491
793	159	3492
159	320	1548
320	159	1548
159	218	3219
218	159	3220
160	265	3437
265	160	3438
160	689	1315
689	160	1316
160	512	107
512	160	108
160	370	4779
370	160	4779
160	245	2663
245	160	2664
160	446	3874
446	160	3874
160	305	2533
305	160	2533
161	683	4697
683	161	4697
161	340	3930
340	161	3931
161	249	4663
249	161	4664
161	437	3517
437	161	3517
161	379	3795
379	161	3796
161	356	4844
356	161	4844
161	617	1923
617	161	1923
161	377	4218
377	161	4218
162	315	4266
315	162	4266
162	300	1636
300	162	1637
162	449	3347
449	162	3348
162	752	1156
752	162	1156
162	213	3742
213	162	3743
162	280	1437
280	162	1437
162	468	993
468	162	994
162	501	2644
501	162	2644
163	356	1476
356	163	1477
163	858	2163
858	163	2163
163	385	2469
385	163	2469
163	200	3788
200	163	3788
163	311	2884
311	163	2884
163	291	167
291	163	167
163	268	4638
268	163	4638
163	438	1849
438	163	1849
163	229	1021
229	163	1022
163	664	3644
664	163	3644
164	181	2139
181	164	2140
164	338	4707
338	164	4707
164	652	1933
652	164	1934
164	421	4907
421	164	4908
164	656	4179
656	164	4179
164	434	4678
434	164	4678
165	486	348
486	165	348
165	617	3947
617	165	3948
165	737	3593
737	165	3593
165	750	3135
750	165	3136
165	663	1149
663	165	1150
165	424	4612
424	165	4612
166	255	1678
255	166	1679
166	610	3857
610	166	3858
166	757	1396
757	166	1396
166	647	2454
647	166	2455
167	329	4688
329	167	4688
167	748	4602
748	167	4603
167	563	4584
563	167	4584
167	501	4262
501	167	4262
167	802	628
802	167	629
167	611	259
611	167	260
168	327	2793
327	168	2794
168	499	3502
499	168	3502
168	641	1516
641	168	1517
168	212	2745
212	168	2746
169	691	2546
691	169	2547
169	236	212
236	169	213
169	210	1186
210	169	1186
169	239	3446
239	169	3446
169	362	4701
362	169	4701
169	672	4692
672	169	4693
170	243	3936
243	170	3937
170	801	4490
801	170	4490
170	251	3635
251	170	3635
170	233	2138
233	170	2138
170	315	1839
315	170	1840
170	431	4724
431	170	4724
170	296	2874
296	170	2875
170	621	3521
621	170	3522
170	259	4498
259	170	4498
171	746	1516
746	171	1517
171	629	4839
629	171	4840
171	580	2013
580	171	2014
171	202	2687
202	171	2687
171	405	4834
405	171	4834
171	246	4879
246	171	4879
171	358	4321
358	171	4321
171	281	4414
281	171	4415
172	259	4290
259	172	4290
172	584	127
584	172	127
172	428	2715
428	172	2715
172	325	3321
325	172	3321
172	778	2290
778	172	2291
172	733	3041
733	172	3042
173	316	4234
316	173	4234
173	397	3507
397	173	3507
173	392	4154
392	173	4154
173	400	559
400	173	560
175	232	2122
232	175	2122
175	422	3285
422	175	3285
176	269	2229
269	176	2230
177	199	3383
199	177	3384
177	740	225
740	177	226
177	684	238
684	177	239
177	208	2236
208	177	2237
177	317	58
317	177	58
177	440	4318
440	177	4319
177	624	4052
624	177	4052
177	430	194
430	177	194
178	584	4344
584	178	4345
178	376	2481
376	178	2482
178	482	4923
482	178	4923
178	675	3928
675	178	3929
179	320	912
320	179	912
179	400	2352
400	179	2353
179	430	4314
430	179	4314
179	498	4497
498	179	4497
179	440	4901
440	179	4901
179	303	4866
303	179	4867
179	595	236
595	179	236
180	736	2440
736	180	2440
180	248	1069
248	180	1069
180	468	1482
468	180	1482
180	397	3589
397	180	3589
180	318	4898
318	180	4899
180	482	4416
482	180	4416
180	772	4369
772	180	4369
180	189	1151
189	180	1151
180	477	1844
477	180	1845
181	530	4750
530	181	4751
181	708	2405
708	181	2406
181	350	688
350	181	688
181	273	4670
273	181	4670
181	333	751
333	181	751
181	358	1149
358	181	1150
181	527	4030
527	181	4031
182	219	4979
219	182	4979
182	308	4215
308	182	4215
182	236	4945
236	182	4946
183	239	4451
239	183	4451
183	340	1231
340	183	1232
183	330	4914
330	183	4915
183	535	3186
535	183	3186
183	550	4405
550	183	4405
183	366	1218
366	183	1218
183	498	1563
498	183	1564
183	315	674
315	183	675
183	283	3531
283	183	3531
184	476	2085
476	184	2085
184	635	3351
635	184	3352
184	832	4057
832	184	4057
184	190	1488
190	184	1488
184	746	3917
746	184	3917
185	265	2305
265	185	2306
185	480	1025
480	185	1025
186	757	3446
757	186	3447
186	361	1203
361	186	1203
186	272	2251
272	186	2251
186	334	4092
334	186	4093
186	838	4450
838	186	4451
186	226	4009
226	186	4009
186	341	4018
341	186	4018
186	718	168
718	186	168
187	441	4399
441	187	4400
187	228	3910
228	187	3910
187	299	4132
299	187	4133
187	629	1517
629	187	1517
188	427	4138
427	188	4139
188	229	890
229	188	891
188	348	3663
348	188	3663
188	372	3451
372	188	3451
188	257	3257
257	188	3257
188	590	4277
590	188	4277
188	350	1537
350	188	1538
188	335	4767
335	188	4768
188	360	4341
360	188	4341
189	442	1447
442	189	1447
189	236	3715
236	189	3715
189	446	4379
446	189	4380
190	708	223
708	190	224
190	348	3828
348	190	3829
190	548	4476
548	190	4476
191	399	2114
399	191	2114
191	805	1273
805	191	1274
191	338	4621
338	191	4621
191	565	3206
565	191	3206
191	225	2136
225	191	2136
191	404	3653
404	191	3653
191	306	3449
306	191	3450
192	785	4135
785	192	4136
192	843	4886
843	192	4886
192	414	1174
414	192	1175
192	769	3988
769	192	3989
192	242	4968
242	192	4968
192	422	2279
422	192	2279
193	647	1590
647	193	1591
193	285	2985
285	193	2986
193	315	2218
315	193	2219
193	429	4869
429	193	4869
193	608	3870
608	193	3871
193	582	3939
582	193	3940
193	257	2784
257	193	2784
193	621	4656
621	193	4656
194	700	3749
700	194	3750
194	408	4644
408	194	4645
194	208	4719
208	194	4720
194	363	4772
363	194	4773
195	323	2296
323	195	2296
195	384	2672
384	195	2672
195	512	2881
512	195	2881
195	391	1076
391	195	1076
195	203	4994
203	195	4994
195	601	3628
601	195	3629
195	240	1304
240	195	1305
196	235	4522
235	196	4523
196	365	4174
365	196	4175
196	383	1455
383	196	1456
197	340	1089
340	197	1089
197	252	3863
252	197	3863
197	732	4394
732	197	4395
197	328	4235
328	197	4235
198	393	4349
393	198	4350
198	271	3044
271	198	3044
198	488	3848
488	198	3848
198	295	3282
295	198	3283
198	299	2557
299	198	2557
198	806	2432
806	198	2432
198	534	4027
534	198	4027
199	381	4007
381	199	4008
199	370	2497
370	199	2497
199	359	108
359	199	109
199	345	3507
345	199	3508
199	213	4928
213	199	4929
199	242	3055
242	199	3056
199	351	4901
351	199	4902
199	439	2756
439	199	2757
200	610	3956
610	200	3956
200	445	594
445	200	595
200	232	2839
232	200	2839
200	388	1402
388	200	1402
200	398	3800
398	200	3801
201	324	4982
324	201	4982
201	768	3753
768	201	3754
201	670	3784
670	201	3785
201	430	4873
430	201	4873
201	424	422
424	201	422
201	333	1916
333	201	1917
201	243	1189
243	201	1190
201	446	1304
446	201	1305
202	727	4034
727	202	4034
202	747	4009
747	202	4009
202	337	2915
337	202	2916
202	748	3475
748	202	3476
202	214	3588
214	202	3588
202	447	1347
447	202	1348
203	538	1221
538	203	1222
204	338	355
338	204	356
204	219	3998
219	204	3999
204	244	1015
244	204	1015
204	292	3347
292	204	3347
204	428	4332
428	204	4333
205	689	3646
689	205	3646
205	367	4744
367	205	4744
205	409	2094
409	205	2094
205	632	3721
632	205	3722
205	309	2127
309	205	2127
206	403	2539
403	206	2540
206	219	259
219	206	260
206	574	4733
574	206	4734
206	211	4453
211	206	4453
206	595	859
595	206	860
206	556	4929
556	206	4929
207	341	3723
341	207	3723
208	242	2462
242	208	2463
209	398	1992
398	209	1993
209	292	4124
292	209	4125
209	344	591
344	209	591
209	299	4703
299	209	4703
209	226	2368
226	209	2368
209	552	4032
552	209	4033
210	685	4887
685	210	4887
210	519	4895
519	210	4896
210	617	3787
617	210	3788
210	250	2278
250	210	2279
210	272	1589
272	210	1590
210	560	3733
560	210	3733
210	351	697
351	210	697
210	304	4026
304	210	4027
210	400	270
400	210	271
211	236	4023
236	211	4023
211	806	871
806	211	872
211	797	3209
797	211	3210
211	553	4758
553	211	4759
212	328	4530
328	212	4531
212	311	4960
311	212	4960
212	345	4365
345	212	4365
212	438	3478
438	212	3479
212	752	4688
752	212	4689
212	215	4054
215	212	4054
212	444	1966
444	212	1967
212	374	808
374	212	809
212	247	4537
247	212	4538
212	403	3149
403	212	3149
213	329	3789
329	213	3789
213	507	4783
507	213	4783
214	671	650
671	214	650
214	310	508
310	214	509
214	413	1582
413	214	1582
214	236	1153
236	214	1154
214	282	2281
282	214	2281
214	589	3392
589	214	3393
214	404	2507
404	214	2507
214	578	2398
578	214	2399
214	543	3329
543	214	3330
215	409	618
409	215	619
215	841	4545
841	215	4546
215	332	149
332	215	150
216	237	4148
237	216	4149
216	239	2716
239	216	2716
216	571	4072
571	216	4072
216	446	3839
446	216	3840
216	342	2364
342	216	2365
218	724	4543
724	218	4544
218	269	4696
269	218	4696
218	298	4884
298	218	4884
218	390	3658
390	218	3658
218	318	2664
318	218	2665
219	292	4360
292	219	4361
219	617	4471
617	219	4472
219	594	2557
594	219	2558
219	575	3656
575	219	3657
220	505	1473
505	220	1473
220	575	393
575	220	394
220	451	1975
451	220	1975
221	592	1692
592	221	1693
221	424	4828
424	221	4829
221	748	3926
748	221	3926
221	334	2302
334	221	2302
221	609	3756
609	221	3756
221	412	4268
412	221	4268
222	802	2169
802	222	2170
222	230	4409
230	222	4409
222	515	3259
515	222	3259
222	394	2453
394	222	2453
222	356	1753
356	222	1754
222	410	4343
410	222	4343
222	328	3612
328	222	3612
222	381	4560
381	222	4560
222	436	3279
436	222	3279
222	508	4114
508	222	4115
223	506	4626
506	223	4627
223	227	1107
227	223	1108
223	240	3047
240	223	3047
223	379	2682
379	223	2683
223	230	71
230	223	71
223	289	4016
289	223	4017
223	401	1997
401	223	1997
225	300	2684
300	225	2685
225	288	4285
288	225	4286
225	583	3453
583	225	3453
225	284	4244
284	225	4245
225	389	4446
389	225	4446
225	394	4715
394	225	4715
226	696	4265
696	226	4265
226	341	4861
341	226	4861
226	244	2698
244	226	2699
226	337	3833
337	226	3834
226	360	2462
360	226	2463
226	723	212
723	226	212
227	333	4497
333	227	4497
227	565	821
565	227	822
227	294	2625
294	227	2625
227	380	641
380	227	642
228	400	4263
400	228	4263
228	335	3336
335	228	3336
228	510	212
510	228	213
229	407	1229
407	229	1230
229	788	4287
788	229	4287
229	231	4436
231	229	4436
229	437	4599
437	229	4600
229	278	3922
278	229	3923
229	230	1377
230	229	1377
229	395	2859
395	229	2859
229	293	3787
293	229	3788
230	359	561
359	230	562
230	321	4305
321	230	4305
230	593	2334
593	230	2335
230	848	511
848	230	512
230	480	3342
480	230	3342
230	552	3817
552	230	3818
231	742	1334
742	231	1334
231	630	3943
630	231	3944
231	284	1326
284	231	1327
231	413	1026
413	231	1026
231	771	4665
771	231	4666
231	429	395
429	231	395
231	278	3593
278	231	3593
231	400	4699
400	231	4700
231	238	1504
238	231	1504
232	314	610
314	232	610
232	340	4402
340	232	4403
232	306	492
306	232	493
232	286	4490
286	232	4490
232	338	4636
338	232	4637
232	350	1867
350	232	1867
233	656	4347
656	233	4347
233	445	2509
445	233	2509
233	279	3403
279	233	3404
234	397	4316
397	234	4316
234	256	4567
256	234	4568
234	359	3517
359	234	3517
234	788	2117
788	234	2118
234	296	1601
296	234	1602
234	715	1120
715	234	1120
234	328	724
328	234	725
235	238	4354
238	235	4354
235	573	300
573	235	301
235	384	3619
384	235	3620
235	395	550
395	235	551
235	312	3898
312	235	3898
235	335	4570
335	235	4571
236	333	4087
333	236	4088
236	380	1717
380	236	1718
237	398	959
398	237	959
237	429	1132
429	237	1133
237	427	3785
427	237	3785
237	410	1228
410	237	1228
237	419	3200
419	237	3200
237	259	1936
259	237	1937
238	424	1685
424	238	1686
238	266	4137
266	238	4137
239	770	3725
770	239	3725
239	267	4483
267	239	4484
239	294	198
294	239	199
240	347	2384
347	240	2384
240	313	1586
313	240	1586
241	321	2582
321	241	2582
241	742	4172
742	241	4173
241	285	1738
285	241	1739
241	427	3661
427	241	3661
241	446	4607
446	241	4608
242	658	2740
658	242	2740
242	265	2713
265	242	2713
243	407	4389
407	243	4390
243	294	1363
294	243	1364
244	271	1622
271	244	1623
244	325	4720
325	244	4720
244	361	4918
361	244	4918
244	332	3565
332	244	3565
245	248	609
248	245	609
245	526	2682
526	245	2682
245	664	2438
664	245	2438
245	418	2102
418	245	2102
245	365	4924
365	245	4924
246	378	3814
378	246	3814
246	309	3578
309	246	3579
246	357	1384
357	246	1385
246	260	1489
260	246	1490
246	292	626
292	246	627
247	307	1156
307	247	1157
248	626	1039
626	248	1039
248	467	3911
467	248	3912
248	352	3125
352	248	3126
248	806	3823
806	248	3823
249	445	4558
445	249	4558
249	282	4563
282	249	4564
249	370	3689
370	249	3689
249	424	3907
424	249	3908
249	287	1788
287	249	1789
250	603	4048
603	250	4048
250	703	707
703	250	708
250	289	1984
289	250	1984
250	510	2194
510	250	2194
250	405	4703
405	250	4704
250	389	4959
389	250	4960
250	253	4741
253	250	4741
251	791	3790
791	251	3790
251	330	1272
330	251	1273
252	360	4492
360	252	4493
252	275	3757
275	252	3758
252	352	3445
352	252	3446
253	710	1553
710	253	1554
253	312	2758
312	253	2758
253	340	4059
340	253	4059
253	797	4756
797	253	4756
253	442	4024
442	253	4024
254	270	1551
270	254	1552
254	256	2429
256	254	2430
254	332	1749
332	254	1749
256	438	4981
438	256	4982
256	378	1148
378	256	1148
256	293	4053
293	256	4054
256	321	2431
321	256	2431
256	301	3836
301	256	3836
256	276	4070
276	256	4071
256	323	4243
323	256	4244
258	879	1566
879	258	1567
258	529	3491
529	258	3492
258	284	1729
284	258	1729
260	293	3711
293	260	3712
260	344	1583
344	260	1584
260	430	3099
430	260	3100
261	676	3892
676	261	3893
261	582	4944
582	261	4944
261	378	4832
378	261	4833
261	366	103
366	261	103
261	349	2683
349	261	2683
261	333	4532
333	261	4532
261	475	57
475	261	58
261	502	4719
502	261	4719
262	715	1622
715	262	1623
262	271	1562
271	262	1563
262	405	2444
405	262	2444
262	290	4003
290	262	4004
262	419	2745
419	262	2745
262	446	654
446	262	655
262	635	1740
635	262	1741
262	277	1831
277	262	1831
262	407	4857
407	262	4858
262	286	4472
286	262	4472
263	635	1351
635	263	1352
263	399	3981
399	263	3982
263	601	3999
601	263	4000
263	584	931
584	263	932
263	278	4111
278	263	4112
264	288	1185
288	264	1185
264	285	4765
285	264	4765
264	556	4368
556	264	4369
264	450	2530
450	264	2530
265	589	3436
589	265	3436
265	358	4387
358	265	4388
266	432	682
432	266	682
266	294	4432
294	266	4433
266	267	1248
267	266	1248
266	329	439
329	266	440
266	375	4492
375	266	4493
267	298	3980
298	267	3981
267	554	4550
554	267	4550
267	310	3842
310	267	3842
267	637	4720
637	267	4721
269	571	663
571	269	664
269	414	3683
414	269	3683
269	436	3868
436	269	3869
269	488	3224
488	269	3224
269	371	2153
371	269	2153
269	577	4201
577	269	4201
269	664	2323
664	269	2323
269	380	3023
380	269	3023
270	414	2007
414	270	2007
270	424	1390
424	270	1390
270	506	3736
506	270	3737
270	391	4340
391	270	4341
271	273	662
273	271	663
271	620	2098
620	271	2098
271	412	2219
412	271	2219
271	563	3629
563	271	3629
271	448	80
448	271	81
271	318	3598
318	271	3598
271	278	3968
278	271	3968
272	309	1054
309	272	1055
272	423	1983
423	272	1983
272	301	3826
301	272	3826
273	377	3028
377	273	3028
273	361	3040
361	273	3040
274	396	3936
396	274	3936
274	369	1460
369	274	1461
274	405	2291
405	274	2292
274	380	1369
380	274	1369
274	379	4604
379	274	4604
274	626	490
626	274	490
274	421	4215
421	274	4215
274	740	4572
740	274	4573
275	387	4941
387	275	4942
275	430	3733
430	275	3733
275	396	3752
396	275	3753
276	353	3833
353	276	3834
276	307	4856
307	276	4857
277	392	1479
392	277	1479
277	430	710
430	277	710
277	522	4263
522	277	4263
277	320	4883
320	277	4884
277	335	3071
335	277	3072
277	284	2097
284	277	2098
277	395	2291
395	277	2291
279	431	1342
431	279	1342
279	770	3897
770	279	3898
279	315	1244
315	279	1245
279	306	4756
306	279	4757
279	319	1558
319	279	1559
279	352	2429
352	279	2429
279	538	3726
538	279	3726
280	367	2303
367	280	2304
280	338	4893
338	280	4893
280	430	2439
430	280	2439
281	505	4885
505	281	4885
281	303	4778
303	281	4778
281	629	4073
629	281	4073
281	467	3469
467	281	3470
282	592	1942
592	282	1943
282	285	919
285	282	920
282	304	1406
304	282	1407
282	583	4882
583	282	4882
282	417	1550
417	282	1551
285	343	4794
343	285	4795
286	401	485
401	286	485
286	514	1183
514	286	1183
287	408	3927
408	287	3928
288	423	4127
423	288	4127
288	321	4924
321	288	4925
288	391	4673
391	288	4673
289	392	3693
392	289	3693
289	724	3388
724	289	3389
289	370	4213
370	289	4214
290	592	4524
592	290	4525
290	329	2606
329	290	2607
290	663	4089
663	290	4089
290	334	1710
334	290	1710
294	332	813
332	294	814
295	354	4677
354	295	4678
295	543	4905
543	295	4905
295	375	4389
375	295	4390
295	318	4602
318	295	4603
295	448	3990
448	295	3991
295	298	3711
298	295	3711
295	435	3478
435	295	3478
295	397	4871
397	295	4871
296	395	4648
395	296	4649
296	615	2282
615	296	2282
296	412	2687
412	296	2688
296	582	4511
582	296	4512
296	336	1387
336	296	1387
296	353	154
353	296	154
297	443	3894
443	297	3894
297	329	4702
329	297	4702
297	389	3687
389	297	3688
297	421	3855
421	297	3856
297	394	1219
394	297	1219
297	428	1051
428	297	1051
297	302	1687
302	297	1688
298	434	1418
434	298	1419
298	406	1747
406	298	1748
298	477	4108
477	298	4109
298	718	2870
718	298	2870
299	300	3065
300	299	3066
299	367	3484
367	299	3484
299	338	1058
338	299	1059
301	356	997
356	301	997
301	325	4185
325	301	4185
302	519	4335
519	302	4336
302	380	3818
380	302	3818
302	389	4875
389	302	4875
302	386	4685
386	302	4685
303	369	711
369	303	712
303	347	2042
347	303	2042
303	382	4650
382	303	4650
303	431	619
431	303	619
303	499	1830
499	303	1830
303	346	1580
346	303	1580
303	439	4414
439	303	4415
304	346	3840
346	304	3840
304	325	4948
325	304	4948
304	402	3985
402	304	3986
304	330	1269
330	304	1270
304	392	3561
392	304	3562
304	423	4843
423	304	4843
306	312	4454
312	306	4455
306	624	4566
624	306	4567
309	369	1159
369	309	1160
309	334	4278
334	309	4278
310	346	4437
346	310	4438
310	333	2491
333	310	2491
310	319	4417
319	310	4417
310	314	4835
314	310	4836
310	412	4185
412	310	4185
310	318	4460
318	310	4460
310	398	2492
398	310	2493
312	337	4475
337	312	4475
312	398	4316
398	312	4317
312	373	3791
373	312	3791
312	652	1359
652	312	1359
312	371	1014
371	312	1015
313	718	4064
718	313	4065
314	374	2939
374	314	2939
314	514	345
514	314	346
314	786	3789
786	314	3790
314	506	2294
506	314	2295
315	345	4823
345	315	4823
315	331	1304
331	315	1305
316	393	4825
393	316	4826
316	390	3136
390	316	3136
316	538	3902
538	316	3902
316	624	4296
624	316	4297
317	515	3065
515	317	3066
317	494	4053
494	317	4054
317	366	3549
366	317	3549
317	615	3804
615	317	3804
317	381	3999
381	317	3999
317	379	3241
379	317	3242
317	484	4486
484	317	4486
317	637	718
637	317	719
317	390	415
390	317	416
319	369	1138
369	319	1139
319	424	3176
424	319	3176
319	394	4108
394	319	4109
319	797	2345
797	319	2345
320	374	2680
374	320	2680
320	793	1660
793	320	1661
320	349	609
349	320	610
320	540	662
540	320	662
320	393	1999
393	320	2000
320	339	4069
339	320	4070
324	367	2201
367	324	2202
324	409	804
409	324	804
325	332	1174
332	325	1175
325	543	4307
543	325	4307
326	367	4301
367	326	4301
326	378	3290
378	326	3290
329	431	1346
431	329	1347
329	416	2964
416	329	2964
330	395	2609
395	330	2609
330	621	3608
621	330	3609
330	422	3747
422	330	3748
330	437	413
437	330	414
331	407	2992
407	331	2993
331	794	2596
794	331	2597
331	406	1136
406	331	1137
332	414	4833
414	332	4833
332	523	1483
523	332	1483
332	346	3865
346	332	3865
333	436	3767
436	333	3768
333	344	2314
344	333	2315
333	346	4519
346	333	4520
334	366	3764
366	334	3765
334	484	2740
484	334	2741
334	428	3986
428	334	3987
336	410	1850
410	336	1850
336	444	1339
444	336	1340
336	792	3850
792	336	3851
336	396	2949
396	336	2950
337	448	3402
448	337	3403
339	386	4730
386	339	4730
339	390	1501
390	339	1501
341	402	1577
402	341	1578
341	436	4545
436	341	4545
341	450	2811
450	341	2812
341	770	3755
770	341	3756
342	442	196
442	342	197
342	431	1589
431	342	1590
342	794	3058
794	342	3058
343	346	1331
346	343	1331
343	582	1094
582	343	1094
343	428	3962
428	343	3963
343	354	1750
354	343	1750
344	414	231
414	344	231
345	797	4974
797	345	4974
345	387	4039
387	345	4040
345	353	4878
353	345	4879
345	569	4670
569	345	4671
345	395	3883
395	345	3884
346	424	4842
424	346	4842
346	386	4511
386	346	4511
346	415	4844
415	346	4845
346	663	2258
663	346	2259
347	431	4212
431	347	4213
347	416	3963
416	347	3963
347	384	4465
384	347	4465
347	391	2835
391	347	2836
347	351	2548
351	347	2549
348	377	3115
377	348	3116
348	403	2684
403	348	2685
349	367	4731
367	349	4732
349	395	3705
395	349	3706
349	360	3137
360	349	3137
349	718	2493
718	349	2494
349	368	2934
368	349	2935
349	769	4706
769	349	4707
350	429	3751
429	350	3752
350	445	3001
445	350	3002
350	425	1618
425	350	1619
350	371	2447
371	350	2447
350	448	3381
448	350	3381
351	381	969
381	351	970
351	745	2526
745	351	2526
351	432	4006
432	351	4007
351	405	3891
405	351	3891
352	409	4906
409	352	4906
352	369	4475
369	352	4476
352	658	285
658	352	285
352	410	4633
410	352	4634
353	728	4657
728	353	4658
353	380	391
380	353	392
353	663	2063
663	353	2063
353	584	4677
584	353	4678
353	418	2130
418	353	2130
354	794	4600
794	354	4600
354	623	2638
623	354	2639
354	404	4245
404	354	4246
354	567	1223
567	354	1223
356	540	4522
540	356	4523
357	373	1811
373	357	1812
357	435	2355
435	357	2355
357	381	688
381	357	688
357	416	3054
416	357	3054
357	402	940
402	357	941
357	405	1519
405	357	1520
357	432	2324
432	357	2324
358	484	2292
484	358	2292
358	408	215
408	358	216
358	571	880
571	358	880
358	417	4007
417	358	4008
358	444	4455
444	358	4456
358	439	3184
439	358	3184
360	404	4862
404	360	4862
360	479	4829
479	360	4829
361	417	3949
417	361	3950
361	693	357
693	361	357
361	433	4920
433	361	4920
361	392	2412
392	361	2413
362	411	4351
411	362	4352
362	449	4221
449	362	4221
366	414	1003
414	366	1003
368	424	4311
424	368	4312
369	383	3570
383	369	3571
369	652	3614
652	369	3615
369	421	4615
421	369	4616
369	375	4805
375	369	4806
369	450	1759
450	369	1759
371	416	2094
416	371	2095
371	383	4497
383	371	4498
371	472	382
472	371	382
373	393	408
393	373	408
373	416	3879
416	373	3879
373	450	3282
450	373	3283
374	432	3629
432	374	3630
374	449	3960
449	374	3961
374	412	3246
412	374	3246
374	416	3985
416	374	3986
376	429	4665
429	376	4665
376	442	486
442	376	487
376	435	4924
435	376	4924
376	394	3604
394	376	3604
377	437	4034
437	377	4034
377	386	4464
386	377	4465
381	448	4187
448	381	4188
382	444	2598
444	382	2598
382	449	454
449	382	454
382	402	4934
402	382	4935
382	419	3750
419	382	3750
382	658	4968
658	382	4969
382	624	3830
624	382	3831
382	407	395
407	382	396
383	392	3523
392	383	3524
383	616	3965
616	383	3965
383	393	3855
393	383	3855
383	439	4938
439	383	4939
383	408	1916
408	383	1916
383	412	467
412	383	467
383	386	3408
386	383	3409
383	425	4898
425	383	4898
384	433	196
433	384	196
384	418	232
418	384	233
384	439	4131
439	384	4131
384	404	2114
404	384	2114
386	421	1463
421	386	1464
387	391	4022
391	387	4023
387	485	416
485	387	416
387	745	2083
745	387	2084
387	429	4077
429	387	4078
387	434	4978
434	387	4979
387	616	3242
616	387	3243
389	402	4640
402	389	4641
391	793	4510
793	391	4510
391	409	4672
409	391	4673
391	410	4957
410	391	4958
393	429	4752
429	393	4752
396	556	4254
556	396	4254
396	432	4914
432	396	4915
396	434	1058
434	396	1059
397	419	1486
419	397	1487
397	439	4882
439	397	4883
402	426	4213
426	402	4213
402	523	2010
523	402	2010
402	448	4983
448	402	4983
404	435	3854
435	404	3854
406	449	2946
449	406	2946
406	442	3173
442	406	3174
407	425	2420
425	407	2420
407	439	1470
439	407	1471
407	523	4287
523	407	4288
407	411	2883
411	407	2883
407	791	1023
791	407	1023
414	632	503
632	414	504
414	432	2927
432	414	2928
414	569	3987
569	414	3987
414	792	4690
792	414	4691
415	418	3099
418	415	3100
415	498	3223
498	415	3223
415	420	4590
420	415	4591
418	428	802
428	418	803
418	569	4966
569	418	4966
418	477	4192
477	418	4193
419	444	2178
444	419	2179
419	745	830
745	419	831
419	433	2831
433	419	2831
419	449	2675
449	419	2676
420	426	4941
426	420	4941
420	448	1692
448	420	1692
420	435	3825
435	420	3826
420	449	4514
449	420	4515
425	426	2872
426	425	2873
426	805	3225
805	426	3225
426	450	4307
450	426	4308
426	444	3399
444	426	3400
432	450	4185
450	432	4186
432	728	4769
728	432	4769
432	444	2097
444	432	2097
433	450	4644
450	433	4644
433	728	4903
728	433	4904
