300	4252
1	1
1	1
3	3
2	2
2	2
1	1
1	1
3	3
3	3
3	3
2	2
2	2
3	3
1	1
1	1
2	2
3	3
1	1
2	2
1	1
2	2
3	3
2	2
3	3
3	3
2	2
1	1
2	2
2	2
3	3
3	3
3	3
1	1
1	1
3	3
1	1
2	2
3	3
3	3
2	2
1	1
3	3
3	3
3	3
2	2
1	1
2	2
3	3
1	1
2	2
3	3
2	2
1	1
1	1
2	2
1	1
2	2
3	3
3	3
1	1
3	3
2	2
2	2
1	1
3	3
2	2
1	1
1	1
3	3
1	1
2	2
2	2
1	1
3	3
2	2
2	2
3	3
1	1
3	3
3	3
3	3
1	1
1	1
3	3
3	3
2	2
3	3
3	3
3	3
3	3
1	1
1	1
2	2
2	2
2	2
3	3
2	2
3	3
1	1
2	2
2	2
2	2
1	1
1	1
1	1
2	2
3	3
1	1
2	2
2	2
3	3
3	3
2	2
3	3
2	2
3	3
1	1
1	1
3	3
1	1
1	1
1	1
1	1
2	2
1	1
3	3
3	3
1	1
1	1
1	1
3	3
2	2
1	1
3	3
2	2
2	2
2	2
1	1
2	2
3	3
2	2
3	3
2	2
1	1
3	3
2	2
1	1
2	2
1	1
2	2
2	2
3	3
1	1
1	1
1	1
2	2
1	1
2	2
2	2
3	3
1	1
2	2
2	2
1	1
1	1
3	3
2	2
1	1
3	3
2	2
1	1
3	3
1	1
1	1
1	1
2	2
1	1
1	1
3	3
2	2
2	2
2	2
3	3
3	3
2	2
1	1
3	3
3	3
1	1
3	3
2	2
2	2
2	2
3	3
3	3
2	2
3	3
2	2
2	2
3	3
3	3
3	3
3	3
3	3
3	3
1	1
2	2
2	2
1	1
2	2
2	2
3	3
2	2
3	3
3	3
3	3
3	3
3	3
3	3
1	1
3	3
2	2
2	2
1	1
3	3
2	2
3	3
3	3
1	1
3	3
3	3
3	3
2	2
1	1
2	2
3	3
1	1
2	2
1	1
2	2
3	3
2	2
2	2
3	3
2	2
1	1
3	3
1	1
2	2
2	2
1	1
1	1
3	3
3	3
1	1
2	2
3	3
3	3
1	1
3	3
3	3
3	3
1	1
1	1
3	3
2	2
1	1
1	1
1	1
2	2
3	3
3	3
2	2
1	1
3	3
1	1
3	3
3	3
2	2
1	1
1	1
1	1
1	1
3	3
1	1
3	3
1	1
2	2
2	2
1	1
3	3
1	1
3	3
1	1
1	1
1	1
1	1
2	2
3	3
3	3
1	152	1785
152	1	1786
1	98	2489
98	1	2490
1	299	3763
299	1	3763
1	30	891
30	1	891
1	56	3784
56	1	3785
1	84	4976
84	1	4976
1	207	4745
207	1	4746
1	136	2779
136	1	2779
1	256	4577
256	1	4578
1	217	1923
217	1	1923
1	138	1010
138	1	1011
1	227	4759
227	1	4759
1	60	3792
60	1	3793
1	261	2800
261	1	2800
1	48	1150
48	1	1151
1	189	1565
189	1	1565
1	292	3000
292	1	3001
1	154	2553
154	1	2554
1	95	4371
95	1	4371
1	106	4356
106	1	4356
2	217	1596
217	2	1596
2	100	2086
100	2	2086
2	251	4769
251	2	4769
2	101	1537
101	2	1537
2	127	3471
127	2	3471
2	22	2283
22	2	2283
2	269	4470
269	2	4470
2	136	2607
136	2	2607
2	152	4857
152	2	4857
2	204	2835
204	2	2836
2	130	4671
130	2	4671
2	155	4042
155	2	4043
2	59	4806
59	2	4807
2	280	3434
280	2	3434
2	85	1096
85	2	1096
2	29	4371
29	2	4371
2	173	4273
173	2	4273
2	19	1612
19	2	1612
2	264	4741
264	2	4741
2	10	3509
10	2	3510
3	275	4830
275	3	4831
3	206	4481
206	3	4482
3	84	4599
84	3	4599
3	111	3125
111	3	3125
3	157	3218
157	3	3218
3	160	2470
160	3	2471
3	101	4632
101	3	4632
3	260	3537
260	3	3538
3	18	2648
18	3	2649
3	151	4520
151	3	4520
3	106	3244
106	3	3244
3	141	3425
141	3	3426
3	119	3291
119	3	3291
3	138	1876
138	3	1876
3	182	4775
182	3	4776
3	145	4194
145	3	4194
3	253	3419
253	3	3419
3	199	3172
199	3	3172
3	130	2694
130	3	2695
3	241	4017
241	3	4017
4	196	4207
196	4	4207
4	282	4781
282	4	4782
4	119	4174
119	4	4175
4	103	4427
103	4	4427
4	210	317
210	4	317
4	122	3830
122	4	3830
4	80	4758
80	4	4758
4	259	4634
259	4	4634
4	292	2397
292	4	2397
4	152	3099
152	4	3099
4	200	4920
200	4	4920
4	130	4828
130	4	4829
4	214	4915
214	4	4915
4	158	1618
158	4	1619
4	143	3762
143	4	3763
4	136	3848
136	4	3849
4	26	4718
26	4	4719
4	97	2389
97	4	2389
4	180	4674
180	4	4675
4	195	1862
195	4	1862
5	172	3228
172	5	3228
5	164	2500
164	5	2501
5	173	1554
173	5	1554
5	31	3426
31	5	3427
5	216	4506
216	5	4506
5	12	4912
12	5	4913
5	105	4785
105	5	4786
5	139	3758
139	5	3759
5	81	3515
81	5	3515
5	8	1446
8	5	1447
5	151	171
151	5	172
5	293	3199
293	5	3199
5	289	469
289	5	469
5	129	3185
129	5	3186
5	183	3247
183	5	3247
5	211	4663
211	5	4663
5	174	332
174	5	332
5	218	724
218	5	724
5	116	3031
116	5	3032
5	157	4841
157	5	4841
6	268	4611
268	6	4612
6	126	810
126	6	810
6	192	2886
192	6	2886
6	289	3657
289	6	3658
6	240	353
240	6	354
6	70	4301
70	6	4302
6	250	2001
250	6	2002
6	144	3014
144	6	3015
6	278	4272
278	6	4272
6	300	1573
300	6	1573
6	58	3418
58	6	3419
6	23	4736
23	6	4737
6	248	4172
248	6	4173
6	153	4897
153	6	4898
6	195	4697
195	6	4698
6	152	4493
152	6	4494
6	39	3091
39	6	3092
6	148	3803
148	6	3804
6	108	1863
108	6	1864
6	48	3968
48	6	3968
7	95	4527
95	7	4527
7	204	2752
204	7	2752
7	10	1903
10	7	1904
7	111	3871
111	7	3871
7	225	3575
225	7	3576
7	170	1402
170	7	1402
7	139	2650
139	7	2650
7	133	4726
133	7	4726
7	132	644
132	7	645
7	285	3369
285	7	3369
7	131	563
131	7	563
7	273	3628
273	7	3629
7	148	784
148	7	784
7	70	3941
70	7	3942
7	222	4535
222	7	4535
7	81	3011
81	7	3012
7	96	3914
96	7	3914
7	157	2518
157	7	2518
7	52	181
52	7	181
7	199	2854
199	7	2854
8	297	90
297	8	90
8	287	4434
287	8	4434
8	279	60
279	8	60
8	151	4328
151	8	4328
8	54	2054
54	8	2054
8	248	3897
248	8	3898
8	20	4051
20	8	4052
8	58	1688
58	8	1688
8	300	4007
300	8	4008
8	209	209
209	8	210
8	135	2539
135	8	2540
8	59	3730
59	8	3731
8	244	4111
244	8	4112
8	156	4849
156	8	4850
8	13	3882
13	8	3882
8	121	4047
121	8	4047
8	174	4147
174	8	4147
8	271	115
271	8	115
8	86	2408
86	8	2408
9	105	4726
105	9	4727
9	60	2211
60	9	2212
9	295	4965
295	9	4966
9	112	1991
112	9	1991
9	173	3874
173	9	3875
9	248	3411
248	9	3411
9	179	4849
179	9	4849
9	208	3921
208	9	3921
9	49	3624
49	9	3625
9	186	4111
186	9	4111
9	230	1188
230	9	1189
9	111	228
111	9	229
9	168	978
168	9	979
9	294	4700
294	9	4700
9	193	2308
193	9	2309
9	143	1077
143	9	1077
9	185	4813
185	9	4813
9	149	1151
149	9	1152
9	135	2812
135	9	2813
9	11	4247
11	9	4247
10	275	3774
275	10	3775
10	61	3824
61	10	3824
10	244	1318
244	10	1319
10	166	3996
166	10	3996
10	281	1314
281	10	1315
10	116	2763
116	10	2763
10	291	3063
291	10	3063
10	266	4297
266	10	4298
10	288	4677
288	10	4677
10	161	2442
161	10	2443
10	37	4157
37	10	4158
10	186	2002
186	10	2002
10	47	4355
47	10	4356
10	35	3506
35	10	3507
10	228	2092
228	10	2093
10	243	3096
243	10	3097
10	63	313
63	10	313
10	206	4237
206	10	4238
11	285	3824
285	11	3825
11	80	3573
80	11	3573
11	251	266
251	11	266
11	180	4033
180	11	4034
11	274	98
274	11	99
11	105	4131
105	11	4131
11	63	295
63	11	296
11	295	3279
295	11	3279
11	140	4769
140	11	4769
11	232	1909
232	11	1909
11	47	1901
47	11	1902
11	64	4209
64	11	4209
11	50	2311
50	11	2312
11	30	378
30	11	378
11	68	3070
68	11	3070
11	142	2336
142	11	2337
11	298	3950
298	11	3951
11	240	4213
240	11	4214
11	42	3535
42	11	3535
12	78	4825
78	12	4825
12	105	4701
105	12	4702
12	212	4996
212	12	4997
12	291	2267
291	12	2267
12	159	3899
159	12	3900
12	151	3411
151	12	3411
12	251	4118
251	12	4118
12	157	4657
157	12	4658
12	131	3950
131	12	3951
12	173	2708
173	12	2709
12	57	4092
57	12	4093
12	237	262
237	12	262
12	18	4960
18	12	4960
12	276	4350
276	12	4350
12	232	749
232	12	750
12	164	3609
164	12	3610
12	258	92
258	12	93
12	268	4965
268	12	4966
12	77	4764
77	12	4765
13	71	933
71	13	933
13	214	4263
214	13	4263
13	91	4014
91	13	4015
13	194	1825
194	13	1826
13	277	4753
277	13	4754
13	152	4058
152	13	4058
13	245	1712
245	13	1713
13	203	1411
203	13	1411
13	235	3617
235	13	3618
13	227	4488
227	13	4489
13	23	2112
23	13	2112
13	92	2516
92	13	2516
13	168	1906
168	13	1906
13	48	2026
48	13	2027
13	252	114
252	13	114
13	297	883
297	13	884
13	172	4710
172	13	4710
13	76	4577
76	13	4578
13	216	4579
216	13	4579
14	33	2603
33	14	2604
14	213	1602
213	14	1603
14	136	1554
136	14	1554
14	150	4719
150	14	4719
14	49	4172
49	14	4173
14	122	3434
122	14	3435
14	262	2147
262	14	2148
14	70	4145
70	14	4146
14	144	1832
144	14	1833
14	289	2505
289	14	2506
14	245	2243
245	14	2244
14	52	4128
52	14	4128
14	111	4042
111	14	4043
14	155	2528
155	14	2529
14	187	3281
187	14	3282
14	160	2179
160	14	2180
14	172	2970
172	14	2970
14	63	4114
63	14	4115
14	60	4712
60	14	4713
14	218	4789
218	14	4790
15	244	1991
244	15	1992
15	58	1644
58	15	1644
15	256	4314
256	15	4315
15	20	192
20	15	193
15	235	3904
235	15	3905
15	27	385
27	15	386
15	100	4289
100	15	4289
15	209	4621
209	15	4622
15	40	1379
40	15	1379
15	135	3816
135	15	3816
15	221	4388
221	15	4388
15	82	2401
82	15	2401
15	121	1532
121	15	1532
15	172	3466
172	15	3466
15	210	1416
210	15	1416
15	217	1185
217	15	1185
15	89	4475
89	15	4475
15	119	3987
119	15	3987
15	25	4499
25	15	4500
15	160	143
160	15	144
16	20	2705
20	16	2706
16	214	2535
214	16	2535
16	246	3870
246	16	3871
16	76	816
76	16	816
16	93	4333
93	16	4333
16	84	3810
84	16	3810
16	152	2312
152	16	2312
16	221	976
221	16	976
16	100	4306
100	16	4307
16	121	2943
121	16	2944
16	242	3095
242	16	3096
16	179	2945
179	16	2945
16	107	4102
107	16	4102
16	223	4416
223	16	4416
16	105	952
105	16	953
16	79	504
79	16	505
16	264	2692
264	16	2692
16	240	4865
240	16	4866
16	207	3773
207	16	3773
16	228	1957
228	16	1957
17	83	4503
83	17	4504
17	152	1163
152	17	1163
17	112	1012
112	17	1013
17	213	4058
213	17	4058
17	146	2137
146	17	2138
17	43	3324
43	17	3325
17	149	413
149	17	413
17	33	4759
33	17	4760
17	262	4856
262	17	4856
17	49	1525
49	17	1526
17	63	3085
63	17	3085
17	109	1495
109	17	1495
17	154	1936
154	17	1936
17	164	2687
164	17	2687
17	137	529
137	17	530
17	26	4927
26	17	4927
17	123	4995
123	17	4995
17	194	4665
194	17	4665
17	286	2926
286	17	2926
17	110	3854
110	17	3855
18	47	4905
47	18	4905
18	32	4981
32	18	4981
18	214	3749
214	18	3749
18	46	3259
46	18	3260
18	192	3424
192	18	3425
18	81	3613
81	18	3613
18	197	2930
197	18	2931
18	209	4357
209	18	4358
18	285	4377
285	18	4378
18	299	1772
299	18	1773
18	157	3271
157	18	3272
18	76	3053
76	18	3054
18	207	194
207	18	194
18	37	774
37	18	775
18	163	2661
163	18	2661
18	77	1994
77	18	1995
18	43	2063
43	18	2063
18	201	1340
201	18	1340
19	43	1174
43	19	1175
19	100	3276
100	19	3276
19	246	4916
246	19	4916
19	227	4720
227	19	4720
19	86	2990
86	19	2991
19	117	4707
117	19	4707
19	247	4917
247	19	4917
19	223	3286
223	19	3286
19	119	4695
119	19	4696
19	255	576
255	19	577
19	174	2926
174	19	2926
19	202	2116
202	19	2116
19	296	3238
296	19	3239
19	268	3182
268	19	3182
19	150	2471
150	19	2472
19	238	2570
238	19	2571
19	126	4201
126	19	4201
19	218	3999
218	19	4000
19	291	1276
291	19	1276
20	141	4356
141	20	4357
20	51	2811
51	20	2812
20	71	1588
71	20	1589
20	161	1686
161	20	1686
20	53	2612
53	20	2613
20	36	3990
36	20	3990
20	104	4770
104	20	4770
20	187	2048
187	20	2048
20	90	3618
90	20	3619
20	78	1086
78	20	1087
20	37	1950
37	20	1950
20	26	1485
26	20	1486
20	230	1269
230	20	1269
20	56	3816
56	20	3817
20	196	3941
196	20	3941
20	122	4760
122	20	4760
20	242	4200
242	20	4201
21	52	2234
52	21	2235
21	102	2865
102	21	2866
21	67	4894
67	21	4894
21	269	4949
269	21	4949
21	142	2392
142	21	2393
21	161	4898
161	21	4898
21	217	4405
217	21	4406
21	140	4940
140	21	4941
21	33	4623
33	21	4623
21	232	4444
232	21	4444
21	95	3762
95	21	3762
21	107	3267
107	21	3267
21	197	3038
197	21	3038
21	53	4661
53	21	4662
21	134	4549
134	21	4550
21	288	2042
288	21	2043
21	250	457
250	21	458
21	130	3921
130	21	3922
21	63	1421
63	21	1422
21	253	3835
253	21	3835
22	57	217
57	22	218
22	148	291
148	22	292
22	183	4905
183	22	4906
22	61	2916
61	22	2916
22	48	1232
48	22	1232
22	64	4401
64	22	4402
22	278	4732
278	22	4733
22	73	3808
73	22	3808
22	285	4886
285	22	4887
22	30	4117
30	22	4117
22	263	3353
263	22	3354
22	298	3914
298	22	3915
22	136	2639
136	22	2640
22	257	1081
257	22	1081
22	276	1285
276	22	1285
22	69	175
69	22	175
22	32	3789
32	22	3789
22	58	1745
58	22	1746
22	195	3762
195	22	3763
23	239	4323
239	23	4323
23	273	2482
273	23	2483
23	86	2935
86	23	2935
23	274	1728
274	23	1728
23	96	3836
96	23	3836
23	52	4321
52	23	4321
23	78	2472
78	23	2472
23	258	4214
258	23	4215
23	283	2661
283	23	2662
23	262	1410
262	23	1410
23	90	3188
90	23	3188
23	284	4992
284	23	4993
23	125	1556
125	23	1556
23	249	1053
249	23	1054
23	227	4652
227	23	4653
23	27	4602
27	23	4602
23	40	1822
40	23	1823
23	89	3517
89	23	3517
24	175	1252
175	24	1252
24	223	4074
223	24	4074
24	222	4028
222	24	4028
24	200	4124
200	24	4125
24	286	3702
286	24	3702
24	160	3831
160	24	3832
24	299	4888
299	24	4888
24	190	1034
190	24	1035
24	89	3411
89	24	3411
24	180	3443
180	24	3444
24	49	3834
49	24	3834
24	124	4962
124	24	4962
24	157	1178
157	24	1178
24	30	3633
30	24	3633
24	128	3657
128	24	3658
24	208	820
208	24	820
24	232	3629
232	24	3630
24	170	1384
170	24	1385
24	126	1851
126	24	1851
24	169	3837
169	24	3838
25	142	4256
142	25	4257
25	194	2240
194	25	2241
25	98	582
98	25	582
25	232	3293
232	25	3293
25	212	4199
212	25	4200
25	249	3685
249	25	3686
25	133	4510
133	25	4511
25	126	4956
126	25	4957
25	204	4301
204	25	4302
25	207	283
207	25	284
25	173	1449
173	25	1450
25	61	3823
61	25	3823
25	289	4959
289	25	4959
25	187	4718
187	25	4718
25	270	3611
270	25	3611
25	266	4021
266	25	4022
25	85	473
85	25	474
25	245	3492
245	25	3492
25	192	4102
192	25	4102
26	212	945
212	26	946
26	27	3114
27	26	3115
26	160	424
160	26	425
26	188	3548
188	26	3549
26	117	3298
117	26	3298
26	237	914
237	26	915
26	299	3998
299	26	3999
26	30	1620
30	26	1620
26	80	4643
80	26	4643
26	138	2100
138	26	2101
26	219	2439
219	26	2440
26	135	3414
135	26	3414
26	192	4111
192	26	4111
26	53	1979
53	26	1980
26	116	2006
116	26	2006
26	106	3321
106	26	3322
26	44	3989
44	26	3990
27	243	2463
243	27	2464
27	56	4594
56	27	4595
27	162	2462
162	27	2462
27	292	3090
292	27	3090
27	128	4994
128	27	4994
27	240	4341
240	27	4341
27	176	4706
176	27	4706
27	191	3394
191	27	3395
27	281	3314
281	27	3314
27	228	3577
228	27	3577
27	278	4296
278	27	4297
27	193	4175
193	27	4175
27	104	4597
104	27	4597
27	196	4694
196	27	4695
27	262	2199
262	27	2199
27	76	1194
76	27	1195
27	184	4108
184	27	4108
28	297	4545
297	28	4546
28	190	4421
190	28	4422
28	216	3096
216	28	3097
28	213	4104
213	28	4105
28	210	4746
210	28	4746
28	35	1100
35	28	1101
28	300	336
300	28	336
28	237	948
237	28	949
28	174	2397
174	28	2398
28	149	4453
149	28	4454
28	189	4245
189	28	4245
28	219	2853
219	28	2853
28	70	2962
70	28	2963
28	258	3953
258	28	3954
28	215	4813
215	28	4813
28	61	4461
61	28	4462
28	220	3786
220	28	3787
28	234	4965
234	28	4966
28	188	4018
188	28	4018
28	200	4408
200	28	4408
29	188	2166
188	29	2166
29	226	3687
226	29	3687
29	281	135
281	29	135
29	192	4108
192	29	4108
29	174	253
174	29	253
29	151	4309
151	29	4310
29	108	2647
108	29	2647
29	223	2171
223	29	2171
29	116	4098
116	29	4099
29	186	3562
186	29	3563
29	137	1959
137	29	1960
29	63	4598
63	29	4599
29	52	4132
52	29	4133
29	232	1911
232	29	1912
29	173	3153
173	29	3154
29	185	3741
185	29	3741
29	121	4884
121	29	4885
29	85	3929
85	29	3929
29	79	2342
79	29	2343
30	267	2630
267	30	2631
30	65	4999
65	30	5000
30	118	1319
118	30	1320
30	194	4940
194	30	4940
30	141	3848
141	30	3849
30	142	4615
142	30	4615
30	85	3928
85	30	3929
30	77	498
77	30	498
30	285	3630
285	30	3630
30	144	4905
144	30	4905
30	145	949
145	30	950
30	63	4359
63	30	4360
30	198	253
198	30	253
30	172	4549
172	30	4549
30	166	3695
166	30	3695
31	143	1681
143	31	1681
31	36	3237
36	31	3238
31	225	4218
225	31	4218
31	227	3168
227	31	3169
31	201	1138
201	31	1139
31	57	4673
57	31	4674
31	282	3192
282	31	3192
31	231	4746
231	31	4746
31	244	4977
244	31	4977
31	249	4212
249	31	4213
31	192	4284
192	31	4284
31	203	209
203	31	209
31	137	1063
137	31	1064
31	96	1675
96	31	1675
32	176	3570
176	32	3571
32	272	2201
272	32	2202
32	113	1145
113	32	1145
32	104	3770
104	32	3771
32	103	4538
103	32	4538
32	247	3580
247	32	3580
32	175	4195
175	32	4195
32	162	3550
162	32	3551
32	74	1623
74	32	1624
32	130	3472
130	32	3472
32	148	2574
148	32	2574
32	277	3887
277	32	3888
32	94	4811
94	32	4812
32	117	4082
117	32	4083
32	182	1077
182	32	1078
32	179	3991
179	32	3992
32	190	72
190	32	73
33	109	2362
109	33	2363
33	52	1688
52	33	1688
33	238	4301
238	33	4302
33	137	1090
137	33	1090
33	50	1460
50	33	1461
33	243	3612
243	33	3612
33	134	4701
134	33	4701
33	79	2168
79	33	2168
33	233	1589
233	33	1590
33	105	1585
105	33	1585
33	155	2640
155	33	2640
33	153	746
153	33	747
33	61	4612
61	33	4613
33	63	2741
63	33	2742
33	247	1041
247	33	1041
33	136	3991
136	33	3991
34	49	4090
49	34	4090
34	167	56
167	34	57
34	262	528
262	34	529
34	280	1275
280	34	1276
34	42	4248
42	34	4249
34	116	2207
116	34	2207
34	204	4809
204	34	4809
34	236	4595
236	34	4595
34	150	1031
150	34	1031
34	189	2340
189	34	2340
34	86	1013
86	34	1014
34	141	1418
141	34	1418
34	187	425
187	34	426
34	39	1410
39	34	1410
34	240	151
240	34	152
34	222	4101
222	34	4102
34	196	3505
196	34	3506
34	81	4925
81	34	4925
35	174	4606
174	35	4607
35	69	4979
69	35	4980
35	89	2773
89	35	2774
35	170	4692
170	35	4692
35	192	4297
192	35	4298
35	221	3248
221	35	3248
35	166	2512
166	35	2513
35	246	4257
246	35	4258
35	159	128
159	35	128
35	124	1916
124	35	1917
35	42	2849
42	35	2849
35	123	2170
123	35	2170
35	99	3063
99	35	3063
35	142	4108
142	35	4108
35	88	4241
88	35	4242
35	207	2501
207	35	2501
35	161	101
161	35	102
36	169	1683
169	36	1683
36	81	1022
81	36	1023
36	120	4928
120	36	4929
36	241	2941
241	36	2942
36	233	3693
233	36	3693
36	300	4881
300	36	4882
36	94	892
94	36	893
36	282	2542
282	36	2542
36	91	1495
91	36	1496
36	165	1535
165	36	1536
36	110	3896
110	36	3896
36	179	1007
179	36	1008
36	57	2390
57	36	2390
36	58	4597
58	36	4597
37	115	750
115	37	750
37	66	2402
66	37	2403
37	160	4048
160	37	4049
37	277	4287
277	37	4287
37	194	4002
194	37	4002
37	94	4983
94	37	4983
37	101	3610
101	37	3610
37	42	152
42	37	153
37	176	3512
176	37	3513
37	263	4929
263	37	4929
37	163	1067
163	37	1068
37	170	3492
170	37	3492
37	139	1882
139	37	1882
37	202	396
202	37	396
37	90	4856
90	37	4857
38	178	2852
178	38	2852
38	201	1543
201	38	1543
38	267	3918
267	38	3919
38	55	4574
55	38	4574
38	113	2372
113	38	2372
38	104	1689
104	38	1689
38	126	1931
126	38	1932
38	86	4858
86	38	4858
38	237	4664
237	38	4664
38	213	3749
213	38	3749
38	202	3914
202	38	3915
38	192	3153
192	38	3154
38	59	4077
59	38	4077
38	95	2209
95	38	2209
38	149	4147
149	38	4148
38	108	3964
108	38	3964
38	114	3519
114	38	3520
39	225	1689
225	39	1689
39	272	4259
272	39	4259
39	230	3031
230	39	3031
39	235	583
235	39	583
39	86	4535
86	39	4536
39	207	2187
207	39	2188
39	66	3737
66	39	3738
39	77	4677
77	39	4677
39	93	3599
93	39	3599
39	45	3816
45	39	3817
39	270	964
270	39	964
39	103	4739
103	39	4740
39	49	3791
49	39	3792
39	75	2252
75	39	2252
40	77	4274
77	40	4275
40	67	3762
67	40	3762
40	264	550
264	40	550
40	102	4110
102	40	4110
40	134	4846
134	40	4847
40	51	4550
51	40	4551
40	258	1220
258	40	1220
40	170	719
170	40	720
40	103	4454
103	40	4455
40	98	4572
98	40	4572
40	187	3040
187	40	3040
40	107	1833
107	40	1833
40	93	3553
93	40	3554
40	199	2963
199	40	2963
40	200	4583
200	40	4584
40	139	3709
139	40	3709
40	46	603
46	40	604
41	281	4989
281	41	4990
41	42	3861
42	41	3861
41	43	3083
43	41	3084
41	67	1737
67	41	1737
41	97	4584
97	41	4585
41	86	2226
86	41	2227
41	224	893
224	41	893
41	45	1154
45	41	1155
41	102	3039
102	41	3040
41	199	4125
199	41	4126
41	93	1413
93	41	1414
41	78	4375
78	41	4375
41	152	702
152	41	702
41	80	1216
80	41	1217
41	91	2487
91	41	2488
41	110	4310
110	41	4311
41	116	4747
116	41	4748
42	119	4728
119	42	4729
42	68	494
68	42	495
42	189	4389
189	42	4390
42	60	2688
60	42	2688
42	186	3197
186	42	3198
42	223	906
223	42	907
42	168	2503
168	42	2504
42	291	4975
291	42	4976
42	140	1714
140	42	1714
42	114	2257
114	42	2258
43	267	4415
267	43	4416
43	101	403
101	43	404
43	263	2866
263	43	2866
43	107	310
107	43	310
43	179	4506
179	43	4507
43	241	4639
241	43	4639
43	133	3809
133	43	3810
43	235	4209
235	43	4210
43	114	3773
114	43	3773
43	98	1720
98	43	1721
43	237	1965
237	43	1966
43	300	4717
300	43	4717
43	202	4465
202	43	4465
43	80	4476
80	43	4476
43	90	1582
90	43	1582
44	228	3032
228	44	3032
44	53	72
53	44	73
44	226	4800
226	44	4800
44	133	3896
133	44	3897
44	230	4544
230	44	4545
44	222	3318
222	44	3319
44	96	4162
96	44	4163
44	145	4056
145	44	4057
44	196	2809
196	44	2809
44	65	366
65	44	366
44	161	3502
161	44	3502
44	149	2864
149	44	2865
44	295	2201
295	44	2201
44	91	1338
91	44	1339
44	48	3957
48	44	3958
44	233	4719
233	44	4720
44	232	4345
232	44	4345
45	277	1287
277	45	1288
45	207	2768
207	45	2769
45	294	4563
294	45	4564
45	233	3994
233	45	3994
45	119	927
119	45	928
45	226	1000
226	45	1001
45	182	909
182	45	909
45	225	4925
225	45	4925
45	199	2584
199	45	2585
45	177	4165
177	45	4165
45	256	4129
256	45	4129
45	93	2310
93	45	2310
45	91	3900
91	45	3900
45	59	3030
59	45	3031
45	130	4244
130	45	4245
45	253	2303
253	45	2303
45	51	2361
51	45	2362
46	172	4579
172	46	4580
46	100	4077
100	46	4077
46	173	2352
173	46	2352
46	88	85
88	46	86
46	165	4796
165	46	4796
46	220	2495
220	46	2495
46	121	3833
121	46	3834
46	195	3348
195	46	3348
46	257	4714
257	46	4714
46	116	3413
116	46	3414
46	130	1807
130	46	1808
46	253	2697
253	46	2698
46	222	2231
222	46	2231
46	137	1444
137	46	1445
46	54	3326
54	46	3327
46	234	1182
234	46	1182
47	220	4772
220	47	4773
47	109	903
109	47	903
47	96	2329
96	47	2330
47	126	3869
126	47	3869
47	202	2745
202	47	2745
47	145	2375
145	47	2375
47	253	3353
253	47	3354
47	275	3755
275	47	3755
47	287	2508
287	47	2509
47	280	4958
280	47	4958
47	250	3082
250	47	3082
47	110	4019
110	47	4020
47	98	1859
98	47	1860
48	168	4619
168	48	4619
48	113	4644
113	48	4644
48	204	4851
204	48	4852
48	283	4884
283	48	4885
48	260	4242
260	48	4242
48	193	3901
193	48	3901
48	200	4630
200	48	4630
48	64	2425
64	48	2426
48	140	4113
140	48	4114
48	239	3597
239	48	3598
49	283	4139
283	49	4139
49	87	948
87	49	948
49	72	4291
72	49	4291
49	258	116
258	49	116
49	219	2670
219	49	2670
49	205	3584
205	49	3584
49	144	3279
144	49	3279
49	259	3608
259	49	3609
49	201	2929
201	49	2929
50	92	4478
92	50	4478
50	123	1339
123	50	1339
50	235	1406
235	50	1407
50	244	2900
244	50	2900
50	87	1527
87	50	1527
50	125	386
125	50	386
50	190	4458
190	50	4458
50	211	3166
211	50	3167
50	278	3158
278	50	3158
50	124	4225
124	50	4226
50	258	4670
258	50	4670
50	201	4743
201	50	4743
50	83	3212
83	50	3212
50	145	4007
145	50	4007
50	217	2903
217	50	2904
50	166	354
166	50	354
50	82	2735
82	50	2736
51	126	1718
126	51	1718
51	274	4853
274	51	4854
51	152	1968
152	51	1969
51	178	969
178	51	970
51	252	4103
252	51	4103
51	77	3695
77	51	3696
51	173	2625
173	51	2625
51	263	3809
263	51	3809
51	156	2825
156	51	2826
51	153	4738
153	51	4739
51	196	4839
196	51	4839
51	86	3943
86	51	3943
51	75	4855
75	51	4855
51	203	4958
203	51	4959
51	278	87
278	51	87
52	255	3749
255	52	3749
52	136	4960
136	52	4960
52	260	4377
260	52	4377
52	211	4115
211	52	4116
52	91	1789
91	52	1790
52	229	4446
229	52	4447
52	212	3500
212	52	3501
52	261	1509
261	52	1510
52	115	2241
115	52	2242
52	122	1290
122	52	1290
52	66	4993
66	52	4994
52	251	3458
251	52	3459
53	244	4973
244	53	4974
53	187	4385
187	53	4386
53	230	4754
230	53	4754
53	206	4937
206	53	4937
53	114	1481
114	53	1482
53	56	3980
56	53	3981
53	204	3588
204	53	3588
53	171	4321
171	53	4321
53	110	4885
110	53	4886
53	268	4493
268	53	4493
53	222	4646
222	53	4647
53	169	3963
169	53	3964
53	109	4544
109	53	4544
54	210	3886
210	54	3887
54	250	252
250	54	252
54	269	1379
269	54	1379
54	133	4120
133	54	4120
54	174	4244
174	54	4245
54	169	1934
169	54	1934
54	89	4453
89	54	4454
54	268	1251
268	54	1251
54	196	1868
196	54	1869
54	229	2303
229	54	2304
54	162	1079
162	54	1080
54	82	2490
82	54	2490
54	163	1676
163	54	1677
54	295	3335
295	54	3335
54	281	4400
281	54	4400
54	242	4785
242	54	4785
54	110	2083
110	54	2083
55	264	509
264	55	510
55	132	4388
132	55	4389
55	237	1725
237	55	1726
55	269	3782
269	55	3783
55	175	266
175	55	266
55	124	4397
124	55	4398
55	136	4608
136	55	4609
55	131	4303
131	55	4303
55	207	118
207	55	119
55	58	4521
58	55	4521
55	128	2353
128	55	2354
55	193	4428
193	55	4428
55	60	3878
60	55	3879
55	71	4529
71	55	4530
55	117	3418
117	55	3419
55	254	4493
254	55	4494
55	134	1887
134	55	1887
56	214	120
214	56	120
56	203	1587
203	56	1587
56	269	4812
269	56	4813
56	134	2446
134	56	2447
56	139	3467
139	56	3468
56	215	2904
215	56	2905
56	159	245
159	56	245
56	194	4545
194	56	4546
56	101	1795
101	56	1796
56	103	251
103	56	252
56	158	4292
158	56	4293
56	224	3909
224	56	3910
56	138	2336
138	56	2336
56	181	3470
181	56	3471
57	98	878
98	57	879
57	250	92
250	57	92
57	200	2756
200	57	2756
57	142	4150
142	57	4150
57	82	4256
82	57	4256
57	277	4052
277	57	4052
57	254	1041
254	57	1041
57	101	647
101	57	647
57	75	4183
75	57	4183
57	116	1453
116	57	1454
57	227	971
227	57	971
57	215	4922
215	57	4922
57	217	2806
217	57	2807
57	225	3358
225	57	3359
57	218	3800
218	57	3800
58	204	2105
204	58	2106
58	265	4355
265	58	4355
58	79	4826
79	58	4826
58	255	931
255	58	932
58	157	3593
157	58	3593
58	86	4482
86	58	4482
58	156	2424
156	58	2425
58	89	445
89	58	446
58	154	4293
154	58	4293
59	270	3946
270	59	3946
59	83	2472
83	59	2472
59	209	4291
209	59	4291
59	114	1097
114	59	1098
59	61	3650
61	59	3650
59	210	4925
210	59	4926
59	216	2180
216	59	2181
59	95	4297
95	59	4298
59	265	3928
265	59	3929
59	254	4565
254	59	4565
59	162	2971
162	59	2972
60	280	4312
280	60	4312
60	209	4945
209	60	4945
60	143	3869
143	60	3869
60	70	1905
70	60	1906
60	276	4933
276	60	4933
60	259	1591
259	60	1591
60	284	3980
284	60	3980
60	164	4442
164	60	4443
60	119	4773
119	60	4773
60	101	4754
101	60	4755
60	218	2183
218	60	2183
60	67	3903
67	60	3904
60	100	3786
100	60	3787
60	248	4054
248	60	4054
61	118	3826
118	61	3827
61	148	927
148	61	927
61	190	4221
190	61	4221
61	92	4926
92	61	4926
61	100	3797
100	61	3798
61	69	1622
69	61	1623
61	213	4430
213	61	4430
61	78	4090
78	61	4091
61	113	1937
113	61	1937
61	104	4699
104	61	4699
61	163	4859
163	61	4860
61	157	4263
157	61	4264
61	227	4202
227	61	4203
62	90	4939
90	62	4940
62	234	4343
234	62	4344
62	295	3986
295	62	3987
62	210	2359
210	62	2360
62	194	4711
194	62	4712
62	102	1861
102	62	1862
62	178	2049
178	62	2049
62	109	1602
109	62	1602
62	264	4368
264	62	4368
62	226	4097
226	62	4097
62	131	476
131	62	476
62	240	3552
240	62	3552
62	169	4283
169	62	4283
62	165	4463
165	62	4464
62	64	3349
64	62	3350
63	251	3192
251	63	3192
63	106	934
106	63	935
63	137	686
137	63	686
63	135	2434
135	63	2435
63	188	1231
188	63	1232
63	101	697
101	63	698
63	90	3845
90	63	3845
63	229	4352
229	63	4352
63	143	3808
143	63	3809
63	150	2434
150	63	2435
64	177	4067
177	64	4067
64	232	1715
232	64	1716
64	125	4400
125	64	4401
64	253	3977
253	64	3977
64	269	2572
269	64	2573
64	84	3913
84	64	3914
64	128	634
128	64	635
64	126	4491
126	64	4491
64	240	3289
240	64	3290
64	175	4751
175	64	4752
64	211	1070
211	64	1071
65	174	3869
174	65	3869
65	281	3547
281	65	3548
65	195	1121
195	65	1122
65	232	2856
232	65	2857
65	210	3874
210	65	3874
65	81	2571
81	65	2572
65	141	1989
141	65	1989
65	157	2036
157	65	2036
65	207	4265
207	65	4266
65	100	4970
100	65	4970
65	138	4905
138	65	4905
65	168	4460
168	65	4461
65	143	3737
143	65	3737
65	250	1144
250	65	1145
65	183	4510
183	65	4510
66	297	3779
297	66	3779
66	71	4081
71	66	4081
66	250	4806
250	66	4807
66	129	3841
129	66	3841
66	172	4811
172	66	4811
66	165	3881
165	66	3881
66	218	4285
218	66	4286
66	115	189
115	66	190
66	100	3923
100	66	3923
66	109	3710
109	66	3711
66	169	4343
169	66	4343
66	101	3845
101	66	3846
67	198	2556
198	67	2556
67	100	3742
100	67	3743
67	111	2154
111	67	2155
67	120	168
120	67	168
67	152	4291
152	67	4291
67	253	2074
253	67	2075
67	254	3195
254	67	3195
67	122	1690
122	67	1691
67	97	3653
97	67	3654
67	188	3267
188	67	3268
67	212	1873
212	67	1873
68	255	1938
255	68	1939
68	294	1733
294	68	1734
68	278	3664
278	68	3665
68	171	4426
171	68	4426
68	83	592
83	68	593
68	198	1599
198	68	1599
68	139	4862
139	68	4862
68	115	1858
115	68	1858
68	95	4017
95	68	4018
68	224	3154
224	68	3154
68	73	4660
73	68	4661
68	179	4707
179	68	4707
68	170	4426
170	68	4426
68	212	3919
212	68	3919
68	234	1954
234	68	1955
68	168	1528
168	68	1528
68	226	1894
226	68	1895
69	260	4156
260	69	4156
69	287	2113
287	69	2114
69	119	2700
119	69	2701
69	231	4841
231	69	4841
69	256	2412
256	69	2413
69	263	1811
263	69	1812
69	257	3344
257	69	3344
69	90	4683
90	69	4684
69	72	3857
72	69	3857
69	111	890
111	69	890
69	112	3595
112	69	3596
69	107	641
107	69	641
69	226	2670
226	69	2670
69	241	4941
241	69	4941
70	192	3254
192	70	3254
70	183	4507
183	70	4508
70	148	1079
148	70	1080
70	143	3070
143	70	3070
70	105	2929
105	70	2930
70	170	3207
170	70	3207
70	245	3890
245	70	3890
70	220	2599
220	70	2600
70	174	4472
174	70	4473
70	86	3962
86	70	3963
70	91	3780
91	70	3780
70	71	4685
71	70	4686
70	96	4257
96	70	4258
70	175	3808
175	70	3808
71	248	1034
248	71	1034
71	74	3607
74	71	3608
71	237	4706
237	71	4707
71	133	2626
133	71	2627
71	283	2897
283	71	2898
71	148	4145
148	71	4145
71	138	4910
138	71	4910
71	195	3862
195	71	3863
71	111	1308
111	71	1309
71	255	4235
255	71	4236
71	276	3764
276	71	3765
71	170	645
170	71	645
72	280	3829
280	72	3830
72	288	3962
288	72	3963
72	201	4035
201	72	4036
72	92	1301
92	72	1301
72	191	1493
191	72	1493
72	173	4294
173	72	4294
72	89	4673
89	72	4673
72	242	4790
242	72	4790
72	75	3855
75	72	3856
72	113	3967
113	72	3968
72	126	3801
126	72	3801
72	218	1612
218	72	1613
72	207	2423
207	72	2423
73	225	4430
225	73	4430
73	106	3922
106	73	3923
73	131	1290
131	73	1291
73	93	4574
93	73	4574
73	256	4631
256	73	4632
73	75	3790
75	73	3791
73	267	4506
267	73	4507
73	237	1110
237	73	1110
73	94	3921
94	73	3921
73	158	4595
158	73	4595
73	195	4848
195	73	4849
73	166	307
166	73	308
73	260	4626
260	73	4626
73	79	3799
79	73	3799
74	255	1101
255	74	1102
74	150	350
150	74	350
74	169	1358
169	74	1358
74	187	750
187	74	750
74	199	4995
199	74	4996
74	120	1255
120	74	1255
74	212	2313
212	74	2314
74	230	145
230	74	145
74	136	4592
136	74	4593
74	84	406
84	74	407
74	124	3025
124	74	3025
74	219	3828
219	74	3828
74	142	769
142	74	769
74	248	4023
248	74	4024
74	181	2974
181	74	2974
74	179	4301
179	74	4302
74	224	965
224	74	966
75	103	1458
103	75	1459
75	128	131
128	75	131
75	237	2830
237	75	2830
75	200	3839
200	75	3840
75	189	3105
189	75	3106
75	210	4147
210	75	4147
75	146	3387
146	75	3387
75	228	4702
228	75	4703
75	118	1858
118	75	1858
75	165	4002
165	75	4003
75	288	4476
288	75	4477
76	195	4397
195	76	4398
76	245	3804
245	76	3805
76	107	2336
107	76	2336
76	100	4577
100	76	4578
76	145	3879
145	76	3880
76	120	3892
120	76	3892
76	280	1239
280	76	1240
76	172	1034
172	76	1034
76	296	4169
296	76	4170
76	297	2611
297	76	2611
76	124	4666
124	76	4666
76	173	4151
173	76	4152
76	283	2957
283	76	2957
76	137	2704
137	76	2704
76	233	3836
233	76	3836
77	280	1140
280	77	1140
77	252	157
252	77	157
77	261	3901
261	77	3902
77	254	1481
254	77	1482
77	227	2868
227	77	2868
77	126	4322
126	77	4322
77	112	3635
112	77	3635
77	197	2512
197	77	2512
77	104	1957
104	77	1958
77	214	3330
214	77	3330
77	248	3406
248	77	3406
78	104	4187
104	78	4188
78	90	2273
90	78	2274
78	171	4359
171	78	4360
78	195	4260
195	78	4261
78	177	2158
177	78	2158
78	145	1616
145	78	1616
78	144	2693
144	78	2694
78	191	3635
191	78	3636
78	232	3948
232	78	3949
78	202	3460
202	78	3461
78	95	4084
95	78	4084
78	172	4742
172	78	4743
79	231	4926
231	79	4927
79	264	1021
264	79	1022
79	100	1283
100	79	1284
79	123	1701
123	79	1702
79	107	2493
107	79	2493
79	269	3793
269	79	3793
79	112	2294
112	79	2294
79	221	3814
221	79	3815
79	184	4040
184	79	4040
79	142	4187
142	79	4187
79	257	2621
257	79	2621
80	143	4756
143	80	4757
80	99	4533
99	80	4533
80	193	3485
193	80	3486
80	267	3378
267	80	3378
80	145	4006
145	80	4006
80	282	749
282	80	750
80	199	421
199	80	421
80	249	3594
249	80	3594
80	243	3831
243	80	3831
80	148	4548
148	80	4548
80	155	2786
155	80	2787
80	235	2106
235	80	2107
80	194	3159
194	80	3160
81	290	1525
290	81	1525
81	149	1539
149	81	1539
81	224	1049
224	81	1049
81	239	261
239	81	262
81	174	3780
174	81	3781
81	212	4400
212	81	4401
81	267	1077
267	81	1077
81	227	4878
227	81	4878
81	112	1648
112	81	1648
81	86	2030
86	81	2030
81	138	3863
138	81	3864
82	100	2556
100	82	2556
82	190	2722
190	82	2723
82	137	633
137	82	634
82	225	426
225	82	426
82	210	4888
210	82	4888
82	239	3603
239	82	3603
82	203	1065
203	82	1065
82	217	2752
217	82	2753
82	297	1268
297	82	1269
82	234	1491
234	82	1492
82	221	2570
221	82	2570
83	141	4276
141	83	4276
83	167	2732
167	83	2732
83	253	1910
253	83	1910
83	233	1646
233	83	1646
83	124	3944
124	83	3944
83	295	4698
295	83	4699
83	248	1200
248	83	1200
83	259	4592
259	83	4593
83	197	4001
197	83	4002
83	111	4914
111	83	4915
83	131	2592
131	83	2593
83	143	3033
143	83	3033
84	226	3085
226	84	3086
84	165	4645
165	84	4645
84	193	1729
193	84	1729
84	255	1221
255	84	1221
84	247	4897
247	84	4898
84	87	4483
87	84	4483
84	262	4838
262	84	4839
84	102	1273
102	84	1273
84	237	3569
237	84	3569
84	224	4161
224	84	4161
85	185	1331
185	85	1332
85	262	3680
262	85	3681
85	115	756
115	85	757
85	216	2252
216	85	2252
85	155	4185
155	85	4186
85	204	3559
204	85	3560
85	245	1760
245	85	1761
85	200	1871
200	85	1872
85	259	727
259	85	727
85	240	4330
240	85	4331
85	205	1907
205	85	1908
85	150	1808
150	85	1808
85	297	395
297	85	395
85	89	4270
89	85	4271
85	234	4965
234	85	4965
86	188	3970
188	86	3970
86	158	3167
158	86	3167
86	243	4589
243	86	4589
86	159	1034
159	86	1035
86	101	3767
101	86	3767
87	186	3627
186	87	3627
87	88	2251
88	87	2252
87	193	856
193	87	856
87	254	4975
254	87	4976
87	236	2739
236	87	2739
87	126	3510
126	87	3510
87	148	4582
148	87	4583
87	141	3435
141	87	3436
87	264	3557
264	87	3558
87	127	3679
127	87	3679
87	181	3882
181	87	3882
87	266	2563
266	87	2563
87	94	4122
94	87	4123
87	234	4693
234	87	4693
87	242	4729
242	87	4730
88	140	3991
140	88	3991
88	101	4040
101	88	4041
88	98	4972
98	88	4973
88	147	4719
147	88	4720
88	130	3899
130	88	3900
88	299	2608
299	88	2609
88	150	125
150	88	125
88	188	1660
188	88	1661
88	196	2949
196	88	2950
88	145	2488
145	88	2489
88	282	781
282	88	782
88	235	1656
235	88	1656
88	241	220
241	88	221
88	146	3527
146	88	3528
88	149	3618
149	88	3619
88	223	2531
223	88	2532
89	225	4414
225	89	4414
89	161	224
161	89	225
89	213	3882
213	89	3882
89	125	3442
125	89	3442
89	228	4514
228	89	4515
89	230	3010
230	89	3011
89	264	4925
264	89	4925
90	184	3508
184	90	3508
90	300	2460
300	90	2461
90	247	2138
247	90	2138
90	165	2606
165	90	2606
90	161	4684
161	90	4684
90	201	2962
201	90	2963
90	191	1235
191	90	1235
90	282	4965
282	90	4965
91	127	2939
127	91	2939
91	206	4427
206	91	4427
91	274	3419
274	91	3420
91	244	2130
244	91	2131
91	242	4441
242	91	4442
91	154	4563
154	91	4563
91	128	1693
128	91	1693
91	203	580
203	91	580
91	126	4378
126	91	4378
91	117	3519
117	91	3519
91	179	1923
179	91	1924
92	155	1797
155	92	1798
92	210	1244
210	92	1244
92	99	221
99	92	221
92	96	3588
96	92	3588
92	109	4781
109	92	4781
92	141	3675
141	92	3675
92	263	2597
263	92	2597
92	222	4713
222	92	4713
92	238	1297
238	92	1297
92	225	4148
225	92	4149
92	150	371
150	92	372
93	195	4970
195	93	4971
93	203	1838
203	93	1839
93	139	4954
139	93	4955
93	153	679
153	93	679
93	275	1822
275	93	1822
93	220	3843
220	93	3843
93	213	4768
213	93	4769
93	182	3418
182	93	3418
93	295	101
295	93	101
93	232	4224
232	93	4224
94	132	2833
132	94	2834
94	176	1614
176	94	1615
94	103	4426
103	94	4426
94	231	4704
231	94	4705
94	172	4847
172	94	4847
94	116	1677
116	94	1678
94	195	4460
195	94	4460
94	100	1940
100	94	1940
94	256	4353
256	94	4353
94	140	4115
140	94	4115
94	200	4428
200	94	4428
95	202	4401
202	95	4401
95	212	2710
212	95	2711
95	164	2787
164	95	2788
95	97	743
97	95	743
95	155	2008
155	95	2008
95	200	4609
200	95	4610
95	149	4645
149	95	4646
95	144	3479
144	95	3480
96	236	2074
236	96	2075
96	99	764
99	96	764
96	217	4834
217	96	4835
96	151	4841
151	96	4841
96	129	3271
129	96	3271
96	106	3408
106	96	3409
96	98	999
98	96	999
96	288	4179
288	96	4180
96	144	2961
144	96	2962
96	274	4120
274	96	4121
96	246	4166
246	96	4166
96	205	4070
205	96	4071
97	289	2422
289	97	2423
97	249	2016
249	97	2016
97	240	3837
240	97	3838
97	264	1165
264	97	1165
97	150	4046
150	97	4046
97	189	4655
189	97	4656
97	194	3104
194	97	3104
97	242	1645
242	97	1645
97	188	3128
188	97	3128
97	176	1770
176	97	1770
97	218	3719
218	97	3719
98	110	4444
110	98	4445
98	133	4601
133	98	4602
98	121	3027
121	98	3028
98	167	1888
167	98	1889
98	137	4830
137	98	4830
98	200	1144
200	98	1144
98	130	4240
130	98	4240
99	192	3577
192	99	3578
99	160	4249
160	99	4250
99	267	4384
267	99	4385
99	171	3410
171	99	3410
99	216	3135
216	99	3135
99	159	3765
159	99	3765
99	260	4868
260	99	4868
99	257	4709
257	99	4709
99	278	3839
278	99	3839
99	289	4808
289	99	4809
99	155	1507
155	99	1507
99	222	4937
222	99	4937
99	161	2641
161	99	2642
99	144	2632
144	99	2633
99	139	3430
139	99	3430
100	229	3857
229	100	3857
100	225	4222
225	100	4222
101	176	4848
176	101	4849
101	267	3475
267	101	3475
101	290	2732
290	101	2732
101	127	3055
127	101	3055
101	233	3501
233	101	3501
101	244	1137
244	101	1137
102	111	2635
111	102	2636
102	173	4445
173	102	4446
102	289	3151
289	102	3152
102	221	1355
221	102	1355
102	220	4793
220	102	4793
102	218	805
218	102	805
102	140	2532
140	102	2532
102	171	2324
171	102	2324
102	112	4866
112	102	4866
102	139	1377
139	102	1377
103	190	3505
190	103	3505
103	282	3356
282	103	3356
103	147	2682
147	103	2683
103	263	4656
263	103	4656
103	161	4145
161	103	4145
103	299	3756
299	103	3756
103	146	4670
146	103	4670
103	170	3501
170	103	3501
103	177	4158
177	103	4158
104	129	3042
129	104	3042
104	190	1524
190	104	1524
104	121	2265
121	104	2266
104	151	2073
151	104	2073
104	299	1070
299	104	1071
104	105	4062
105	104	4063
104	196	4047
196	104	4047
104	114	4663
114	104	4663
104	172	1238
172	104	1238
104	223	3700
223	104	3701
104	264	3841
264	104	3841
105	213	2649
213	105	2649
105	264	1196
264	105	1197
105	258	3395
258	105	3395
105	222	4048
222	105	4049
105	109	4596
109	105	4597
105	269	4685
269	105	4685
105	225	4781
225	105	4781
105	185	4453
185	105	4454
106	199	4270
199	106	4270
106	107	3385
107	106	3385
106	231	4054
231	106	4055
106	161	4493
161	106	4494
106	150	4908
150	106	4908
106	248	4405
248	106	4405
106	202	3910
202	106	3911
106	250	3383
250	106	3384
106	162	3632
162	106	3633
106	125	1026
125	106	1027
107	275	661
275	107	661
107	173	3812
173	107	3813
107	164	2136
164	107	2137
107	122	2071
122	107	2071
107	237	4584
237	107	4584
107	191	4133
191	107	4134
107	190	1798
190	107	1799
107	262	4496
262	107	4496
107	197	4086
197	107	4086
108	194	4127
194	108	4128
108	153	1659
153	108	1659
108	150	4277
150	108	4278
108	251	3748
251	108	3749
108	222	2154
222	108	2154
108	270	4821
270	108	4821
108	162	4737
162	108	4737
108	172	3890
172	108	3891
108	259	2400
259	108	2401
108	151	3112
151	108	3112
108	176	3533
176	108	3533
108	283	3739
283	108	3739
109	296	3605
296	109	3606
109	191	4293
191	109	4294
109	118	3199
118	109	3199
109	218	3680
218	109	3680
109	114	4482
114	109	4482
109	206	3401
206	109	3402
109	142	4372
142	109	4373
109	277	2489
277	109	2489
110	179	3721
179	110	3721
110	201	3876
201	110	3877
110	245	2190
245	110	2190
110	238	1517
238	110	1518
110	185	4621
185	110	4621
110	280	3689
280	110	3690
110	228	3282
228	110	3283
110	146	3039
146	110	3039
110	163	1418
163	110	1418
110	234	2929
234	110	2929
110	252	3107
252	110	3107
110	231	4393
231	110	4393
111	192	4891
192	111	4891
111	246	2096
246	111	2096
111	194	1012
194	111	1013
111	218	3764
218	111	3765
111	114	2655
114	111	2656
111	122	1583
122	111	1584
111	187	4119
187	111	4119
111	183	3674
183	111	3674
111	160	4437
160	111	4437
112	204	4058
204	112	4059
112	283	3599
283	112	3600
112	276	1001
276	112	1001
112	235	3835
235	112	3835
112	281	2322
281	112	2323
112	159	344
159	112	344
112	249	4863
249	112	4863
112	128	1908
128	112	1908
112	241	3150
241	112	3151
112	183	4863
183	112	4864
112	231	4725
231	112	4726
113	228	2845
228	113	2845
113	225	3941
225	113	3942
113	197	3410
197	113	3411
113	204	2929
204	113	2930
113	223	4136
223	113	4137
113	159	3348
159	113	3349
113	241	3211
241	113	3212
113	269	4519
269	113	4519
113	138	4924
138	113	4925
113	200	3433
200	113	3433
113	179	3993
179	113	3993
114	201	2981
201	114	2981
114	131	3165
131	114	3166
114	182	991
182	114	992
114	185	391
185	114	391
114	177	4123
177	114	4124
114	117	624
117	114	625
114	209	1544
209	114	1545
114	184	1999
184	114	2000
114	135	4422
135	114	4422
114	253	4451
253	114	4451
114	153	4334
153	114	4334
115	195	2742
195	115	2743
115	234	1212
234	115	1212
115	173	4759
173	115	4760
115	157	4858
157	115	4859
115	154	1480
154	115	1481
115	182	1917
182	115	1917
115	130	3518
130	115	3518
115	283	4372
283	115	4373
115	275	188
275	115	189
115	153	3557
153	115	3557
115	239	2881
239	115	2882
115	296	4151
296	115	4152
115	194	3039
194	115	3040
116	120	4714
120	116	4714
116	234	4927
234	116	4928
116	124	3843
124	116	3844
116	211	2057
211	116	2058
116	253	2710
253	116	2711
116	295	3443
295	116	3443
117	258	1454
258	117	1455
117	168	2067
168	117	2068
117	262	3511
262	117	3511
117	130	1009
130	117	1010
117	118	2521
118	117	2522
117	166	4860
166	117	4861
117	138	2455
138	117	2456
117	275	4064
275	117	4064
117	177	2032
177	117	2032
117	266	4788
266	117	4788
117	255	291
255	117	292
117	236	3844
236	117	3845
118	215	4897
215	118	4898
118	255	2861
255	118	2861
118	133	4621
133	118	4621
118	163	1428
163	118	1428
118	222	2499
222	118	2499
118	210	280
210	118	280
118	269	3972
269	118	3972
118	137	3914
137	118	3915
118	130	4175
130	118	4176
118	179	2608
179	118	2609
118	223	3853
223	118	3854
118	266	801
266	118	802
118	297	4844
297	118	4845
118	191	831
191	118	831
119	202	3840
202	119	3840
119	289	3191
289	119	3191
119	199	3444
199	119	3444
119	230	4061
230	119	4062
119	171	4455
171	119	4455
119	239	2828
239	119	2829
119	259	4028
259	119	4029
119	249	807
249	119	808
119	180	3882
180	119	3882
120	177	2258
177	120	2259
120	206	4710
206	120	4710
120	257	4855
257	120	4856
120	175	2967
175	120	2967
120	162	4752
162	120	4753
120	157	1266
157	120	1266
120	158	4849
158	120	4850
120	246	2263
246	120	2263
120	211	1818
211	120	1819
120	155	3063
155	120	3063
120	185	1936
185	120	1936
120	169	792
169	120	793
120	168	4593
168	120	4593
120	137	4371
137	120	4372
121	248	4227
248	121	4228
121	231	4130
231	121	4130
121	232	500
232	121	501
121	219	4385
219	121	4385
121	209	1423
209	121	1424
121	187	3066
187	121	3067
121	243	3974
243	121	3975
121	266	1601
266	121	1602
121	176	4588
176	121	4588
121	151	2202
151	121	2202
122	165	4945
165	122	4945
122	181	1894
181	122	1894
122	167	3498
167	122	3499
122	262	4454
262	122	4455
122	136	3080
136	122	3080
122	182	4918
182	122	4918
122	267	4323
267	122	4323
122	166	3117
166	122	3118
122	142	1367
142	122	1367
122	128	2500
128	122	2500
122	205	1827
205	122	1828
122	185	3174
185	122	3175
123	130	4845
130	123	4845
123	252	1899
252	123	1900
123	182	4569
182	123	4570
123	191	2731
191	123	2731
123	132	3240
132	123	3240
123	189	2208
189	123	2208
123	170	3674
170	123	3674
123	242	2968
242	123	2968
123	153	3292
153	123	3293
123	212	2781
212	123	2781
123	137	3546
137	123	3546
123	205	2777
205	123	2778
123	254	1190
254	123	1191
123	124	3621
124	123	3621
123	244	4685
244	123	4686
124	125	4012
125	124	4013
124	141	99
141	124	100
124	231	4800
231	124	4801
124	156	4528
156	124	4528
124	132	2969
132	124	2969
124	294	567
294	124	567
125	186	1405
186	125	1406
125	276	1842
276	125	1842
125	183	4094
183	125	4095
125	236	267
236	125	267
125	252	61
252	125	61
125	194	1154
194	125	1154
125	216	2469
216	125	2469
125	249	2991
249	125	2991
125	137	4676
137	125	4677
126	212	2555
212	126	2556
126	160	2114
160	126	2114
126	228	2985
228	126	2985
126	226	911
226	126	911
127	216	2951
216	127	2952
127	266	3841
266	127	3842
127	205	2153
205	127	2154
127	259	4190
259	127	4190
127	212	2702
212	127	2702
127	155	4696
155	127	4697
127	211	4691
211	127	4692
127	229	2614
229	127	2615
127	276	2756
276	127	2756
127	147	4484
147	127	4484
127	186	3830
186	127	3831
127	140	3116
140	127	3117
127	173	1214
173	127	1215
128	266	4504
266	128	4505
128	242	3159
242	128	3160
128	188	4032
188	128	4032
128	233	1420
233	128	1420
128	183	4829
183	128	4829
128	258	4218
258	128	4219
128	268	4408
268	128	4409
129	246	4984
246	129	4984
129	190	4931
190	129	4931
129	221	4409
221	129	4409
129	142	4874
142	129	4874
129	265	2332
265	129	2332
129	193	3992
193	129	3992
129	175	1915
175	129	1916
129	213	1397
213	129	1398
129	211	4104
211	129	4104
129	294	2801
294	129	2802
129	134	1168
134	129	1169
130	244	1744
244	130	1745
130	182	3593
182	130	3594
130	144	1475
144	130	1476
130	137	3189
137	130	3189
130	196	4656
196	130	4657
131	225	4496
225	131	4497
131	160	3268
160	131	3269
131	141	815
141	131	815
131	149	4923
149	131	4924
131	193	2738
193	131	2739
131	184	3511
184	131	3511
131	199	4094
199	131	4095
131	177	2298
177	131	2299
131	185	2114
185	131	2114
131	220	905
220	131	905
131	178	1060
178	131	1060
131	241	4147
241	131	4147
132	228	3796
228	132	3797
132	224	4471
224	132	4472
132	184	4848
184	132	4849
132	195	4287
195	132	4287
132	246	3967
246	132	3967
132	186	784
186	132	784
132	199	4505
199	132	4505
132	250	621
250	132	622
132	260	929
260	132	930
132	278	4094
278	132	4095
132	171	4462
171	132	4463
132	254	4994
254	132	4995
132	227	2501
227	132	2501
133	146	3313
146	133	3314
133	150	2899
150	133	2899
133	169	918
169	133	918
133	258	1302
258	133	1303
133	163	3113
163	133	3114
133	252	3843
252	133	3844
133	231	3641
231	133	3641
133	168	454
168	133	454
133	220	4448
220	133	4449
134	254	3902
254	134	3903
134	224	2756
224	134	2756
134	229	3010
229	134	3011
134	236	1259
236	134	1260
134	205	3601
205	134	3602
134	215	2643
215	134	2644
134	274	4866
274	134	4866
134	261	1562
261	134	1563
134	276	2788
276	134	2788
134	294	3952
294	134	3953
134	255	4664
255	134	4664
134	161	3608
161	134	3608
134	238	4640
238	134	4640
135	217	2750
217	135	2750
135	230	742
230	135	743
135	209	974
209	135	975
135	263	4167
263	135	4167
135	165	4674
165	135	4675
135	162	4333
162	135	4334
135	148	2294
148	135	2295
135	155	57
155	135	58
135	202	2434
202	135	2434
135	266	3171
266	135	3171
135	274	2138
274	135	2138
136	255	3894
255	136	3895
136	220	4189
220	136	4190
136	224	4588
224	136	4588
136	242	3141
242	136	3142
136	146	4506
146	136	4506
137	255	4611
255	137	4611
137	259	4226
259	137	4227
138	247	4506
247	138	4506
138	274	3941
274	138	3941
138	232	4198
232	138	4199
138	250	3651
250	138	3652
138	149	1647
149	138	1648
138	159	3413
159	138	3414
138	220	1477
220	138	1478
138	186	955
186	138	955
138	183	3815
183	138	3815
138	260	4267
260	138	4268
139	188	2444
188	139	2445
139	202	1143
202	139	1143
139	158	4206
158	139	4207
139	269	1315
269	139	1316
139	178	2014
178	139	2015
139	194	459
194	139	459
139	167	108
167	139	109
140	176	2525
176	140	2526
140	217	332
217	140	333
140	167	1240
167	140	1241
140	211	3275
211	140	3276
140	171	2665
171	140	2665
140	223	4676
223	140	4676
140	249	3628
249	140	3629
140	166	2277
166	140	2278
140	236	4329
236	140	4329
141	235	4376
235	141	4376
141	215	4503
215	141	4504
141	211	2527
211	141	2528
141	175	4968
175	141	4968
141	146	3804
146	141	3805
141	246	4120
246	141	4120
141	219	3238
219	141	3239
141	233	1106
233	141	1107
141	249	4084
249	141	4085
142	169	1218
169	142	1218
142	230	2516
230	142	2517
142	171	4770
171	142	4771
142	203	900
203	142	901
142	185	4664
185	142	4665
142	255	3745
255	142	3746
142	186	3745
186	142	3746
142	256	2477
256	142	2478
143	165	4829
165	143	4829
143	250	842
250	143	842
143	258	3470
258	143	3470
143	202	1513
202	143	1514
143	267	1497
267	143	1498
143	229	3371
229	143	3371
144	254	3581
254	144	3581
144	150	758
150	144	758
144	252	3885
252	144	3886
144	151	1162
151	144	1162
144	267	1845
267	144	1845
144	229	4620
229	144	4620
144	153	3945
153	144	3946
144	228	642
228	144	642
144	158	59
158	144	60
144	146	80
146	144	81
145	235	1548
235	145	1549
145	164	4859
164	145	4859
145	231	4851
231	145	4852
145	211	4734
211	145	4734
145	257	869
257	145	869
145	176	4495
176	145	4496
145	150	3263
150	145	3263
145	146	4801
146	145	4802
145	233	4577
233	145	4577
145	228	4148
228	145	4148
146	197	805
197	146	806
146	186	455
186	146	455
146	233	2708
233	146	2709
146	235	324
235	146	325
146	246	4344
246	146	4345
146	155	4418
155	146	4419
146	250	1742
250	146	1743
146	180	3922
180	146	3922
146	162	3876
162	146	3877
147	240	2595
240	147	2596
147	276	1774
276	147	1774
147	166	3757
166	147	3757
147	260	4730
260	147	4731
147	163	3071
163	147	3071
147	258	3813
258	147	3814
147	168	2701
168	147	2701
147	164	2414
164	147	2414
147	171	2388
171	147	2389
147	216	891
216	147	892
147	238	2176
238	147	2177
147	209	1263
209	147	1264
147	205	4758
205	147	4759
147	167	2135
167	147	2136
147	198	1528
198	147	1529
147	263	3605
263	147	3605
148	256	3510
256	148	3511
148	181	4778
181	148	4779
148	166	4914
166	148	4914
148	198	898
198	148	898
148	296	4433
296	148	4434
148	246	4287
246	148	4288
149	213	1707
213	149	1707
149	151	3423
151	149	3423
149	274	4883
274	149	4883
149	156	4209
156	149	4209
149	182	3132
182	149	3132
149	226	3814
226	149	3814
149	181	4108
181	149	4108
150	185	4086
185	150	4086
150	231	1633
231	150	1633
150	244	3012
244	150	3013
150	267	2397
267	150	2398
150	176	3548
176	150	3548
151	275	3643
275	151	3643
151	259	3413
259	151	3414
151	203	4160
203	151	4161
153	256	4109
256	153	4109
153	163	1295
163	153	1296
153	168	3292
168	153	3293
153	295	4076
295	153	4076
153	243	4615
243	153	4616
154	251	2350
251	154	2351
154	226	1386
226	154	1387
154	215	4700
215	154	4701
154	183	4358
183	154	4358
154	221	3846
221	154	3846
154	169	3451
169	154	3451
154	198	2716
198	154	2716
154	205	2806
205	154	2807
155	180	2281
180	155	2282
156	250	3278
250	156	3279
156	208	4508
208	156	4508
156	168	4726
168	156	4727
156	202	4241
202	156	4241
156	241	1719
241	156	1720
156	238	2788
238	156	2789
158	275	1074
275	158	1074
158	249	3066
249	158	3066
158	171	4592
171	158	4592
158	205	3920
205	158	3921
158	244	4538
244	158	4538
158	260	2433
260	158	2433
159	161	3581
161	159	3581
159	268	4864
268	159	4865
159	178	4778
178	159	4778
159	247	4069
247	159	4069
159	198	2332
198	159	2333
159	228	2124
228	159	2125
161	251	3909
251	161	3910
161	167	1041
167	161	1041
162	296	4573
296	162	4573
162	268	2068
268	162	2068
163	270	3712
270	163	3712
163	247	2763
247	163	2764
163	250	986
250	163	986
163	203	3911
203	163	3912
163	237	3871
237	163	3872
164	214	4865
214	164	4866
164	241	4903
241	164	4904
164	208	2669
208	164	2669
164	236	4485
236	164	4485
164	239	3712
239	164	3713
165	196	593
196	165	594
167	177	4695
177	167	4695
167	217	3750
217	167	3750
168	223	3547
223	168	3547
168	229	2436
229	168	2437
169	171	4848
171	169	4848
169	254	1832
254	169	1833
169	224	217
224	169	217
171	241	2075
241	171	2076
171	230	1565
230	171	1565
175	221	3146
221	175	3147
175	201	208
201	175	209
176	178	89
178	176	89
176	181	1529
181	176	1529
176	280	3847
280	176	3847
177	235	4098
235	177	4098
177	262	3993
262	177	3994
177	180	393
180	177	393
177	246	1746
246	177	1747
177	221	3464
221	177	3465
178	205	4076
205	178	4076
178	189	4957
189	178	4958
178	209	3167
209	178	3167
178	262	4931
262	178	4931
180	239	4543
239	180	4544
180	206	3538
206	180	3539
180	236	3889
236	180	3890
180	265	1564
265	180	1564
180	196	4238
196	180	4238
180	261	1969
261	180	1969
180	229	3258
229	180	3259
181	263	2887
263	181	2888
181	223	74
223	181	74
181	226	2231
226	181	2232
181	268	61
268	181	61
181	189	4893
189	181	4894
183	203	4934
203	183	4934
183	252	3996
252	183	3996
184	187	2875
187	184	2875
184	203	3593
203	184	3594
184	208	4645
208	184	4646
184	268	504
268	184	504
184	228	4516
228	184	4516
184	219	554
219	184	554
184	294	2723
294	184	2723
187	197	1171
197	187	1172
187	206	4609
206	187	4610
187	230	3721
230	187	3721
187	193	4064
193	187	4065
189	252	563
252	189	563
189	220	4414
220	189	4414
189	203	3847
203	189	3848
189	221	448
221	189	449
189	241	550
241	189	550
191	259	1078
259	191	1078
191	219	4775
219	191	4775
197	239	4316
239	197	4317
197	217	2915
217	197	2916
198	261	1975
261	198	1976
198	259	4298
259	198	4298
198	245	641
245	198	642
198	243	4303
243	198	4304
198	236	2591
236	198	2592
201	251	4009
251	201	4009
201	238	3950
238	201	3950
201	226	4816
226	201	4816
201	254	1094
254	201	1095
205	244	3806
244	205	3806
206	239	3381
239	206	3381
206	243	4956
243	206	4957
206	245	1213
245	206	1213
206	236	4965
236	206	4966
206	256	347
256	206	347
206	247	4832
247	206	4833
208	217	3421
217	208	3421
208	220	4008
220	208	4009
208	238	4313
238	208	4313
208	266	4332
266	208	4332
208	216	1001
216	208	1001
208	252	4988
252	208	4988
208	262	4343
262	208	4344
208	230	1871
230	208	1871
208	239	4308
239	208	4309
214	243	3202
243	214	3203
214	224	4324
224	214	4325
214	268	2906
268	214	2907
214	226	4887
226	214	4887
214	216	1935
216	214	1936
214	257	1319
257	214	1320
215	259	2481
259	215	2482
215	268	3639
268	215	3639
215	243	922
243	215	922
215	245	3899
245	215	3899
215	230	2966
230	215	2966
219	294	4072
294	219	4073
219	268	3985
268	219	3985
219	224	3800
224	219	3801
219	236	3607
236	219	3608
219	220	3686
220	219	3686
219	261	2275
261	219	2276
224	294	1754
294	224	1755
236	238	3808
238	236	3808
236	257	4462
257	236	4462
238	247	1436
247	238	1437
238	257	4704
257	238	4705
238	252	2587
252	238	2587
238	266	4396
266	238	4397
239	261	2608
261	239	2609
243	265	1668
265	243	1668
243	296	3680
296	243	3680
245	265	3991
265	245	3992
245	266	3538
266	245	3538
251	261	1118
261	251	1118
251	265	1373
265	251	1374
251	270	1640
270	251	1641
251	263	2057
263	251	2057
252	257	4757
257	252	4757
260	270	3614
270	260	3614
260	266	4435
266	260	4435
260	261	3524
261	260	3525
260	296	4166
296	260	4166
261	270	2514
270	261	2515
261	265	4273
265	261	4273
261	266	1963
266	261	1964
265	270	3423
270	265	3423
