3	803	148	36
-1
3	861	129	14
-1
4	881	117	168
-1
4	887	86	99
-1
4	863	150	78
-1
2	801	3	142
-1
4	832	153	67
-1
3	838	27	168
-1
3	847	103	176
-1
2	851	10	170
-1
2	838	32	118
-1
4	804	35	46
-1
4	871	49	114
-1
3	821	182	152
-1
3	850	170	101
-1
4	891	85	56
-1
4	858	86	160
-1
3	877	118	186
-1
2	852	109	40
-1
4	822	8	49
-1
2	891	60	81
-1
3	836	50	67
-1
3	801	54	67
-1
4	804	177	49
-1
2	805	198	170
-1
4	812	48	6
-1
3	871	192	44
-1
3	809	50	161
-1
2	848	179	21
-1
4	849	132	29
-1
2	829	6	40
-1
2	847	197	89
-1
2	814	185	143
-1
4	814	38	119
-1
3	835	43	69
-1
3	840	148	68
-1
2	883	60	59
60	59	
4	896	83	60
-1
4	816	44	39
-1
2	896	93	122
-1
3	835	142	127
-1
2	824	23	75
-1
3	818	170	59
-1
4	836	136	96
-1
4	856	150	138
-1
4	824	85	37
-1
4	882	178	48
-1
4	894	161	83
-1
2	832	9	126
-1
4	805	126	170
-1
3	831	174	63
-1
2	857	110	85
-1
4	815	86	7
-1
4	862	4	94
-1
4	852	40	44
40	44	
4	840	49	80
49	80	
2	888	173	57
-1
2	822	107	170
-1
4	847	101	178
-1
4	817	85	55
85	55	
2	879	190	29
-1
2	816	173	90
-1
3	874	30	175
-1
3	867	97	178
-1
2	862	60	169
-1
2	894	64	17
-1
2	802	104	189
-1
2	871	144	48
-1
3	801	66	100
-1
4	807	114	185
-1
4	835	83	126
-1
4	876	114	99
-1
3	850	182	80
-1
4	879	56	177
-1
3	848	176	188
-1
3	816	90	51
-1
4	857	84	106
-1
3	804	87	50
-1
2	803	10	115
-1
2	839	63	180
-1
3	865	171	62
-1
3	815	58	176
-1
4	894	35	157
-1
3	822	137	165
-1
4	809	17	92
-1
4	811	65	181
-1
4	869	33	17
-1
2	818	190	55
-1
2	832	194	16
194	16	
3	812	50	79
-1
3	825	89	49
-1
2	852	6	58
-1
2	809	21	92
-1
3	825	68	29
-1
3	816	90	197
-1
2	848	52	13
52	13	
3	864	15	45
-1
4	818	84	35
-1
3	834	154	180
-1
2	812	187	29
-1
2	812	151	118
-1
3	869	128	123
-1
2	813	81	96
-1
3	893	142	163
-1
4	889	167	4
-1
4	853	35	7
-1
4	897	83	174
-1
3	883	148	57
-1
3	863	18	11
-1
2	891	152	149
152	149	
3	860	116	51
-1
3	835	80	130
80	130	
4	830	102	10
102	10	
4	844	167	151
-1
2	899	60	69
-1
4	806	101	103
-1
3	879	154	138
-1
2	887	3	85
-1
3	849	87	54
-1
4	849	102	158
-1
3	851	145	25
-1
3	881	106	105
-1
2	890	93	158
-1
2	893	23	124
-1
4	813	19	183
-1
3	816	18	35
-1
4	805	24	140
-1
4	841	155	142
-1
3	894	95	180
95	180	
4	851	196	33
-1
2	876	46	178
-1
4	832	49	35
-1
3	889	30	127
-1
2	812	173	101
-1
3	846	18	119
-1
2	880	131	136
-1
3	819	99	160
-1
4	812	4	66
-1
3	844	145	160
-1
3	876	140	108
-1
3	805	43	153
-1
3	839	171	153
-1
2	817	3	183
-1
3	817	192	107
-1
4	835	56	124
-1
4	871	102	54
-1
3	882	182	153
-1
4	847	153	108
-1
3	859	18	53
-1
2	866	62	144
-1
3	870	90	138
-1
4	822	48	109
-1
4	856	39	111
-1
4	862	157	55
-1
3	837	174	110
-1
2	843	62	12
-1
3	847	133	145
-1
2	854	67	98
-1
3	858	66	115
66	115	
2	801	25	128
-1
3	839	43	169
-1
2	847	165	16
-1
4	809	40	7
-1
4	863	48	163
-1
3	873	163	88
-1
2	884	200	149
-1
3	880	43	33
-1
2	877	190	99
-1
2	843	197	165
-1
2	822	55	141
-1
2	891	9	136
9	136	
4	858	100	52
-1
3	864	99	91
-1
4	878	8	91
-1
3	818	172	53
-1
2	866	197	4
-1
4	851	33	199
-1
3	849	13	140
-1
4	865	91	136
-1
4	806	186	143
-1
4	893	161	151
-1
2	844	104	50
-1
2	887	62	148
-1
2	877	179	107
-1
2	881	9	78
-1
4	836	127	26
-1
2	834	146	58
-1
2	874	197	71
-1
3	861	98	113
-1
2	803	164	50
-1
3	853	170	10
-1
3	854	15	113
-1
4	853	159	127
-1
3	860	98	105
-1
2	889	175	65
-1
4	815	8	192
-1
4	872	45	89
-1
4	894	79	85
-1
2	806	5	182
5	182	
2	856	67	145
-1
2	817	22	66
-1
3	830	128	80
-1
3	856	82	191
-1
4	812	136	88
-1
2	876	96	15
-1
4	819	85	22
-1
2	807	52	18
-1
2	891	125	49
-1
4	825	19	53
-1
4	821	178	71
-1
4	887	186	45
-1
2	818	3	172
-1
4	808	85	5
-1
3	848	141	140
-1
3	862	53	187
-1
3	835	182	24
-1
3	853	53	75
-1
3	801	61	151
-1
2	805	104	170
-1
2	828	81	99
-1
2	872	3	36
-1
2	843	190	38
-1
3	847	160	123
-1
2	839	121	15
-1
2	877	169	20
-1
4	800	183	153
-1
3	827	170	5
-1
2	877	175	65
-1
4	898	28	121
-1
4	896	134	1
-1
2	883	62	3
-1
4	821	186	144
-1
2	895	81	56
81	56	
4	861	180	176
-1
4	880	19	96
19	96	
4	884	149	78
-1
4	889	101	199
-1
3	805	128	174
-1
3	825	106	1
-1
4	878	4	86
-1
4	880	153	99
-1
4	876	136	84
-1
2	831	109	164
-1
2	806	156	144
-1
3	853	170	114
-1
4	882	2	14
-1
2	880	187	115
-1
3	853	176	42
-1
4	806	181	99
-1
2	891	107	55
-1
2	890	185	7
-1
4	873	17	94
-1
3	889	193	155
-1
3	884	176	62
176	62	
4	849	134	31
134	31	
2	863	187	33
-1
2	877	69	19
-1
4	870	150	146
-1
4	869	155	126
-1
4	823	161	184
-1
3	881	53	120
-1
3	826	43	89
-1
3	880	68	33
-1
3	894	57	9
-1
3	876	141	142
-1
4	808	91	81
-1
2	878	6	149
-1
4	875	83	50
-1
4	801	153	5
-1
4	836	74	117
-1
3	856	97	169
-1
3	896	78	163
-1
3	828	57	183
-1
3	836	189	39
-1
4	830	183	132
-1
3	810	160	174
-1
3	810	120	131
-1
2	812	51	13
-1
4	868	126	117
-1
4	884	79	143
-1
3	805	16	39
-1
4	819	24	69
-1
3	801	120	125
-1
4	892	48	113
-1
3	875	137	48
-1
2	800	119	159
-1
4	830	181	78
-1
4	894	191	80
-1
2	862	3	6
-1
3	804	123	84
-1
4	843	8	51
-1
3	863	13	74
-1
4	839	84	145
-1
4	851	186	193
-1
3	850	78	81
-1
2	808	5	199
-1
2	886	105	179
-1
2	817	135	121
-1
3	822	129	76
-1
4	858	191	198
-1
4	860	196	5
196	5	
4	834	191	169
-1
2	878	6	53
6	53	
3	822	145	190
-1
3	854	148	67
-1
2	852	199	71
-1
4	830	7	175
-1
4	803	45	61
-1
3	878	163	189
-1
3	875	37	131
-1
4	832	147	78
-1
4	800	108	20
-1
2	804	94	25
-1
4	893	24	121
24	121	
4	811	147	69
-1
3	881	53	19
-1
2	807	6	25
-1
4	819	88	22
-1
4	859	91	136
-1
2	842	169	124
-1
2	819	197	71
-1
3	891	29	130
-1
4	867	181	23
-1
4	888	186	46
-1
2	808	179	144
-1
4	826	191	197
-1
4	802	24	2
-1
2	823	184	41
-1
4	810	155	132
155	132	
4	834	115	52
-1
4	856	157	48
-1
4	885	28	76
-1
2	807	119	57
-1
2	804	187	194
-1
4	848	127	172
-1
3	844	87	114
-1
3	897	113	90
-1
2	889	67	25
-1
3	820	43	179
-1
4	872	153	93
-1
3	871	139	49
-1
4	847	195	29
-1
4	855	180	147
-1
3	848	139	85
-1
2	871	144	163
-1
2	837	92	49
-1
4	826	188	113
-1
3	850	37	180
-1
4	828	126	22
-1
3	873	99	174
-1
3	873	123	113
123	113	
2	801	194	59
-1
3	800	141	39
141	39	
4	884	48	177
-1
3	899	148	120
-1
3	847	20	163
-1
2	812	109	150
-1
2	891	135	138
-1
3	812	137	64
137	64	
4	837	117	114
-1
2	801	190	36
-1
3	860	16	29
-1
4	898	117	122
-1
4	826	117	169
-1
3	898	154	69
-1
4	860	153	88
-1
2	862	152	148
-1
2	899	64	82
-1
2	814	107	170
-1
4	827	19	38
-1
2	862	9	28
-1
2	843	110	195
-1
2	864	70	63
70	63	
3	884	20	132
-1
4	852	147	85
-1
3	891	97	189
-1
3	838	57	92
57	92	
2	871	119	108
-1
3	840	71	14
-1
4	878	85	185
-1
2	857	165	193
-1
4	851	79	102
-1
2	865	22	124
-1
4	896	86	143
-1
3	880	71	41
-1
3	820	123	137
-1
4	812	167	146
-1
2	871	5	64
-1
3	884	77	86
-1
2	868	69	171
-1
3	812	99	87
-1
2	814	156	165
-1
4	889	159	187
-1
2	883	25	72
-1
2	824	21	94
-1
3	812	54	169
-1
2	857	26	135
-1
3	873	90	139
-1
3	858	61	167
-1
2	880	198	36
-1
