4	308	25	305
-1
3	314	274	661
-1
1	311	382	879
-1
4	303	506	390
-1
3	304	455	212
-1
1	316	107	111
-1
1	310	397	731
-1
1	307	480	792
-1
3	319	444	518
-1
2	318	670	41
-1
2	303	488	66
-1
2	315	48	391
-1
4	305	223	772
-1
4	314	154	429
-1
1	318	350	883
-1
4	300	526	89
-1
4	302	514	537
-1
4	313	64	116
-1
1	310	124	560
124	560	
2	302	675	381
-1
4	319	174	20
-1
3	309	29	68
-1
2	312	596	290
-1
1	300	242	495
-1
4	314	328	844
-1
1	315	678	470
-1
3	311	238	83
238	89	83	
4	319	632	199
-1
2	310	865	322
-1
2	310	767	96
-1
2	309	710	321
-1
1	316	769	401
-1
4	317	371	97
-1
4	312	795	390
-1
4	315	748	769
-1
2	316	682	599
-1
4	311	809	888
-1
2	309	573	620
-1
1	302	452	584
-1
1	317	42	503
-1
4	310	12	364
-1
4	310	53	284
-1
3	318	110	654
-1
4	319	507	601
-1
1	300	499	448
-1
4	318	487	281
-1
2	305	43	190
-1
2	304	634	762
-1
1	300	575	365
-1
1	302	837	406
-1
4	317	347	469
-1
2	300	177	521
-1
1	306	459	682
-1
3	306	890	341
-1
4	313	809	839
-1
3	313	649	477
-1
4	314	187	520
-1
4	307	665	305
665	156	305	
4	311	809	32
-1
1	308	741	868
-1
1	308	275	366
-1
4	301	172	594
-1
4	302	353	153
-1
3	314	391	194
-1
2	313	77	102
-1
3	301	262	803
-1
1	312	727	141
-1
1	317	534	805
-1
1	308	201	766
-1
4	307	285	658
-1
2	313	825	33
-1
1	306	86	256
-1
2	310	767	660
-1
2	303	381	150
-1
3	317	336	226
-1
1	319	281	539
-1
2	311	702	366
-1
4	316	847	51
-1
2	313	344	251
-1
3	310	824	587
-1
3	314	423	564
-1
4	310	388	649
-1
3	309	895	567
-1
3	311	705	47
-1
3	308	761	434
-1
1	307	18	714
-1
2	304	77	568
-1
4	314	328	514
-1
4	316	536	9
-1
2	303	661	884
-1
1	306	544	406
-1
2	306	510	794
-1
1	312	680	840
-1
2	318	662	696
-1
2	312	793	556
-1
3	317	301	573
-1
4	304	400	701
-1
1	309	864	181
-1
2	317	478	768
-1
1	312	395	529
-1
3	310	50	224
-1
2	303	268	733
-1
3	314	234	565
-1
3	309	818	378
-1
1	305	548	322
-1
1	309	660	622
-1
1	310	690	174
-1
1	302	386	137
-1
2	309	596	667
-1
2	309	865	213
-1
4	304	218	314
-1
2	309	28	581
-1
2	313	683	866
-1
4	302	377	783
-1
3	303	818	430
-1
3	316	15	242
-1
3	309	685	83
-1
2	318	307	468
-1
4	316	109	163
109	207	163	
4	308	730	128
-1
1	301	80	397
80	213	397	
2	313	604	424
-1
3	310	113	206
-1
3	304	238	634
-1
1	305	792	551
-1
1	318	715	618
-1
3	300	464	454
-1
2	308	385	760
-1
4	302	495	20
-1
4	301	371	749
-1
3	317	511	880
-1
4	300	64	584
-1
3	317	197	748
-1
4	302	399	138
-1
2	305	483	29
-1
3	302	149	796
-1
4	315	159	359
159	35	359	
1	306	200	795
-1
1	317	708	442
-1
2	305	582	812
-1
4	317	584	423
-1
2	312	81	486
-1
3	319	54	735
-1
3	316	283	285
-1
4	317	246	768
-1
1	312	811	68
-1
4	302	245	226
-1
1	308	80	477
-1
4	309	778	284
-1
2	301	595	866
-1
3	315	312	601
-1
1	312	9	681
-1
3	318	341	734
-1
2	303	573	117
-1
1	302	41	414
-1
3	301	438	324
-1
4	318	730	620
-1
4	315	584	751
-1
3	310	333	628
-1
2	307	522	374
-1
2	307	675	685
-1
1	308	350	746
-1
2	313	615	238
-1
4	301	713	810
-1
4	314	248	851
-1
2	309	550	440
-1
4	308	123	322
-1
2	310	822	5
-1
3	317	197	337
-1
3	310	859	11
-1
1	307	587	685
-1
2	304	14	187
-1
4	301	174	801
-1
2	303	220	665
-1
2	313	381	13
-1
2	304	108	614
-1
2	305	209	737
-1
4	310	30	710
-1
2	318	600	58
600	176	58	
3	308	898	16
-1
4	305	720	654
-1
2	311	379	668
-1
4	311	783	893
-1
4	315	577	212
-1
4	319	280	645
-1
1	313	833	804
-1
2	301	129	112
-1
2	310	595	141
595	20	141	
1	319	217	741
-1
3	314	175	790
-1
1	308	196	661
-1
4	307	1	140
-1
3	311	892	74
-1
4	303	835	650
-1
4	319	490	29
-1
3	302	262	13
-1
3	313	647	142
-1
2	306	868	788
-1
3	306	50	104
-1
2	307	189	278
-1
1	307	395	525
-1
3	318	303	525
-1
1	312	82	516
-1
4	313	754	450
-1
3	314	789	92
-1
1	318	568	353
-1
3	319	302	99
-1
1	318	147	118
-1
3	301	133	167
-1
4	311	11	407
-1
1	315	678	801
-1
3	300	258	204
-1
1	307	876	337
-1
4	309	720	190
-1
1	300	366	130
-1
2	304	40	749
-1
1	302	678	150
-1
4	311	610	297
-1
2	317	428	481
-1
4	303	402	492
-1
3	303	705	321
-1
4	318	632	578
-1
2	315	184	606
-1
4	316	252	477
-1
2	306	821	842
-1
3	314	633	33
-1
2	316	797	711
-1
1	304	211	472
211	84	472	
2	304	642	51
-1
3	307	391	504
-1
3	300	494	308
-1
4	309	549	40
-1
1	306	860	223
-1
3	303	555	526
-1
3	316	543	498
-1
2	309	609	230
609	35	230	
4	311	576	126
-1
4	314	744	388
-1
4	304	360	129
-1
4	308	456	519
-1
4	307	144	164
-1
1	306	256	713
-1
3	301	45	672
-1
1	318	544	378
-1
2	316	567	20
-1
2	317	635	681
-1
4	315	684	408
-1
3	302	647	251
-1
2	311	181	610
-1
3	301	718	165
718	88	165	
2	305	858	360
-1
4	317	405	615
-1
3	300	44	712
44	712	
1	317	857	355
-1
1	308	395	73
-1
2	308	483	707
-1
1	315	801	543
-1
3	317	396	341
-1
2	318	378	574
-1
3	303	541	391
-1
2	314	323	348
-1
2	309	268	804
-1
2	312	77	847
-1
2	306	609	855
-1
2	310	618	350
-1
1	316	646	832
-1
4	310	507	784
-1
3	311	774	331
-1
1	304	392	709
-1
2	314	670	401
-1
1	313	265	775
-1
2	308	220	194
-1
1	315	841	270
-1
1	309	373	30
-1
1	310	311	647
-1
1	314	321	393
-1
2	317	189	51
-1
2	308	600	824
-1
4	308	451	315
-1
4	300	875	137
-1
1	315	841	401
-1
3	308	306	620
-1
4	310	574	560
-1
1	319	841	84
-1
2	318	163	394
-1
1	302	733	766
-1
4	312	439	107
-1
1	315	877	706
-1
2	302	797	308
-1
4	318	577	334
-1
3	318	757	274
-1
1	310	864	631
-1
2	301	213	304
-1
4	305	835	297
-1
1	310	586	459
-1
1	316	84	343
-1
4	302	26	782
-1
1	319	18	810
-1
2	306	886	758
-1
2	311	268	434
-1
1	316	686	342
-1
4	306	656	306
-1
4	301	346	570
-1
1	317	700	556
-1
2	307	185	241
-1
1	310	115	325
-1
4	303	863	402
-1
3	304	817	472
-1
4	313	576	457
-1
1	318	694	776
-1
4	319	245	613
-1
1	316	121	368
-1
4	305	679	766
-1
2	300	641	565
-1
3	313	898	801
-1
3	317	818	15
-1
2	310	128	30
-1
2	301	323	846
-1
3	309	479	574
-1
2	304	492	367
-1
1	316	90	664
-1
2	316	81	784
81	199	784	
2	313	378	563
-1
1	309	395	355
-1
4	309	68	404
-1
1	315	881	321
-1
4	304	218	500
-1
1	302	60	822
-1
4	315	322	452
-1
4	313	243	95
-1
3	316	888	236
-1
3	312	396	317
-1
3	314	324	746
-1
4	300	117	240
-1
4	303	526	307
-1
1	304	887	287
-1
4	303	415	556
-1
4	317	819	668
-1
1	308	321	141
-1
2	303	448	383
-1
1	318	42	422
-1
4	306	298	870
-1
4	311	490	293
-1
3	303	396	462
-1
4	301	656	139
-1
3	300	420	126
-1
3	307	504	540
-1
1	314	239	510
-1
4	314	796	883
796	1	883	
1	309	5	430
-1
2	310	260	471
-1
3	319	750	821
-1
2	304	709	410
-1
2	305	512	858
-1
3	303	555	613
-1
4	308	109	184
109	50	184	
2	319	849	739
849	63	739	
2	309	448	78
-1
1	311	663	25
-1
3	312	169	81
-1
2	303	58	340
-1
2	315	421	242
-1
4	304	752	50
-1
2	313	476	561
-1
2	306	661	268
-1
3	301	85	376
-1
4	300	533	376
-1
3	309	725	823
-1
1	313	474	637
-1
3	314	257	858
-1
3	305	469	67
-1
3	306	304	487
-1
1	307	59	339
-1
4	300	276	814
-1
4	307	449	627
-1
3	314	387	711
-1
2	301	509	395
-1
4	303	521	219
521	29	219	
4	312	610	692
-1
4	309	775	100
-1
1	315	121	569
-1
3	314	707	872
-1
3	304	685	83
-1
3	309	765	358
-1
1	315	505	806
-1
2	305	512	293
512	145	293	
1	312	98	853
-1
1	310	59	473
-1
3	314	894	182
-1
2	313	618	108
-1
1	313	247	229
-1
3	317	895	87
-1
1	319	281	823
-1
1	308	5	687
-1
3	313	594	291
-1
1	317	62	854
-1
4	309	187	51
-1
1	301	811	161
-1
2	314	702	207
-1
2	314	488	824
-1
