1	92	142	2
142	2	
2	86	67	33
67	60	11	33	
4	82	168	39
168	37	164	39	
1	89	176	148
-1
1	91	170	52
-1
4	94	118	39
118	49	39	
1	88	46	5
46	21	5	
4	81	114	172
114	125	76	172	
3	89	152	22
152	98	22	
1	84	101	51
101	167	51	
1	85	56	192
56	64	192	
2	97	160	59
160	129	59	
4	88	186	178
186	31	178	
1	87	40	153
40	142	2	153	
2	99	49	123
49	43	123	
3	89	81	192
81	29	64	192	
2	93	67	37
67	7	56	37	
2	96	67	102
67	102	
2	97	49	5
49	5	
1	87	170	106
170	27	177	106	
3	91	6	113
-1
4	89	44	72
44	153	72	
1	98	161	10
161	65	10	
2	91	21	49
21	5	49	
3	85	29	50
29	151	50	
1	96	40	130
40	8	130	
3	84	89	148
89	68	148	
2	97	143	15
143	138	20	15	
4	82	119	15
119	11	15	
4	87	69	136
69	78	136	
3	99	68	141
68	164	141	
1	82	59	184
59	23	184	
4	83	60	97
60	168	97	
2	92	39	117
39	31	117	
3	81	122	97
122	56	15	97	
1	82	127	136
127	93	136	
4	89	75	25
-1
1	95	59	119
59	68	1	119	
4	89	96	37
96	123	18	37	
4	84	138	57
138	99	53	57	
1	97	37	125
37	133	76	125	
4	80	48	183
48	153	2	183	
2	88	83	195
83	97	14	195	
4	85	126	33
126	176	33	
1	93	170	106
170	27	177	106	
1	89	63	32
63	6	1	32	
4	85	85	58
85	66	58	
4	83	7	116
-1
4	99	94	163
-1
4	88	44	53
44	77	53	
4	92	80	41
80	104	41	
1	86	57	89
57	83	89	
1	80	170	123
170	82	103	123	
3	84	178	48
178	63	48	
4	89	55	18
55	32	18	
3	92	29	80
29	34	80	
2	89	90	117
90	67	117	
2	96	175	75
175	19	75	
3	99	178	168
-1
3	83	169	163
169	91	163	
3	83	17	195
17	164	14	195	
4	83	189	3
189	22	57	3	
4	85	48	172
48	172	
1	93	100	102
100	1	21	102	
2	82	185	108
-1
4	93	126	136
126	31	136	
2	81	99	177
99	23	177	
4	95	80	151
80	130	151	
4	95	177	80
177	67	80	
1	89	188	49
188	20	138	49	
1	83	51	17
51	7	17	
1	86	106	158
106	126	158	
3	89	50	5
50	42	5	
3	82	115	104
115	76	104	
2	90	180	40
180	18	165	40	
1	97	62	166
62	166	
1	94	176	16
176	141	16	
4	96	157	95
157	170	27	95	
1	96	165	23
165	18	68	23	
1	84	92	10
92	138	10	
3	92	181	12
-1
3	89	17	70
17	64	70	
4	93	55	119
55	111	60	119	
2	89	16	33
16	30	33	
3	88	79	13
79	159	13	
2	85	49	26
49	118	26	
2	80	58	153
58	125	76	153	
1	87	92	110
92	110	
3	89	29	26
29	83	26	
4	91	197	117
-1
2	94	13	49
13	166	49	
2	83	45	65
45	178	65	
3	93	35	119
35	39	119	
2	86	180	135
180	91	135	
3	90	29	13
29	83	78	13	
4	87	118	13
118	32	78	13	
3	80	123	70
-1
4	81	96	114
96	79	114	
4	86	163	94
163	100	78	94	
2	94	4	90
4	139	90	
4	82	7	54
7	54	
4	87	174	98
174	15	97	98	
1	97	57	84
57	149	84	
2	91	11	64
11	56	64	
3	95	149	92
149	98	92	
1	99	51	161
51	48	161	
2	81	130	36
-1
1	86	10	131
10	82	131	
2	99	151	45
151	130	45	
4	80	69	200
69	91	200	
1	93	103	7
103	58	7	
4	82	138	180
138	99	180	
4	86	85	188
-1
2	81	54	150
54	150	
4	84	158	50
158	126	50	
2	85	25	52
25	7	52	
2	92	105	182
105	1	182	
4	82	158	191
-1
2	98	124	94
124	69	94	
1	97	183	114
183	2	93	114	
3	83	35	17
35	65	17	
4	94	140	106
140	49	177	106	
2	94	143	142
143	82	142	
2	95	180	195
180	64	14	195	
3	85	33	152
33	176	152	
3	88	178	177
-1
3	89	35	33
35	55	33	
1	92	127	190
127	37	18	190	
1	97	101	113
101	98	113	
4	90	119	47
119	34	174	47	
3	98	136	81
136	40	81	
2	83	160	20
160	138	20	
3	84	66	113
66	76	113	
2	99	160	45
160	129	45	
4	82	108	77
108	44	77	
4	90	153	6
153	6	
4	82	153	40
153	6	165	40	
1	91	183	118
-1
1	95	107	18
107	75	108	18	
2	81	124	136
124	93	136	
2	81	54	72
54	32	72	
4	92	153	183
153	2	183	
4	97	108	48
108	90	48	
3	81	53	160
53	18	160	
2	89	144	67
144	60	67	
4	87	138	171
138	171	
1	98	109	123
109	117	18	123	
3	96	111	57
111	14	53	57	
4	93	55	163
55	93	163	
3	81	110	38
110	34	146	38	
4	92	12	44
12	36	44	
4	86	145	148
145	27	68	148	
3	85	98	55
98	135	55	
3	84	115	59
115	65	59	
3	82	128	2
128	91	2	
3	84	169	140
169	21	140	
2	99	16	48
16	153	48	
4	87	7	110
7	110	
4	82	163	164
163	112	164	
1	99	88	74
88	120	74	
3	82	149	85
149	84	164	85	
3	89	33	181
33	20	181	
2	96	99	78
99	78	
1	94	165	144
165	20	144	
2	88	141	23
141	164	68	23	
3	99	136	192
-1
3	98	52	159
52	7	56	159	
4	87	91	165
91	38	165	
4	91	91	79
91	108	79	
3	96	53	119
53	51	119	
2	92	4	67
4	72	67	
3	92	199	52
199	67	52	
4	90	140	150
140	1	150	
3	85	136	66
136	104	66	
2	80	143	7
143	7	
2	83	151	94
151	32	94	
3	81	50	145
50	27	145	
4	98	148	188
148	68	33	188	
1	88	107	78
107	110	78	
1	86	78	82
78	131	82	
4	85	26	37
26	127	37	
2	96	58	35
58	55	35	
3	97	71	175
71	45	175	
1	83	113	62
113	54	62	
3	89	50	4
50	151	4	
1	94	10	154
10	82	154	
1	98	113	155
113	53	155	
1	97	127	54
127	7	54	
2	94	105	161
105	98	161	
3	87	65	190
65	110	78	190	
4	84	192	16
192	6	165	16	
3	98	89	73
89	56	73	
4	84	85	95
85	140	95	
2	86	182	7
182	34	110	7	
4	81	145	57
145	73	57	
3	87	66	18
66	73	123	18	
4	81	80	131
80	6	131	
2	95	191	57
191	5	118	57	
1	95	88	113
-1
1	84	15	177
15	97	177	
1	91	22	120
22	189	4	120	
2	84	18	8
18	165	8	
2	98	49	92
49	138	92	
3	97	53	26
53	150	26	
3	85	71	122
71	18	68	122	
2	82	45	188
-1
4	84	172	19
172	118	19	
3	80	5	9
5	21	9	
4	92	140	49
140	49	
3	81	187	63
187	80	63	
2	92	24	36
24	91	108	36	
4	80	75	54
75	142	54	
2	83	151	102
151	20	15	102	
1	80	170	106
170	27	177	106	
2	82	99	129
99	25	129	
1	89	36	173
-1
2	99	38	144
38	77	144	
3	80	123	148
123	108	148	
1	88	15	40
15	81	40	
1	82	20	178
-1
4	89	153	1
153	6	1	
3	94	5	28
5	55	121	28	
3	87	65	178
65	178	
1	93	121	99
121	3	99	
3	81	1	197
1	120	11	197	
3	85	3	184
3	17	18	184	
2	80	144	22
144	166	22	
1	99	56	96
56	45	96	
1	98	176	62
176	152	62	
4	88	96	81
96	2	81	
1	80	78	185
78	20	185	
3	87	199	190
199	123	18	190	
4	85	174	6
174	34	6	
3	83	1	126
1	164	126	
1	92	86	79
86	117	18	79	
2	95	99	81
99	56	15	81	
1	88	84	177
84	27	177	
2	95	164	32
164	1	32	
2	89	144	7
144	17	7	
4	81	114	54
114	125	54	
4	86	14	83
14	97	83	
3	95	115	81
115	28	81	
3	80	42	54
42	154	82	54	
2	86	99	7
99	56	7	
4	84	55	92
55	72	6	92	
4	96	7	191
-1
4	92	94	74
94	32	74	
4	95	155	190
155	92	190	
1	93	62	85
-1
4	86	31	150
31	186	15	150	
3	88	33	164
33	68	164	
2	89	19	78
19	83	78	
4	94	146	71
146	43	173	71	
4	80	126	170
126	176	170	
2	92	184	24
184	23	24	
3	82	120	182
120	1	182	
3	87	89	27
89	68	27	
3	96	33	181
33	20	181	
1	80	9	195
9	59	14	195	
1	90	142	177
142	52	67	177	
3	85	81	9
81	9	
3	82	149	179
149	86	179	
3	92	50	76
-1
3	93	5	2
5	16	153	2	
1	96	117	137
117	82	27	137	
3	97	169	57
169	57	
4	96	163	97
-1
1	88	183	129
183	2	103	129	
2	82	39	137
39	137	
3	99	132	31
-1
4	99	174	111
174	47	14	111	
3	90	131	11
131	56	11	
4	85	14	13
14	72	13	
1	98	117	169
117	21	169	
2	95	143	85
143	70	162	85	
2	83	39	6
39	72	6	
4	99	69	120
69	44	120	
2	87	125	102
125	80	102	
1	96	113	93
113	57	93	
4	98	48	176
48	170	176	
4	80	159	101
159	167	101	
1	90	78	31
78	136	31	
4	82	80	195
80	6	195	
3	82	6	63
6	63	
1	87	84	5
84	16	5	
1	92	51	44
51	97	15	44	
3	83	74	64
74	49	64	
4	85	145	140
145	21	140	
3	97	193	52
193	7	52	
3	84	81	51
81	52	51	
3	84	199	9
199	123	9	
4	94	179	87
179	59	87	
1	88	121	118
121	19	118	
3	90	76	123
76	153	2	123	
4	95	198	159
-1
3	90	5	161
5	161	
3	85	169	35
169	105	35	
3	84	53	179
53	179	
2	87	190	123
190	18	123	
2	98	67	155
67	52	178	155	
3	86	71	153
71	2	153	
2	84	175	131
175	56	131	
3	82	61	4
61	154	4	
4	96	189	79
189	8	79	
3	86	131	76
131	148	76	
1	87	78	33
78	20	33	
1	93	20	1
20	41	1	
2	83	25	5
25	139	5	
1	86	121	194
121	28	194	
4	92	69	12
-1
2	85	19	82
19	10	82	
2	87	25	8
25	83	8	
1	90	22	20
22	151	20	
3	88	136	160
136	104	17	160	
2	96	124	43
124	9	43	
3	88	71	120
71	2	130	120	
2	80	130	92
130	53	155	92	
2	85	23	68
23	68	
1	98	46	189
46	21	189	
2	90	144	9
-1
4	83	197	27
-1
2	83	2	3
2	93	3	
2	94	41	24
41	1	24	
3	94	132	111
132	98	111	
3	96	52	35
52	114	35	
4	87	48	57
48	113	57	
3	98	76	186
-1
1	86	57	8
57	83	8	
1	86	194	5
194	49	5	
4	86	172	149
172	76	144	149	
4	92	114	145
114	93	55	145	
2	86	90	98
90	105	98	
2	82	25	90
25	139	90	
4	92	179	21
179	9	21	
2	98	93	73
93	57	73	
2	94	49	72
49	43	72	
3	99	29	148
29	68	148	
2	98	147	156
147	45	56	156	
4	83	85	149
-1
4	91	163	72
163	62	153	72	
2	87	49	138
49	138	
1	96	113	27
113	82	27	
2	85	180	51
180	87	51	
1	98	22	29
22	151	29	
4	82	174	74
174	47	74	
1	93	113	74
113	48	74	
1	80	59	102
59	43	102	
2	87	39	1
39	164	1	
4	87	177	85
177	18	151	85	
3	99	120	200
120	1	6	200	
4	88	163	48
163	157	170	48	
1	94	150	113
150	53	113	
4	96	138	92
138	92	
1	96	64	113
64	113	
4	89	114	38
-1
1	95	36	102
36	30	102	
3	96	29	161
29	64	161	
3	96	122	199
-1
3	93	169	127
169	63	127	
4	92	69	199
69	95	199	
1	91	88	161
-1
4	83	148	63
148	76	133	63	
3	86	82	200
82	60	200	
1	98	170	15
170	27	83	15	
2	88	38	128
38	91	128	
1	89	28	163
28	128	91	163	
1	89	195	144
-1
1	99	63	65
63	178	65	
3	86	132	185
132	3	185	
4	96	85	53
-1
4	96	189	92
-1
1	98	92	39
92	6	72	39	
4	90	108	72
108	75	147	72	
4	84	14	41
14	103	41	
2	84	185	79
-1
3	98	193	58
193	7	58	
4	81	102	52
102	67	52	
2	85	124	66
124	9	157	66	
2	90	143	197
-1
2	82	41	81
41	95	81	
4	86	137	21
137	9	21	
4	84	146	113
146	84	113	
1	96	64	172
64	70	172	
1	88	86	185
86	139	20	185	
3	98	171	169
-1
1	95	87	113
87	56	113	
1	98	165	15
165	20	15	
3	84	187	90
187	66	157	90	
1	80	72	184
72	6	92	184	
4	93	94	25
94	129	25	
3	85	169	113
169	57	113	
4	89	135	58
135	41	58	
2	80	139	74
139	32	74	
4	97	167	159
167	159	
1	85	36	81
36	12	81	
4	98	134	167
134	27	170	167	
3	84	42	84
42	164	84	
3	93	152	70
-1
3	88	128	141
-1
3	92	149	187
149	144	41	187	
