4	318	587	338
-1
2	315	38	364
-1
2	312	453	782
-1
4	310	356	803
-1
1	312	305	774
-1
3	314	580	58
-1
3	307	5	542
-1
1	312	851	691
-1
3	305	766	659
-1
3	312	695	714
-1
3	309	193	453
-1
1	305	491	490
-1
2	306	339	94
-1
4	300	691	449
-1
4	305	213	805
-1
2	302	245	484
-1
3	315	399	540
-1
1	306	98	543
-1
3	304	343	460
-1
3	309	348	254
348	287	254	
4	301	320	446
-1
4	303	682	89
-1
3	316	507	479
-1
2	317	265	269
-1
3	301	825	533
-1
1	317	462	777
-1
4	316	104	327
-1
1	310	340	425
-1
3	310	418	767
-1
2	303	202	266
-1
2	301	803	585
-1
3	301	5	418
-1
1	319	700	24
-1
1	319	588	340
-1
3	311	25	316
-1
3	319	319	777
-1
2	305	196	33
-1
2	309	664	372
-1
3	307	775	841
-1
3	312	445	142
445	385	142	
2	309	420	96
-1
1	306	893	100
-1
1	302	554	851
-1
1	313	745	539
-1
4	309	304	563
-1
1	305	447	881
-1
4	317	466	228
-1
2	300	864	892
-1
4	300	785	818
-1
4	313	573	362
-1
1	309	677	833
-1
4	300	466	826
-1
1	311	725	531
-1
3	301	159	376
-1
2	303	832	679
-1
4	316	21	278
-1
3	303	39	743
-1
3	306	88	706
-1
1	303	509	591
-1
4	316	21	315
-1
2	309	627	91
-1
1	306	376	609
-1
1	316	328	433
-1
2	311	231	591
-1
2	302	672	522
-1
3	319	828	595
-1
1	313	116	633
-1
4	311	531	720
-1
2	313	38	380
-1
4	307	413	401
-1
2	309	250	127
-1
2	317	71	554
-1
3	301	717	33
-1
2	303	93	264
-1
1	305	797	87
-1
3	311	379	14
-1
4	303	290	129
-1
3	302	43	660
-1
1	302	554	749
-1
2	314	807	261
-1
1	312	526	562
-1
2	317	336	632
-1
3	309	753	448
-1
2	312	807	593
-1
2	311	550	489
-1
1	304	867	19
-1
2	305	878	308
-1
1	316	673	350
-1
3	316	236	56
-1
2	308	230	862
-1
2	310	676	488
-1
3	301	348	875
-1
2	301	625	779
-1
2	313	86	685
-1
4	313	711	387
-1
2	311	522	353
-1
4	310	398	383
-1
1	319	403	155
-1
4	306	271	442
-1
1	300	887	723
-1
4	319	16	498
-1
4	313	658	897
-1
3	311	79	673
-1
1	308	52	759
-1
3	314	565	569
-1
3	318	770	190
-1
4	300	41	587
41	147	587	
3	315	571	142
-1
2	308	603	412
-1
4	311	689	451
-1
4	308	841	518
-1
3	317	580	327
-1
3	309	293	457
-1
2	307	837	509
-1
2	315	265	173
-1
1	316	131	95
-1
4	303	349	135
-1
3	316	102	758
-1
1	319	9	460
-1
4	301	357	300
-1
1	318	528	241
-1
4	304	349	872
-1
3	301	166	265
-1
2	301	707	253
-1
1	305	155	569
-1
3	319	222	699
-1
3	314	479	199
-1
3	303	474	300
-1
2	302	610	308
-1
4	313	309	717
-1
3	305	511	344
-1
4	317	381	744
-1
1	313	578	9
-1
1	317	331	768
-1
2	305	592	22
-1
4	315	229	295
-1
2	313	809	825
-1
4	305	675	398
-1
4	304	398	159
-1
1	300	632	520
-1
2	304	265	182
-1
1	319	243	562
-1
3	300	192	291
-1
2	307	457	673
-1
4	300	74	416
-1
3	314	259	645
259	77	645	
3	319	346	553
-1
3	308	579	327
-1
3	307	316	724
-1
4	318	361	455
-1
1	319	221	771
-1
4	312	477	165
-1
2	303	577	356
-1
1	307	737	812
-1
1	303	816	37
-1
4	307	16	347
-1
4	311	410	692
-1
1	309	781	371
-1
1	304	650	686
-1
2	310	729	198
-1
1	312	427	419
427	39	419	
3	317	306	47
-1
4	304	850	675
-1
2	308	733	563
-1
1	304	441	478
-1
2	311	616	493
-1
4	302	535	55
-1
3	304	106	887
-1
4	302	107	688
-1
2	319	831	568
-1
2	309	261	94
-1
3	308	565	451
-1
3	302	82	401
-1
3	317	7	285
-1
3	314	795	777
-1
3	319	771	492
-1
1	305	142	178
-1
1	311	257	335
-1
4	311	793	441
-1
4	318	215	423
-1
1	304	787	735
-1
1	306	28	400
-1
3	318	216	481
-1
2	303	231	539
-1
1	311	808	485
-1
2	315	62	356
-1
2	312	813	549
-1
1	307	718	857
-1
2	319	662	750
-1
3	302	393	64
-1
1	308	743	2
-1
2	307	287	30
-1
2	300	386	245
-1
2	310	884	527
-1
4	315	819	434
-1
4	302	631	496
-1
2	302	138	460
-1
1	319	670	278
-1
4	300	689	91
-1
4	315	301	535
-1
3	317	335	377
-1
1	306	203	716
-1
1	302	471	201
-1
3	309	423	236
-1
3	302	13	155
13	321	155	
4	309	140	837
-1
4	301	674	74
-1
4	310	857	795
-1
3	300	148	584
-1
4	306	188	36
-1
3	302	343	370
343	211	370	
4	309	552	572
-1
1	301	790	194
790	75	194	
4	317	425	616
-1
4	311	534	681
-1
4	307	228	820
-1
4	300	470	646
-1
4	314	271	602
-1
2	309	453	801
-1
1	304	673	140
-1
3	305	579	534
-1
3	317	13	186
-1
4	310	215	75
-1
2	318	616	499
-1
1	318	353	184
-1
3	309	244	464
-1
3	314	123	85
-1
3	307	75	355
-1
2	307	822	807
-1
3	318	351	631
-1
2	312	868	361
-1
1	317	853	425
-1
4	303	562	639
-1
4	314	413	355
-1
4	309	83	707
-1
3	312	433	103
433	50	103	
3	316	702	225
-1
3	302	769	300
-1
4	300	536	221
-1
4	302	256	623
-1
3	314	114	642
-1
1	319	506	595
-1
1	309	235	256
-1
2	303	91	720
-1
4	302	497	802
-1
3	316	186	386
-1
2	312	391	188
-1
3	311	679	56
-1
3	303	474	643
-1
3	318	174	898
-1
2	319	609	164
-1
1	305	503	721
-1
1	313	874	56
-1
3	304	84	198
-1
3	318	599	694
-1
3	303	73	879
-1
4	310	601	421
-1
3	317	454	200
-1
3	300	657	673
-1
2	309	181	898
-1
2	304	431	606
-1
4	305	370	261
-1
1	300	108	286
-1
2	317	101	421
-1
1	310	865	172
-1
3	300	683	244
-1
1	301	887	845
-1
3	312	429	450
-1
4	304	27	206
27	206	
3	301	319	386
-1
4	319	660	868
-1
2	311	265	338
265	130	338	
3	316	590	497
-1
1	317	122	597
-1
1	308	751	613
-1
1	303	273	448
-1
1	319	673	486
-1
1	308	646	14
-1
4	314	818	92
-1
4	311	814	462
-1
3	319	756	222
-1
3	308	507	538
-1
2	304	518	227
-1
1	312	866	400
-1
3	316	683	250
-1
4	303	723	522
-1
3	308	159	294
-1
2	302	438	92
-1
3	305	267	61
-1
1	307	353	875
-1
4	300	824	782
-1
4	317	415	388
415	298	388	
3	315	343	57
-1
3	314	767	22
-1
2	303	91	757
-1
1	316	28	631
-1
4	301	463	789
-1
1	312	432	327
-1
4	313	466	645
-1
2	307	591	97
-1
1	300	330	72
-1
4	307	290	487
-1
4	315	839	881
-1
3	308	766	800
-1
4	304	140	890
-1
3	315	715	69
-1
4	315	11	532
-1
3	301	553	115
-1
1	317	337	580
-1
4	305	182	322
-1
1	309	1	704
-1
4	315	601	145
-1
1	315	688	84
-1
4	314	35	849
-1
4	316	304	141
-1
3	304	428	7
-1
3	307	335	70
-1
3	301	183	674
-1
4	300	356	110
-1
4	314	274	292
-1
2	317	391	344
-1
3	301	580	45
-1
1	316	407	784
-1
1	317	163	819
-1
3	317	769	222
-1
4	315	517	701
-1
3	304	334	188
-1
3	317	681	370
-1
1	307	243	725
-1
1	310	435	150
-1
2	313	49	541
-1
3	309	418	220
-1
2	313	32	679
-1
2	311	628	841
-1
4	304	325	761
-1
3	304	214	430
-1
3	303	162	763
-1
2	304	126	543
-1
4	309	764	785
-1
1	310	663	320
-1
3	310	5	420
-1
3	302	590	838
-1
4	300	320	869
-1
4	312	885	648
-1
2	304	416	125
-1
3	313	272	390
-1
3	315	828	551
-1
2	310	672	677
-1
4	314	36	592
-1
1	305	177	354
-1
2	317	468	410
-1
3	314	450	99
-1
1	314	704	470
-1
3	301	736	454
-1
3	317	760	21
-1
2	307	645	292
-1
2	317	110	220
-1
4	305	338	891
-1
1	316	208	78
208	310	78	
3	309	862	255
-1
4	310	140	774
-1
1	309	737	323
-1
3	318	423	179
-1
2	304	129	14
-1
3	304	482	774
-1
3	316	60	570
-1
4	307	27	679
-1
1	317	596	116
-1
2	314	42	323
-1
4	300	78	337
-1
2	313	520	528
-1
4	308	470	364
-1
3	306	571	838
-1
1	311	190	66
-1
3	316	366	547
-1
1	305	510	658
-1
1	316	98	684
-1
4	303	805	432
-1
3	318	654	473
-1
2	314	529	602
-1
3	313	761	221
-1
1	316	867	743
-1
2	305	395	413
-1
3	310	153	654
-1
4	308	824	119
-1
3	306	521	629
-1
3	301	838	778
-1
2	312	34	683
34	683	
3	316	350	436
350	436	
3	318	88	116
88	221	116	
3	310	214	877
-1
1	312	867	895
-1
2	305	135	389
-1
1	310	240	541
-1
1	309	462	516
-1
1	309	382	188
-1
4	306	8	126
-1
4	308	422	211
-1
3	316	314	560
-1
3	311	731	699
-1
