4	119	259	58
-1
2	108	56	255
-1
4	113	76	278
-1
4	115	140	223
-1
1	116	216	292
-1
4	112	81	152
-1
1	108	75	20
75	20	
4	114	240	12
-1
3	117	193	46
-1
4	100	81	33
-1
3	117	169	291
-1
4	104	28	98
28	22	98	
3	113	37	173
-1
1	107	230	65
-1
1	118	237	280
-1
4	102	233	112
-1
1	113	277	238
-1
3	116	6	177
-1
3	101	92	122
-1
3	113	209	254
-1
2	115	249	122
-1
3	105	47	150
-1
2	109	203	238
203	9	238	
3	113	36	219
36	66	219	
4	105	144	207
-1
4	108	294	191
-1
1	106	48	168
-1
2	114	121	225
-1
4	107	257	16
257	17	16	
1	100	191	276
-1
2	102	156	225
-1
2	111	112	23
-1
2	100	217	277
-1
4	118	246	12
-1
3	116	92	207
-1
3	106	269	201
-1
2	105	9	300
-1
1	109	287	121
-1
4	116	194	129
-1
2	104	221	71
221	7	71	
4	108	202	227
-1
2	102	4	90
4	90	
3	110	7	58
7	71	58	
3	101	299	55
-1
3	100	209	146
-1
2	100	25	166
-1
4	119	31	227
-1
4	111	257	213
-1
1	112	158	106
-1
4	102	127	79
-1
3	100	71	280
-1
3	109	291	35
-1
4	106	233	41
-1
2	101	203	39
-1
4	118	236	299
-1
1	116	176	23
-1
3	102	68	53
68	20	53	
4	106	260	61
260	24	61	
2	112	272	271
-1
4	110	215	97
-1
1	101	230	167
-1
1	115	170	157
-1
3	107	200	141
-1
2	117	38	95
-1
4	115	179	30
-1
4	117	270	258
-1
3	101	226	25
-1
4	102	108	284
-1
3	112	6	7
-1
4	100	10	273
-1
3	106	92	202
-1
4	114	153	72
-1
3	114	248	23
-1
2	108	135	60
-1
2	109	112	239
-1
1	106	139	260
-1
2	103	136	185
-1
4	106	238	44
-1
3	104	152	49
-1
3	117	36	59
-1
4	118	16	150
16	17	150	
3	101	162	55
-1
1	103	216	54
-1
3	103	162	189
-1
1	113	150	52
-1
2	112	219	191
-1
4	108	298	78
-1
3	111	101	15
-1
2	111	239	218
-1
1	101	84	253
-1
3	111	253	268
-1
2	117	271	181
-1
1	110	165	148
-1
4	110	28	9
-1
2	102	3	210
-1
3	104	268	181
-1
4	113	140	178
-1
2	100	300	30
-1
4	117	151	268
-1
1	102	155	103
-1
1	101	216	55
-1
4	102	179	78
-1
3	101	196	242
-1
3	102	267	21
267	21	
1	103	277	24
-1
2	103	91	291
-1
4	112	147	183
-1
4	101	281	182
-1
3	101	181	85
-1
4	103	298	239
-1
4	110	172	154
-1
3	107	14	33
-1
3	108	88	228
-1
4	108	61	194
-1
4	103	43	223
-1
1	114	287	13
-1
3	108	162	160
-1
4	109	215	140
-1
1	113	48	72
-1
2	111	149	121
-1
3	117	105	293
-1
2	109	115	6
-1
4	108	202	93
-1
4	114	282	153
-1
3	116	82	248
-1
1	100	206	286
-1
2	119	72	147
-1
1	110	120	61
-1
3	101	49	161
49	11	161	
2	102	115	9
-1
4	106	118	113
-1
2	111	275	279
275	2	279	
1	115	216	180
-1
2	119	137	213
-1
2	118	251	295
-1
2	103	39	200
-1
1	110	139	23
-1
4	102	151	142
-1
1	102	53	242
-1
3	111	27	108
-1
2	115	121	226
-1
1	114	207	200
-1
4	105	298	168
-1
1	118	285	4
-1
1	112	176	254
-1
2	103	15	44
15	105	117	44	
2	105	138	234
-1
4	118	108	136
-1
1	111	191	189
-1
4	119	133	215
-1
2	104	136	87
136	8	87	
2	115	4	293
-1
2	102	98	42
-1
4	117	175	26
-1
3	102	113	201
-1
1	105	45	215
45	2	215	
2	111	280	105
-1
1	106	237	212
-1
3	114	35	154
-1
4	100	127	39
-1
3	106	78	226
-1
4	110	202	229
-1
4	111	29	78
-1
4	108	24	253
-1
1	109	21	65
-1
4	115	24	162
-1
2	111	121	141
-1
3	115	152	78
-1
3	108	19	164
-1
2	118	125	42
-1
3	104	198	119
-1
2	112	56	72
-1
1	110	207	101
-1
1	102	150	124
-1
2	118	119	196
-1
1	119	40	271
-1
2	112	227	92
-1
2	101	219	295
-1
1	104	174	65
-1
1	106	34	190
34	5	190	
4	116	233	139
-1
3	108	109	194
-1
2	100	213	152
-1
4	115	43	2
-1
3	110	177	120
-1
4	101	128	211
-1
4	104	187	137
187	15	18	137	
1	110	139	55
139	49	27	55	
4	115	220	280
-1
2	116	217	66
-1
3	114	255	298
-1
3	119	111	158
-1
2	111	91	70
-1
1	112	171	165
-1
1	103	126	93
-1
4	113	29	220
29	14	7	220	
4	101	202	107
-1
3	108	218	297
-1
1	107	228	269
-1
2	112	55	185
-1
3	101	71	191
-1
1	118	277	1
-1
3	100	129	92
-1
4	104	80	14
-1
1	108	84	192
-1
4	108	259	220
-1
4	106	44	121
-1
3	102	265	90
-1
3	102	293	17
-1
3	118	1	72
-1
2	108	125	194
-1
3	109	299	223
-1
1	112	277	51
-1
3	117	129	182
-1
2	108	145	265
-1
2	119	254	275
-1
4	111	282	18
-1
2	100	168	282
-1
2	117	102	275
-1
1	100	57	27
-1
3	105	195	203
-1
4	119	224	201
-1
3	109	253	230
-1
3	102	177	58
-1
4	106	114	203
-1
2	112	295	156
-1
3	109	94	189
-1
4	111	66	108
-1
3	117	178	261
-1
3	103	255	17
255	18	70	17	
1	105	207	212
-1
3	118	105	135
105	15	135	
4	107	224	139
-1
3	104	94	67
-1
3	118	248	232
-1
2	105	15	226
-1
1	113	159	72
-1
3	112	269	189
-1
4	113	60	66
-1
3	101	177	73
-1
2	112	72	31
-1
3	118	169	135
-1
4	108	167	59
-1
3	114	94	204
-1
3	106	131	151
-1
1	103	69	217
69	5	217	
4	114	215	76
-1
2	102	300	44
-1
3	100	193	155
-1
2	112	98	83
-1
3	102	19	206
-1
1	117	204	74
-1
2	107	222	293
-1
3	110	131	138
-1
2	112	157	268
-1
2	109	63	37
-1
1	116	247	3
-1
3	119	253	54
-1
4	105	148	246
-1
4	107	108	95
-1
1	112	192	166
-1
2	117	254	69
-1
2	109	203	42
-1
4	107	210	224
-1
4	106	172	81
-1
3	114	37	195
-1
4	116	66	141
66	30	141	
2	110	274	146
-1
1	107	225	293
-1
4	114	30	152
-1
3	119	269	43
-1
4	107	61	296
-1
4	108	30	251
-1
2	104	292	212
-1
2	104	91	136
-1
2	118	157	172
-1
4	111	12	289
-1
4	116	220	262
-1
3	100	182	186
-1
3	111	90	267
-1
4	113	144	235
-1
2	100	115	47
-1
2	110	102	76
-1
3	102	182	119
-1
3	109	186	209
-1
4	100	270	118
-1
3	100	1	129
-1
4	101	172	100
-1
4	118	240	282
-1
2	104	300	123
-1
2	118	211	18
-1
3	104	164	132
-1
3	111	164	285
-1
4	110	167	166
-1
4	118	81	104
-1
3	115	130	125
-1
2	115	50	125
-1
4	107	62	48
-1
1	108	283	287
-1
3	102	193	286
-1
4	111	17	196
-1
4	114	127	111
-1
3	118	231	275
-1
3	115	162	193
-1
2	118	212	273
-1
4	115	223	102
-1
2	119	50	203
-1
3	107	6	264
-1
1	113	165	298
-1
2	111	5	190
5	190	
3	118	267	206
-1
2	109	50	32
-1
4	115	264	14
264	7	14	
4	107	214	227
-1
4	119	29	191
29	26	191	
2	112	300	113
-1
4	114	147	214
-1
4	109	66	271
-1
2	106	85	135
-1
2	115	39	139
-1
3	112	82	157
-1
3	115	20	206
-1
1	100	69	169
-1
3	106	196	134
-1
1	108	216	215
-1
2	100	154	266
-1
4	106	298	112
-1
2	116	292	177
-1
3	111	1	262
-1
1	101	59	52
-1
3	118	6	185
-1
4	103	210	204
-1
2	104	145	25
-1
1	117	197	220
-1
1	103	176	135
-1
4	108	44	40
-1
2	119	77	38
77	18	38	
2	108	23	81
-1
3	101	291	134
-1
3	112	42	192
-1
3	116	36	198
-1
2	111	134	107
-1
3	115	189	4
-1
3	107	113	200
113	4	200	
4	113	223	127
-1
4	112	246	171
-1
3	101	235	247
-1
3	102	86	21
-1
4	115	114	11
-1
1	118	155	105
-1
1	115	247	140
-1
2	114	275	273
-1
1	117	207	161
-1
4	108	214	26
-1
2	115	141	300
-1
2	117	254	245
-1
1	103	159	231
-1
3	103	100	17
-1
1	105	174	130
-1
4	109	81	285
-1
4	108	180	283
180	3	283	
2	112	227	10
-1
4	105	81	268
81	68	20	268	
1	110	290	181
-1
4	109	151	74
-1
2	105	138	79
138	93	79	
2	116	295	237
295	7	237	
1	112	150	89
-1
2	101	25	14
-1
4	117	210	147
-1
3	112	200	26
-1
4	101	80	4
-1
4	108	233	85
-1
4	100	298	126
-1
4	105	140	276
140	22	27	276	
4	104	281	113
-1
4	112	66	159
-1
3	112	82	8
-1
1	106	166	32
-1
4	112	80	294
-1
1	109	277	193
-1
3	104	209	272
-1
4	100	202	256
202	11	256	
1	106	110	5
-1
2	113	3	144
-1
3	118	268	124
-1
1	116	64	242
-1
3	104	97	23
97	23	
1	107	21	241
-1
1	100	207	20
-1
3	104	291	48
-1
3	108	152	9
-1
4	103	17	210
-1
4	108	17	72
-1
3	103	195	74
-1
3	119	49	93
-1
4	100	67	157
-1
1	114	243	5
-1
4	114	179	25
-1
4	113	199	284
-1
