4	312	6	58
6	174	58	
4	309	21	92
-1
1	305	68	29
-1
3	316	90	197
-1
4	308	52	13
52	69	13	
3	304	15	45
-1
4	318	84	35
84	175	35	
4	314	154	180
-1
3	312	187	29
-1
1	312	151	118
-1
4	309	128	123
-1
1	313	81	96
81	121	96	
1	313	142	163
-1
4	309	167	4
-1
4	313	35	7
35	161	7	
3	317	83	174
-1
2	303	148	57
-1
1	303	18	11
18	186	11	
2	311	152	149
-1
1	300	116	51
116	38	51	
3	315	80	130
80	122	130	
2	310	102	10
-1
4	304	167	151
167	151	
1	319	60	69
60	78	69	
1	306	101	103
-1
4	319	154	138
-1
2	307	3	85
3	126	85	
1	309	87	54
-1
2	309	102	158
102	20	158	
3	311	145	25
-1
2	301	106	105
-1
1	310	93	158
-1
4	313	23	124
-1
1	313	19	183
-1
1	316	18	35
18	186	35	
1	305	24	140
24	140	
4	301	155	142
-1
1	314	95	180
95	68	180	
3	311	196	33
196	35	33	
1	316	46	178
-1
1	312	49	35
-1
2	309	30	127
-1
2	312	173	101
-1
1	306	18	119
18	95	119	
3	300	131	136
131	52	136	
2	319	99	160
99	95	160	
2	312	4	66
4	99	66	
3	304	145	160
-1
3	316	140	108
140	196	108	
3	305	43	153
43	9	153	
2	319	171	153
-1
2	317	3	183
3	68	183	
1	317	192	107
-1
1	315	56	124
-1
2	311	102	54
102	166	54	
1	302	182	153
182	23	153	
2	307	153	108
153	83	108	
1	319	18	53
18	50	53	
3	306	62	144
62	8	144	
3	310	90	138
90	34	138	
2	302	48	109
48	83	109	
2	316	39	111
39	62	111	
4	302	157	55
157	16	55	
1	317	174	110
174	19	110	
3	303	62	12
62	12	
2	307	133	145
133	45	145	
2	314	67	98
-1
1	318	66	115
-1
2	301	25	128
-1
3	319	43	169
43	9	169	
1	307	165	16
-1
4	309	40	7
40	34	7	
2	303	48	163
-1
1	313	163	88
-1
2	304	200	149
-1
3	300	43	33
-1
3	317	190	99
190	25	99	
1	303	197	165
197	4	165	
1	302	55	141
55	86	141	
4	311	9	136
-1
4	318	100	52
100	158	52	
2	304	99	91
99	83	91	
4	318	8	91
8	91	
4	318	172	53
-1
1	306	197	4
197	4	
2	311	33	199
-1
2	309	13	140
13	86	140	
3	305	91	136
-1
4	306	186	143
-1
3	313	161	151
-1
2	304	104	50
-1
3	307	62	148
62	146	148	
1	317	179	107
-1
4	301	9	78
9	62	78	
4	316	127	26
127	53	26	
4	314	146	58
-1
1	314	197	71
-1
3	301	98	113
-1
4	303	164	50
164	18	50	
1	313	170	10
170	61	10	
3	314	15	113
15	144	113	
1	313	159	127
-1
3	300	98	105
98	105	
3	309	175	65
-1
4	315	8	192
8	21	192	
1	312	45	89
45	154	89	
3	314	79	85
79	71	85	
1	306	5	182
-1
2	316	67	145
-1
2	317	22	66
22	138	66	
4	310	128	80
128	80	
2	316	82	191
82	56	191	
1	312	136	88
136	15	88	
1	316	96	15
96	147	15	
3	319	85	22
85	60	22	
4	307	52	18
-1
4	311	125	49
125	49	
1	305	19	53
19	106	53	
3	301	178	71
-1
4	307	186	45
-1
2	318	3	172
3	17	172	
3	308	85	5
-1
3	308	141	140
141	57	140	
4	302	53	187
53	21	187	
1	315	182	24
-1
4	313	53	75
53	75	
3	301	61	151
-1
2	305	104	170
104	61	170	
1	308	81	99
81	173	99	
2	312	3	36
-1
3	303	190	38
190	25	38	
2	307	160	123
-1
3	319	121	15
121	100	15	
2	317	169	20
-1
4	300	183	153
-1
1	307	170	5
170	82	5	
3	317	175	65
-1
2	318	28	121
-1
2	316	134	1
134	1	
3	303	62	3
62	22	3	
4	301	186	144
-1
1	315	81	56
-1
3	301	180	176
-1
1	300	19	96
19	106	96	
4	304	149	78
-1
1	309	101	199
-1
4	305	128	174
-1
2	305	106	1
106	70	1	
2	318	4	86
4	109	86	
2	300	153	99
153	83	99	
1	316	136	84
136	84	
1	311	109	164
-1
2	306	156	144
156	59	144	
1	313	170	114
-1
1	302	2	14
2	92	14	
3	300	187	115
187	21	115	
4	313	176	42
-1
4	306	181	99
-1
3	311	107	55
107	55	
1	310	185	7
-1
2	313	17	94
17	94	
2	309	193	155
-1
4	304	176	62
176	12	62	
2	309	134	31
134	31	
3	303	187	33
-1
4	317	69	19
69	108	19	
2	310	150	146
-1
4	309	155	126
155	27	126	
3	303	161	184
-1
4	301	53	120
-1
3	306	43	89
-1
1	300	68	33
68	177	33	
4	314	57	9
-1
3	316	141	142
141	101	142	
3	308	91	81
91	106	81	
4	318	6	149
-1
3	315	83	50
-1
2	301	153	5
153	5	
3	316	74	117
-1
1	316	97	169
-1
4	316	78	163
78	8	163	
4	308	57	183
-1
2	316	189	39
-1
4	310	183	132
183	37	132	
2	310	160	174
160	51	174	
3	310	120	131
-1
3	312	51	13
51	174	13	
1	308	126	117
126	83	117	
3	304	79	143
79	143	
4	305	16	39
16	45	39	
1	319	24	69
24	78	69	
3	301	120	125
-1
2	312	48	113
-1
3	315	137	48
137	73	48	
3	300	119	159
119	159	
4	310	181	78
-1
2	314	191	80
-1
2	302	3	6
3	174	6	
4	304	123	84
123	18	84	
4	303	8	51
8	168	51	
2	303	13	74
13	44	74	
4	319	84	145
-1
4	311	186	193
186	18	193	
4	310	78	81
78	8	81	
1	308	5	199
-1
4	306	105	179
-1
4	317	135	121
135	38	121	
3	302	129	76
-1
2	318	191	198
191	6	198	
3	300	196	5
196	35	5	
2	314	191	169
191	61	169	
4	318	6	53
6	106	53	
3	302	145	190
-1
2	314	148	67
-1
2	312	199	71
-1
4	310	7	175
-1
1	303	45	61
45	61	
1	318	163	189
-1
1	315	37	131
-1
4	312	147	78
147	27	78	
2	300	108	20
108	83	20	
4	304	94	25
-1
1	313	24	121
-1
4	311	147	69
-1
4	301	53	19
53	131	19	
4	307	6	25
6	73	25	
3	319	88	22
88	60	22	
3	319	91	136
-1
2	302	169	124
-1
1	319	197	71
-1
1	311	29	130
-1
4	307	181	23
181	41	23	
4	308	186	46
186	46	
1	308	179	144
179	67	144	
2	306	191	197
191	4	197	
1	302	24	2
24	180	2	
2	303	184	41
-1
4	310	155	132
155	60	132	
1	314	115	52
-1
4	316	157	48
157	48	
2	305	28	76
28	69	76	
3	307	119	57
-1
3	304	187	194
187	9	194	
4	308	127	172
-1
1	304	87	114
87	128	114	
2	317	113	90
-1
2	309	67	25
67	179	25	
3	300	43	179
-1
2	312	153	93
153	76	93	
2	311	139	49
-1
4	307	195	29
-1
3	315	180	147
-1
2	308	139	85
139	6	85	
4	311	144	163
-1
2	317	92	49
-1
4	306	188	113
-1
1	310	37	180
-1
1	308	126	22
126	3	22	
2	313	99	174
99	4	174	
4	313	123	113
123	151	113	
2	301	194	59
-1
3	300	141	39
-1
2	304	48	177
-1
2	319	148	120
-1
2	307	20	163
-1
1	312	109	150
109	4	150	
4	311	135	138
-1
3	312	137	64
137	53	64	
4	317	117	114
117	16	114	
3	301	190	36
190	34	36	
4	300	16	29
16	45	29	
4	318	117	122
117	59	122	
4	306	117	169
-1
4	318	154	69
154	69	
2	300	153	88
153	23	88	
2	302	152	148
-1
4	319	64	82
-1
3	314	107	170
107	61	170	
1	307	19	38
19	38	
4	302	9	28
9	28	
1	303	110	195
-1
3	304	70	63
-1
2	304	20	132
20	90	132	
4	312	147	85
147	85	
1	311	97	189
-1
4	318	57	92
-1
3	311	119	108
119	178	108	
1	300	71	14
71	120	14	
3	318	85	185
85	24	185	
1	317	165	193
-1
3	311	79	102
-1
2	305	22	124
22	124	
3	316	86	143
86	91	143	
1	300	71	41
-1
4	300	123	137
-1
4	312	167	146
167	151	146	
1	311	5	64
5	129	64	
3	304	77	86
77	198	86	
4	308	69	171
69	108	171	
2	312	99	87
-1
2	314	156	165
156	59	165	
1	309	159	187
-1
2	303	25	72
25	14	72	
4	304	21	94
21	53	94	
2	312	54	169
54	48	169	
3	317	26	135
26	5	135	
3	313	90	139
90	52	139	
3	318	61	167
61	107	167	
4	300	198	36
-1
4	306	166	134
166	54	134	
3	303	79	42
-1
1	309	45	152
-1
2	300	134	128
-1
4	306	69	149
69	134	149	
1	314	93	154
-1
3	308	158	179
-1
4	318	167	21
167	107	21	
1	305	192	81
-1
4	312	103	78
103	60	78	
4	317	135	196
-1
2	310	54	26
54	64	26	
3	302	137	22
137	22	
4	309	6	107
-1
3	309	98	175
-1
4	314	84	20
84	155	20	
3	305	38	177
-1
4	305	78	95
-1
4	305	57	87
57	163	87	
4	315	154	189
-1
3	310	38	123
-1
4	315	7	128
7	41	128	
1	316	18	64
-1
3	314	132	69
132	69	
2	308	173	167
-1
1	307	115	2
-1
4	303	9	192
9	43	192	
2	318	34	69
34	150	69	
3	316	79	77
79	77	
4	316	157	182
157	16	182	
1	310	112	171
-1
3	318	14	178
-1
3	301	141	147
141	113	147	
4	310	89	30
89	120	30	
4	308	143	2
143	171	2	
2	309	171	116
171	108	116	
1	312	19	125
-1
2	301	194	110
-1
4	309	64	141
-1
2	311	20	97
-1
1	301	116	160
-1
1	310	87	125
-1
1	308	185	65
-1
3	317	98	153
98	83	153	
4	311	128	95
-1
2	306	28	17
-1
1	302	130	35
-1
2	312	22	181
22	41	181	
4	304	135	44
-1
4	300	125	16
-1
1	311	96	131
96	147	131	
2	315	189	169
-1
3	311	12	105
12	98	105	
3	303	132	3
132	88	3	
1	309	130	82
-1
1	317	81	110
-1
2	304	99	39
99	49	39	
3	304	42	12
42	56	12	
1	307	46	147
-1
3	302	190	71
-1
1	305	182	118
-1
3	313	85	58
85	165	58	
1	318	112	69
112	64	69	
2	312	3	1
3	174	1	
1	313	46	82
-1
1	302	87	114
87	128	114	
4	312	144	12
-1
4	304	188	5
188	26	5	
4	302	164	50
164	18	50	
2	312	32	191
-1
1	301	66	124
66	124	
4	318	183	8
-1
4	319	69	119
69	156	119	
3	311	59	73
-1
3	312	51	118
-1
3	305	124	156
-1
3	308	107	52
107	61	52	
1	313	31	39
-1
3	314	15	3
15	88	3	
1	317	49	186
49	18	186	
2	300	1	3
1	174	3	
2	300	22	138
22	138	
4	310	53	6
53	24	6	
2	303	152	64
-1
2	312	3	114
3	22	114	
1	300	87	37
-1
4	311	84	95
84	18	95	
2	301	92	126
92	126	
4	315	57	92
-1
1	312	24	141
-1
4	315	181	93
-1
