4	306	186	143
186	143	
3	313	161	151
-1
1	304	104	50
-1
3	307	62	148
-1
4	317	179	107
-1
4	301	9	78
9	77	78	
3	316	127	26
-1
4	314	146	58
146	20	58	
2	314	197	71
-1
1	301	98	113
-1
3	303	164	50
-1
4	313	170	10
-1
3	314	15	113
15	27	113	
2	313	159	127
159	27	127	
1	300	98	105
-1
4	309	175	65
175	54	65	
1	315	8	192
-1
3	312	45	89
-1
2	314	79	85
79	7	85	
1	306	5	182
-1
4	316	67	145
67	63	145	
1	317	22	66
22	49	66	
4	310	128	80
128	80	
3	316	82	191
-1
2	312	136	88
-1
1	316	96	15
96	38	15	
2	319	85	22
85	139	22	
1	307	52	18
-1
1	311	125	49
-1
4	305	19	53
19	70	53	
3	301	178	71
178	16	71	
4	307	186	45
-1
4	318	3	172
-1
2	308	85	5
85	39	5	
2	308	141	140
-1
2	302	53	187
-1
1	315	182	24
182	23	24	
2	313	53	75
53	4	75	
2	301	61	151
61	2	151	
1	305	104	170
104	30	170	
4	308	81	99
81	180	99	
4	312	3	36
-1
3	303	190	38
-1
4	307	160	123
-1
1	319	121	15
121	56	15	
4	317	169	20
-1
3	300	183	153
183	29	153	
4	307	170	5
170	73	5	
4	317	175	65
175	54	65	
2	318	28	121
-1
3	316	134	1
-1
3	303	62	3
-1
4	301	186	144
-1
4	315	81	56
81	104	56	
4	301	180	176
-1
4	300	19	96
19	138	96	
4	304	149	78
149	167	78	
3	309	101	199
-1
4	305	128	174
-1
4	305	106	1
106	140	1	
2	318	4	86
4	160	86	
2	300	153	99
-1
2	316	136	84
-1
2	311	109	164
-1
2	306	156	144
-1
4	313	170	114
170	73	114	
1	302	2	14
-1
2	300	187	115
-1
2	313	176	42
-1
3	306	181	99
181	9	99	
2	311	107	55
-1
1	310	185	7
185	17	7	
3	313	17	94
17	94	
3	309	193	155
-1
2	304	176	62
176	125	62	
3	309	134	31
134	36	31	
2	303	187	33
-1
1	317	69	19
-1
4	310	150	146
-1
2	309	155	126
155	83	126	
3	303	161	184
161	36	184	
2	301	53	120
-1
4	306	43	89
43	113	89	
1	300	68	33
-1
2	314	57	9
57	63	9	
2	316	141	142
141	55	142	
3	308	91	81
91	151	81	
2	318	6	149
6	4	149	
3	315	83	50
83	4	50	
2	301	153	5
153	34	5	
1	316	74	117
-1
4	316	97	169
-1
3	316	78	163
-1
2	308	57	183
-1
4	316	189	39
-1
3	310	183	132
183	18	132	
4	310	160	174
160	14	174	
4	310	120	131
-1
2	312	51	13
51	132	13	
4	308	126	117
-1
2	304	79	143
-1
2	305	16	39
-1
4	319	24	69
-1
4	301	120	125
-1
1	312	48	113
48	97	113	
2	315	137	48
137	20	48	
1	300	119	159
119	62	159	
3	310	181	78
-1
4	314	191	80
-1
4	302	3	6
-1
3	304	123	84
-1
1	303	8	51
8	28	51	
3	303	13	74
13	50	74	
1	319	84	145
84	12	145	
4	311	186	193
-1
3	310	78	81
78	34	81	
1	308	5	199
-1
2	306	105	179
105	117	179	
3	317	135	121
-1
1	302	129	76
-1
4	318	191	198
-1
2	300	196	5
-1
4	314	191	169
191	18	169	
2	318	6	53
6	4	53	
1	302	145	190
-1
3	314	148	67
-1
3	312	199	71
-1
2	310	7	175
-1
3	303	45	61
45	6	61	
2	318	163	189
-1
2	315	37	131
-1
4	312	147	78
-1
4	300	108	20
108	58	20	
3	304	94	25
-1
4	313	24	121
-1
4	311	147	69
147	79	69	
2	301	53	19
53	70	19	
2	307	6	25
6	4	25	
3	319	88	22
-1
3	319	91	136
-1
4	302	169	124
169	167	124	
2	319	197	71
-1
3	311	29	130
-1
3	307	181	23
-1
4	308	186	46
-1
4	308	179	144
-1
4	306	191	197
-1
4	302	24	2
24	114	2	
4	303	184	41
184	68	41	
2	310	155	132
-1
1	314	115	52
115	23	52	
4	316	157	48
157	46	48	
2	305	28	76
28	93	76	
1	307	119	57
-1
2	304	187	194
-1
3	308	127	172
-1
4	304	87	114
-1
1	317	113	90
113	43	90	
4	309	67	25
-1
4	300	43	179
43	179	
2	312	153	93
-1
1	311	139	49
-1
1	307	195	29
-1
4	315	180	147
-1
1	308	139	85
139	85	
3	311	144	163
-1
4	317	92	49
92	49	
1	306	188	113
-1
2	310	37	180
-1
4	308	126	22
126	26	22	
1	313	99	174
-1
3	313	123	113
123	27	113	
2	301	194	59
194	43	59	
2	300	141	39
141	57	39	
1	304	48	177
48	6	177	
3	319	148	120
-1
2	307	20	163
20	163	
2	312	109	150
-1
3	311	135	138
-1
2	312	137	64
-1
2	317	117	114
117	72	114	
3	301	190	36
-1
2	300	16	29
-1
2	318	117	122
117	72	122	
2	306	117	169
-1
1	318	154	69
-1
2	300	153	88
-1
4	302	152	148
-1
3	319	64	82
64	72	82	
2	314	107	170
-1
4	307	19	38
-1
4	302	9	28
9	181	28	
3	303	110	195
-1
2	304	70	63
70	82	63	
2	304	20	132
20	51	132	
4	312	147	85
-1
4	311	97	189
-1
2	318	57	92
-1
1	311	119	108
119	108	
1	300	71	14
-1
2	318	85	185
-1
4	317	165	193
-1
2	311	79	102
79	7	102	
1	305	22	124
-1
3	316	86	143
-1
1	300	71	41
71	41	
3	300	123	137
123	22	137	
4	312	167	146
167	149	146	
1	311	5	64
-1
3	304	77	86
77	11	86	
1	308	69	171
69	46	171	
1	312	99	87
99	180	87	
2	314	156	165
-1
2	309	159	187
-1
2	303	25	72
25	64	72	
1	304	21	94
-1
3	312	54	169
54	118	169	
4	317	26	135
26	1	135	
1	313	90	139
90	86	139	
2	318	61	167
61	6	167	
4	300	198	36
-1
1	306	166	134
166	29	134	
2	303	79	42
-1
3	309	45	152
-1
3	300	134	128
134	36	128	
1	306	69	149
-1
3	314	93	154
93	55	154	
4	308	158	179
-1
4	318	167	21
167	87	21	
2	305	192	81
192	7	81	
4	312	103	78
103	16	78	
3	317	135	196
-1
3	310	54	26
54	175	26	
2	302	137	22
137	22	
2	309	6	107
-1
1	309	98	175
-1
1	314	84	20
84	128	20	
4	305	38	177
38	96	177	
3	305	78	95
78	16	95	
2	305	57	87
57	178	87	
1	315	154	189
-1
4	310	38	123
38	123	
2	315	7	128
-1
3	316	18	64
18	17	64	
3	314	132	69
132	1	69	
1	308	173	167
173	174	167	
1	307	115	2
115	92	2	
4	303	9	192
-1
1	318	34	69
34	121	69	
2	316	79	77
79	77	
4	316	157	182
-1
1	310	112	171
-1
2	318	14	178
14	94	178	
2	301	141	147
-1
3	310	89	30
-1
3	308	143	2
-1
4	309	171	116
-1
4	312	19	125
19	138	125	
2	301	194	110
-1
3	309	64	141
64	42	141	
2	311	20	97
20	2	97	
2	301	116	160
-1
4	310	87	125
-1
1	308	185	65
-1
1	317	98	153
98	64	153	
4	311	128	95
128	36	95	
2	306	28	17
28	8	17	
4	302	130	35
130	91	35	
1	312	22	181
22	26	181	
3	304	135	44
-1
1	300	125	16
125	158	16	
1	311	96	131
-1
4	315	189	169
-1
4	311	12	105
12	153	105	
3	303	132	3
-1
4	309	130	82
-1
4	317	81	110
-1
1	304	99	39
99	53	39	
2	304	42	12
42	72	12	
3	307	46	147
-1
3	302	190	71
-1
1	305	182	118
-1
2	313	85	58
85	114	58	
1	318	112	69
112	69	
4	312	3	1
-1
3	313	46	82
-1
4	302	87	114
-1
3	312	144	12
-1
1	304	188	5
188	91	5	
3	302	164	50
-1
1	312	32	191
-1
2	301	66	124
66	140	124	
3	318	183	8
-1
1	319	69	119
69	79	119	
1	311	59	73
-1
2	312	51	118
-1
3	305	124	156
124	74	156	
2	308	107	52
-1
2	313	31	39
-1
3	314	15	3
15	3	
1	317	49	186
-1
3	300	1	3
-1
1	300	22	138
-1
2	310	53	6
53	4	6	
4	303	152	64
-1
4	312	3	114
3	175	114	
4	300	87	37
-1
1	311	84	95
-1
4	301	92	126
-1
2	315	57	92
-1
4	312	24	141
24	5	141	
3	315	181	93
181	28	93	
3	304	13	67
-1
1	309	5	119
5	4	119	
2	304	116	70
116	19	70	
2	317	51	24
-1
4	305	55	110
-1
3	312	15	145
15	21	145	
4	309	26	188
-1
4	312	180	197
-1
3	304	135	20
135	87	20	
2	317	28	152
-1
1	303	75	164
-1
1	301	59	121
59	60	121	
1	302	48	188
48	6	188	
2	317	4	38
-1
1	318	121	92
121	70	92	
3	302	178	59
-1
3	301	82	36
82	136	36	
1	317	63	15
-1
2	316	136	150
136	10	150	
1	319	100	177
-1
4	315	157	3
-1
1	315	32	61
32	2	61	
2	302	25	60
25	4	60	
3	311	39	63
39	57	63	
1	314	76	135
-1
2	312	174	64
-1
1	308	168	146
-1
4	302	150	8
-1
3	303	127	143
-1
1	311	76	195
-1
3	313	127	151
-1
2	313	142	135
-1
3	312	77	159
77	78	159	
2	314	151	198
-1
3	308	62	25
-1
3	304	17	199
-1
3	309	29	118
29	106	118	
3	308	29	19
29	106	19	
2	311	44	146
-1
2	317	7	173
-1
1	307	100	99
100	53	99	
3	313	144	41
-1
1	312	98	69
98	121	69	
3	301	62	172
-1
3	305	89	33
89	12	33	
1	315	49	1
-1
3	313	73	182
73	23	182	
2	311	194	10
-1
3	308	123	5
123	65	5	
4	312	146	12
146	89	12	
2	303	163	62
-1
3	315	82	5
-1
2	303	136	54
-1
3	314	148	68
148	41	68	
2	319	61	108
61	1	108	
3	319	46	156
-1
1	312	182	181
182	2	181	
2	314	187	174
-1
4	318	10	96
10	147	96	
4	301	131	41
-1
2	302	23	3
23	37	3	
1	319	166	85
166	52	85	
3	304	101	20
-1
2	303	57	119
-1
3	310	183	179
-1
3	306	94	176
-1
2	306	6	109
6	4	109	
1	319	98	95
98	95	
4	307	152	57
-1
2	307	163	187
-1
4	302	184	161
184	36	161	
4	318	19	79
19	82	79	
1	309	58	179
58	179	
3	319	54	187
-1
1	317	118	122
-1
3	304	88	167
88	174	167	
1	313	166	172
-1
4	319	24	22
24	176	22	
4	315	56	125
56	72	125	
3	313	183	87
183	18	87	
2	314	102	71
102	133	71	
2	312	176	89
176	46	89	
3	302	134	98
134	55	98	
1	301	63	103
-1
3	314	62	20
-1
4	300	191	60
-1
1	304	96	25
96	114	25	
2	305	61	49
61	35	49	
