4	93	8	90
8	175	70	90	
4	88	159	22
159	151	138	22	
2	92	30	140
30	173	168	140	
3	89	14	112
14	112	
3	83	77	176
77	176	
2	92	173	155
173	149	82	155	
3	96	163	119
163	113	119	
1	87	47	38
47	103	38	
3	92	53	24
53	24	
2	82	27	68
27	130	68	
2	83	32	75
32	163	75	
4	84	125	185
125	2	15	185	
3	84	85	15
85	129	15	
4	87	18	28
18	33	20	28	
4	83	127	57
127	98	57	
2	97	110	29
110	30	29	
2	96	135	144
135	8	144	
2	85	171	142
171	83	142	
2	88	110	146
110	144	21	146	
1	88	194	172
-1
1	82	176	3
176	6	128	3	
4	87	151	80
151	66	80	
2	81	196	164
196	50	73	164	
1	80	132	133
132	53	78	133	
4	88	179	59
179	59	
4	97	2	169
2	15	169	
1	92	132	55
132	27	55	
3	93	28	177
28	60	177	
4	98	113	86
113	50	86	
4	81	174	80
174	135	80	
4	96	102	7
102	98	7	
2	95	56	158
56	16	158	
2	90	195	105
-1
4	83	148	36
148	5	36	
4	81	129	14
129	74	14	
1	81	117	168
117	20	168	
4	87	86	99
86	99	
2	83	150	78
150	37	78	
2	81	3	142
3	34	142	
1	92	153	67
153	10	67	
2	98	27	168
27	34	82	168	
1	87	103	176
103	15	176	
4	91	10	170
10	170	
2	98	32	118
32	165	118	
2	84	35	46
35	180	6	46	
2	91	49	114
49	90	114	
3	81	182	152
182	8	152	
4	90	170	101
170	10	101	
3	91	85	56
85	4	56	
4	98	86	160
86	15	160	
1	97	118	186
-1
3	92	109	40
109	32	40	
4	82	8	49
8	168	49	
2	91	60	81
60	43	81	
2	96	50	67
50	162	67	
4	81	54	67
54	147	57	67	
3	84	177	49
-1
3	85	198	170
198	27	170	
1	92	48	6
48	53	6	
3	91	192	44
192	83	105	44	
2	89	50	161
50	147	57	161	
4	88	179	21
179	111	21	
1	89	132	29
132	53	29	
2	89	6	40
6	40	
4	87	197	89
197	81	89	
4	94	185	143
-1
3	94	38	119
38	119	
2	95	43	69
43	155	69	
4	80	148	68
148	77	68	
2	83	60	59
60	189	59	
1	96	83	60
83	12	60	
3	96	44	39
44	112	39	
3	96	93	122
93	6	122	
3	95	142	127
142	70	7	127	
4	84	23	75
23	91	70	75	
4	98	170	59
170	7	68	59	
2	96	136	96
136	173	96	
2	96	150	138
150	18	138	
3	84	85	37
85	197	37	
4	82	178	48
178	48	
1	94	161	83
161	93	83	
4	92	9	126
9	82	57	126	
3	85	126	170
126	56	170	
4	91	174	63
174	135	178	63	
2	97	110	85
110	106	85	
4	95	86	7
86	7	
1	82	4	94
4	94	
3	92	40	44
-1
2	80	49	80
49	80	
2	88	173	57
173	149	161	57	
4	82	107	170
107	7	170	
2	87	101	178
101	78	133	178	
3	97	85	55
85	134	55	
4	99	190	29
190	33	29	
2	96	173	90
-1
2	94	30	175
30	154	52	175	
1	87	97	178
97	178	
2	82	60	169
60	33	169	
3	94	64	17
64	95	17	
2	82	104	189
104	107	7	189	
1	91	144	48
144	21	48	
4	81	66	100
66	80	100	
1	87	114	185
114	46	15	185	
1	95	83	126
83	57	126	
1	96	114	99
114	1	34	99	
3	90	182	80
182	56	80	
2	99	56	177
56	73	14	177	
1	88	176	188
176	83	101	188	
3	96	90	51
90	111	51	
2	97	84	106
84	73	106	
3	84	87	50
-1
4	83	10	115
10	8	115	
3	99	63	180
63	35	180	
2	85	171	62
171	33	62	
1	95	58	176
58	15	176	
2	94	35	157
-1
4	82	137	165
137	32	165	
3	89	17	92
17	99	92	
2	91	65	181
-1
1	89	33	17
33	18	17	
4	98	190	55
190	27	55	
1	92	194	16
-1
2	92	50	79
50	63	79	
1	85	89	49
89	9	49	
2	92	6	58
6	4	58	
1	89	21	92
21	164	92	
1	85	68	29
68	7	29	
3	96	90	197
90	49	197	
2	88	52	13
52	170	13	
2	84	15	45
15	46	45	
2	98	84	35
84	102	35	
2	94	154	180
154	67	180	
1	92	187	29
-1
4	92	151	118
151	139	118	
1	89	128	123
128	46	123	
3	93	81	96
81	76	96	
3	93	142	163
142	74	163	
1	89	167	4
167	29	4	
2	93	35	7
35	44	18	7	
1	97	83	174
83	57	174	
4	83	148	57
148	18	147	57	
4	83	18	11
18	138	11	
2	91	152	149
-1
2	80	116	51
116	83	51	
4	95	80	130
80	20	130	
4	90	102	10
102	9	10	
1	84	167	151
-1
2	99	60	69
60	120	69	
2	86	101	103
101	90	103	
2	99	154	138
154	90	138	
2	87	3	85
3	137	85	
3	89	87	54
87	129	34	54	
4	89	102	158
102	87	158	
4	91	145	25
145	78	25	
2	81	106	105
106	83	105	
3	90	93	158
93	55	158	
4	93	23	124
23	59	124	
2	93	19	183
-1
4	96	18	35
18	152	35	
2	85	24	140
24	140	
2	81	155	142
155	88	142	
1	94	95	180
95	180	
2	91	196	33
196	43	60	33	
3	96	46	178
46	45	178	
2	92	49	35
-1
2	89	30	127
30	173	127	
2	92	173	101
-1
4	86	18	119
18	95	119	
3	80	131	136
131	121	71	136	
1	99	99	160
99	92	160	
1	92	4	66
4	66	
4	84	145	160
145	178	49	160	
2	96	140	108
-1
2	85	43	153
43	133	153	
2	99	171	153
171	72	153	
2	97	3	183
-1
3	97	192	107
192	56	107	
2	95	56	124
-1
4	91	102	54
102	48	128	54	
3	82	182	153
182	23	153	
1	87	153	108
153	47	108	
4	99	18	53
18	6	53	
1	86	62	144
62	144	
3	90	90	138
90	138	
1	82	48	109
48	60	109	
1	96	39	111
39	51	111	
4	82	157	55
157	47	55	
4	97	174	110
174	73	110	
1	83	62	12
62	3	12	
3	87	133	145
133	145	
1	94	67	98
67	57	98	
4	98	66	115
66	115	
4	81	25	128
-1
2	99	43	169
43	60	33	169	
1	87	165	16
165	118	56	16	
3	89	40	7
40	93	7	
1	83	48	163
48	111	163	
3	93	163	88
163	1	88	
4	84	200	149
200	20	168	149	
2	80	43	33
43	60	33	
4	97	190	99
190	25	99	
4	83	197	165
197	49	104	165	
4	82	55	141
55	93	6	141	
4	91	9	136
9	136	
3	98	100	52
100	42	52	
1	84	99	91
99	171	83	91	
4	98	8	91
8	91	
1	98	172	53
172	29	53	
4	86	197	4
197	85	4	
1	91	33	199
-1
2	89	13	140
13	79	140	
4	85	91	136
91	81	136	
2	86	186	143
186	9	82	143	
1	93	161	151
161	151	
2	84	104	50
104	70	55	50	
1	87	62	148
62	148	
4	97	179	107
-1
4	81	9	78
9	25	78	
4	96	127	26
127	7	49	26	
4	94	146	58
146	15	58	
4	94	197	71
197	87	117	71	
1	81	98	113
-1
4	83	164	50
164	73	50	
4	93	170	10
170	10	
2	94	15	113
-1
4	93	159	127
159	173	127	
1	80	98	105
98	18	105	
2	89	175	65
175	121	40	65	
4	95	8	192
8	78	192	
3	92	45	89
45	89	
3	94	79	85
79	1	85	
2	86	5	182
-1
1	96	67	145
67	55	78	145	
2	97	22	66
22	125	66	
1	90	128	80
128	6	150	80	
3	96	82	191
-1
2	92	136	88
136	154	88	
4	96	96	15
96	176	15	
3	99	85	22
85	137	22	
2	87	52	18
52	172	18	
4	91	125	49
125	36	178	49	
2	85	19	53
19	1	53	
4	81	178	71
-1
2	87	186	45
186	17	45	
2	98	3	172
3	172	
3	88	85	5
85	77	5	
2	88	141	140
141	69	140	
3	82	53	187
53	28	187	
3	95	182	24
-1
3	93	53	75
53	132	75	
3	81	61	151
61	158	151	
2	85	104	170
104	51	170	
3	88	81	99
81	171	99	
2	92	3	36
3	151	36	
4	83	190	38
190	25	38	
3	87	160	123
160	15	46	123	
3	99	121	15
121	15	
4	97	169	20
169	33	20	
4	80	183	153
-1
4	87	170	5
170	13	5	
2	97	175	65
175	8	78	65	
3	98	28	121
28	20	175	121	
3	96	134	1
134	1	
1	83	62	3
62	3	
2	81	186	144
186	17	175	144	
3	95	81	56
81	43	56	
3	81	180	176
180	6	176	
2	80	19	96
19	40	96	
4	84	149	78
149	93	83	78	
2	89	101	199
101	78	84	199	
1	85	128	174
128	6	174	
2	85	106	1
106	1	
1	98	4	86
4	86	
1	80	153	99
153	72	171	99	
2	96	136	84
-1
3	91	109	164
109	165	100	164	
4	86	156	144
156	52	144	
4	93	170	114
170	56	114	
4	82	2	14
2	15	103	14	
1	80	187	115
187	82	92	115	
1	93	176	42
176	7	42	
1	86	181	99
-1
4	91	107	55
107	65	55	
4	90	185	7
185	24	7	
3	93	17	94
17	93	161	94	
2	89	193	155
193	76	155	
1	84	176	62
176	15	46	62	
3	89	134	31
134	50	147	31	
1	83	187	33
187	82	9	33	
2	97	69	19
69	193	19	
2	90	150	146
150	11	146	
2	89	155	126
155	55	126	
1	83	161	184
161	9	33	184	
3	81	53	120
53	46	120	
2	86	43	89
43	81	89	
1	80	68	33
68	130	20	33	
1	94	57	9
57	82	9	
2	96	141	142
141	20	34	142	
4	88	91	81
91	81	
2	98	6	149
6	93	149	
1	95	83	50
83	78	50	
1	81	153	5
153	138	5	
1	96	74	117
74	108	117	
1	96	97	169
97	85	169	
2	96	78	163
78	8	163	
1	88	57	183
-1
3	96	189	39
-1
4	90	183	132
-1
3	90	160	174
160	100	174	
1	90	120	131
120	15	121	131	
1	92	51	13
51	164	13	
3	88	126	117
126	120	60	117	
3	84	79	143
79	105	68	143	
3	85	16	39
16	166	39	
2	99	24	69
24	15	69	
1	81	120	125
120	46	125	
1	92	48	113
48	66	113	
4	95	137	48
137	48	
4	80	119	159
-1
1	90	181	78
-1
2	94	191	80
191	2	80	
2	82	3	6
3	18	6	
3	84	123	84
-1
4	83	8	51
8	39	51	
2	83	13	74
13	163	74	
2	99	84	145
84	145	
2	91	186	193
-1
2	90	78	81
78	171	81	
2	88	5	199
-1
4	86	105	179
105	67	179	
2	97	135	121
135	102	121	
4	82	129	76
129	76	
2	98	191	198
-1
2	80	196	5
196	61	5	
2	94	191	169
191	2	15	169	
2	98	6	53
6	53	
4	82	145	190
145	43	41	190	
4	94	148	67
148	18	105	67	
1	92	199	71
199	40	121	71	
1	90	7	175
7	70	175	
3	83	45	61
45	118	61	
3	98	163	189
163	1	34	189	
4	95	37	131
-1
3	92	147	78
147	50	78	
2	80	108	20
108	117	20	
2	84	94	25
94	139	25	
2	93	24	121
24	15	121	
3	91	147	69
147	18	69	
3	81	53	19
53	1	19	
2	87	6	25
6	179	25	
3	99	88	22
88	41	22	
4	99	91	136
91	81	136	
4	82	169	124
169	87	124	
4	99	197	71
197	87	117	71	
2	91	29	130
29	53	6	130	
1	87	181	23
-1
2	88	186	46
186	17	46	
4	88	179	144
179	6	4	144	
2	86	191	197
191	2	197	
2	82	24	2
24	2	
1	83	184	41
-1
2	90	155	132
155	82	132	
2	94	115	52
115	8	52	
4	96	157	48
157	60	48	
3	85	28	76
28	81	76	
4	87	119	57
119	9	82	57	
1	84	187	194
-1
4	88	127	172
-1
3	84	87	114
87	33	114	
4	97	113	90
113	91	70	90	
1	89	67	25
67	14	25	
2	80	43	179
43	60	179	
1	92	153	93
-1
3	91	139	49
139	94	49	
2	87	195	29
195	58	29	
3	95	180	147
180	82	34	147	
3	88	139	85
139	80	85	
1	91	144	163
144	110	163	
3	97	92	49
92	1	49	
4	86	188	113
-1
4	90	37	180
-1
3	88	126	22
126	62	22	
1	93	99	174
99	150	6	174	
3	93	123	113
-1
1	81	194	59
194	25	14	59	
2	80	141	39
141	2	125	39	
1	84	48	177
48	60	177	
4	99	148	120
148	46	120	
1	87	20	163
20	73	163	
3	92	109	150
109	11	150	
2	91	135	138
135	174	138	
4	92	137	64
137	156	64	
1	97	117	114
117	108	114	
4	81	190	36
190	33	36	
3	80	16	29
16	11	29	
1	98	117	122
117	87	122	
1	86	117	169
117	87	169	
2	98	154	69
154	69	
1	80	153	88
153	23	88	
2	82	152	148
152	18	148	
