3	70	146	255
146	19	83	255	
4	85	68	40
68	240	40	
4	54	21	257
21	129	6	257	
1	59	135	18
135	174	153	18	
3	79	152	187
152	201	15	187	
1	59	62	134
62	73	134	
4	106	19	208
19	92	208	
3	108	211	106
211	150	106	
1	78	50	186
50	186	
2	100	115	261
115	252	86	261	
4	56	69	159
69	7	217	159	
2	87	230	226
230	92	20	226	
3	53	107	298
107	103	1	298	
2	92	83	184
83	207	18	184	
1	119	192	88
-1
2	114	273	149
273	28	149	
1	51	125	168
125	235	168	
4	69	261	78
261	32	78	
2	56	249	127
249	133	211	127	
4	59	129	293
-1
3	99	81	114
81	140	114	
4	54	288	95
288	60	75	95	
1	74	285	201
285	53	201	
3	97	291	35
291	17	35	
2	76	65	226
65	208	20	226	
3	55	274	251
274	5	251	
4	94	68	75
68	72	267	75	
2	73	122	35
122	35	
1	81	33	35
33	30	35	
4	56	129	164
129	97	164	
1	69	290	296
290	2	63	296	
4	83	9	283
9	23	283	
2	75	6	20
6	168	20	
3	119	300	10
300	73	250	10	
2	96	229	74
229	127	21	74	
1	106	246	100
246	46	175	100	
2	100	163	219
163	71	219	
4	64	247	92
247	41	43	92	
4	81	212	124
212	4	124	
1	84	3	5
3	139	5	
4	89	139	294
139	27	294	
3	104	88	55
88	20	168	55	
2	83	183	60
183	254	60	
4	54	178	111
178	10	111	
3	59	207	39
207	18	199	39	
4	98	214	36
214	81	36	
1	119	170	250
170	38	104	250	
4	110	253	196
253	161	196	
4	116	17	159
17	64	159	
4	60	168	162
168	20	174	162	
4	115	234	52
234	97	52	
1	51	296	140
296	53	173	140	
3	70	92	74
92	20	74	
2	80	155	252
155	99	12	252	
4	71	279	158
279	105	165	158	
1	68	280	123
280	3	239	123	
1	78	29	293
-1
3	85	48	297
48	54	95	297	
4	114	210	13
210	224	120	13	
3	67	196	233
196	121	94	233	
4	78	238	218
238	68	77	218	
1	109	26	265
-1
2	53	167	56
167	288	56	
4	74	120	210
120	224	210	
3	113	130	240
130	135	240	
2	66	283	220
283	23	124	220	
1	70	172	300
172	118	73	300	
1	106	62	99
62	52	99	
1	60	147	60
147	208	60	
2	104	143	8
143	297	8	
3	62	300	245
300	73	108	245	
4	78	209	22
209	5	263	22	
3	114	60	241
60	11	241	
2	85	233	60
233	1	177	60	
1	67	109	241
109	43	241	
2	68	143	224
143	37	150	224	
1	67	51	147
51	257	147	
2	87	251	208
251	8	208	
1	106	147	106
147	101	106	
3	63	159	249
159	46	249	
4	50	104	248
104	178	7	248	
2	73	18	208
18	69	208	
3	53	196	268
196	108	71	268	
3	92	130	252
130	179	206	252	
1	105	26	113
26	109	267	113	
3	100	213	255
213	14	122	255	
1	96	71	5
71	108	5	
1	75	280	7
280	79	178	7	
4	60	287	153
287	20	174	153	
1	58	105	11
105	201	11	
1	98	179	166
179	22	166	
4	67	1	183
1	118	183	
3	96	144	79
144	140	79	
4	118	228	208
228	208	
2	52	122	233
122	14	1	233	
3	66	257	197
257	51	197	
1	72	119	19
119	246	6	19	
1	78	75	298
75	95	1	298	
1	82	42	36
42	91	133	36	
3	82	63	141
63	2	141	
2	100	83	71
83	157	71	
4	52	103	71
103	163	71	
2	50	83	214
83	205	214	
1	88	29	193
29	147	4	193	
4	72	279	67
279	54	67	
1	91	41	75
41	267	75	
1	79	109	194
109	49	194	
1	79	181	20
181	237	168	20	
2	56	259	62
259	122	220	62	
3	68	241	176
241	34	176	
1	58	286	10
286	10	
3	50	196	113
196	117	113	
4	56	288	195
288	146	195	
3	78	211	275
-1
3	114	289	254
289	89	254	
4	79	103	46
103	159	46	
3	104	114	155
114	248	7	155	
3	83	196	35
196	108	35	
1	66	275	46
275	29	175	46	
2	51	193	286
193	34	10	286	
2	71	252	23
252	26	23	
3	115	80	218
80	79	218	
2	61	83	258
83	205	258	
2	95	299	168
299	114	168	
3	100	159	208
159	224	208	
1	66	86	10
86	178	10	
3	102	87	176
87	26	252	176	
3	66	281	71
281	27	71	
1	81	246	97
246	97	
2	109	273	289
273	70	89	289	
4	111	174	240
174	135	240	
3	81	137	72
137	122	255	72	
4	90	212	154
-1
2	57	233	204
233	38	204	
3	56	281	62
281	27	139	62	
1	85	33	147
33	2	7	147	
1	70	131	285
131	154	50	285	
2	52	83	265
83	50	73	265	
1	60	70	211
70	133	211	
3	89	153	183
153	121	132	183	
3	110	274	108
274	5	108	
2	51	66	245
66	268	26	245	
1	76	179	156
179	239	118	156	
2	109	249	141
249	120	141	
3	63	186	173
186	19	91	173	
3	71	82	205
82	245	123	205	
1	106	39	88
39	199	88	
1	92	172	170
172	121	132	170	
1	64	126	291
126	105	36	291	
2	96	177	196
177	28	117	196	
3	86	216	169
216	8	251	169	
1	100	246	234
246	97	234	
4	75	100	112
100	175	130	112	
3	117	158	112
158	165	112	
4	61	120	297
120	15	6	297	
2	98	143	130
143	169	130	
3	115	116	221
116	193	221	
4	94	74	92
74	20	92	
1	77	297	269
297	39	269	
1	82	181	145
181	258	145	
3	110	300	60
300	73	269	60	
4	96	226	58
226	151	129	58	
3	69	96	209
96	63	128	209	
4	71	173	66
173	138	248	66	
2	119	143	237
143	104	129	237	
2	81	284	79
284	111	79	
3	73	82	247
82	44	247	
2	104	267	20
267	98	20	
4	84	74	16
74	67	121	16	
3	59	223	249
223	48	249	
2	90	215	300
215	102	73	300	
2	99	127	225
127	21	225	
4	87	25	72
25	243	72	
3	105	87	296
87	133	36	296	
1	83	208	138
208	60	155	138	
4	94	129	122
129	53	259	122	
4	100	232	255
232	83	255	
3	99	255	274
255	56	5	274	
2	77	121	47
121	182	47	
3	117	256	269
256	59	269	
1	56	236	235
236	252	75	235	
3	82	77	113
77	98	113	
3	93	277	138
277	105	36	138	
1	68	136	224
136	14	150	224	
3	88	113	183
113	149	183	
4	81	27	63
27	128	63	
1	95	71	47
71	157	62	47	
3	68	113	1
113	1	
2	56	123	122
123	220	122	
2	86	251	129
251	149	53	129	
4	50	28	115
28	117	115	
3	115	156	191
-1
1	92	208	219
208	224	75	219	
2	107	83	55
83	106	220	55	
1	111	202	219
202	4	219	
3	115	262	245
262	14	245	
2	81	143	67
143	67	
4	102	30	179
30	87	147	179	
4	115	139	53
139	136	53	
4	85	45	55
45	57	220	55	
4	79	24	135
24	189	129	135	
3	91	184	290
184	183	118	290	
4	90	209	250
209	66	250	
2	66	123	32
123	70	106	32	
3	74	12	285
12	197	22	285	
1	91	135	246
135	292	117	246	
4	89	21	140
21	225	140	
4	108	4	170
4	165	200	170	
4	92	288	8
288	60	208	8	
2	68	93	104
93	76	104	
3	92	130	127
130	269	127	
3	54	281	63
281	27	128	63	
4	113	24	23
24	209	128	23	
4	114	35	198
-1
3	101	101	261
101	261	
3	86	137	96
137	144	129	96	
4	56	118	168
118	1	233	168	
3	67	270	171
270	91	171	
1	56	248	159
248	32	161	159	
3	99	82	3
82	133	3	
3	118	270	185
270	27	205	185	
4	112	45	165
45	165	
1	64	109	187
109	49	164	187	
4	53	174	273
174	135	63	273	
2	54	218	125
218	20	174	125	
1	81	51	262
51	144	14	262	
3	118	130	131
130	165	131	
3	80	48	100
48	54	67	100	
1	90	135	99
135	130	155	99	
3	85	281	232
281	38	92	232	
2	99	282	202
282	142	202	
1	103	110	298
110	233	1	298	
4	82	52	106
52	99	106	
4	74	69	279
69	157	105	279	
2	109	282	248
282	51	248	
1	82	208	299
208	92	299	
2	104	229	128
229	101	147	128	
2	64	169	175
169	130	175	
1	54	280	61
280	20	226	61	
4	106	52	41
52	14	155	41	
2	109	127	22
127	21	22	
4	106	138	184
138	18	184	
3	113	262	287
262	14	287	
4	111	76	55
76	104	121	55	
3	60	162	89
162	166	89	
1	70	73	296
73	269	63	296	
3	119	245	225
-1
4	85	52	93
52	269	93	
1	55	206	124
206	239	104	124	
3	105	262	176
262	206	252	176	
3	99	250	54
250	31	54	
4	92	139	244
139	83	244	
3	88	77	205
77	60	266	205	
4	115	120	32
120	15	32	
4	93	141	193
141	164	148	193	
4	50	214	18
214	229	18	
2	64	284	14
284	111	14	
4	99	234	65
234	105	65	
1	102	109	22
109	49	164	22	
1	69	97	284
-1
4	105	72	233
72	43	129	233	
2	118	121	124
121	104	124	
1	104	105	200
105	165	200	
4	107	24	20
24	209	92	20	
1	81	49	212
49	103	212	
4	98	214	177
214	146	177	
4	62	74	161
74	196	161	
3	96	211	146
211	206	256	146	
3	88	140	6
140	144	6	
1	53	244	102
244	91	263	102	
4	105	276	226
276	18	126	226	
3	60	113	98
113	98	
4	90	141	203
141	120	203	
2	71	177	226
177	43	226	
1	52	244	26
244	27	26	
3	69	255	291
255	83	106	291	
3	71	36	116
36	164	49	116	
2	58	78	26
78	75	263	26	
3	65	184	217
184	126	7	217	
2	87	64	161
64	159	161	
4	74	227	188
227	143	37	188	
1	51	75	300
75	108	73	300	
4	73	45	192
45	128	6	192	
2	50	267	120
267	115	15	120	
1	117	208	63
208	72	63	
3	107	113	69
113	119	69	
3	115	194	104
194	103	104	
1	60	187	181
187	69	181	
4	87	25	117
25	117	
2	119	220	232
220	106	83	232	
3	118	269	159
269	23	46	159	
3	57	243	285
243	122	22	285	
4	110	67	29
67	54	29	
2	109	40	296
40	122	296	
3	53	291	255
291	54	122	255	
1	101	70	67
70	121	67	
3	117	140	12
140	263	12	
4	99	25	198
25	198	
1	95	235	274
235	163	103	274	
3	97	114	246
114	68	6	246	
4	107	205	214
205	214	
2	111	183	209
183	88	209	
1	61	160	275
160	62	45	275	
2	56	132	66
132	66	
3	83	171	108
171	108	
4	61	24	178
24	154	7	178	
1	93	298	17
-1
1	82	75	41
75	267	41	
3	96	84	27
84	99	27	
3	91	262	141
262	206	141	
4	116	19	97
19	259	97	
2	56	38	280
38	55	280	
3	52	289	191
289	89	144	222	191	
2	58	20	23
20	164	23	
2	85	99	193
99	97	112	193	
2	74	132	269
132	78	108	73	269	
4	70	35	266
35	78	141	266	
3	92	198	92
198	20	92	
3	69	63	175
63	96	175	
2	61	149	136
149	53	136	
4	67	232	206
232	256	206	
4	86	228	243
228	54	122	243	
4	67	237	231
237	5	231	
4	81	219	3
219	36	53	3	
2	105	267	101
267	41	147	101	
3	73	175	284
-1
2	60	259	18
259	53	138	18	
3	51	60	268
60	11	268	
4	108	4	30
4	246	33	30	
3	53	223	230
223	95	230	
1	111	86	161
86	273	63	161	
4	103	46	140
46	22	263	140	
4	116	232	76
232	52	104	76	
1	78	61	295
61	117	18	295	
2	90	264	13
264	90	13	
3	115	60	187
60	157	56	187	
3	82	175	146
175	106	149	146	
3	71	256	257
256	206	179	257	
1	102	179	260
179	130	260	
3	81	277	183
277	73	118	183	
3	61	263	20
263	102	174	20	
1	63	154	65
154	24	209	65	
1	68	39	49
39	182	103	49	
3	104	207	161
207	57	68	161	
3	97	77	125
77	118	125	
2	93	47	236
47	123	70	236	
4	118	52	110
52	130	110	
2	64	127	117
127	37	117	
4	56	168	296
168	6	63	296	
4	100	43	24
43	8	24	
4	79	94	286
94	33	11	286	
2	94	58	191
58	11	191	
1	64	161	282
161	10	282	
1	64	91	188
91	188	
2	80	16	265
16	32	78	265	
3	85	5	11
5	237	11	
1	115	128	115
128	209	15	115	
2	51	149	241
149	75	108	241	
1	118	125	160
125	209	128	160	
1	82	61	202
61	117	202	
2	109	231	48
231	3	280	48	
4	110	173	105
173	91	105	
1	91	179	17
179	206	17	
2	60	233	107
233	114	107	
3	104	199	174
199	18	153	174	
1	77	290	178
290	2	7	178	
1	101	15	58
15	156	58	
2	93	150	258
150	14	49	258	
1	74	154	82
154	82	
3	98	152	195
152	201	105	195	
4	55	174	125
174	125	
4	51	234	297
234	59	297	
1	87	236	175
236	252	74	175	
4	65	219	159
219	75	159	
2	111	89	58
89	144	129	58	
2	60	224	47
224	123	47	
2	109	121	61
121	292	117	61	
3	116	184	263
184	126	138	263	
1	108	239	116
239	153	193	116	
4	114	205	19
205	83	19	
1	78	73	193
73	118	148	193	
2	67	40	178
40	2	7	178	
1	53	111	113
111	79	113	
3	52	250	31
250	31	
1	101	248	119
248	66	119	
3	67	171	94
171	137	94	
1	79	271	266
271	110	266	
1	51	181	149
181	146	149	
2	78	99	139
99	27	139	
2	77	99	44
99	100	255	44	
4	91	293	168
-1
2	98	64	208
64	226	20	208	
1	112	131	70
131	123	70	
2	104	176	72
176	55	292	72	
3	72	80	71
80	70	133	71	
1	108	41	241
41	43	241	
4	73	100	263
100	248	138	263	
2	114	220	195
220	183	195	
1	62	53	294
53	259	31	294	
3	107	54	92
54	92	
