2	883	47	167
-1
4	827	93	87
-1
2	842	161	62
-1
4	890	30	96
30	96	
3	826	10	35
-1
3	823	184	75
-1
3	874	49	11
-1
3	804	70	194
70	194	
2	803	177	152
-1
3	863	45	98
45	98	
4	829	28	96
-1
3	815	63	188
-1
2	828	191	148
-1
3	875	33	129
-1
4	862	175	139
-1
3	836	53	74
-1
4	846	128	123
-1
2	891	103	192
-1
4	842	107	121
-1
3	891	162	165
-1
4	886	25	145
25	145	
4	874	6	7
-1
2	873	73	197
-1
2	854	2	181
-1
3	844	129	108
129	108	
3	869	91	160
-1
2	891	127	88
-1
3	835	125	142
-1
3	807	69	48
-1
4	871	11	161
-1
3	867	155	137
-1
4	874	41	142
-1
4	822	67	14
-1
3	803	193	167
-1
2	810	47	96
-1
2	821	143	186
-1
3	860	112	65
-1
2	801	156	141
-1
2	848	143	9
143	9	
3	860	50	172
-1
2	896	73	126
-1
4	837	41	118
-1
2	803	167	185
-1
3	869	89	177
-1
2	816	144	175
-1
4	854	106	117
-1
3	870	29	28
-1
4	862	188	183
-1
3	871	42	125
-1
2	894	190	126
-1
4	871	3	199
3	199	
3	888	199	191
-1
3	824	89	157
-1
2	800	144	197
-1
2	826	165	141
-1
3	842	82	46
-1
2	870	88	25
-1
3	804	158	165
-1
3	881	120	6
-1
2	806	43	147
-1
3	804	89	149
-1
3	846	60	100
-1
2	802	101	140
-1
4	899	77	83
77	83	
4	891	78	199
-1
2	836	156	32
-1
3	813	199	119
-1
3	877	21	76
-1
4	882	25	196
-1
4	880	106	190
-1
2	829	65	79
-1
3	880	21	138
-1
3	819	168	190
-1
3	853	70	67
-1
3	803	121	96
-1
3	835	112	51
-1
2	853	101	1
-1
2	829	114	21
-1
3	876	91	198
-1
4	817	25	103
-1
3	895	105	119
-1
2	885	86	140
-1
4	874	118	107
-1
3	892	89	176
-1
4	887	94	49
-1
3	890	98	160
98	160	
3	890	133	60
-1
2	863	38	173
-1
4	860	67	15
-1
4	814	195	191
-1
2	833	113	48
-1
3	872	60	133
-1
4	878	145	3
-1
4	805	172	91
-1
3	805	64	185
-1
4	865	4	82
-1
4	876	194	166
-1
2	849	136	3
136	3	
2	815	99	22
-1
4	806	11	168
-1
4	805	178	80
-1
2	889	111	140
-1
3	891	135	36
-1
2	882	65	7
-1
2	866	122	71
-1
4	899	28	74
-1
4	864	93	19
-1
4	866	169	106
-1
4	839	170	157
-1
2	807	138	167
-1
2	886	96	144
-1
2	877	101	6
-1
2	813	190	140
-1
3	871	82	4
-1
3	841	64	126
-1
2	866	182	153
-1
3	884	181	197
-1
4	890	145	117
-1
3	846	63	87
63	87	
3	864	155	24
-1
2	808	62	119
-1
2	813	200	171
-1
4	805	78	160
-1
2	808	143	41
-1
2	885	14	56
-1
3	889	108	37
108	37	
3	885	74	169
74	169	
4	802	11	113
-1
2	840	101	128
-1
2	815	99	82
-1
3	885	63	143
-1
2	855	123	94
-1
2	814	189	123
-1
4	807	194	17
-1
3	862	154	31
-1
4	851	40	90
-1
3	819	181	163
-1
4	884	119	173
-1
4	863	173	25
-1
2	844	113	75
-1
4	838	28	90
-1
2	883	165	12
-1
3	806	120	200
-1
2	822	186	145
-1
4	804	93	99
-1
3	893	8	90
-1
4	808	159	22
-1
4	832	30	140
30	140	
2	809	14	112
-1
4	883	77	176
-1
4	872	173	155
-1
3	836	163	119
-1
2	887	47	38
-1
3	832	53	24
-1
4	882	27	68
27	68	
4	823	32	75
-1
3	844	125	185
-1
2	884	85	15
-1
2	847	18	28
-1
2	823	127	57
-1
3	877	110	29
-1
3	896	135	144
-1
2	885	171	142
-1
3	808	110	146
-1
4	828	194	172
-1
2	802	176	3
-1
4	887	151	80
-1
4	801	196	164
-1
3	880	132	133
-1
2	888	179	59
-1
2	817	2	169
-1
3	812	132	55
-1
4	853	28	177
-1
2	898	113	86
-1
3	821	174	80
-1
2	876	102	7
-1
2	855	56	158
-1
4	870	195	105
-1
2	803	148	36
-1
3	861	129	14
-1
2	881	117	168
-1
2	887	86	99
86	99	
3	863	150	78
-1
4	801	3	142
-1
4	832	153	67
-1
4	838	27	168
-1
2	847	103	176
-1
3	851	10	170
-1
4	838	32	118
-1
3	804	35	46
-1
3	871	49	114
-1
2	821	182	152
-1
4	850	170	101
-1
2	891	85	56
-1
2	858	86	160
-1
4	877	118	186
-1
4	852	109	40
-1
3	822	8	49
-1
3	891	60	81
-1
3	836	50	67
-1
2	801	54	67
-1
2	804	177	49
-1
4	805	198	170
-1
4	812	48	6
-1
2	871	192	44
192	44	
3	809	50	161
-1
2	848	179	21
-1
3	849	132	29
-1
4	829	6	40
-1
3	847	197	89
-1
3	814	185	143
-1
2	814	38	119
-1
2	835	43	69
-1
2	840	148	68
-1
3	883	60	59
-1
4	896	83	60
-1
2	816	44	39
-1
4	896	93	122
-1
4	835	142	127
-1
2	824	23	75
-1
4	818	170	59
-1
2	836	136	96
-1
3	856	150	138
-1
2	824	85	37
-1
4	882	178	48
-1
2	894	161	83
-1
4	832	9	126
-1
4	805	126	170
-1
3	831	174	63
-1
3	857	110	85
-1
2	815	86	7
-1
4	862	4	94
-1
4	852	40	44
-1
3	840	49	80
-1
4	888	173	57
-1
4	822	107	170
-1
2	847	101	178
-1
2	817	85	55
-1
2	879	190	29
-1
4	816	173	90
-1
4	874	30	175
-1
2	867	97	178
-1
3	862	60	169
-1
3	894	64	17
64	17	
2	802	104	189
-1
2	871	144	48
-1
4	801	66	100
-1
2	807	114	185
-1
4	835	83	126
-1
2	876	114	99
-1
2	850	182	80
-1
2	879	56	177
-1
2	848	176	188
-1
3	816	90	51
-1
2	857	84	106
-1
3	804	87	50
-1
3	803	10	115
-1
3	839	63	180
-1
2	865	171	62
171	62	
3	815	58	176
-1
3	894	35	157
-1
3	822	137	165
-1
2	809	17	92
-1
2	811	65	181
-1
3	869	33	17
-1
2	818	190	55
-1
4	832	194	16
-1
3	812	50	79
-1
3	825	89	49
89	49	
4	852	6	58
-1
3	809	21	92
-1
4	825	68	29
-1
3	816	90	197
-1
2	848	52	13
52	13	
2	864	15	45
-1
2	818	84	35
-1
3	834	154	180
-1
4	812	187	29
-1
4	812	151	118
-1
4	869	128	123
-1
3	813	81	96
-1
4	893	142	163
-1
2	889	167	4
167	4	
3	853	35	7
-1
4	897	83	174
-1
2	883	148	57
-1
2	863	18	11
-1
3	891	152	149
-1
3	860	116	51
-1
4	835	80	130
-1
2	830	102	10
-1
2	844	167	151
-1
3	899	60	69
-1
2	806	101	103
-1
3	879	154	138
-1
4	887	3	85
-1
3	849	87	54
-1
2	849	102	158
-1
4	851	145	25
145	25	
4	881	106	105
-1
4	890	93	158
-1
2	893	23	124
-1
3	813	19	183
-1
2	816	18	35
-1
2	805	24	140
-1
3	841	155	142
-1
3	894	95	180
-1
4	851	196	33
-1
3	876	46	178
-1
3	832	49	35
-1
4	889	30	127
-1
4	812	173	101
-1
2	846	18	119
-1
3	880	131	136
-1
2	819	99	160
-1
4	812	4	66
-1
4	844	145	160
-1
3	876	140	108
-1
2	805	43	153
-1
2	839	171	153
-1
4	817	3	183
-1
2	817	192	107
-1
2	835	56	124
-1
2	871	102	54
-1
2	882	182	153
-1
4	847	153	108
-1
2	859	18	53
-1
2	866	62	144
-1
3	870	90	138
90	138	
4	822	48	109
-1
4	856	39	111
-1
2	862	157	55
-1
3	837	174	110
-1
2	843	62	12
-1
3	847	133	145
-1
4	854	67	98
-1
4	858	66	115
-1
4	801	25	128
-1
2	839	43	169
-1
2	847	165	16
165	16	
4	809	40	7
-1
4	863	48	163
-1
3	873	163	88
-1
2	884	200	149
-1
2	880	43	33
-1
2	877	190	99
-1
3	843	197	165
-1
2	822	55	141
-1
4	891	9	136
9	136	
4	858	100	52
-1
2	864	99	91
-1
3	878	8	91
-1
4	818	172	53
-1
3	866	197	4
-1
3	851	33	199
-1
2	849	13	140
-1
3	865	91	136
-1
2	806	186	143
-1
2	893	161	151
-1
2	844	104	50
-1
2	887	62	148
-1
2	877	179	107
-1
4	881	9	78
-1
2	836	127	26
-1
3	834	146	58
-1
3	874	197	71
-1
3	861	98	113
-1
3	803	164	50
-1
4	853	170	10
-1
2	854	15	113
-1
4	853	159	127
-1
3	860	98	105
-1
4	889	175	65
175	65	
3	815	8	192
-1
3	872	45	89
-1
3	894	79	85
-1
3	806	5	182
-1
4	856	67	145
-1
3	817	22	66
-1
4	830	128	80
-1
3	856	82	191
-1
2	812	136	88
-1
2	876	96	15
-1
2	819	85	22
-1
2	807	52	18
-1
3	891	125	49
-1
3	825	19	53
-1
4	821	178	71
-1
2	887	186	45
-1
4	818	3	172
3	172	
2	808	85	5
-1
4	848	141	140
-1
3	862	53	187
-1
2	835	182	24
-1
3	853	53	75
-1
2	801	61	151
-1
2	805	104	170
-1
3	828	81	99
-1
4	872	3	36
-1
2	843	190	38
-1
