2	309	2	76
-1
2	319	53	191
-1
3	309	282	70
-1
3	308	118	224
118	24	224	
4	315	129	11
-1
3	306	125	240
-1
1	303	83	24
-1
1	306	1	144
-1
2	304	85	188
-1
3	318	57	116
57	27	116	
1	313	75	169
-1
3	316	44	221
-1
3	317	295	255
-1
4	301	245	124
-1
4	303	253	252
-1
4	302	61	128
-1
1	317	99	210
-1
1	300	222	210
-1
4	319	8	295
-1
3	314	285	103
-1
2	302	123	177
-1
1	315	89	272
-1
3	301	297	267
-1
4	304	26	263
-1
1	315	227	215
-1
4	315	190	27
-1
4	304	144	125
-1
2	306	121	98
-1
2	312	293	158
-1
2	314	53	142
-1
2	303	279	16
-1
4	314	74	156
-1
1	312	89	152
-1
1	314	162	178
-1
2	301	6	156
-1
3	319	153	98
-1
2	304	128	241
-1
3	301	65	114
-1
3	318	211	106
-1
4	311	103	210
-1
4	307	97	189
-1
3	302	72	262
-1
1	306	267	102
-1
3	315	231	263
-1
4	310	158	268
-1
1	319	51	172
-1
4	312	270	300
-1
3	305	66	64
-1
3	302	208	274
-1
1	312	258	128
258	12	128	
1	312	150	224
-1
3	313	57	296
-1
2	314	171	14
-1
1	316	137	296
-1
2	315	32	205
-1
3	306	135	255
-1
2	317	34	277
-1
3	312	226	42
-1
3	317	283	249
-1
2	304	198	207
-1
3	300	22	108
-1
2	307	34	164
-1
2	300	7	34
-1
4	307	133	223
-1
1	312	169	6
-1
4	318	276	140
-1
4	314	202	226
-1
4	308	232	151
-1
2	316	24	186
-1
2	314	142	83
-1
2	301	86	104
-1
2	316	6	137
-1
1	302	25	195
-1
3	304	57	27
57	27	
2	309	85	247
-1
2	301	69	222
-1
2	306	7	175
-1
1	308	274	106
-1
3	305	282	130
-1
4	307	290	23
-1
2	302	257	160
-1
1	310	30	218
-1
1	304	267	242
-1
2	302	41	299
41	28	299	
3	308	285	83
-1
4	301	286	151
-1
2	316	179	209
-1
4	313	245	182
-1
4	302	266	215
-1
2	316	171	205
-1
3	316	211	161
-1
1	313	105	190
-1
4	314	136	208
-1
4	312	60	248
-1
2	306	115	232
-1
2	308	63	270
-1
3	317	37	148
-1
4	310	133	145
-1
4	305	138	162
-1
1	309	273	84
-1
4	301	129	46
-1
2	310	145	151
-1
1	318	78	286
-1
2	317	5	97
-1
4	301	177	211
-1
1	310	236	26
-1
4	309	144	62
-1
2	305	13	246
-1
1	318	64	83
-1
3	302	81	107
-1
4	307	250	236
-1
1	309	83	80
-1
1	314	105	210
-1
3	303	283	214
-1
2	313	213	142
-1
4	310	74	77
-1
1	303	204	221
-1
3	300	285	233
-1
4	303	263	48
-1
3	309	101	128
101	12	128	
4	316	23	129
-1
3	316	43	211
-1
3	317	212	16
-1
3	310	119	50
-1
3	311	122	262
-1
1	308	87	35
87	143	35	
1	300	78	290
-1
4	312	181	275
-1
3	300	282	237
-1
4	307	217	37
-1
1	316	258	112
-1
4	318	287	206
-1
3	313	43	169
-1
3	303	112	287
-1
4	316	42	108
-1
2	311	165	247
-1
2	300	13	24
-1
4	306	133	256
-1
3	314	238	289
-1
4	303	38	257
-1
2	314	17	267
-1
3	311	125	253
-1
4	319	144	295
-1
4	306	177	106
-1
4	305	12	199
-1
4	311	109	63
-1
3	306	292	128
-1
3	314	112	12
-1
2	302	11	249
-1
2	311	145	38
145	2	38	
2	317	68	55
-1
3	309	154	231
-1
2	315	145	74
-1
2	312	5	3
-1
3	310	203	66
-1
3	304	208	174
-1
3	311	212	217
-1
3	315	238	81
-1
2	303	24	91
-1
1	313	99	235
-1
3	319	130	55
-1
3	309	127	260
-1
1	315	76	105
-1
2	317	123	161
-1
2	314	275	63
-1
3	300	77	270
-1
2	316	241	233
-1
3	316	285	223
-1
4	306	40	246
-1
4	313	95	44
-1
4	319	240	173
-1
3	318	139	51
139	51	
2	302	269	178
-1
4	314	276	300
-1
3	316	285	274
-1
4	318	59	50
-1
4	310	59	43
59	20	43	
4	304	276	79
-1
2	310	24	170
-1
4	305	111	264
-1
1	310	236	256
-1
2	300	115	94
-1
2	318	5	114
-1
4	317	300	89
-1
3	303	154	73
-1
1	304	71	184
-1
4	306	61	242
61	25	242	
3	316	283	269
-1
2	305	128	293
-1
4	301	270	155
-1
2	316	155	90
-1
2	309	17	256
17	256	
4	315	178	260
-1
4	303	268	259
-1
3	308	57	113
-1
3	311	120	235
-1
3	312	37	47
-1
3	313	295	29
295	20	29	
2	305	32	208
-1
1	319	237	177
-1
4	308	210	84
-1
2	315	86	100
-1
3	314	108	29
-1
2	313	243	296
-1
1	317	218	105
-1
4	303	266	276
-1
2	309	249	12
-1
4	317	174	7
-1
3	305	67	38
-1
1	313	4	26
-1
3	316	43	236
-1
3	308	223	73
-1
4	308	58	232
-1
4	304	152	174
-1
2	300	257	144
-1
3	315	226	161
-1
4	307	129	110
-1
1	313	78	35
-1
2	302	56	101
-1
2	307	293	104
-1
4	314	158	198
-1
2	307	55	120
-1
2	318	155	229
-1
3	304	283	132
-1
3	319	159	141
-1
3	319	139	66
139	18	66	
2	300	147	195
-1
1	314	114	272
-1
3	306	139	79
-1
4	301	253	71
-1
4	318	40	229
-1
2	309	167	35
-1
3	309	66	241
66	18	241	
4	301	144	223
-1
1	301	200	134
-1
2	306	151	24
-1
3	300	211	170
-1
4	304	183	283
183	20	283	
4	302	190	173
-1
4	305	296	125
-1
3	305	10	217
-1
2	311	168	83
-1
4	311	250	148
-1
1	305	259	43
-1
4	318	152	295
-1
4	302	133	145
-1
4	311	232	107
-1
4	306	224	42
-1
1	310	188	231
-1
3	315	231	278
-1
4	303	96	287
-1
2	305	293	207
-1
4	304	224	208
-1
4	306	95	166
-1
3	300	292	70
-1
3	317	271	202
-1
1	303	25	185
25	10	185	
1	304	196	109
-1
3	306	154	296
-1
3	304	285	278
-1
3	302	292	125
-1
4	300	215	117
-1
3	307	272	40
-1
3	305	176	186
-1
3	314	122	178
-1
2	307	115	200
-1
2	312	252	224
-1
2	312	247	171
-1
4	307	232	25
-1
4	305	250	61
-1
3	301	194	52
-1
4	318	177	18
-1
1	309	169	289
-1
2	315	17	164
17	15	164	
3	304	82	37
82	20	37	
4	303	268	151
-1
2	306	55	154
-1
3	316	79	153
-1
3	312	211	136
-1
2	304	39	85
-1
1	315	196	279
-1
4	304	229	207
-1
3	312	27	75
27	25	75	
4	307	217	143
-1
3	304	44	276
-1
1	306	100	243
-1
3	300	3	298
-1
4	312	181	128
-1
4	307	229	39
-1
2	303	2	129
-1
2	301	186	24
-1
4	319	174	4
-1
3	306	230	31
-1
3	308	223	299
-1
3	304	130	94
-1
2	318	126	193
-1
1	315	273	247
-1
1	303	25	127
-1
4	313	229	55
-1
4	301	268	108
-1
4	316	91	46
-1
4	319	193	271
-1
1	301	4	200
-1
4	319	190	122
-1
3	304	271	4
-1
3	316	27	129
27	25	129	
1	302	25	153
25	10	153	
4	300	73	177
-1
3	315	248	105
-1
3	314	161	72
-1
4	319	202	163
-1
1	309	70	107
70	4	107	
1	301	189	110
-1
4	302	91	52
-1
4	317	42	74
-1
1	318	87	100
87	100	
4	310	23	176
-1
1	307	258	248
-1
4	311	18	247
-1
1	303	185	107
-1
3	317	212	60
-1
3	303	231	129
-1
1	304	273	70
-1
3	307	214	160
-1
3	300	28	201
-1
2	311	198	39
-1
1	307	196	114
-1
4	306	46	71
-1
4	313	73	140
-1
2	311	257	77
-1
3	311	212	288
-1
2	311	29	270
29	18	270	
2	300	252	242
-1
1	311	88	207
-1
4	304	276	287
-1
4	302	288	184
-1
1	315	100	79
-1
3	317	139	124
139	147	124	
4	317	177	249
-1
4	313	110	205
-1
4	300	254	116
-1
4	309	157	196
-1
1	303	188	199
-1
2	301	41	286
41	21	286	
2	307	104	261
-1
2	310	68	1
-1
1	308	71	100
-1
3	304	239	238
-1
3	312	176	114
-1
4	308	253	276
-1
4	315	158	281
-1
3	310	50	137
-1
3	308	211	76
-1
3	305	66	168
-1
2	318	128	272
-1
2	318	175	39
-1
4	309	106	161
-1
2	318	166	99
-1
3	303	50	274
-1
1	318	234	278
-1
3	318	22	187
-1
2	306	29	236
29	2	236	
3	302	231	198
-1
3	309	31	264
-1
2	312	117	91
-1
4	311	215	265
-1
3	303	65	122
-1
3	301	14	288
-1
2	306	252	89
-1
2	315	55	23
-1
2	301	186	96
-1
4	308	296	177
-1
2	306	243	107
-1
2	309	17	138
17	15	138	
1	319	258	254
-1
2	315	171	220
-1
4	309	174	36
-1
3	308	37	49
-1
1	316	51	52
51	30	52	
1	310	89	106
89	2	106	
4	318	157	43
-1
4	314	110	39
-1
3	300	299	33
-1
2	317	85	101
-1
2	302	186	58
-1
3	313	77	280
-1
2	308	284	153
-1
2	316	13	242
-1
3	319	81	292
-1
4	317	290	132
-1
4	319	220	288
-1
3	309	298	98
-1
1	313	4	96
-1
3	313	65	232
-1
3	303	14	169
-1
4	314	217	297
-1
4	319	90	280
-1
1	300	51	45
-1
4	303	59	125
-1
3	314	119	166
-1
