1	305	385	517
-1
2	306	67	111
-1
4	305	613	114
-1
1	312	698	821
-1
2	308	468	194
-1
2	307	225	888
-1
3	304	133	221
-1
3	312	704	151
-1
2	317	596	799
-1
3	318	708	658
-1
4	315	17	194
-1
4	317	674	312
-1
4	310	552	25
-1
4	310	638	722
-1
2	303	642	290
-1
1	302	782	514
-1
2	315	210	698
-1
3	305	494	502
-1
1	316	538	249
538	86	249	
3	305	667	57
-1
1	311	606	125
-1
4	302	213	798
-1
4	306	830	501
-1
3	300	712	290
712	60	290	
1	309	463	32
-1
1	314	458	865
-1
4	303	493	174
-1
4	304	748	719
-1
4	313	305	409
305	409	
3	301	661	175
-1
3	305	879	832
-1
4	314	390	144
-1
2	306	212	125
-1
1	316	111	837
-1
1	319	731	451
-1
2	303	792	8
-1
2	309	518	500
-1
2	307	41	399
-1
2	307	66	704
-1
4	302	391	516
-1
4	313	772	546
-1
4	309	429	35
-1
1	305	883	299
-1
2	313	89	461
-1
1	303	537	343
-1
2	303	116	234
-1
3	314	560	751
-1
3	313	381	843
-1
4	308	20	60
20	752	60	
3	315	68	450
68	217	450	
1	301	290	373
-1
1	307	495	801
-1
2	317	844	835
-1
1	317	470	76
-1
1	311	83	612
-1
2	304	199	780
-1
4	306	322	491
-1
1	309	96	871
-1
4	308	321	890
-1
2	310	401	57
-1
1	314	97	398
-1
4	307	390	893
-1
1	301	769	836
-1
2	308	599	457
-1
3	312	888	592
-1
1	311	620	790
-1
3	301	584	263
-1
3	311	503	358
-1
1	312	364	731
-1
4	309	284	231
-1
4	306	654	379
-1
4	318	601	820
-1
2	306	448	741
-1
4	302	281	439
-1
1	313	190	426
-1
1	314	762	145
-1
2	316	365	781
-1
4	306	406	383
-1
3	316	469	798
-1
2	318	521	181
-1
3	309	682	887
-1
4	308	341	587
-1
2	308	839	134
-1
4	306	477	414
-1
1	304	520	655
-1
4	308	305	568
-1
2	300	33	32
33	252	32	
3	314	868	489
-1
2	311	366	109
-1
2	312	594	682
-1
2	310	153	463
-1
3	316	194	855
-1
1	301	102	794
-1
1	306	803	422
-1
1	313	141	93
-1
3	300	805	398
-1
2	304	766	429
-1
3	304	658	448
-1
2	305	33	814
-1
2	306	256	507
-1
2	300	660	711
-1
2	315	150	4
-1
4	300	226	158
-1
4	301	539	60
-1
2	306	366	252
-1
2	303	51	157
-1
4	303	251	74
-1
4	302	587	731
-1
4	307	564	815
-1
2	314	649	171
-1
4	304	567	830
-1
3	300	47	132
-1
3	317	434	409
-1
1	316	714	48
-1
1	307	568	465
-1
4	315	514	515
-1
1	300	9	817
-1
3	303	884	504
-1
4	309	406	167
-1
4	319	794	867
-1
3	301	840	533
-1
2	312	696	579
-1
2	300	556	113
-1
2	319	573	878
-1
1	303	701	545
-1
3	317	181	210
-1
4	314	768	218
-1
2	309	529	253
-1
3	307	224	711
-1
3	313	733	604
-1
1	317	565	595
-1
4	307	378	390
378	390	
4	319	322	46
-1
4	309	622	670
-1
2	305	174	471
-1
1	315	137	703
-1
3	304	667	570
-1
4	317	213	250
-1
3	307	314	525
-1
4	302	581	410
-1
1	316	866	74
-1
2	317	783	503
-1
3	314	430	824
-1
4	304	242	597
-1
1	306	83	770
-1
2	308	468	59
-1
3	309	163	777
-1
3	319	128	89
-1
1	303	397	402
-1
4	312	424	134
-1
3	317	206	151
-1
3	311	634	85
634	335	85	
3	314	551	566
-1
3	303	618	859
-1
3	304	454	41
-1
1	314	760	509
-1
4	310	20	723
-1
3	310	749	2
-1
3	303	880	398
-1
3	316	584	821
-1
4	318	748	178
-1
4	302	138	863
-1
2	308	29	566
-1
1	318	796	283
-1
3	319	359	736
-1
4	307	795	647
-1
1	301	442	718
-1
2	303	812	566
-1
3	300	423	598
-1
1	313	486	333
-1
2	302	735	180
-1
1	305	285	317
-1
4	310	768	398
-1
3	304	68	293
-1
4	319	226	703
-1
4	317	477	649
-1
4	314	284	190
-1
1	311	866	102
-1
4	308	601	576
-1
1	300	681	213
-1
4	312	734	99
-1
3	300	117	384
-1
2	317	414	303
-1
2	309	324	422
-1
1	303	620	699
-1
3	312	751	276
-1
2	301	628	611
-1
1	314	374	628
-1
2	309	685	328
-1
3	314	746	109
-1
4	312	238	894
-1
1	307	810	162
-1
1	309	851	575
-1
4	302	440	50
-1
4	301	322	669
-1
3	316	5	571
-1
4	318	337	298
-1
3	306	11	671
-1
2	313	685	508
-1
3	313	187	405
-1
1	319	801	642
-1
2	300	665	604
-1
2	307	13	554
-1
2	308	614	145
-1
1	309	737	466
-1
4	319	710	471
-1
4	317	58	859
-1
4	319	16	869
16	869	
4	318	654	706
-1
1	302	668	892
-1
2	316	893	792
-1
2	319	212	556
-1
3	312	645	620
-1
4	308	804	334
-1
3	314	112	222
-1
1	316	141	31
-1
3	314	741	140
-1
2	315	790	155
-1
3	300	661	809
-1
3	311	140	628
-1
1	314	74	672
-1
1	309	650	884
-1
2	301	29	680
-1
2	306	13	583
-1
3	307	142	694
-1
1	309	788	887
-1
4	308	104	727
-1
3	314	278	668
-1
3	302	525	428
-1
3	301	525	619
-1
4	313	516	693
-1
4	308	450	494
-1
3	307	92	575
-1
3	301	353	639
-1
4	306	99	780
-1
2	312	118	719
-1
2	310	167	822
-1
1	317	407	252
-1
1	317	801	776
-1
4	315	204	401
-1
4	319	337	68
-1
1	305	190	570
-1
3	319	130	661
-1
3	317	749	165
-1
2	309	150	263
-1
2	307	297	432
-1
1	301	481	598
-1
4	304	492	104
-1
4	311	321	4
-1
1	303	578	259
-1
1	311	606	596
-1
4	300	477	837
-1
3	312	842	67
-1
2	316	33	815
-1
3	310	711	117
-1
2	301	472	465
-1
2	310	51	45
-1
4	313	504	588
-1
1	308	308	61
-1
3	319	40	690
-1
1	314	223	447
-1
4	302	526	24
-1
2	308	498	17
-1
2	315	230	50
-1
3	303	126	812
-1
3	319	388	435
-1
1	315	129	485
-1
3	303	519	89
-1
4	315	164	448
-1
2	304	713	487
-1
2	303	672	762
-1
4	306	378	439
378	439	
4	314	20	37
-1
1	303	681	318
-1
3	306	408	496
-1
4	300	251	883
-1
4	317	610	112
-1
3	317	165	682
-1
2	304	360	846
-1
4	303	615	658
-1
3	316	712	481
-1
3	314	355	858
-1
2	302	73	29
-1
3	300	707	709
-1
3	315	543	216
-1
4	317	341	518
-1
4	300	574	279
-1
4	302	391	444
391	355	444	
3	307	348	855
-1
4	316	804	570
-1
1	308	847	433
-1
2	317	855	787
-1
4	305	350	11
-1
4	306	832	717
-1
4	313	784	411
-1
3	311	331	752
-1
2	309	709	425
-1
2	304	401	815
-1
3	319	775	314
-1
3	300	194	269
-1
4	312	270	216
-1
2	310	30	170
-1
2	300	647	571
-1
4	308	393	555
-1
2	319	51	438
-1
1	310	824	769
-1
3	314	315	629
-1
1	300	137	181
137	181	
2	305	401	56
-1
1	313	620	249
-1
3	300	560	571
-1
4	302	84	600
-1
4	312	394	399
-1
2	318	766	843
-1
4	316	107	893
-1
2	316	706	816
-1
1	316	308	283
-1
2	316	334	419
-1
1	303	274	819
-1
2	312	631	591
-1
3	314	304	302
-1
2	305	297	386
-1
3	303	459	831
-1
4	305	343	697
-1
1	317	782	803
-1
1	305	810	660
-1
3	307	758	67
-1
3	305	434	452
-1
4	315	342	777
-1
3	305	306	507
-1
3	319	570	862
-1
2	304	556	258
-1
2	314	241	768
-1
2	302	325	211
-1
4	316	402	144
-1
2	315	472	105
-1
4	313	457	14
457	19	14	
3	304	776	499
-1
4	300	613	840
-1
2	318	368	297
-1
2	300	766	866
-1
1	317	565	521
-1
1	317	801	814
-1
4	307	15	238
-1
2	302	30	691
-1
1	318	846	262
-1
4	311	574	770
-1
4	309	367	645
-1
2	300	664	357
-1
4	317	784	777
-1
2	314	563	694
-1
3	307	355	410
-1
1	300	404	310
-1
4	317	321	376
-1
2	319	500	405
-1
4	301	822	403
-1
1	302	452	76
-1
1	307	95	494
-1
4	315	236	257
-1
1	303	317	193
-1
3	316	746	755
-1
4	305	240	261
-1
3	306	307	664
-1
1	314	287	85
-1
2	318	556	584
-1
1	300	668	558
-1
1	307	141	109
-1
1	301	383	204
383	233	204	
4	317	422	439
-1
3	309	870	807
-1
3	315	293	652
-1
3	315	462	44
-1
3	319	139	402
-1
3	303	126	741
-1
2	318	540	448
-1
3	315	510	215
-1
1	304	883	355
-1
3	319	430	790
-1
1	309	471	311
-1
4	308	821	280
-1
3	311	410	625
-1
2	314	858	186
-1
4	308	613	324
-1
4	308	184	449
-1
1	307	739	140
-1
1	302	78	650
-1
3	308	25	632
-1
2	317	81	213
-1
1	300	340	684
-1
4	311	242	656
-1
1	315	50	165
-1
2	300	561	174
-1
1	304	268	787
-1
1	312	376	122
-1
1	304	376	861
-1
1	313	823	90
-1
3	316	637	114
-1
2	308	858	195
-1
2	303	67	586
-1
3	318	487	827
-1
