2	864	99	91
-1
3	878	8	91
-1
2	818	172	53
-1
4	866	197	4
-1
4	851	33	199
-1
2	849	13	140
-1
3	865	91	136
-1
2	806	186	143
-1
2	893	161	151
-1
3	844	104	50
-1
4	887	62	148
62	148	
4	877	179	107
-1
2	881	9	78
-1
3	836	127	26
-1
3	834	146	58
-1
4	874	197	71
-1
2	861	98	113
-1
3	803	164	50
-1
3	853	170	10
-1
3	854	15	113
-1
3	853	159	127
-1
2	860	98	105
-1
2	889	175	65
-1
3	815	8	192
-1
3	872	45	89
-1
4	894	79	85
79	85	
4	806	5	182
-1
4	856	67	145
-1
2	817	22	66
22	66	
3	830	128	80
-1
2	856	82	191
-1
3	812	136	88
-1
4	876	96	15
-1
3	819	85	22
-1
2	807	52	18
-1
3	891	125	49
-1
2	825	19	53
-1
2	821	178	71
-1
2	887	186	45
-1
3	818	3	172
-1
3	808	85	5
85	5	
4	848	141	140
-1
4	862	53	187
-1
2	835	182	24
-1
4	853	53	75
-1
2	801	61	151
-1
3	805	104	170
-1
2	828	81	99
-1
3	872	3	36
-1
4	843	190	38
-1
3	847	160	123
-1
3	839	121	15
-1
4	877	169	20
-1
4	800	183	153
-1
3	827	170	5
170	5	
2	877	175	65
-1
4	898	28	121
28	121	
2	896	134	1
-1
4	883	62	3
-1
2	821	186	144
-1
2	895	81	56
-1
3	861	180	176
-1
2	880	19	96
-1
4	884	149	78
-1
3	889	101	199
-1
3	805	128	174
-1
3	825	106	1
-1
3	878	4	86
-1
2	880	153	99
-1
3	876	136	84
-1
2	831	109	164
-1
2	806	156	144
-1
3	853	170	114
-1
4	882	2	14
-1
2	880	187	115
-1
4	853	176	42
-1
3	806	181	99
-1
2	891	107	55
-1
2	890	185	7
-1
3	873	17	94
-1
3	889	193	155
-1
4	884	176	62
-1
2	849	134	31
-1
2	863	187	33
-1
2	877	69	19
-1
3	870	150	146
-1
4	869	155	126
-1
2	823	161	184
-1
4	881	53	120
-1
2	826	43	89
-1
3	880	68	33
-1
2	894	57	9
-1
4	876	141	142
-1
3	808	91	81
-1
3	878	6	149
-1
3	875	83	50
-1
2	801	153	5
-1
4	836	74	117
-1
2	856	97	169
97	169	
3	896	78	163
-1
2	828	57	183
-1
3	836	189	39
-1
4	830	183	132
-1
3	810	160	174
-1
4	810	120	131
-1
2	812	51	13
-1
2	868	126	117
-1
4	884	79	143
-1
4	805	16	39
-1
4	819	24	69
-1
4	801	120	125
-1
2	892	48	113
-1
4	875	137	48
-1
2	800	119	159
-1
3	830	181	78
-1
4	894	191	80
-1
3	862	3	6
-1
2	804	123	84
-1
3	843	8	51
-1
2	863	13	74
13	74	
2	839	84	145
-1
2	851	186	193
-1
3	850	78	81
-1
4	808	5	199
-1
4	886	105	179
-1
4	817	135	121
-1
3	822	129	76
129	76	
4	858	191	198
-1
2	860	196	5
-1
4	834	191	169
-1
3	878	6	53
-1
4	822	145	190
-1
3	854	148	67
-1
2	852	199	71
-1
4	830	7	175
-1
3	803	45	61
-1
2	878	163	189
-1
4	875	37	131
-1
4	832	147	78
-1
3	800	108	20
-1
3	804	94	25
-1
4	893	24	121
-1
4	811	147	69
-1
4	881	53	19
-1
3	807	6	25
-1
4	819	88	22
-1
3	859	91	136
-1
4	842	169	124
-1
4	819	197	71
-1
3	891	29	130
-1
3	867	181	23
-1
2	888	186	46
-1
4	808	179	144
-1
4	826	191	197
-1
4	802	24	2
-1
4	823	184	41
-1
4	810	155	132
-1
4	834	115	52
115	52	
2	856	157	48
-1
4	885	28	76
-1
2	807	119	57
119	57	
2	804	187	194
-1
3	848	127	172
-1
3	844	87	114
-1
2	897	113	90
-1
4	889	67	25
-1
2	820	43	179
-1
2	872	153	93
-1
2	871	139	49
-1
3	847	195	29
195	29	
3	855	180	147
-1
2	848	139	85
-1
2	871	144	163
-1
2	837	92	49
-1
2	826	188	113
-1
4	850	37	180
-1
2	828	126	22
-1
2	873	99	174
-1
2	873	123	113
-1
4	801	194	59
-1
4	800	141	39
-1
2	884	48	177
-1
3	899	148	120
-1
2	847	20	163
-1
2	812	109	150
-1
4	891	135	138
-1
4	812	137	64
-1
3	837	117	114
-1
4	801	190	36
-1
4	860	16	29
-1
3	898	117	122
-1
3	826	117	169
-1
3	898	154	69
-1
2	860	153	88
-1
2	862	152	148
-1
4	899	64	82
-1
2	814	107	170
-1
2	827	19	38
-1
2	862	9	28
-1
2	843	110	195
-1
3	864	70	63
70	63	
2	884	20	132
-1
4	852	147	85
-1
2	891	97	189
-1
2	838	57	92
-1
2	871	119	108
-1
4	840	71	14
-1
3	878	85	185
-1
4	857	165	193
-1
4	851	79	102
-1
2	865	22	124
-1
3	896	86	143
-1
4	880	71	41
-1
2	820	123	137
-1
2	812	167	146
-1
4	871	5	64
-1
3	884	77	86
77	86	
2	868	69	171
-1
2	812	99	87
-1
2	814	156	165
-1
3	889	159	187
-1
3	883	25	72
-1
4	824	21	94
-1
3	812	54	169
-1
4	857	26	135
-1
4	873	90	139
-1
2	858	61	167
-1
4	880	198	36
-1
4	866	166	134
-1
4	883	79	42
-1
3	869	45	152
-1
2	840	134	128
-1
2	886	69	149
-1
2	854	93	154
-1
3	888	158	179
-1
2	878	167	21
-1
4	845	192	81
-1
4	832	103	78
-1
4	817	135	196
-1
3	810	54	26
-1
4	862	137	22
-1
3	889	6	107
-1
2	889	98	175
-1
2	894	84	20
-1
3	825	38	177
38	177	
3	845	78	95
-1
2	825	57	87
-1
3	855	154	189
-1
3	850	38	123
-1
4	875	7	128
-1
3	896	18	64
-1
2	854	132	69
132	69	
2	828	173	167
-1
4	847	115	2
-1
2	823	9	192
-1
2	818	34	69
-1
4	856	79	77
-1
2	896	157	182
-1
3	870	112	171
-1
2	898	14	178
-1
4	861	141	147
-1
4	830	89	30
-1
4	848	143	2
-1
4	849	171	116
-1
2	892	19	125
-1
4	861	194	110
-1
4	889	64	141
-1
2	871	20	97
-1
3	841	116	160
-1
3	870	87	125
-1
2	868	185	65
-1
2	897	98	153
-1
3	851	128	95
-1
4	866	28	17
-1
3	842	130	35
-1
2	852	22	181
22	181	
4	844	135	44
-1
3	840	125	16
-1
4	851	96	131
-1
3	875	189	169
-1
4	891	12	105
-1
2	843	132	3
-1
3	889	130	82
-1
2	857	81	110
81	110	
2	844	99	39
-1
3	824	42	12
-1
3	867	46	147
-1
4	882	190	71
-1
2	865	182	118
-1
3	833	85	58
-1
3	838	112	69
-1
3	892	3	1
-1
3	873	46	82
-1
3	882	87	114
-1
2	872	144	12
-1
2	884	188	5
-1
3	882	164	50
-1
4	852	32	191
-1
3	821	66	124
-1
4	878	183	8
-1
2	899	69	119
-1
3	851	59	73
-1
2	832	51	118
-1
4	845	124	156
-1
2	808	107	52
-1
3	813	31	39
-1
3	814	15	3
15	3	
3	857	49	186
-1
3	880	1	3
-1
2	840	22	138
22	138	
4	810	53	6
-1
2	883	152	64
-1
3	852	3	114
-1
3	860	87	37
-1
2	811	84	95
-1
2	801	92	126
-1
2	855	57	92
-1
4	892	24	141
-1
3	895	181	93
-1
2	884	13	67
-1
4	889	5	119
-1
3	804	116	70
-1
2	817	51	24
51	24	
2	805	55	110
-1
3	852	15	145
-1
4	829	26	188
-1
3	872	180	197
-1
4	864	135	20
-1
4	857	28	152
-1
3	823	75	164
-1
3	841	59	121
-1
2	862	48	188
-1
3	837	4	38
-1
3	898	121	92
121	92	
2	842	178	59
-1
2	881	82	36
-1
4	877	63	15
-1
3	896	136	150
-1
2	899	100	177
-1
2	815	157	3
-1
4	835	32	61
-1
3	822	25	60
-1
2	811	39	63
-1
4	854	76	135
-1
4	812	174	64
-1
4	848	168	146
-1
3	862	150	8
-1
3	863	127	143
-1
4	891	76	195
-1
3	893	127	151
-1
3	853	142	135
-1
3	812	77	159
-1
3	874	151	198
-1
4	808	62	25
-1
3	824	17	199
-1
3	869	29	118
-1
3	828	29	19
-1
4	871	44	146
-1
4	817	7	173
-1
2	867	100	99
100	99	
2	853	144	41
-1
2	812	98	69
98	69	
4	861	62	172
-1
4	885	89	33
-1
3	835	49	1
-1
4	853	73	182
-1
4	871	194	10
-1
2	868	123	5
-1
3	892	146	12
-1
2	843	163	62
163	62	
2	835	82	5
-1
3	803	136	54
-1
3	874	148	68
148	68	
2	859	61	108
-1
3	859	46	156
-1
2	892	182	181
-1
2	854	187	174
-1
2	858	10	96
-1
3	821	131	41
131	41	
4	882	23	3
-1
4	839	166	85
-1
3	844	101	20
101	20	
2	863	57	119
57	119	
4	870	183	179
-1
3	826	94	176
94	176	
3	806	6	109
-1
2	879	98	95
-1
2	827	152	57
-1
2	867	163	187
-1
4	822	184	161
-1
2	858	19	79
-1
2	829	58	179
-1
3	899	54	187
-1
2	877	118	122
-1
4	804	88	167
-1
4	813	166	172
-1
4	859	24	22
-1
3	815	56	125
-1
4	853	183	87
-1
4	814	102	71
-1
