2	318	612	632
-1
4	301	780	865
-1
2	315	491	767
-1
1	300	871	710
-1
1	300	890	769
-1
1	316	57	371
57	371	
2	309	398	795
-1
1	308	893	748
-1
3	318	836	682
-1
4	307	457	809
-1
2	319	592	573
-1
4	303	790	452
-1
3	302	263	42
-1
1	303	358	12
-1
1	303	731	53
-1
4	313	231	110
-1
2	300	379	507
-1
3	307	820	499
-1
3	300	741	487
-1
2	309	439	43
439	66	43	
1	301	426	634
-1
4	304	145	575
-1
3	305	781	837
-1
4	308	383	347
-1
4	300	798	177
-1
1	301	181	459
-1
3	300	887	890
-1
1	318	587	809
-1
3	316	134	649
-1
3	319	414	187
-1
2	304	655	665
-1
2	311	568	809
-1
2	307	32	741
-1
2	305	489	275
-1
1	313	109	172
-1
1	312	682	353
-1
2	313	463	391
-1
3	301	855	77
-1
1	302	794	262
-1
4	300	422	727
-1
2	304	93	534
-1
2	305	398	201
-1
2	317	429	285
429	285	
3	312	448	825
-1
4	315	814	86
-1
2	319	507	767
-1
3	309	711	381
-1
4	305	4	336
-1
2	318	158	281
-1
4	305	60	702
-1
3	310	252	847
-1
3	310	157	344
-1
4	306	74	824
-1
1	303	731	423
-1
1	308	815	388
-1
2	306	171	895
-1
1	306	830	705
-1
2	313	132	761
-1
2	313	409	18
-1
4	307	48	77
-1
4	313	465	328
-1
2	308	515	536
-1
3	303	817	661
-1
3	305	504	544
-1
3	313	167	510
-1
2	319	867	680
-1
2	315	533	662
-1
3	315	579	793
-1
2	312	113	301
-1
2	300	878	400
-1
3	300	545	864
-1
4	307	210	478
-1
4	308	218	395
-1
3	303	253	50
-1
3	312	711	268
-1
1	304	604	234
-1
3	317	595	818
-1
4	301	390	548
-1
3	301	46	660
-1
2	313	670	690
-1
3	316	471	386
-1
4	306	703	596
-1
2	312	570	865
-1
4	313	250	218
-1
4	300	525	28
-1
1	305	410	683
-1
4	302	74	377
-1
4	309	503	818
-1
2	301	824	15
-1
1	302	597	685
-1
4	307	770	307
-1
2	302	59	109
-1
4	307	777	730
-1
3	316	89	80
-1
4	303	402	604
-1
3	305	134	113
-1
1	313	151	238
-1
3	310	85	792
-1
2	317	566	715
-1
3	313	859	464
-1
1	319	41	385
-1
3	319	509	495
-1
1	308	723	371
-1
2	319	2	511
-1
2	303	398	64
-1
3	307	821	197
-1
2	317	178	399
-1
3	308	863	483
-1
2	315	566	149
-1
4	318	283	159
-1
3	314	736	200
-1
1	301	647	708
-1
2	311	718	582
-1
2	302	566	584
-1
3	305	598	81
-1
1	314	333	54
-1
3	304	180	283
-1
1	307	317	246
-1
2	307	398	811
-1
4	305	293	245
-1
4	316	703	80
703	55	80	
2	303	649	778
-1
1	305	190	595
-1
1	300	102	312
102	312	
4	300	576	9
-1
3	313	213	341
-1
4	316	99	573
-1
3	313	384	41
-1
4	303	303	438
-1
4	319	422	730
-1
4	310	699	584
-1
3	307	276	333
276	397	333	
1	313	611	522
-1
3	304	628	675
-1
4	305	328	350
328	421	350	
1	317	109	615
-1
1	309	894	713
-1
1	310	162	248
162	537	248	
2	319	575	550
-1
2	301	50	123
50	208	123	
3	304	669	822
-1
4	316	571	197
-1
4	310	298	859
-1
4	304	671	587
-1
2	306	508	14
-1
2	300	405	174
-1
1	304	642	220
-1
1	312	604	381
-1
2	313	554	108
-1
4	316	145	209
-1
2	309	466	30
-1
3	317	471	600
-1
3	315	859	898
-1
2	313	869	720
-1
4	307	706	379
-1
3	312	892	783
-1
1	311	792	577
-1
3	304	556	280
-1
3	303	620	833
-1
3	311	334	129
-1
3	300	222	595
-1
1	300	31	217
-1
2	309	140	175
-1
3	300	155	196
-1
2	319	809	1
-1
3	313	628	892
-1
3	309	672	835
-1
1	308	884	490
-1
1	312	680	262
-1
4	301	583	647
-1
3	307	694	868
-1
3	303	887	50
-1
2	317	727	189
-1
3	304	668	395
-1
2	304	428	303
-1
3	315	619	82
-1
4	309	693	754
-1
3	311	494	789
-1
2	312	575	568
-1
1	318	639	302
-1
4	317	780	147
-1
3	306	719	133
-1
2	306	822	11
-1
3	300	252	678
-1
2	303	776	258
-1
4	316	401	876
-1
4	309	68	720
-1
2	309	570	366
-1
2	308	661	40
-1
4	309	165	678
-1
3	316	263	610
-1
1	300	432	428
-1
3	311	598	402
-1
1	300	104	705
-1
4	317	4	632
-1
2	305	259	184
-1
3	316	596	252
-1
2	301	837	821
-1
2	312	67	633
-1
1	310	815	797
-1
4	311	117	211
117	211	
4	310	465	642
-1
4	303	45	391
-1
4	307	588	494
-1
3	319	61	549
-1
4	302	690	860
-1
1	305	447	555
-1
4	317	24	543
-1
1	309	17	609
-1
2	305	50	576
-1
1	307	812	744
-1
4	308	435	360
-1
1	318	485	456
-1
3	303	89	144
-1
3	312	448	256
-1
4	311	487	45
-1
1	317	762	544
-1
2	319	439	567
-1
1	300	37	635
-1
3	307	318	684
-1
3	310	496	647
-1
4	309	883	181
-1
1	304	112	718
-1
1	319	682	858
-1
3	314	846	405
-1
3	311	658	44
-1
1	314	481	857
-1
3	312	858	395
-1
3	306	29	483
-1
4	302	709	801
-1
1	300	216	396
-1
2	313	518	378
-1
4	310	279	541
-1
1	307	444	323
-1
3	303	855	268
-1
2	306	570	77
-1
2	314	433	609
-1
4	309	787	618
-1
1	311	11	646
-1
2	303	717	507
-1
4	310	411	774
-1
1	308	752	392
-1
1	300	425	670
-1
1	314	815	265
-1
3	313	314	220
-1
1	309	269	841
-1
1	309	216	373
-1
4	306	170	311
-1
4	312	571	321
-1
2	310	555	189
-1
4	303	438	600
-1
3	314	769	451
-1
1	316	629	875
-1
1	300	181	841
-1
1	319	56	306
-1
4	319	249	574
-1
4	303	571	841
-1
3	313	600	163
600	14	163	
2	305	399	733
-1
3	306	843	439
-1
1	305	893	877
-1
2	307	816	797
-1
4	313	283	577
-1
1	313	419	757
-1
2	310	819	864
-1
1	303	591	213
-1
4	316	302	835
-1
3	318	386	586
386	57	586	
3	302	831	84
-1
3	301	697	26
-1
3	309	803	18
-1
2	317	660	886
-1
2	313	67	268
-1
3	301	452	686
-1
4	305	777	656
-1
2	309	507	346
-1
1	315	862	700
-1
2	300	258	185
-1
3	304	768	115
-1
2	301	211	863
-1
1	311	144	817
-1
4	316	105	576
-1
3	315	14	694
-1
1	312	499	245
-1
3	307	840	121
-1
4	305	297	679
-1
2	304	866	641
-1
3	300	521	898
-1
4	314	814	818
-1
2	309	238	128
238	8	128	
2	305	691	323
-1
1	313	262	479
-1
4	306	770	492
-1
1	303	645	90
-1
2	303	357	81
-1
4	302	777	378
-1
3	314	694	395
-1
1	303	410	68
-1
2	300	310	881
-1
1	319	376	218
-1
2	301	405	60
-1
1	311	403	322
-1
2	314	76	243
-1
3	315	494	888
-1
3	316	257	396
-1
1	305	193	324
-1
4	319	755	117
-1
4	306	261	526
-1
4	306	664	887
-1
3	315	85	415
-1
3	307	584	819
-1
1	300	558	321
-1
1	302	109	448
-1
1	301	204	42
204	49	42	
2	309	439	298
-1
1	312	807	490
-1
4	301	652	396
-1
1	318	44	656
44	4	656	
4	305	402	420
-1
3	319	741	504
-1
3	309	448	239
-1
4	302	215	796
-1
4	309	355	5
-1
4	310	790	260
-1
4	300	311	750
-1
2	309	280	709
-1
2	317	625	512
-1
2	312	186	555
-1
1	303	324	109
-1
4	318	449	849
-1
2	317	140	448
-1
3	304	650	663
-1
4	300	632	169
-1
3	319	213	58
-1
1	301	684	421
-1
3	309	656	752
-1
4	300	165	476
-1
4	307	174	661
-1
4	315	787	85
-1
2	315	122	533
-1
3	302	861	725
-1
1	316	90	474
-1
2	317	114	257
114	178	257	
3	306	195	469
-1
2	306	586	304
-1
1	318	827	59
-1
2	313	28	276
-1
1	306	641	449
-1
3	310	8	387
-1
4	314	435	509
-1
1	318	862	521
-1
1	311	784	610
784	10	610	
1	319	573	775
-1
4	308	530	121
-1
3	311	596	707
-1
1	302	235	685
-1
2	317	625	765
-1
2	305	590	505
-1
3	312	316	512
-1
3	312	126	98
-1
1	312	573	59
-1
4	301	791	894
-1
4	307	635	618
-1
4	308	734	247
-1
4	306	454	895
-1
4	302	478	281
-1
2	306	560	5
-1
1	310	69	594
-1
3	313	874	62
-1
3	310	318	187
-1
1	300	270	811
-1
3	306	742	702
-1
1	303	75	488
-1
1	302	235	321
-1
2	308	463	827
-1
3	308	549	404
-1
3	312	471	115
-1
2	317	310	183
310	385	183	
3	318	600	156
-1
3	317	606	526
-1
3	307	708	795
-1
2	300	869	689
-1
2	307	175	763
-1
4	300	150	149
-1
2	306	372	611
-1
2	309	640	311
-1
4	303	288	834
-1
3	305	892	243
-1
3	312	342	894
-1
1	317	700	599
-1
4	304	449	407
-1
1	312	109	427
-1
1	306	469	653
-1
1	315	417	802
-1
3	317	737	274
-1
1	308	83	65
-1
1	313	784	353
-1
4	307	699	396
-1
3	300	796	737
-1
3	311	200	589
-1
