4	92	142	182
142	43	182	
2	96	167	181
167	60	181	
3	96	185	145
185	4	145	
4	86	91	63
91	16	63	
4	83	47	155
47	36	155	
3	98	165	62
165	41	62	
2	90	109	200
109	58	200	
3	99	114	78
114	34	78	
1	80	6	143
6	22	143	
1	95	9	14
9	14	
3	96	86	108
86	150	144	108	
4	88	190	74
-1
1	92	186	11
-1
1	87	103	101
103	43	101	
2	81	141	99
141	14	153	99	
1	82	116	63
116	46	178	63	
1	93	186	123
186	19	123	
4	82	156	189
-1
2	96	115	194
115	66	194	
1	90	108	154
108	74	154	
2	89	163	40
163	116	40	
3	82	152	181
-1
2	92	120	119
120	6	91	119	
3	84	185	173
185	5	173	
4	94	64	113
64	77	113	
2	89	145	28
145	146	28	
2	91	39	165
39	110	57	165	
3	99	84	120
84	134	120	
4	84	7	186
7	199	18	186	
4	98	23	93
23	180	93	
3	89	5	8
5	129	8	
1	81	94	159
94	36	165	159	
1	99	9	30
9	174	30	
1	91	133	14
133	6	14	
4	95	110	77
110	52	2	77	
4	94	184	173
-1
1	98	73	163
73	95	163	
2	97	37	47
37	39	47	
4	83	188	53
-1
1	87	133	27
133	75	27	
4	94	183	32
-1
2	84	24	125
24	137	15	125	
3	94	45	85
45	129	49	85	
3	87	185	18
185	5	186	18	
2	96	48	127
48	73	127	
2	88	24	110
-1
2	83	178	135
178	131	135	
3	81	97	171
97	120	171	
3	85	86	110
86	58	110	
2	91	109	194
-1
1	82	129	176
-1
1	99	3	151
3	22	151	
4	83	188	196
188	5	196	
4	92	2	132
2	125	15	132	
1	98	181	179
181	60	2	179	
1	88	189	2
-1
2	94	18	132
18	132	
2	96	113	28
113	9	28	
2	85	54	113
54	9	113	
1	99	199	174
-1
1	86	122	102
122	31	102	
3	97	77	56
77	2	52	56	
4	84	156	195
156	159	144	195	
4	95	71	148
71	73	148	
1	93	4	129
4	95	129	
1	87	62	117
62	1	29	117	
3	98	182	86
182	29	86	
4	97	188	150
-1
4	81	164	3
164	36	3	
4	86	2	153
2	84	153	
3	87	33	27
33	103	27	
2	95	39	103
39	47	103	
3	89	148	10
148	9	10	
1	97	52	32
52	18	32	
2	85	39	35
39	102	93	35	
3	93	5	49
5	129	49	
1	91	172	182
-1
3	80	22	170
22	67	170	
3	95	51	85
51	139	85	
1	99	192	86
192	31	86	
4	85	59	118
59	125	15	118	
2	99	178	109
178	46	109	
4	88	153	8
153	81	8	
1	80	123	60
123	2	60	
1	86	192	50
-1
2	86	37	54
37	138	54	
1	88	102	177
102	93	177	
3	89	5	198
-1
2	85	106	48
106	40	48	
2	83	113	192
113	31	192	
1	80	72	50
72	18	50	
2	80	10	179
10	27	179	
3	88	49	132
49	11	132	
3	99	50	6
50	180	6	
4	88	130	197
-1
3	82	148	185
148	4	185	
4	98	15	38
-1
4	88	15	43
15	122	43	
3	87	136	148
136	148	
2	98	141	60
-1
4	99	184	83
-1
3	98	97	44
-1
1	81	117	93
117	10	93	
3	86	97	142
97	7	142	
3	94	136	23
136	143	23	
1	98	25	170
25	14	170	
1	95	119	136
119	81	136	
2	97	37	150
37	108	144	150	
2	96	57	85
57	170	85	
1	87	125	178
125	131	178	
4	82	183	161
-1
4	85	195	9
195	37	174	9	
3	89	33	126
33	16	126	
2	82	106	174
106	46	70	174	
2	84	32	110
32	7	52	110	
3	86	58	86
58	86	
1	93	116	4
116	46	4	
2	83	163	40
163	116	40	
1	99	53	49
53	20	49	
2	96	41	173
41	91	18	173	
2	89	89	107
89	149	107	
1	97	123	101
123	2	83	101	
2	94	48	85
48	73	85	
2	88	18	190
-1
1	89	80	173
80	20	173	
1	94	117	30
117	30	
1	97	75	97
75	122	97	
3	88	168	60
168	69	2	60	
2	96	163	64
163	64	
4	88	195	104
195	2	60	104	
1	87	3	144
3	179	27	144	
1	99	172	66
172	68	66	
1	84	102	114
102	83	114	
1	85	108	83
108	40	83	
3	98	136	114
136	157	27	114	
1	99	177	182
-1
4	96	151	56
151	52	56	
1	87	80	176
-1
3	90	49	90
49	128	90	
3	85	17	84
17	168	84	
1	89	158	87
158	152	87	
3	94	5	10
5	117	10	
1	99	104	63
104	1	63	
2	81	40	171
40	102	46	171	
1	95	166	58
166	20	58	
4	96	16	35
16	93	35	
3	84	95	137
95	129	60	137	
4	91	23	17
23	143	17	
2	80	10	65
10	27	71	65	
1	96	12	33
12	38	33	
2	94	70	190
-1
1	95	119	194
119	66	194	
3	98	33	50
33	163	50	
4	88	13	89
13	170	89	
1	97	26	6
26	90	6	
4	91	153	21
153	99	168	21	
4	88	110	68
110	57	68	
1	96	26	90
26	90	
1	92	117	52
117	56	52	
3	84	49	15
49	85	15	
2	94	65	84
65	174	84	
1	99	119	154
119	72	154	
4	88	135	187
-1
4	97	13	151
13	151	
4	82	13	128
13	78	128	
2	95	70	81
70	46	81	
3	82	114	142
114	27	142	
1	83	94	167
94	14	167	
3	86	90	35
90	82	35	
2	93	54	83
54	79	83	
3	96	98	148
98	91	67	148	
3	90	84	18
84	164	50	18	
4	88	64	152
64	94	152	
3	90	92	116
92	21	46	116	
4	89	161	80
161	20	80	
1	89	36	102
36	83	102	
3	90	131	167
131	55	167	
3	88	45	60
45	129	60	
2	82	200	101
200	63	1	101	
4	97	7	154
7	15	154	
2	84	180	3
180	73	3	
4	93	188	87
-1
4	97	150	102
150	41	93	102	
3	84	50	145
50	146	145	
1	84	52	106
52	106	
3	97	182	93
182	53	93	
2	83	191	23
191	2	60	23	
1	82	94	19
94	123	19	
3	94	114	18
114	87	18	
3	99	17	24
17	24	
2	81	106	155
106	46	70	155	
4	99	142	95
-1
4	92	195	196
-1
3	97	152	46
152	21	46	
1	94	177	49
177	85	49	
3	86	33	30
33	25	30	
4	80	190	173
-1
2	98	113	18
113	41	91	18	
4	95	47	131
-1
3	99	81	99
81	153	99	
2	85	20	4
20	13	4	
2	99	113	145
113	39	145	
3	87	45	140
45	97	140	
3	92	77	43
-1
1	92	6	171
6	2	171	
2	82	40	3
40	110	3	
4	86	118	192
-1
2	83	18	56
18	52	56	
3	93	136	102
136	158	102	
1	92	72	182
72	117	56	182	
4	87	183	153
-1
2	92	48	18
48	87	18	
2	83	160	62
160	59	62	
1	97	67	90
67	27	90	
4	88	171	48
171	135	48	
1	90	123	39
123	39	
2	94	57	157
57	11	157	
2	89	163	174
163	95	70	174	
1	91	38	62
38	55	62	
1	84	44	133
44	8	133	
3	97	148	67
148	67	
2	94	55	66
55	80	178	66	
4	87	59	25
59	14	25	
4	88	2	43
2	73	70	43	
2	95	140	165
140	36	165	
2	86	48	40
48	40	
4	82	110	48
110	40	48	
4	87	164	163
164	50	163	
2	88	74	200
74	10	200	
4	92	85	43
85	70	43	
1	98	181	190
-1
1	84	78	197
-1
3	80	144	55
144	55	
4	95	23	9
23	176	9	
1	91	192	100
192	34	104	100	
2	90	159	99
159	72	99	
3	90	165	8
165	57	8	
1	92	79	172
79	54	172	
1	83	119	197
119	77	2	197	
1	98	67	33
67	148	33	
1	99	52	13
52	151	13	
4	95	150	91
150	41	91	
3	82	66	186
-1
4	90	7	161
7	11	161	
1	89	94	104
94	92	104	
2	87	145	62
145	99	62	
4	86	188	179
188	5	179	
1	97	78	9
78	41	91	9	
3	85	82	127
82	65	127	
2	97	37	146
37	4	146	
2	90	35	197
35	81	2	197	
4	92	175	98
175	91	98	
1	89	62	164
-1
1	89	4	170
4	170	
4	92	154	15
154	15	
2	86	155	159
-1
2	84	54	98
54	20	60	98	
4	84	161	175
161	76	175	
4	91	190	8
-1
4	88	16	45
16	133	45	
1	84	73	79
73	70	79	
3	81	95	5
95	129	5	
4	84	7	67
7	67	
2	85	57	22
57	91	6	22	
2	99	18	128
-1
3	90	131	82
131	125	82	
2	87	57	136
57	165	156	136	
2	94	113	96
113	15	124	96	
1	81	177	85
177	85	
2	97	120	52
120	6	2	52	
2	88	8	125
8	113	15	125	
3	92	92	19
92	74	19	
1	90	26	178
-1
1	84	122	186
122	50	18	186	
4	91	188	3
-1
3	84	19	85
19	26	85	
1	99	9	141
9	14	141	
3	86	49	53
49	20	53	
1	83	63	182
63	182	
1	94	36	53
36	53	
2	90	54	61
54	61	
1	89	102	104
102	124	34	104	
2	98	106	81
106	46	81	
1	95	129	3
129	45	3	
4	97	173	190
-1
3	82	144	160
144	160	
3	94	148	121
148	82	121	
2	99	40	169
-1
2	92	178	183
-1
1	84	1	170
1	14	170	
4	84	28	175
28	122	15	175	
2	80	178	28
178	9	28	
2	80	99	134
99	168	134	
3	82	197	62
197	2	6	62	
4	83	184	186
184	24	186	
3	95	22	81
22	111	81	
4	95	96	180
96	73	180	
1	95	62	19
62	180	19	
3	97	81	149
81	46	149	
3	98	185	101
185	3	101	
4	93	190	128
-1
1	80	6	106
6	11	106	
3	85	126	4
126	6	11	4	
1	98	79	153
79	70	153	
3	83	81	136
81	136	
1	83	177	109
177	78	147	109	
2	83	32	156
-1
4	93	7	170
7	67	170	
2	93	54	2
54	20	173	2	
2	94	83	187
-1
3	81	81	176
81	35	93	176	
2	98	54	181
54	61	181	
4	94	7	107
-1
3	86	92	185
92	41	185	
2	93	191	17
191	17	
2	94	74	193
74	10	193	
4	81	190	176
-1
4	90	85	134
-1
4	92	150	187
-1
4	98	164	69
164	84	168	69	
1	85	78	150
78	128	150	
4	85	71	155
71	153	70	155	
1	83	170	161
170	13	20	161	
2	99	24	53
-1
3	88	182	43
182	43	
2	92	27	68
27	64	68	
1	88	181	57
181	68	57	
4	81	195	141
195	47	141	
1	80	177	91
177	76	91	
1	88	9	6
9	14	6	
4	89	179	83
179	2	83	
4	84	76	153
76	167	14	153	
4	96	2	74
2	73	74	
1	88	137	97
137	15	7	97	
2	82	57	78
57	68	147	78	
3	82	97	57
97	72	57	
1	98	129	189
129	78	41	189	
1	91	137	183
137	5	183	
1	93	31	160
31	65	160	
2	90	111	120
111	64	171	120	
2	92	11	51
11	139	51	
4	96	13	126
13	86	126	
4	82	169	79
169	54	79	
4	98	85	16
85	29	16	
1	88	6	24
6	11	24	
2	84	121	120
121	1	171	120	
1	92	102	48
102	83	48	
3	87	93	137
93	16	137	
2	98	176	119
176	9	119	
4	97	101	181
101	68	181	
1	99	31	191
31	153	14	191	
4	85	195	3
195	2	125	3	
1	83	63	123
63	123	
3	90	5	8
5	129	8	
1	93	44	13
44	121	1	13	
4	84	64	84
64	171	2	84	
2	92	140	186
140	26	186	
1	80	52	78
52	56	147	78	
3	98	51	5
51	63	5	
1	98	9	105
9	178	105	
3	80	87	135
87	48	135	
4	95	118	129
118	83	129	
1	97	123	191
123	2	191	
2	84	159	196
-1
4	88	161	191
161	25	14	191	
2	92	35	6
35	163	7	6	
4	89	179	145
179	99	145	
1	86	123	148
123	19	148	
2	90	155	199
-1
4	94	153	7
153	67	7	
3	80	131	45
131	3	45	
1	88	4	163
4	100	163	
1	90	79	37
79	121	37	
4	97	76	147
76	13	147	
3	99	33	108
33	150	144	108	
1	84	1	94
1	14	94	
3	80	5	24
5	186	24	
3	88	194	147
-1
1	98	12	53
12	153	99	53	
3	84	82	6
82	126	6	
2	81	8	88
8	133	88	
2	95	20	91
20	154	68	91	
2	83	160	169
160	144	6	169	
3	90	43	197
-1
2	89	120	29
120	6	11	29	
3	82	92	181
92	66	181	
3	85	68	186
68	91	18	186	
1	83	189	179
189	25	14	179	
1	96	9	191
9	14	191	
2	81	27	24
27	179	24	
1	80	3	184
-1
2	91	24	155
24	17	155	
2	91	111	115
111	147	144	115	
2	87	35	157
35	116	157	
2	95	57	28
57	165	146	28	
1	96	186	119
186	18	91	119	
2	93	8	187
-1
3	91	5	127
5	179	14	127	
1	93	149	87
149	124	120	87	
2	89	145	113
145	39	113	
