4	847	160	123
-1
3	839	121	15
-1
3	877	169	20
-1
2	800	183	153
-1
4	827	170	5
-1
3	877	175	65
-1
4	898	28	121
-1
3	896	134	1
-1
2	883	62	3
-1
3	821	186	144
-1
4	895	81	56
-1
2	861	180	176
-1
2	880	19	96
-1
2	884	149	78
-1
4	889	101	199
-1
2	805	128	174
-1
3	825	106	1
106	1	
4	878	4	86
-1
3	880	153	99
-1
3	876	136	84
-1
3	831	109	164
-1
3	806	156	144
-1
4	853	170	114
-1
2	882	2	14
-1
2	880	187	115
-1
4	853	176	42
-1
4	806	181	99
-1
4	891	107	55
-1
3	890	185	7
-1
4	873	17	94
17	94	
2	889	193	155
-1
4	884	176	62
-1
3	849	134	31
-1
2	863	187	33
-1
4	877	69	19
-1
4	870	150	146
-1
3	869	155	126
-1
2	823	161	184
-1
2	881	53	120
-1
3	826	43	89
-1
4	880	68	33
-1
2	894	57	9
-1
3	876	141	142
-1
3	808	91	81
-1
3	878	6	149
-1
3	875	83	50
-1
3	801	153	5
-1
2	836	74	117
-1
2	856	97	169
-1
4	896	78	163
-1
2	828	57	183
-1
4	836	189	39
-1
2	830	183	132
-1
4	810	160	174
-1
4	810	120	131
-1
3	812	51	13
-1
3	868	126	117
-1
4	884	79	143
-1
2	805	16	39
-1
2	819	24	69
-1
4	801	120	125
-1
2	892	48	113
-1
2	875	137	48
-1
4	800	119	159
-1
4	830	181	78
181	78	
2	894	191	80
-1
2	862	3	6
-1
2	804	123	84
-1
3	843	8	51
-1
3	863	13	74
-1
4	839	84	145
-1
3	851	186	193
-1
4	850	78	81
-1
4	808	5	199
-1
2	886	105	179
-1
3	817	135	121
-1
4	822	129	76
-1
2	858	191	198
-1
4	860	196	5
-1
2	834	191	169
-1
3	878	6	53
-1
2	822	145	190
-1
4	854	148	67
-1
4	852	199	71
-1
4	830	7	175
-1
2	803	45	61
-1
3	878	163	189
-1
4	875	37	131
-1
3	832	147	78
-1
4	800	108	20
108	20	
4	804	94	25
-1
2	893	24	121
-1
3	811	147	69
-1
2	881	53	19
-1
3	807	6	25
-1
3	819	88	22
-1
3	859	91	136
-1
3	842	169	124
-1
4	819	197	71
-1
4	891	29	130
-1
4	867	181	23
-1
3	888	186	46
-1
4	808	179	144
-1
2	826	191	197
-1
2	802	24	2
-1
4	823	184	41
-1
3	810	155	132
-1
2	834	115	52
-1
2	856	157	48
-1
4	885	28	76
-1
4	807	119	57
-1
2	804	187	194
-1
4	848	127	172
-1
2	844	87	114
-1
3	897	113	90
-1
4	889	67	25
-1
3	820	43	179
-1
3	872	153	93
-1
2	871	139	49
-1
4	847	195	29
-1
2	855	180	147
-1
2	848	139	85
-1
2	871	144	163
-1
3	837	92	49
-1
4	826	188	113
-1
4	850	37	180
-1
3	828	126	22
-1
3	873	99	174
-1
2	873	123	113
-1
3	801	194	59
-1
3	800	141	39
-1
2	884	48	177
-1
4	899	148	120
-1
3	847	20	163
20	163	
3	812	109	150
-1
3	891	135	138
-1
2	812	137	64
-1
3	837	117	114
-1
2	801	190	36
-1
2	860	16	29
16	29	
3	898	117	122
-1
3	826	117	169
-1
4	898	154	69
-1
3	860	153	88
-1
4	862	152	148
-1
3	899	64	82
-1
4	814	107	170
-1
2	827	19	38
-1
3	862	9	28
-1
4	843	110	195
-1
3	864	70	63
-1
3	884	20	132
-1
3	852	147	85
-1
2	891	97	189
-1
2	838	57	92
57	92	
4	871	119	108
-1
3	840	71	14
-1
2	878	85	185
-1
3	857	165	193
-1
4	851	79	102
-1
3	865	22	124
-1
2	896	86	143
-1
3	880	71	41
-1
2	820	123	137
-1
3	812	167	146
-1
4	871	5	64
-1
4	884	77	86
-1
4	868	69	171
-1
3	812	99	87
-1
3	814	156	165
-1
3	889	159	187
-1
2	883	25	72
-1
4	824	21	94
-1
3	812	54	169
-1
4	857	26	135
26	135	
3	873	90	139
-1
3	858	61	167
-1
3	880	198	36
-1
2	866	166	134
-1
4	883	79	42
-1
2	869	45	152
-1
3	840	134	128
-1
4	886	69	149
-1
4	854	93	154
-1
2	888	158	179
-1
3	878	167	21
167	21	
2	845	192	81
-1
2	832	103	78
-1
3	817	135	196
-1
3	810	54	26
-1
2	862	137	22
-1
3	889	6	107
6	107	
2	889	98	175
-1
4	894	84	20
-1
4	825	38	177
-1
4	845	78	95
-1
2	825	57	87
-1
4	855	154	189
-1
4	850	38	123
-1
4	875	7	128
-1
2	896	18	64
18	64	
3	854	132	69
-1
4	828	173	167
-1
2	847	115	2
-1
3	823	9	192
-1
3	818	34	69
-1
4	856	79	77
-1
2	896	157	182
-1
2	870	112	171
-1
2	898	14	178
14	178	
3	861	141	147
-1
2	830	89	30
-1
4	848	143	2
-1
4	849	171	116
-1
2	892	19	125
-1
3	861	194	110
-1
3	889	64	141
-1
3	871	20	97
-1
3	841	116	160
-1
2	870	87	125
-1
3	868	185	65
-1
2	897	98	153
98	153	
2	851	128	95
128	95	
4	866	28	17
-1
3	842	130	35
-1
3	852	22	181
-1
3	844	135	44
-1
4	840	125	16
-1
3	851	96	131
-1
4	875	189	169
-1
4	891	12	105
-1
3	843	132	3
-1
3	889	130	82
-1
4	857	81	110
-1
3	844	99	39
-1
4	824	42	12
-1
3	867	46	147
46	147	
2	882	190	71
-1
3	865	182	118
-1
2	833	85	58
-1
2	838	112	69
-1
2	892	3	1
-1
3	873	46	82
-1
2	882	87	114
-1
2	872	144	12
144	12	
4	884	188	5
-1
3	882	164	50
164	50	
4	852	32	191
-1
2	821	66	124
-1
2	878	183	8
-1
4	899	69	119
-1
3	851	59	73
-1
3	832	51	118
51	118	
2	845	124	156
-1
4	808	107	52
-1
4	813	31	39
31	39	
2	814	15	3
-1
4	857	49	186
-1
4	880	1	3
-1
3	840	22	138
-1
2	810	53	6
-1
4	883	152	64
152	64	
2	852	3	114
-1
2	860	87	37
87	37	
4	811	84	95
-1
3	801	92	126
-1
2	855	57	92
57	92	
2	892	24	141
-1
4	895	181	93
-1
3	884	13	67
-1
4	889	5	119
-1
3	804	116	70
116	70	
3	817	51	24
-1
2	805	55	110
-1
2	852	15	145
-1
4	829	26	188
-1
2	872	180	197
-1
3	864	135	20
-1
4	857	28	152
-1
3	823	75	164
-1
3	841	59	121
-1
2	862	48	188
-1
4	837	4	38
-1
3	898	121	92
-1
2	842	178	59
-1
3	881	82	36
-1
2	877	63	15
-1
3	896	136	150
-1
2	899	100	177
-1
2	815	157	3
-1
4	835	32	61
-1
2	822	25	60
-1
2	811	39	63
-1
4	854	76	135
-1
4	812	174	64
-1
2	848	168	146
-1
4	862	150	8
-1
4	863	127	143
-1
4	891	76	195
-1
4	893	127	151
-1
4	853	142	135
-1
4	812	77	159
-1
3	874	151	198
-1
2	808	62	25
-1
4	824	17	199
-1
4	869	29	118
-1
4	828	29	19
-1
2	871	44	146
-1
4	817	7	173
-1
2	867	100	99
-1
2	853	144	41
-1
2	812	98	69
-1
2	861	62	172
-1
2	885	89	33
-1
4	835	49	1
-1
3	853	73	182
-1
3	871	194	10
-1
2	868	123	5
-1
4	892	146	12
-1
3	843	163	62
-1
3	835	82	5
-1
3	803	136	54
-1
4	874	148	68
-1
3	859	61	108
-1
3	859	46	156
-1
3	892	182	181
-1
2	854	187	174
-1
4	858	10	96
-1
2	821	131	41
-1
3	882	23	3
-1
2	839	166	85
166	85	
4	844	101	20
-1
2	863	57	119
-1
2	870	183	179
-1
4	826	94	176
-1
3	806	6	109
-1
2	879	98	95
-1
4	827	152	57
-1
3	867	163	187
-1
4	822	184	161
-1
2	858	19	79
-1
4	829	58	179
58	179	
3	899	54	187
-1
2	877	118	122
-1
3	804	88	167
-1
2	813	166	172
-1
2	859	24	22
-1
2	815	56	125
-1
2	853	183	87
-1
2	814	102	71
-1
4	892	176	89
-1
3	822	134	98
-1
2	861	63	103
-1
2	834	62	20
62	20	
2	800	191	60
-1
3	824	96	25
-1
3	845	61	49
-1
4	821	120	104
-1
4	808	188	38
-1
4	830	41	139
-1
4	870	7	115
-1
3	819	51	200
-1
2	821	74	15
-1
2	893	187	76
-1
4	852	21	19
-1
4	828	21	66
-1
2	828	145	126
-1
4	883	42	45
-1
3	872	64	184
-1
2	811	124	25
-1
3	877	6	183
-1
2	828	128	34
-1
3	842	147	107
-1
3	870	20	93
-1
2	888	66	65
-1
3	853	169	85
-1
3	878	50	182
-1
2	874	178	175
-1
2	858	114	38
-1
2	834	86	113
-1
2	816	149	70
-1
4	849	78	197
-1
4	807	7	95
-1
2	851	149	115
-1
4	815	119	131
-1
3	852	59	100
-1
2	833	112	149
-1
4	859	42	78
-1
4	849	17	191
-1
4	861	127	77
-1
3	831	61	25
-1
2	827	177	103
-1
4	874	79	109
-1
2	840	86	9
-1
3	870	138	80
-1
4	821	5	138
-1
2	869	157	2
-1
4	847	42	43
-1
2	889	102	11
-1
3	865	151	137
-1
