4	316	252	477
-1
4	306	821	842
-1
3	314	633	33
-1
3	316	797	711
-1
3	304	211	472
-1
1	304	642	51
-1
3	307	391	504
-1
2	300	494	308
-1
2	309	549	40
-1
3	306	860	223
-1
2	303	555	526
-1
3	316	543	498
-1
3	309	609	230
-1
3	311	576	126
-1
3	314	744	388
-1
2	304	360	129
360	129	
1	308	456	519
-1
2	307	144	164
-1
3	306	256	713
-1
3	301	45	672
-1
4	318	544	378
-1
4	316	567	20
-1
1	317	635	681
-1
2	315	684	408
-1
4	302	647	251
-1
4	311	181	610
-1
3	301	718	165
-1
1	305	858	360
-1
3	317	405	615
-1
1	300	44	712
-1
4	317	857	355
-1
3	308	395	73
395	73	
3	308	483	707
-1
4	315	801	543
-1
1	317	396	341
-1
3	318	378	574
-1
3	303	541	391
-1
3	314	323	348
-1
4	309	268	804
-1
3	312	77	847
-1
3	306	609	855
-1
1	310	618	350
-1
4	316	646	832
-1
4	310	507	784
-1
1	311	774	331
774	40	331	
2	304	392	709
-1
1	314	670	401
-1
3	313	265	775
-1
3	308	220	194
-1
3	315	841	270
-1
3	309	373	30
-1
2	310	311	647
-1
4	314	321	393
-1
2	317	189	51
189	51	
2	308	600	824
-1
3	308	451	315
-1
1	300	875	137
-1
3	315	841	401
-1
3	308	306	620
-1
1	310	574	560
-1
3	319	841	84
-1
2	318	163	394
-1
3	302	733	766
-1
4	312	439	107
-1
3	315	877	706
-1
3	302	797	308
-1
2	318	577	334
-1
4	318	757	274
-1
2	310	864	631
-1
4	301	213	304
-1
4	305	835	297
-1
2	310	586	459
-1
3	316	84	343
-1
3	302	26	782
-1
3	319	18	810
-1
3	306	886	758
-1
4	311	268	434
-1
2	316	686	342
-1
2	306	656	306
-1
1	301	346	570
-1
3	317	700	556
-1
4	307	185	241
-1
3	310	115	325
-1
1	303	863	402
-1
4	304	817	472
-1
3	313	576	457
-1
1	318	694	776
-1
1	319	245	613
-1
1	316	121	368
-1
2	305	679	766
-1
2	300	641	565
-1
2	313	898	801
-1
4	317	818	15
-1
3	310	128	30
-1
3	301	323	846
-1
3	309	479	574
-1
2	304	492	367
-1
2	316	90	664
-1
2	316	81	784
-1
3	313	378	563
-1
3	309	395	355
-1
1	309	68	404
-1
4	315	881	321
-1
4	304	218	500
218	60	500	
3	302	60	822
-1
3	315	322	452
-1
4	313	243	95
-1
1	316	888	236
-1
1	312	396	317
-1
4	314	324	746
-1
3	300	117	240
-1
1	303	526	307
-1
2	304	887	287
-1
3	303	415	556
-1
1	317	819	668
-1
4	308	321	141
-1
1	303	448	383
-1
1	318	42	422
42	175	422	
3	306	298	870
-1
2	311	490	293
490	18	293	
1	303	396	462
-1
2	301	656	139
-1
3	300	420	126
-1
2	307	504	540
-1
3	314	239	510
-1
4	314	796	883
-1
2	309	5	430
-1
1	310	260	471
-1
3	319	750	821
-1
1	304	709	410
-1
1	305	512	858
-1
2	303	555	613
-1
3	308	109	184
-1
4	319	849	739
-1
1	309	448	78
-1
4	311	663	25
-1
4	312	169	81
169	672	81	
2	303	58	340
-1
4	315	421	242
-1
1	304	752	50
-1
3	313	476	561
-1
4	306	661	268
-1
1	301	85	376
-1
3	300	533	376
-1
3	309	725	823
-1
2	313	474	637
-1
1	314	257	858
-1
4	305	469	67
-1
4	306	304	487
-1
2	307	59	339
-1
4	300	276	814
-1
4	307	449	627
-1
4	314	387	711
-1
4	301	509	395
-1
2	303	521	219
-1
3	312	610	692
-1
2	309	775	100
-1
1	315	121	569
-1
3	314	707	872
-1
4	304	685	83
-1
4	309	765	358
-1
4	315	505	806
505	84	806	
1	305	512	293
-1
2	312	98	853
-1
2	310	59	473
-1
3	314	894	182
-1
1	313	618	108
-1
1	313	247	229
-1
4	317	895	87
-1
4	319	281	823
-1
2	308	5	687
-1
3	313	594	291
-1
1	317	62	854
-1
4	309	187	51
187	51	
4	301	811	161
-1
4	314	702	207
-1
4	314	488	824
-1
4	302	321	223
-1
3	308	827	269
-1
1	310	404	549
-1
3	309	115	553
-1
1	319	183	298
-1
4	305	156	359
-1
1	307	526	598
-1
1	308	795	508
795	64	508	
3	314	689	361
-1
2	309	763	848
-1
1	311	149	321
-1
4	319	611	247
-1
2	307	311	650
-1
3	311	834	764
-1
4	301	243	46
-1
3	319	894	253
-1
2	308	599	778
-1
1	308	407	725
-1
2	308	427	513
-1
3	316	653	427
-1
1	316	802	576
-1
2	302	274	338
-1
2	303	65	649
-1
4	318	353	634
-1
1	315	396	28
-1
4	319	737	21
-1
1	309	589	672
-1
3	313	137	178
-1
1	317	245	656
-1
2	315	766	460
-1
1	302	282	361
-1
2	300	170	686
-1
4	300	304	803
-1
3	305	239	307
-1
3	312	37	702
-1
1	312	884	591
-1
1	303	183	279
-1
1	312	312	467
-1
2	307	317	764
-1
3	306	886	629
-1
2	319	82	62
82	62	
2	316	804	231
-1
3	318	116	586
116	60	586	
4	304	76	824
-1
4	306	721	860
-1
4	308	545	895
-1
3	318	338	177
-1
2	304	853	541
-1
4	319	646	9
-1
1	319	245	895
-1
4	300	304	128
-1
1	302	723	83
-1
3	307	131	199
-1
2	310	290	326
-1
3	301	806	199
-1
1	315	224	743
-1
4	304	232	180
-1
1	316	570	133
-1
3	316	527	830
-1
1	310	346	174
-1
1	309	846	529
-1
4	312	558	403
-1
2	310	501	534
-1
3	315	128	875
-1
3	305	631	780
-1
4	308	192	104
-1
3	319	700	335
-1
4	303	484	57
-1
4	312	12	583
-1
1	318	448	28
-1
4	306	31	25
-1
2	309	640	583
-1
4	314	432	183
-1
2	308	474	362
-1
1	307	842	92
-1
4	310	507	284
-1
3	317	15	135
-1
3	313	707	618
-1
4	315	630	681
-1
3	314	535	228
-1
1	319	613	258
-1
3	301	371	50
-1
2	315	532	481
-1
2	316	326	107
-1
1	308	94	48
-1
1	303	642	554
-1
1	317	444	621
-1
3	306	633	427
-1
1	306	826	208
-1
1	305	753	742
-1
4	315	760	506
-1
3	304	739	29
-1
4	316	452	560
-1
1	302	399	886
-1
3	301	655	79
-1
3	315	155	772
-1
3	307	890	368
-1
1	305	859	100
-1
4	312	545	78
-1
2	306	63	882
-1
1	311	709	741
-1
1	319	816	631
-1
2	311	20	234
20	359	234	
3	316	708	632
-1
4	306	603	387
-1
4	310	544	593
-1
2	309	191	635
-1
2	308	458	593
-1
1	317	303	238
-1
3	311	408	352
-1
1	311	354	212
-1
4	302	857	127
-1
4	315	489	198
-1
2	319	680	6
-1
4	317	8	608
-1
1	309	366	303
-1
2	303	596	494
-1
3	316	345	51
-1
4	305	246	406
-1
3	316	275	813
-1
3	308	286	318
-1
1	306	190	326
-1
4	304	724	866
-1
2	301	591	697
-1
1	300	190	704
-1
4	302	227	170
-1
4	315	9	817
-1
4	306	372	314
-1
4	303	480	611
-1
3	307	877	885
-1
4	304	726	323
-1
4	301	786	512
-1
1	307	72	335
-1
4	303	508	25
-1
3	319	49	215
-1
4	300	249	493
-1
1	308	752	501
-1
2	301	847	25
-1
2	303	145	504
-1
2	308	748	533
-1
3	302	415	358
-1
3	313	451	243
-1
4	319	813	314
-1
4	315	292	822
-1
3	301	467	22
-1
3	314	446	271
-1
2	314	698	122
-1
3	318	867	120
-1
1	314	500	265
-1
3	306	744	164
-1
2	303	124	631
-1
4	317	726	181
-1
4	302	91	145
-1
3	315	742	488
-1
3	317	517	55
-1
4	307	559	552
-1
1	300	245	402
-1
1	319	379	368
-1
2	315	590	867
-1
1	311	404	762
-1
1	301	802	885
-1
4	313	605	762
-1
1	318	754	4
-1
2	317	316	745
-1
1	311	752	414
-1
1	315	309	124
-1
3	316	188	368
-1
3	315	188	798
-1
4	313	359	487
-1
2	315	847	42
-1
1	311	598	843
-1
3	313	131	599
-1
3	316	744	452
-1
4	313	602	768
-1
1	306	152	619
-1
3	309	655	79
-1
3	316	810	266
-1
4	313	518	505
-1
4	312	593	15
-1
3	313	687	13
-1
1	308	694	610
-1
4	306	685	792
-1
2	318	590	636
-1
1	317	447	389
-1
4	307	252	540
-1
2	305	418	295
-1
1	302	759	256
-1
4	318	567	774
-1
3	312	220	466
-1
2	305	464	304
-1
3	306	750	97
-1
3	318	78	782
-1
2	305	4	471
4	1	471	
1	313	434	69
-1
1	313	731	372
-1
3	319	798	789
-1
3	314	95	699
-1
1	307	557	365
-1
2	305	675	637
-1
3	308	860	200
-1
3	317	157	49
-1
3	310	115	126
115	37	126	
1	300	865	182
-1
1	301	450	615
-1
2	312	424	446
-1
1	313	89	395
-1
1	311	48	490
-1
4	316	314	146
-1
3	304	402	873
-1
2	303	159	884
-1
1	312	219	140
-1
1	309	376	254
-1
4	310	466	219
-1
3	305	179	720
-1
4	302	12	243
-1
3	316	164	383
-1
1	305	309	482
-1
3	303	253	796
-1
4	307	561	297
-1
4	310	605	507
-1
3	309	848	725
-1
4	314	292	201
-1
4	304	814	666
-1
