3	89	90	117
90	91	55	117	
3	96	175	75
175	60	75	
3	99	178	168
178	167	168	
2	83	169	163
169	50	163	
2	83	17	195
17	15	195	
2	83	189	3
189	83	3	
2	85	48	172
48	74	172	
4	93	100	102
100	176	102	
1	82	185	108
185	40	46	108	
1	93	126	136
-1
2	81	99	177
99	155	82	177	
3	95	80	151
80	62	151	
4	95	177	80
177	64	80	
4	89	188	49
188	20	49	
3	83	51	17
51	104	17	
2	86	106	158
106	87	158	
2	89	50	5
50	149	68	5	
1	82	115	104
115	51	104	
3	90	180	40
180	50	40	
3	97	62	166
62	125	121	166	
4	94	176	16
176	100	118	16	
4	96	157	95
157	6	15	95	
1	96	165	23
165	35	23	
2	84	92	10
92	33	15	10	
4	92	181	12
181	32	12	
2	89	17	70
17	77	70	
1	93	55	119
55	94	119	
4	89	16	33
16	138	33	
3	88	79	13
79	104	13	
1	85	49	26
49	41	123	26	
2	80	58	153
58	31	153	
2	87	92	110
92	2	171	110	
1	89	29	26
29	19	26	
1	91	197	117
197	33	117	
2	94	13	49
13	60	49	
1	83	45	65
45	29	60	65	
4	93	35	119
35	119	
3	86	180	135
180	13	135	
1	90	29	13
29	13	
1	87	118	13
118	12	13	
4	80	123	70
123	41	70	
1	81	96	114
96	78	114	
1	86	163	94
163	51	117	94	
2	94	4	90
4	18	90	
4	82	7	54
7	39	54	
1	87	174	98
174	63	98	
4	97	57	84
57	84	
2	91	11	64
11	146	64	
4	95	149	92
149	68	6	92	
3	99	51	161
51	161	
1	81	130	36
130	122	153	36	
3	86	10	131
10	14	131	
1	99	151	45
-1
4	80	69	200
-1
4	93	103	7
103	7	
2	82	138	180
138	1	180	
3	86	85	188
-1
2	81	54	150
-1
3	84	158	50
158	78	50	
2	85	25	52
25	14	103	52	
4	92	105	182
-1
3	82	158	191
-1
3	98	124	94
124	38	94	
4	97	183	114
183	16	114	
4	83	35	17
35	17	
3	94	140	106
140	35	106	
4	94	143	142
143	92	142	
3	95	180	195
180	1	195	
2	85	33	152
33	15	73	152	
3	88	178	177
178	167	129	177	
4	89	35	33
35	18	161	33	
4	92	127	190
-1
1	97	101	113
101	7	113	
3	90	119	47
119	47	
1	98	136	81
136	10	81	
2	83	160	20
160	20	
1	84	66	113
66	99	113	
2	99	160	45
160	20	118	45	
2	82	108	77
108	144	77	
2	90	153	6
153	28	6	
2	82	153	40
153	28	40	
4	91	183	118
183	16	118	
3	95	107	18
107	56	18	
3	81	124	136
-1
2	81	54	72
54	78	118	72	
2	92	153	183
153	3	183	
2	97	108	48
108	66	48	
4	81	53	160
53	164	11	160	
4	89	144	67
144	173	67	
2	87	138	171
138	34	171	
1	98	109	123
109	49	41	123	
4	96	111	57
111	41	57	
1	93	55	163
55	16	163	
1	81	110	38
110	171	34	38	
3	92	12	44
12	72	44	
3	86	145	148
145	51	148	
3	85	98	55
98	165	55	
1	84	115	59
115	143	59	
4	82	128	2
128	59	2	
2	84	169	140
169	129	105	140	
4	99	16	48
16	48	
4	87	7	110
-1
1	82	163	164
163	53	164	
3	99	88	74
88	65	74	
4	82	149	85
149	68	121	85	
2	89	33	181
33	181	
2	96	99	78
99	66	78	
1	94	165	144
-1
3	88	141	23
-1
1	99	136	192
136	60	29	192	
4	98	52	159
52	49	159	
3	87	91	165
91	55	165	
3	91	91	79
91	21	79	
4	96	53	119
53	75	119	
2	92	4	67
4	20	67	
2	92	199	52
-1
3	90	140	150
140	105	120	150	
1	85	136	66
136	5	66	
4	80	143	7
143	84	104	7	
1	83	151	94
151	68	94	
2	81	50	145
50	9	18	145	
2	98	148	188
-1
3	88	107	78
-1
4	86	78	82
78	66	123	82	
3	85	26	37
26	37	
2	96	58	35
58	52	35	
1	97	71	175
-1
2	83	113	62
113	8	62	
2	89	50	4
50	123	4	
3	94	10	154
10	32	154	
2	98	113	155
113	92	155	
4	97	127	54
127	66	78	54	
4	94	105	161
-1
1	87	65	190
-1
1	84	192	16
192	18	161	16	
4	98	89	73
89	150	73	
3	84	85	95
85	92	95	
1	86	182	7
-1
3	81	145	57
145	18	154	57	
1	87	66	18
66	35	18	
3	81	80	131
80	76	15	131	
2	95	191	57
-1
3	95	88	113
88	113	
3	84	15	177
15	82	177	
2	91	22	120
22	4	105	120	
1	84	18	8
18	154	8	
1	98	49	92
49	92	
4	97	53	26
53	147	26	
1	85	71	122
71	153	122	
1	82	45	188
45	87	20	188	
4	84	172	19
172	36	19	
1	80	5	9
5	46	9	
3	92	140	49
140	4	20	49	
3	81	187	63
187	73	7	63	
1	92	24	36
24	34	36	
3	80	75	54
75	91	54	
1	83	151	102
151	116	15	102	
1	80	170	106
-1
2	82	99	129
99	166	129	
3	89	36	173
-1
3	99	38	144
38	17	144	
4	80	123	148
123	82	146	148	
3	88	15	40
15	28	40	
2	82	20	178
20	34	171	178	
2	89	153	1
153	120	1	
1	94	5	28
5	68	6	28	
1	87	65	178
65	198	178	
3	93	121	99
121	166	99	
2	81	1	197
-1
2	85	3	184
3	49	20	184	
4	80	144	22
144	108	93	22	
1	99	56	96
56	108	96	
4	98	176	62
176	11	62	
1	88	96	81
96	137	81	
4	80	78	185
78	117	2	185	
2	87	199	190
-1
1	85	174	6
174	28	6	
2	83	1	126
1	31	126	
3	92	86	79
86	84	104	79	
2	95	99	81
-1
4	88	84	177
84	58	177	
4	95	164	32
164	32	
4	89	144	7
144	77	117	7	
2	81	114	54
114	78	54	
3	86	14	83
14	73	83	
1	95	115	81
115	137	81	
3	80	42	54
42	173	54	
2	86	99	7
99	104	7	
1	84	55	92
55	165	92	
4	96	7	191
-1
4	92	94	74
94	65	74	
4	95	155	190
-1
3	93	62	85
62	109	85	
1	86	31	150
31	58	150	
2	88	33	164
33	161	53	164	
1	89	19	78
19	78	
4	94	146	71
146	71	
1	80	126	170
126	115	170	
2	92	184	24
184	20	34	24	
3	82	120	182
-1
4	87	89	27
89	110	27	
2	96	33	181
33	181	
4	80	9	195
9	18	195	
1	90	142	177
142	129	177	
1	85	81	9
81	10	9	
4	82	149	179
149	173	83	179	
2	92	50	76
50	180	76	
1	93	5	2
5	66	2	
4	96	117	137
-1
2	97	169	57
169	130	154	57	
1	96	163	97
163	50	97	
4	88	183	129
-1
2	82	39	137
39	137	
3	99	132	31
132	58	31	
1	99	174	111
174	1	138	111	
3	90	131	11
131	88	11	
3	85	14	13
14	12	13	
4	98	117	169
117	55	169	
4	95	143	85
143	153	85	
2	83	39	6
39	15	6	
4	99	69	120
69	120	
4	87	125	102
-1
2	96	113	93
113	95	93	
2	98	48	176
48	85	176	
1	80	159	101
159	1	101	
4	90	78	31
78	161	31	
3	82	80	195
80	62	195	
4	82	6	63
6	139	63	
4	87	84	5
84	86	5	
3	92	51	44
51	148	44	
3	83	74	64
74	29	64	
3	85	145	140
-1
2	97	193	52
-1
1	84	81	51
81	82	155	51	
2	84	199	9
-1
1	94	179	87
179	53	147	87	
3	88	121	118
121	175	12	118	
2	90	76	123
76	15	82	123	
4	95	198	159
198	10	159	
1	90	5	161
5	118	78	161	
2	85	169	35
169	129	35	
4	84	53	179
53	179	
3	87	190	123
-1
2	98	67	155
67	173	155	
1	86	71	153
71	153	
3	84	175	131
175	92	78	131	
3	82	61	4
61	4	
2	96	189	79
-1
3	86	131	76
131	15	76	
4	87	78	33
78	161	33	
2	93	20	1
20	138	1	
2	83	25	5
25	120	5	
3	86	121	194
-1
4	92	69	12
69	12	
1	85	19	82
19	27	82	
2	87	25	8
25	80	8	
2	90	22	20
22	4	20	
1	88	136	160
136	46	160	
3	96	124	43
124	121	43	
1	88	71	120
71	153	120	
1	80	130	92
-1
4	85	23	68
23	149	68	
1	98	46	189
-1
4	90	144	9
144	77	9	
1	83	197	27
197	64	27	
1	83	2	3
2	36	3	
2	94	41	24
41	89	24	
3	94	132	111
132	33	138	111	
4	96	52	35
52	35	
2	87	48	57
48	84	57	
2	98	76	186
76	68	11	186	
4	86	57	8
57	154	8	
2	86	194	5
194	39	5	
4	86	172	149
172	76	68	149	
2	92	114	145
114	83	73	145	
3	86	90	98
90	83	173	98	
2	82	25	90
25	124	90	
1	92	179	21
179	53	125	21	
1	98	93	73
93	73	
1	94	49	72
49	34	72	
1	99	29	148
-1
4	98	147	156
147	53	156	
3	83	85	149
85	64	146	149	
1	91	163	72
163	34	72	
1	87	49	138
49	20	138	
2	96	113	27
113	88	27	
3	85	180	51
180	29	161	51	
2	98	22	29
22	161	29	
1	82	174	74
174	105	74	
2	93	113	74
113	33	74	
3	80	59	102
59	79	102	
2	87	39	1
39	195	1	
4	87	177	85
177	64	85	
3	99	120	200
-1
1	88	163	48
163	16	48	
2	94	150	113
150	99	113	
2	96	138	92
138	33	92	
4	96	64	113
-1
2	89	114	38
114	4	38	
3	95	36	102
36	104	97	102	
1	96	29	161
29	161	
1	96	122	199
122	8	199	
2	93	169	127
169	130	56	127	
4	92	69	199
69	120	5	199	
3	91	88	161
88	27	53	161	
2	83	148	63
148	46	91	63	
2	86	82	200
82	33	200	
1	98	170	15
170	39	15	
3	88	38	128
38	17	128	
2	89	28	163
28	6	163	
4	89	195	144
195	1	120	144	
2	99	63	65
63	23	65	
3	86	132	185
132	2	185	
3	96	85	53
85	147	53	
2	96	189	92
-1
2	98	92	39
92	33	15	39	
2	90	108	72
108	46	72	
3	84	14	41
14	123	41	
1	84	185	79
185	30	79	
2	98	193	58
-1
2	81	102	52
-1
3	85	124	66
124	56	66	
4	90	143	197
-1
2	82	41	81
41	138	81	
3	86	137	21
137	168	21	
4	84	146	113
146	34	113	
4	96	64	172
64	129	172	
3	88	86	185
86	157	40	185	
2	98	171	169
171	77	169	
1	95	87	113
87	100	113	
1	98	165	15
-1
3	84	187	90
187	73	83	90	
1	80	72	184
72	34	20	184	
4	93	94	25
94	155	25	
2	85	169	113
169	144	99	113	
4	89	135	58
-1
2	80	139	74
139	65	74	
4	97	167	159
167	1	159	
3	85	36	81
36	2	81	
2	98	134	167
134	82	167	
3	84	42	84
42	57	84	
2	93	152	70
152	72	1	70	
4	88	128	141
128	61	141	
4	92	149	187
149	68	187	
4	97	154	155
154	112	155	
1	86	179	89
179	25	89	
4	91	21	179
21	82	27	179	
1	82	81	146
81	82	146	
4	94	78	133
-1
3	93	196	18
196	30	128	18	
3	96	26	11
26	158	11	
2	85	22	163
-1
3	97	107	90
107	133	83	90	
3	83	175	190
-1
2	97	20	95
20	6	15	95	
4	97	177	26
177	64	26	
1	96	95	46
95	46	
1	93	87	126
-1
2	97	189	156
-1
4	86	123	151
123	4	151	
4	97	128	176
-1
4	91	64	197
64	197	
4	92	69	55
69	135	55	
4	94	167	29
167	1	138	29	
1	88	2	48
2	171	48	
1	93	192	24
-1
4	98	69	119
-1
3	96	77	157
77	53	157	
1	91	182	97
182	9	168	97	
4	93	172	171
172	178	171	
3	80	178	99
178	133	99	
4	88	147	162
147	76	162	
2	82	30	31
30	93	1	31	
1	90	2	149
2	66	149	
1	98	116	150
116	56	108	150	
4	93	125	93
125	73	93	
1	83	110	162
110	171	162	
3	99	141	190
-1
1	95	97	172
97	143	172	
2	86	160	142
160	92	142	
4	84	125	71
125	123	71	
1	97	65	169
65	129	169	
2	87	153	198
153	135	198	
1	87	95	152
95	46	72	152	
2	89	17	67
17	154	67	
4	81	35	143
35	18	143	
4	94	181	53
-1
3	84	44	145
44	2	145	
4	95	16	41
16	138	41	
3	88	131	152
131	15	73	152	
2	91	169	76
169	21	147	76	
4	91	105	92
105	47	175	92	
2	89	3	44
3	136	44	
2	80	82	90
82	41	90	
1	98	110	58
-1
2	81	39	45
39	17	45	
3	85	12	25
12	14	25	
4	89	147	68
147	76	68	
1	81	71	83
71	56	83	
1	84	118	166
118	30	166	
