4	307	7	110
-1
4	302	163	164
-1
4	319	88	74
-1
2	302	149	85
149	167	85	
2	309	33	181
-1
4	316	99	78
99	78	
4	314	165	144
-1
1	308	141	23
141	122	23	
3	319	136	192
136	41	192	
4	318	52	159
-1
2	307	91	165
-1
2	311	91	79
91	157	79	
2	316	53	119
-1
1	312	4	67
4	132	67	
2	312	199	52
-1
3	310	140	150
140	20	150	
3	305	136	66
-1
4	300	143	7
143	153	7	
2	303	151	94
151	92	94	
3	301	50	145
50	128	145	
4	318	148	188
-1
2	308	107	78
-1
3	306	78	82
-1
2	305	26	37
26	4	37	
3	316	58	35
-1
1	317	71	175
-1
2	303	113	62
113	61	62	
3	309	50	4
50	150	4	
2	314	10	154
10	56	154	
2	318	113	155
-1
4	317	127	54
127	96	54	
2	314	105	161
-1
1	307	65	190
-1
2	304	192	16
-1
3	318	89	73
89	11	73	
3	304	85	95
85	95	
4	306	182	7
-1
4	301	145	57
-1
2	307	66	18
-1
1	301	80	131
80	7	131	
1	315	191	57
-1
4	315	88	113
88	113	
4	304	15	177
-1
4	311	22	120
22	162	120	
1	304	18	8
18	56	8	
2	318	49	92
49	82	92	
2	317	53	26
53	26	
1	305	71	122
-1
1	302	45	188
45	119	188	
2	304	172	19
172	19	
4	300	5	9
5	68	9	
3	312	140	49
140	20	49	
4	301	187	63
-1
2	312	24	36
-1
2	300	75	54
75	54	
2	303	151	102
151	27	102	
2	300	170	106
170	2	106	
4	302	99	129
-1
1	309	36	173
-1
2	319	38	144
38	144	
3	300	123	148
-1
4	308	15	40
-1
4	302	20	178
20	49	178	
4	309	153	1
153	95	1	
4	314	5	28
-1
1	307	65	178
-1
1	313	121	99
-1
1	301	1	197
1	95	197	
2	305	3	184
-1
3	300	144	22
-1
4	319	56	96
56	70	96	
4	318	176	62
176	12	62	
1	308	96	81
-1
3	300	78	185
-1
2	307	199	190
-1
3	305	174	6
-1
1	303	1	126
1	55	126	
1	312	86	79
-1
4	315	99	81
99	21	81	
3	308	84	177
84	154	177	
1	315	164	32
-1
3	309	144	7
-1
1	301	114	54
114	82	54	
3	306	14	83
14	146	83	
1	315	115	81
115	163	81	
3	300	42	54
42	151	54	
4	306	99	7
99	7	
1	304	55	92
55	7	92	
4	316	7	191
-1
1	312	94	74
94	8	74	
2	315	155	190
-1
2	313	62	85
-1
2	306	31	150
31	4	150	
2	308	33	164
33	46	164	
2	309	19	78
19	53	78	
4	314	146	71
-1
4	300	126	170
126	41	170	
1	312	184	24
-1
3	302	120	182
-1
3	307	89	27
89	83	27	
2	316	33	181
-1
3	300	9	195
9	195	
4	310	142	177
142	27	177	
2	305	81	9
81	171	9	
2	302	149	179
-1
3	312	50	76
-1
4	313	5	2
5	68	2	
1	316	117	137
117	93	137	
1	317	169	57
-1
4	316	163	97
163	22	97	
2	308	183	129
-1
4	302	39	137
-1
2	319	132	31
132	4	31	
3	319	174	111
174	111	
3	310	131	11
131	8	11	
3	305	14	13
14	170	13	
1	318	117	169
117	39	169	
4	315	143	85
143	95	85	
4	303	39	6
39	169	6	
3	319	69	120
-1
1	307	125	102
-1
2	316	113	93
-1
1	318	48	176
48	34	176	
2	300	159	101
-1
3	310	78	31
78	155	31	
1	302	80	195
-1
4	302	6	63
6	110	63	
3	307	84	5
84	136	5	
4	312	51	44
51	1	44	
3	303	74	64
-1
4	305	145	140
-1
2	317	193	52
-1
2	304	81	51
-1
2	304	199	9
-1
3	314	179	87
-1
1	308	121	118
-1
3	310	76	123
-1
2	315	198	159
-1
4	310	5	161
-1
1	305	169	35
-1
2	304	53	179
53	19	179	
2	307	190	123
-1
1	318	67	155
-1
1	306	71	153
-1
4	304	175	131
175	91	131	
3	302	61	4
61	82	4	
3	316	189	79
-1
3	306	131	76
-1
3	307	78	33
-1
4	313	20	1
-1
3	303	25	5
25	66	5	
1	306	121	194
-1
3	312	69	12
69	176	12	
2	305	19	82
19	54	82	
3	307	25	8
25	110	8	
4	310	22	20
22	34	20	
3	308	136	160
136	11	160	
4	316	124	43
124	45	43	
1	308	71	120
-1
3	300	130	92
-1
1	305	23	68
23	162	68	
2	318	46	189
-1
3	310	144	9
-1
4	303	197	27
197	7	27	
2	303	2	3
2	3	
3	314	41	24
41	192	24	
2	314	132	111
132	89	111	
4	316	52	35
52	35	
1	307	48	57
48	133	57	
3	318	76	186
-1
2	306	57	8
57	8	
4	306	194	5
-1
2	306	172	149
-1
1	312	114	145
114	63	145	
3	306	90	98
90	56	98	
3	302	25	90
25	66	90	
3	312	179	21
179	18	21	
4	318	93	73
-1
2	314	49	72
49	180	72	
2	319	29	148
29	163	148	
2	318	147	156
147	78	156	
3	303	85	149
85	167	149	
4	311	163	72
-1
2	307	49	138
49	17	138	
2	316	113	27
113	48	27	
4	305	180	51
180	92	51	
4	318	22	29
22	21	29	
3	302	174	74
174	155	74	
2	313	113	74
-1
1	300	59	102
-1
4	307	39	1
-1
3	307	177	85
177	154	85	
3	319	120	200
-1
4	308	163	48
-1
1	314	150	113
-1
2	316	138	92
-1
1	316	64	113
-1
1	309	114	38
-1
1	315	36	102
36	102	
2	316	29	161
-1
4	316	122	199
-1
1	313	169	127
169	80	127	
3	312	69	199
-1
4	311	88	161
-1
4	303	148	63
-1
3	306	82	200
-1
2	318	170	15
-1
2	308	38	128
38	143	128	
1	309	28	163
-1
3	309	195	144
-1
4	319	63	65
-1
2	306	132	185
-1
3	316	85	53
85	109	53	
3	316	189	92
-1
1	318	92	39
-1
1	310	108	72
108	138	72	
3	304	14	41
14	170	41	
4	304	185	79
-1
2	318	193	58
193	9	58	
4	301	102	52
-1
4	305	124	66
124	29	66	
4	310	143	197
143	95	197	
3	302	41	81
-1
2	306	137	21
-1
4	304	146	113
-1
1	316	64	172
64	1	172	
1	308	86	185
86	50	185	
4	318	171	169
171	6	169	
3	315	87	113
-1
4	318	165	15
-1
4	304	187	90
-1
1	300	72	184
72	7	184	
1	313	94	25
-1
1	305	169	113
169	2	113	
1	309	135	58
-1
3	300	139	74
139	8	74	
4	317	167	159
167	85	159	
1	305	36	81
36	13	81	
4	318	134	167
-1
3	304	42	84
42	84	
2	313	152	70
152	70	
3	308	128	141
128	108	141	
2	312	149	187
-1
4	317	154	155
154	155	
3	306	179	89
179	128	89	
2	311	21	179
21	18	179	
2	302	81	146
-1
3	314	78	133
78	133	
1	313	196	18
-1
2	316	26	11
26	174	11	
4	305	22	163
22	163	
2	317	107	90
-1
4	303	175	190
-1
4	317	20	95
20	104	95	
3	317	177	26
177	174	26	
1	316	95	46
95	21	46	
3	313	87	126
87	126	
3	317	189	156
189	78	156	
3	306	123	151
123	54	151	
3	317	128	176
-1
1	311	64	197
-1
3	312	69	55
69	79	55	
4	314	167	29
167	125	29	
2	308	2	48
-1
2	313	192	24
192	24	
3	318	69	119
69	156	119	
4	316	77	157
-1
4	311	182	97
-1
2	313	172	171
-1
1	300	178	99
-1
2	308	147	162
-1
1	302	30	31
-1
2	310	2	149
2	119	149	
4	318	116	150
116	112	150	
1	313	125	93
125	116	93	
4	303	110	162
110	4	162	
1	319	141	190
141	18	190	
3	315	97	172
-1
3	306	160	142
160	11	142	
1	304	125	71
-1
1	317	65	169
65	6	169	
4	307	153	198
-1
1	307	95	152
95	153	152	
1	309	17	67
17	23	67	
3	301	35	143
35	165	143	
1	314	181	53
-1
1	304	44	145
-1
2	315	16	41
-1
3	308	131	152
131	149	152	
1	311	169	76
-1
2	311	105	92
-1
2	309	3	44
3	106	44	
3	300	82	90
82	31	90	
4	318	110	58
110	58	
4	301	39	45
39	22	45	
2	305	12	25
12	143	25	
2	309	147	68
147	61	68	
1	301	71	83
71	74	83	
3	304	118	166
118	39	166	
3	311	58	134
-1
3	302	69	39
69	3	39	
1	305	1	193
1	45	193	
3	306	82	74
82	6	74	
1	303	114	183
-1
2	307	12	173
12	173	
4	303	5	185
5	39	185	
3	311	50	83
-1
1	305	191	153
-1
4	302	124	22
124	22	
4	308	8	79
8	11	79	
3	318	119	100
119	140	100	
3	310	73	52
-1
3	303	118	133
118	4	133	
4	306	156	46
156	69	46	
4	310	52	9
52	68	9	
4	314	39	14
-1
2	308	3	15
3	138	15	
3	300	186	158
-1
2	301	3	81
3	140	81	
2	312	138	41
138	72	41	
4	311	6	111
6	111	
1	302	64	184
64	1	184	
1	306	114	53
114	19	53	
3	303	37	161
-1
1	311	95	12
95	6	12	
4	316	126	2
-1
1	303	92	156
92	156	
1	300	141	93
141	78	93	
4	312	93	96
-1
1	304	67	185
-1
3	315	119	190
-1
1	310	70	5
70	76	5	
2	314	24	118
24	43	118	
4	314	110	106
110	6	106	
4	305	145	153
-1
2	319	188	30
-1
4	314	197	73
-1
4	307	20	165
20	155	165	
2	314	152	58
-1
1	318	164	124
-1
1	307	121	42
121	165	42	
2	303	188	63
-1
4	300	39	38
-1
1	317	92	99
92	7	99	
1	301	59	43
-1
1	302	36	182
-1
4	315	15	178
15	56	178	
1	319	150	197
150	94	197	
3	316	177	100
177	53	100	
2	311	3	16
-1
3	304	61	136
61	136	
3	318	60	123
60	125	123	
4	315	63	112
-1
1	313	135	155
-1
1	307	64	13
-1
4	309	146	49
146	91	49	
4	306	8	63
8	178	63	
4	315	143	164
143	125	164	
3	306	195	92
-1
2	301	151	94
151	92	94	
1	316	135	154
-1
2	310	159	13
-1
2	301	198	75
-1
3	316	25	9
25	165	9	
2	308	199	25
-1
3	308	118	170
-1
2	303	19	129
-1
4	306	146	72
146	14	72	
1	318	173	18
-1
4	303	99	168
-1
3	317	41	54
41	126	54	
3	301	69	13
-1
2	308	172	162
172	7	162	
2	308	33	186
33	46	186	
1	312	1	136
-1
4	313	182	54
-1
2	302	10	72
10	9	72	
4	305	5	169
5	99	169	
2	302	12	93
12	173	93	
2	301	62	144
-1
4	315	5	136
5	136	
1	307	54	4
54	82	4	
4	300	68	175
-1
1	305	108	160
-1
4	301	156	160
156	69	160	
1	306	181	93
-1
3	309	174	55
174	177	55	
1	310	96	59
-1
3	302	41	22
41	97	22	
2	305	3	83
3	83	
3	300	85	40
85	154	40	
4	316	20	45
20	104	45	
3	302	119	64
119	149	64	
3	313	179	171
179	121	171	
4	305	176	127
-1
1	317	109	107
109	91	107	
1	311	95	80
-1
2	302	57	128
57	34	128	
4	303	187	168
-1
4	318	161	123
-1
