3	306	97	103
-1
2	386	48	179
-1
2	259	23	70
-1
4	65	37	158
37	6	158	
2	548	53	159
-1
2	344	95	169
-1
4	664	116	175
-1
3	548	70	83
-1
3	483	29	140
-1
2	797	175	88
175	88	
2	499	114	185
-1
3	179	22	184
-1
3	349	108	158
-1
4	658	117	195
-1
3	416	184	47
-1
3	86	84	93
84	70	93	
4	61	128	161
128	108	161	
3	195	43	30
-1
3	534	191	10
-1
2	124	127	184
-1
2	260	124	49
-1
2	93	175	70
-1
2	401	5	177
-1
4	747	104	45
-1
2	295	64	28
-1
4	787	30	63
-1
4	97	116	191
116	34	191	
4	378	129	33
-1
3	188	176	175
-1
4	573	163	53
-1
4	522	37	128
-1
4	641	47	103
-1
2	120	192	107
-1
3	314	143	162
143	82	162	
2	444	192	25
192	25	
4	256	87	6
87	6	
2	796	75	73
-1
3	780	174	2
-1
3	707	55	129
55	129	
3	259	145	91
145	91	
2	537	170	127
-1
3	91	92	125
-1
2	597	36	69
-1
3	410	108	11
-1
2	536	72	155
-1
3	591	168	41
-1
2	213	175	67
175	67	
2	516	123	193
-1
4	145	104	47
-1
2	685	11	143
-1
3	314	122	112
-1
4	740	161	156
-1
4	508	102	143
-1
4	321	149	50
149	50	
2	125	61	73
61	73	
4	517	197	41
-1
4	384	138	167
138	167	
4	476	104	89
-1
3	724	70	144
-1
4	516	117	106
-1
3	727	55	28
-1
2	682	71	188
-1
4	574	163	42
-1
3	75	172	190
-1
2	598	95	3
95	3	
3	240	172	199
-1
4	356	90	89
90	89	
2	146	25	144
-1
2	740	1	165
1	165	
2	145	127	82
127	70	82	
3	424	43	88
43	68	88	
2	564	71	158
-1
2	605	5	120
-1
3	696	82	43
-1
2	448	7	89
-1
2	699	5	60
-1
3	489	147	101
-1
4	732	103	77
-1
3	348	100	78
100	120	78	
2	581	192	156
-1
4	168	37	199
-1
4	475	14	21
-1
3	295	178	25
-1
4	789	183	106
-1
4	378	81	65
81	83	65	
4	237	30	21
30	193	21	
4	789	81	168
-1
3	516	20	70
-1
2	195	54	121
54	73	121	
4	500	4	112
-1
2	750	36	101
-1
2	520	154	114
-1
4	397	30	91
30	60	91	
2	552	177	25
-1
3	568	118	105
-1
2	289	196	86
-1
4	256	86	118
-1
2	775	75	89
-1
4	398	93	94
-1
4	609	188	98
-1
3	709	191	133
-1
3	322	191	38
-1
3	314	164	67
-1
4	490	161	195
-1
3	747	15	113
-1
4	732	134	60
-1
3	652	73	145
73	145	
4	240	179	172
-1
2	134	106	64
-1
2	631	106	4
106	4	
2	365	66	194
-1
4	602	77	136
-1
4	621	50	99
-1
4	267	16	11
16	64	11	
2	679	7	178
7	178	
4	639	6	111
-1
4	685	90	135
-1
3	456	92	65
-1
4	770	183	122
-1
2	623	167	28
-1
2	68	200	93
-1
3	555	165	169
-1
2	306	167	170
-1
2	416	140	138
-1
3	593	108	96
-1
2	605	187	101
-1
4	339	78	190
-1
2	353	114	82
-1
2	225	72	64
72	14	64	
3	302	142	182
-1
2	746	167	181
-1
4	716	185	145
-1
3	486	91	63
-1
4	273	47	155
47	33	155	
3	518	165	62
165	1	62	
2	770	109	200
-1
2	609	114	78
-1
4	240	6	143
-1
4	205	9	14
-1
4	236	86	108
-1
4	118	190	74
-1
2	212	186	11
186	6	11	
4	627	103	101
-1
3	81	141	99
-1
4	292	116	63
116	53	63	
2	343	186	123
-1
3	472	156	189
-1
3	166	115	194
115	59	194	
3	230	108	154
-1
4	189	163	40
163	40	
4	662	152	181
-1
3	122	120	119
120	48	119	
4	574	185	173
-1
2	774	64	113
-1
3	339	145	28
145	73	28	
3	561	39	165
-1
3	99	84	120
84	78	120	
2	344	7	186
-1
2	498	23	93
-1
2	689	5	8
-1
2	771	94	159
-1
4	339	9	30
-1
2	411	133	14
133	60	14	
4	275	110	77
-1
3	154	184	173
-1
3	118	73	163
73	154	68	163	
4	137	37	47
-1
4	373	188	53
188	53	
2	617	133	27
-1
4	674	183	32
-1
2	684	24	125
-1
3	364	45	85
-1
4	227	185	18
-1
2	56	48	127
48	127	
2	278	24	110
24	71	110	
3	693	178	135
-1
3	491	97	171
-1
4	95	86	110
86	90	110	
2	371	109	194
-1
4	352	129	176
-1
3	529	3	151
-1
4	763	188	196
-1
3	332	2	132
-1
2	158	181	179
181	8	179	
2	568	189	2
-1
3	304	18	132
-1
2	276	113	28
-1
2	135	54	113
-1
2	529	199	174
-1
3	756	122	102
-1
4	707	77	56
-1
3	704	156	195
-1
2	685	71	148
-1
4	613	4	129
-1
2	317	62	117
62	117	
4	298	182	86
182	54	86	
4	227	188	150
188	54	150	
3	191	164	3
-1
3	116	2	153
2	68	153	
2	217	33	27
-1
3	675	39	103
-1
2	669	148	10
-1
3	117	52	32
52	60	32	
3	695	39	35
-1
2	113	5	49
5	162	49	
3	101	172	182
-1
3	550	22	170
-1
4	755	51	85
-1
2	759	192	86
-1
3	135	59	118
59	101	118	
3	639	178	109
-1
2	148	153	8
153	110	8	
2	80	123	60
123	146	60	
2	716	192	50
-1
4	666	37	54
-1
4	448	102	177
-1
2	269	5	198
-1
2	355	106	48
106	120	48	
2	793	113	192
-1
2	560	72	50
-1
4	670	10	179
-1
4	678	49	132
-1
4	89	50	6
50	168	6	
3	288	130	197
-1
2	692	148	185
-1
3	418	15	38
-1
3	68	15	43
15	7	33	43	
4	567	136	148
-1
3	558	141	60
-1
3	459	184	83
-1
3	438	97	44
-1
4	721	117	93
-1
3	76	97	142
97	35	142	
4	774	136	23
-1
2	108	25	170
-1
4	345	119	136
119	130	136	
4	787	37	150
-1
2	786	57	85
-1
3	297	125	178
125	7	178	
4	382	183	161
-1
3	375	195	9
-1
2	469	33	126
-1
2	762	106	174
-1
3	534	32	110
-1
4	406	58	86
-1
4	243	116	4
116	170	4	
4	93	163	40
163	40	
2	479	53	49
53	20	49	
4	606	41	173
-1
3	69	89	107
89	57	107	
2	127	123	101
123	118	101	
2	254	48	85
-1
3	328	18	190
-1
3	739	80	173
-1
4	624	117	30
117	30	
2	227	75	97
-1
3	268	168	60
-1
4	766	163	64
-1
3	738	195	104
-1
3	647	3	144
-1
3	549	172	66
-1
4	84	102	114
102	17	114	
3	625	108	83
-1
4	348	136	114
136	41	114	
2	679	177	182
-1
4	576	151	56
-1
3	287	80	176
-1
4	550	49	90
-1
3	555	17	84
17	125	84	
2	199	158	87
158	6	87	
2	164	5	10
5	109	10	
4	379	104	63
-1
4	161	40	171
-1
2	575	166	58
-1
4	206	16	35
16	35	
2	514	95	137
95	137	
2	191	23	17
23	14	17	
4	780	10	65
-1
2	416	12	33
-1
3	404	70	190
-1
4	365	119	194
-1
2	378	33	50
33	2	50	
4	248	13	89
13	26	89	
4	207	26	6
-1
2	241	153	21
-1
4	128	110	68
110	153	68	
4	396	26	90
-1
4	162	117	52
117	50	52	
4	494	49	15
-1
2	184	65	84
65	70	84	
4	179	119	154
-1
3	628	135	187
-1
4	417	13	151
-1
4	472	13	128
-1
3	695	70	81
-1
2	612	114	142
-1
2	703	94	167
-1
4	456	90	35
-1
2	723	54	83
54	83	
2	156	98	148
-1
3	360	84	18
-1
2	698	64	152
-1
3	750	92	116
-1
4	229	161	80
161	108	80	
2	59	36	102
36	68	19	102	
3	350	131	167
-1
3	418	45	60
-1
2	52	200	101
200	27	101	
2	687	7	154
-1
4	484	180	3
-1
4	103	188	87
-1
3	657	150	102
-1
4	574	50	145
-1
3	54	52	106
52	164	120	106	
4	707	182	93
-1
3	123	191	23
-1
2	232	94	19
94	19	
2	584	114	18
-1
3	189	17	24
-1
2	241	106	155
-1
3	79	142	95
-1
3	582	195	196
-1
4	477	152	46
-1
2	84	177	49
177	110	49	
2	576	33	30
-1
4	700	190	173
-1
2	268	113	18
-1
4	285	47	131
47	91	131	
4	409	81	99
81	56	99	
3	515	20	4
-1
2	359	113	145
113	91	145	
3	557	45	140
-1
4	302	77	43
77	36	43	
4	202	6	171
-1
4	132	40	3
40	95	3	
3	406	118	192
-1
3	223	18	56
18	99	56	
4	303	136	102
136	64	102	
2	252	72	182
-1
4	307	183	153
-1
2	552	48	18
-1
3	243	160	62
160	15	62	
4	737	67	90
-1
2	708	171	48
-1
2	510	123	39
-1
2	404	57	157
-1
4	109	163	174
-1
4	161	38	62
38	18	62	
2	694	44	133
-1
2	747	148	67
-1
3	464	55	66
-1
3	227	59	25
-1
3	568	2	43
-1
2	415	140	165
-1
2	506	48	40
-1
4	662	110	48
-1
3	737	164	163
-1
3	598	74	200
-1
4	82	85	43
85	129	68	43	
2	298	181	190
-1
4	564	78	197
-1
3	790	144	55
-1
2	735	23	9
-1
2	251	192	100
-1
4	640	159	99
-1
3	790	165	8
-1
3	352	79	172
-1
4	203	119	197
-1
4	598	67	33
-1
3	589	52	13
-1
3	435	150	91
-1
2	592	66	186
-1
2	150	7	161
7	8	161	
2	149	94	104
94	97	104	
3	497	145	62
-1
4	506	188	179
-1
4	577	78	9
-1
3	325	82	127
82	70	127	
4	657	37	146
-1
4	320	35	197
-1
2	362	175	98
-1
2	799	62	164
-1
4	309	4	170
4	170	
2	512	154	15
-1
4	626	155	159
-1
2	754	54	98
-1
4	314	161	175
-1
4	791	190	8
-1
4	788	16	45
-1
3	384	73	79
-1
2	531	95	5
-1
2	244	7	67
7	125	67	
2	615	57	22
-1
3	79	18	128
-1
3	690	131	82
-1
2	787	57	136
57	136	
2	714	113	96
113	96	
2	771	177	85
-1
3	317	120	52
120	7	52	
2	298	8	125
8	7	125	
