4	648	128	141
-1
3	762	82	116
-1
2	272	143	186
-1
4	338	94	156
-1
2	693	123	115
-1
4	203	17	108
17	1	108	
2	639	31	163
-1
2	530	90	152
-1
2	368	163	120
-1
2	122	173	185
-1
2	312	25	64
-1
2	327	75	145
-1
2	764	90	39
-1
4	69	12	84
12	125	84	
3	285	200	7
-1
3	692	145	23
-1
3	107	99	5
99	178	5	
2	458	90	94
-1
3	479	22	9
-1
4	663	140	133
-1
3	276	112	110
-1
2	272	176	184
-1
3	112	155	73
155	166	73	
3	246	119	37
119	14	37	
2	52	38	188
-1
4	326	24	133
-1
3	781	68	183
-1
2	624	75	24
-1
4	284	185	45
-1
4	767	15	185
-1
4	626	28	48
-1
3	459	57	24
-1
3	184	29	178
29	178	
2	420	144	97
-1
3	659	142	86
-1
4	443	146	109
-1
3	675	172	129
-1
2	750	4	3
-1
4	445	80	188
-1
2	781	164	2
-1
3	728	133	181
-1
3	151	59	189
-1
2	781	169	18
-1
4	377	55	113
-1
2	412	177	54
177	54	
2	373	86	199
86	15	199	
4	151	80	122
80	24	122	
4	155	7	77
-1
2	794	158	156
-1
4	247	105	71
105	1	71	
3	628	36	4
36	4	
4	616	14	62
-1
3	435	168	182
-1
3	499	99	188
-1
3	652	78	164
-1
3	452	142	2
-1
4	176	67	33
67	15	33	
3	202	168	39
-1
2	309	176	148
-1
4	731	170	52
-1
3	334	118	39
-1
2	398	46	5
-1
2	581	114	172
-1
2	269	152	22
-1
2	534	101	51
-1
3	135	56	192
-1
4	567	160	59
-1
3	558	186	178
-1
3	57	40	153
40	139	153	
2	609	49	123
-1
4	249	81	192
-1
4	453	67	37
-1
4	526	67	102
-1
2	97	49	5
49	177	5	
4	197	170	106
170	37	106	
3	791	6	113
-1
4	349	44	72
-1
3	778	161	10
-1
2	731	21	49
-1
3	155	29	50
-1
3	396	40	130
-1
2	134	89	148
89	26	148	
2	287	143	15
-1
3	492	119	15
-1
3	447	69	136
69	136	
3	709	68	141
-1
3	532	59	184
-1
2	793	60	97
-1
2	542	39	117
-1
3	741	122	97
122	97	
3	572	127	136
-1
2	319	75	25
75	155	25	
3	285	59	119
-1
4	649	96	37
-1
4	84	138	57
138	141	57	
3	177	37	125
-1
2	660	48	183
-1
2	108	83	195
-1
4	575	126	33
-1
4	123	170	106
170	37	106	
4	109	63	32
63	120	32	
3	685	85	58
-1
4	403	7	116
-1
4	489	94	163
-1
4	548	44	53
44	108	53	
4	772	80	41
-1
3	356	57	89
-1
4	350	170	123
-1
2	334	178	48
-1
4	239	55	18
55	108	18	
3	522	29	80
-1
2	779	90	117
-1
4	696	175	75
-1
2	159	178	168
178	5	168	
2	313	169	163
-1
4	453	17	195
-1
4	443	189	3
-1
2	765	48	172
-1
2	663	100	102
-1
4	582	185	108
-1
4	463	126	136
-1
3	431	99	177
-1
4	755	80	151
80	151	
2	125	177	80
-1
4	639	188	49
-1
3	83	51	17
51	18	173	17	
4	436	106	158
-1
3	409	50	5
50	108	5	
4	62	115	104
115	35	175	104	
3	670	180	40
-1
4	407	62	166
-1
2	84	176	16
176	20	16	
4	686	157	95
-1
4	716	165	23
-1
3	214	92	10
-1
4	382	181	12
-1
4	489	17	70
-1
4	443	55	119
-1
3	499	16	33
-1
4	588	79	13
-1
2	105	49	26
49	105	26	
4	670	58	153
58	153	
3	717	92	110
-1
3	539	29	26
-1
3	201	197	117
-1
2	714	13	49
13	49	
3	233	45	65
45	150	65	
4	253	35	119
-1
3	786	180	135
-1
3	500	29	13
-1
3	677	118	13
-1
2	630	123	70
-1
4	341	96	114
96	114	
2	516	163	94
-1
2	434	4	90
-1
4	332	7	54
-1
4	597	174	98
-1
3	67	57	84
57	53	84	
2	251	11	64
-1
3	365	149	92
149	99	92	
3	279	51	161
-1
2	351	130	36
-1
2	216	10	131
10	67	131	
3	159	151	45
-1
3	50	69	200
69	9	46	200	
3	53	103	7
103	62	7	
4	102	138	180
138	18	180	
3	286	85	188
-1
4	201	54	150
-1
2	694	158	50
-1
2	55	25	52
25	98	52	
4	542	105	182
-1
2	572	158	191
-1
3	368	124	94
-1
4	67	183	114
183	8	114	
4	173	35	17
35	173	17	
4	554	140	106
-1
2	644	143	142
-1
3	645	180	195
-1
3	545	33	152
-1
2	348	178	177
-1
4	729	35	33
35	33	
3	722	127	190
-1
2	617	101	113
-1
3	130	119	47
119	96	47	
4	748	136	81
-1
4	503	160	20
-1
3	294	66	113
-1
4	139	160	45
160	47	45	
3	192	108	77
-1
3	770	153	6
-1
3	602	153	40
-1
4	341	183	118
-1
3	505	107	18
-1
3	101	124	136
124	78	136	
4	231	54	72
-1
3	102	153	183
-1
3	517	108	48
-1
4	211	53	160
-1
2	789	144	67
144	67	
4	647	138	171
-1
2	538	109	123
-1
4	206	111	57
-1
4	523	55	163
-1
2	661	110	38
-1
4	682	12	44
-1
3	266	145	148
-1
2	315	98	55
-1
4	674	115	59
-1
4	392	128	2
-1
2	714	169	140
-1
3	439	16	48
-1
4	597	7	110
-1
2	362	163	164
-1
2	299	88	74
88	68	74	
3	92	149	85
-1
3	439	33	181
-1
3	646	99	78
-1
4	604	165	144
-1
3	358	141	23
-1
4	799	136	192
-1
2	398	52	159
-1
2	457	91	165
91	165	
2	121	91	79
91	22	79	
4	196	53	119
53	38	119	
2	382	4	67
-1
4	462	199	52
-1
4	490	140	150
-1
4	135	136	66
-1
2	310	143	7
-1
3	253	151	94
-1
3	561	50	145
-1
2	178	148	188
-1
3	758	107	78
-1
3	526	78	82
-1
4	445	26	37
-1
4	396	58	35
-1
2	197	71	175
-1
4	513	113	62
113	7	62	
3	69	50	4
50	91	4	
2	264	10	154
-1
4	308	113	155
113	29	155	
3	147	127	54
127	54	
4	374	105	161
-1
4	107	65	190
65	17	190	
2	744	192	16
-1
2	428	89	73
-1
3	254	85	95
-1
4	466	182	7
-1
3	71	145	57
145	76	57	
3	527	66	18
-1
4	331	80	131
-1
4	185	191	57
-1
2	495	88	113
-1
4	184	15	177
15	20	177	
3	501	22	120
22	120	
4	324	18	8
18	92	8	
2	768	49	92
-1
4	377	53	26
-1
2	735	71	122
-1
3	602	45	188
-1
3	534	172	19
-1
2	690	5	9
-1
4	402	140	49
-1
2	731	187	63
-1
4	652	24	36
-1
2	210	75	54
75	105	54	
3	453	151	102
-1
4	780	170	106
-1
3	552	99	129
-1
3	139	36	173
-1
2	459	38	144
-1
2	670	123	148
-1
4	118	15	40
15	147	40	
3	582	20	178
-1
3	619	153	1
-1
2	174	5	28
-1
4	727	65	178
-1
3	233	121	99
121	45	99	
2	561	1	197
-1
4	585	3	184
-1
2	430	144	22
-1
3	729	56	96
-1
2	118	176	62
176	20	62	
4	98	96	81
96	173	81	
3	450	78	185
78	14	185	
4	127	199	190
-1
4	505	174	6
-1
2	403	1	126
-1
2	502	86	79
-1
3	735	99	81
-1
2	508	84	177
84	177	
2	305	164	32
164	20	32	
2	369	144	7
-1
2	301	114	54
-1
4	386	14	83
-1
4	475	115	81
-1
2	330	42	54
-1
3	356	99	7
-1
4	134	55	92
55	173	18	92	
4	166	7	191
-1
4	542	94	74
-1
3	125	155	190
-1
4	683	62	85
-1
2	386	31	150
-1
3	118	33	164
-1
4	449	19	78
-1
4	354	146	71
-1
4	160	126	170
-1
3	402	184	24
-1
3	442	120	182
-1
2	417	89	27
-1
3	356	33	181
-1
3	540	9	195
-1
3	640	142	177
-1
4	305	81	9
-1
3	732	149	179
-1
3	452	50	76
-1
2	273	5	2
-1
2	196	117	137
117	137	
2	627	169	57
-1
2	706	163	97
-1
4	538	183	129
-1
2	732	39	137
39	137	
4	459	132	31
-1
4	719	174	111
-1
2	350	131	11
131	178	11	
4	525	14	13
-1
2	378	117	169
-1
2	215	143	85
-1
2	73	39	6
39	37	6	
3	69	69	120
69	22	120	
2	297	125	102
-1
4	436	113	93
113	7	93	
2	368	48	176
-1
4	430	159	101
-1
3	690	78	31
78	31	
4	752	80	195
-1
3	522	6	63
-1
2	157	84	5
84	5	
3	712	51	44
-1
3	283	74	64
74	133	64	
3	785	145	140
-1
2	227	193	52
193	76	52	
4	554	81	51
-1
4	504	199	9
-1
2	684	179	87
-1
3	628	121	118
-1
3	340	76	123
-1
3	795	198	159
-1
2	240	5	161
5	36	161	
2	355	169	35
-1
4	694	53	179
-1
2	597	190	123
-1
4	748	67	155
-1
2	406	71	153
-1
4	594	175	131
-1
3	112	61	4
61	2	4	
4	536	189	79
-1
2	696	131	76
-1
3	757	78	33
-1
3	343	20	1
20	108	1	
2	223	25	5
25	81	5	
3	646	121	194
-1
3	52	69	12
69	125	12	
4	705	19	82
-1
2	687	25	8
-1
3	640	22	20
-1
4	118	136	160
136	160	
3	696	124	43
-1
2	628	71	120
71	120	
2	530	130	92
130	92	
4	285	23	68
-1
2	228	46	189
-1
2	140	144	9
-1
3	523	197	27
-1
2	333	2	3
-1
2	554	41	24
-1
4	664	132	111
-1
2	156	52	35
52	135	35	
2	127	48	57
-1
3	768	76	186
-1
3	486	57	8
-1
2	276	194	5
-1
3	686	172	149
-1
2	562	114	145
-1
2	566	90	98
-1
2	142	25	90
-1
2	452	179	21
-1
4	438	93	73
-1
2	394	49	72
-1
3	629	29	148
-1
2	288	147	156
-1
3	693	85	149
-1
2	541	163	72
163	27	72	
2	187	49	138
49	13	138	
4	286	113	27
-1
3	725	180	51
-1
3	198	22	29
22	133	29	
4	272	174	74
-1
