1	314	553	862
-1
4	300	711	204
-1
3	319	45	267
-1
3	308	229	149
-1
3	309	283	370
-1
2	315	301	209
301	234	209	
2	319	326	196
-1
2	305	769	391
-1
1	301	472	215
-1
1	311	440	896
-1
2	312	505	548
-1
4	316	719	410
-1
1	314	251	455
-1
4	302	382	735
-1
2	303	602	169
-1
3	311	12	470
-1
4	318	247	847
-1
3	301	59	715
-1
2	315	296	338
-1
2	310	517	829
-1
2	310	609	433
-1
1	311	661	303
-1
3	317	69	605
-1
1	311	695	87
-1
3	312	569	740
-1
3	313	812	751
-1
2	319	415	150
-1
1	305	214	208
-1
2	315	507	503
-1
3	303	62	172
-1
3	308	565	780
-1
4	302	715	592
-1
3	307	478	713
-1
1	305	696	559
-1
4	316	799	228
-1
3	307	171	191
-1
3	316	116	606
-1
3	303	855	871
-1
1	317	613	477
-1
1	308	708	590
-1
3	319	783	254
-1
2	303	443	120
-1
4	307	406	598
-1
1	305	125	445
-1
2	312	882	343
-1
4	303	578	566
-1
4	300	177	733
-1
1	302	773	688
-1
3	310	728	452
-1
4	319	338	259
-1
2	313	66	141
-1
1	304	678	584
-1
4	301	81	141
-1
3	317	300	317
-1
1	312	125	298
-1
1	317	230	27
-1
3	301	525	204
-1
3	308	525	76
-1
4	311	599	856
-1
4	309	249	293
-1
2	302	540	410
-1
4	317	185	187
-1
1	309	850	319
-1
3	305	363	618
-1
1	302	321	795
-1
2	300	673	124
-1
4	303	742	648
-1
1	319	643	324
-1
1	306	384	22
-1
2	318	575	322
-1
4	307	177	861
-1
3	314	871	198
-1
2	304	348	147
348	81	147	
3	314	17	509
-1
4	308	54	881
-1
3	311	336	705
-1
1	310	696	546
-1
2	313	412	341
-1
4	306	203	776
-1
2	319	849	502
-1
1	311	887	678
-1
2	308	486	700
-1
1	306	272	147
272	356	147	
2	307	377	215
-1
1	307	251	268
-1
2	312	19	655
-1
3	309	862	503
-1
4	301	552	14
-1
4	316	617	216
-1
1	318	755	216
-1
4	307	366	254
-1
3	307	837	739
-1
1	305	658	111
-1
2	312	676	487
-1
3	319	303	789
-1
1	306	811	807
-1
2	300	275	820
-1
3	313	336	523
-1
1	300	738	239
-1
4	307	166	145
-1
2	300	96	510
-1
1	318	704	498
-1
3	308	263	307
-1
4	306	20	83
-1
1	314	892	385
-1
3	312	284	347
-1
3	311	330	673
-1
3	313	30	109
-1
1	303	695	898
-1
3	307	727	163
-1
1	308	74	259
-1
1	318	574	114
-1
4	304	64	428
-1
4	318	513	447
-1
4	303	651	439
-1
2	301	626	774
-1
4	314	558	203
-1
4	314	462	284
-1
2	311	835	130
-1
4	305	599	856
-1
4	315	558	81
-1
2	308	127	706
-1
1	315	245	769
-1
4	314	721	433
-1
3	304	380	184
-1
2	317	475	861
-1
4	319	16	570
-1
4	314	282	131
-1
1	303	708	66
-1
4	310	231	716
-1
1	310	869	373
-1
1	307	864	551
-1
1	315	73	847
-1
2	300	660	668
-1
2	315	794	199
794	199	
3	315	518	673
-1
1	304	167	740
-1
2	315	18	174
18	248	174	
2	312	152	881
-1
1	307	467	264
-1
1	311	737	232
-1
2	302	239	195
-1
2	308	498	319
-1
1	307	574	79
-1
1	305	286	24
-1
4	317	181	594
-1
1	317	88	760
-1
3	302	512	778
-1
4	302	219	81
-1
1	317	891	600
-1
4	308	530	488
-1
1	303	542	727
-1
3	313	256	324
-1
2	303	764	49
-1
2	307	244	386
-1
2	312	769	566
-1
4	303	219	653
-1
1	312	408	317
-1
2	313	770	535
-1
1	312	264	578
-1
3	319	22	207
-1
2	317	10	800
-1
1	313	245	155
245	155	
4	313	799	71
-1
2	319	582	314
-1
1	316	441	234
-1
2	301	893	452
-1
4	317	357	859
-1
2	303	649	728
-1
2	300	174	92
-1
4	319	298	165
-1
2	318	10	174
-1
1	305	499	419
-1
2	307	412	369
-1
3	312	478	50
-1
3	305	877	491
-1
4	309	145	535
-1
2	307	66	43
-1
3	307	303	744
-1
2	310	227	17
-1
2	314	779	367
-1
3	319	638	376
-1
2	309	449	874
-1
2	317	414	438
-1
1	307	501	15
-1
3	309	105	43
-1
1	303	790	187
-1
3	306	179	253
-1
2	309	479	555
479	3	555	
1	317	658	833
-1
3	303	80	712
-1
1	310	514	449
-1
3	316	325	897
-1
1	313	555	462
-1
4	307	252	114
-1
4	309	899	218
-1
1	315	340	160
-1
4	319	316	338
-1
3	314	334	868
-1
3	318	143	625
-1
1	309	72	704
-1
4	318	368	369
-1
2	306	138	694
-1
4	308	834	348
-1
4	313	219	599
-1
1	311	466	650
-1
4	310	807	89
-1
1	319	435	456
-1
4	307	314	789
-1
1	303	800	83
-1
4	319	319	155
-1
3	307	600	574
-1
2	300	378	763
-1
1	319	257	749
-1
1	318	597	67
-1
3	319	150	585
-1
1	319	873	543
-1
3	315	855	77
-1
2	303	275	443
-1
3	318	614	394
-1
2	304	677	712
-1
4	317	596	464
-1
3	319	36	841
-1
3	307	116	249
-1
4	306	648	845
-1
1	310	878	147
-1
3	312	857	119
-1
4	301	76	74
-1
3	303	703	400
-1
4	308	319	113
-1
3	312	17	841
-1
2	315	821	537
-1
1	307	398	624
-1
2	316	789	791
789	55	791	
2	312	129	538
-1
1	318	435	515
-1
2	309	425	471
-1
2	314	109	599
-1
2	313	770	401
-1
1	317	125	771
-1
1	317	774	787
-1
3	305	386	707
-1
3	308	461	256
-1
3	319	528	145
528	106	145	
1	316	844	325
-1
1	303	257	759
-1
2	305	767	283
-1
2	303	548	391
-1
3	316	402	313
-1
2	306	707	437
-1
3	305	224	310
-1
2	303	582	695
-1
1	319	679	255
-1
1	315	448	835
-1
2	319	159	778
159	26	778	
3	317	407	186
-1
3	311	270	105
-1
2	313	656	652
-1
3	305	791	154
-1
4	314	427	12
-1
1	303	886	236
-1
4	310	383	817
-1
2	316	586	595
-1
4	310	145	194
-1
3	300	852	352
-1
2	305	83	759
-1
1	301	72	180
-1
2	305	343	835
-1
1	318	209	778
-1
3	301	386	356
-1
3	316	100	341
-1
2	304	176	775
-1
3	311	46	461
-1
2	304	222	657
-1
1	308	333	609
-1
2	318	373	743
-1
2	317	650	815
-1
1	304	184	309
-1
4	301	369	517
-1
1	316	759	55
-1
3	309	260	154
-1
1	303	897	329
-1
2	303	601	426
-1
4	312	104	648
-1
2	300	649	132
649	35	132	
4	302	749	556
-1
2	308	707	357
-1
4	317	896	540
-1
1	305	120	8
120	8	
3	319	173	818
-1
2	305	582	178
-1
1	305	483	226
-1
1	311	206	826
-1
1	310	442	30
-1
4	301	434	730
-1
4	316	186	578
-1
4	312	680	436
-1
3	304	241	431
-1
2	303	58	603
-1
2	301	443	827
-1
4	318	35	508
-1
3	303	732	90
732	84	90	
3	300	857	348
-1
2	301	560	789
-1
2	302	10	374
-1
4	319	543	611
-1
1	306	679	442
-1
3	309	324	682
-1
2	311	560	791
-1
4	317	803	386
-1
4	317	64	420
-1
4	306	454	251
-1
3	313	117	259
-1
3	313	710	819
-1
3	318	431	828
-1
3	300	34	471
-1
4	314	265	301
265	363	301	
4	315	84	676
-1
1	306	333	387
-1
3	303	336	290
-1
4	314	265	405
-1
1	304	702	859
-1
1	314	329	127
-1
3	312	354	836
-1
4	312	320	419
-1
1	314	658	504
-1
1	306	811	820
-1
2	314	505	3
-1
3	300	32	335
-1
3	301	350	722
-1
2	306	153	87
-1
4	316	427	788
-1
3	302	103	268
-1
2	310	38	674
-1
4	300	842	93
-1
3	303	674	802
-1
2	314	180	712
-1
1	317	887	368
-1
2	303	573	400
-1
1	305	593	749
-1
1	311	55	2
-1
2	310	821	480
-1
4	318	697	583
-1
2	311	751	620
751	100	620	
3	315	741	613
-1
1	316	353	439
-1
3	300	468	618
-1
4	319	503	656
-1
2	318	540	328
-1
3	319	63	21
-1
1	312	360	127
-1
1	311	691	99
-1
3	305	62	795
-1
3	304	652	697
-1
4	309	115	590
-1
2	307	570	42
-1
2	304	78	510
-1
3	312	350	112
-1
4	319	90	703
-1
4	311	280	765
-1
4	317	371	225
-1
1	315	463	67
-1
2	301	187	180
-1
4	318	492	831
-1
3	307	569	45
-1
3	300	358	666
-1
2	309	585	796
-1
2	312	581	245
-1
1	314	333	386
-1
2	311	413	666
-1
3	307	616	136
-1
2	313	894	651
-1
2	313	421	837
-1
2	315	743	428
-1
4	312	13	148
-1
4	317	772	505
-1
3	304	672	189
-1
4	309	234	822
-1
4	306	806	254
-1
3	303	281	718
-1
2	311	624	434
-1
3	301	291	479
-1
3	309	24	51
-1
3	308	889	793
-1
3	316	837	857
-1
2	300	829	728
-1
3	301	638	500
-1
2	302	343	733
-1
4	307	344	690
-1
2	317	730	122
-1
3	302	34	745
-1
2	300	425	135
-1
3	302	618	211
-1
1	307	747	251
-1
2	303	455	187
-1
3	311	363	115
-1
3	302	724	805
-1
2	306	477	247
-1
2	315	151	590
-1
2	317	78	471
-1
