1	94	45	116
45	65	116	
4	82	115	70
115	4	82	70	
4	99	149	29
149	29	
3	87	184	175
-1
4	84	198	114
-1
3	83	100	22
100	115	22	
2	97	30	108
30	14	164	108	
3	94	100	117
100	110	117	
2	86	9	184
9	14	27	184	
3	92	167	84
167	117	84	
3	80	87	128
87	92	128	
3	89	62	43
62	191	43	
3	89	96	191
96	15	1	191	
4	83	35	127
35	52	127	
1	88	75	124
75	103	64	124	
3	89	11	175
11	15	175	
4	96	194	5
194	12	5	
1	84	152	104
152	23	104	
1	87	98	64
98	117	64	
3	82	96	30
96	93	30	
4	90	188	116
188	26	116	
1	92	148	129
148	115	129	
4	94	129	176
129	83	176	
2	92	139	163
-1
2	87	74	37
74	6	37	
1	82	123	47
123	105	118	47	
4	86	193	192
193	6	37	192	
1	81	121	143
121	85	53	143	
2	84	165	192
-1
3	85	145	87
145	29	87	
4	92	7	75
7	178	11	75	
2	81	197	174
197	4	174	
4	88	181	55
181	55	
2	90	108	145
108	27	145	
2	86	160	170
160	135	56	170	
3	84	88	92
88	191	92	
1	88	142	36
142	175	124	36	
2	90	48	108
48	38	108	
4	94	161	72
-1
4	80	137	168
137	53	123	168	
1	86	142	175
142	175	
2	92	14	123
14	168	123	
3	86	167	104
-1
3	82	96	11
96	15	11	
2	91	186	122
-1
2	95	65	161
65	161	
1	82	141	102
141	102	
2	89	9	149
9	54	149	
4	92	172	61
172	5	61	
4	80	126	197
-1
2	86	118	138
118	105	138	
1	88	185	104
-1
1	83	177	70
177	63	70	
4	85	175	117
175	117	
3	87	117	55
117	24	55	
1	87	28	71
28	71	
4	81	183	163
-1
2	89	125	172
125	38	172	
4	82	126	95
126	110	95	
2	98	199	172
199	27	56	172	
1	88	191	89
191	88	157	89	
3	83	157	25
157	53	25	
2	84	197	1
197	6	15	1	
1	81	141	127
141	36	125	127	
2	87	46	43
46	19	43	
1	97	25	71
25	34	71	
2	99	165	5
-1
3	82	6	82
6	155	82	
3	88	147	7
147	68	99	7	
4	99	149	5
149	5	
3	80	100	147
100	26	147	
2	96	140	103
140	75	103	
4	97	83	100
83	70	153	100	
2	95	199	192
-1
4	98	32	37
32	41	37	
1	80	119	14
119	9	14	
2	84	76	178
76	12	178	
1	85	196	183
-1
4	84	190	81
-1
4	80	79	30
79	93	30	
1	87	138	81
138	29	120	81	
4	89	190	20
190	48	20	
2	80	67	54
67	9	54	
3	91	96	4
96	165	4	
2	80	51	36
51	36	
3	93	1	154
1	17	154	
4	90	21	30
-1
4	84	198	177
-1
3	84	103	118
-1
1	85	119	196
119	36	6	196	
2	97	140	86
140	42	86	
1	88	107	75
107	75	
2	93	176	93
-1
4	97	49	188
49	34	188	
2	92	160	191
-1
2	97	60	191
60	43	191	
4	86	173	164
173	19	46	164	
1	94	15	161
15	2	161	
1	92	191	15
191	1	15	
2	99	48	134
-1
3	84	133	73
133	27	73	
3	91	3	179
3	161	2	179	
1	83	91	106
91	73	106	
1	83	185	106
-1
1	93	82	66
82	8	66	
3	95	166	77
166	4	77	
3	98	3	50
3	18	50	
1	90	22	16
22	164	16	
1	97	168	7
168	99	7	
2	90	80	6
80	150	6	
2	94	140	90
140	89	90	
3	84	36	92
36	95	92	
4	81	7	183
7	10	183	
1	87	71	167
71	135	167	
2	92	74	200
74	6	200	
2	88	19	165
19	173	165	
3	89	106	167
106	171	125	167	
3	97	157	140
157	49	140	
3	95	167	108
167	2	27	108	
1	80	144	187
144	14	27	187	
3	89	6	78
6	155	78	
2	81	140	114
140	35	114	
1	83	4	72
4	114	72	
4	81	126	142
-1
4	80	153	167
153	54	167	
2	84	197	185
197	4	50	185	
3	82	117	91
117	86	91	
3	94	87	47
87	46	72	47	
3	81	24	165
24	82	173	165	
1	99	119	109
-1
3	97	171	114
171	35	114	
2	82	160	6
160	74	6	
3	93	41	9
41	14	9	
2	87	56	86
56	91	86	
2	93	37	190
37	153	97	190	
4	90	169	186
169	74	6	186	
1	80	113	103
113	51	103	
2	98	128	141
128	19	141	
1	82	82	116
82	96	116	
4	82	143	186
143	21	6	186	
1	88	94	156
94	93	156	
1	93	123	115
123	168	115	
2	93	17	108
17	164	108	
1	99	31	163
31	138	73	163	
4	80	90	152
90	157	53	152	
3	98	163	120
163	83	1	120	
4	92	173	185
-1
1	92	25	64
25	103	64	
1	87	75	145
75	88	145	
4	84	90	39
90	157	39	
3	99	12	84
12	150	84	
1	85	200	7
200	6	21	7	
3	92	145	23
145	15	2	23	
1	87	99	5
99	63	5	
4	98	90	94
90	94	
1	89	22	9
22	9	
2	93	140	133
-1
3	96	112	110
112	86	117	110	
2	92	176	184
176	83	27	184	
3	82	155	73
155	62	73	
1	86	119	37
119	80	37	
3	92	38	188
38	34	188	
3	86	24	133
24	95	133	
3	91	68	183
-1
1	84	75	24
75	103	2	24	
1	84	185	45
-1
1	97	15	185
15	50	185	
1	86	28	48
28	17	48	
1	89	57	24
57	24	
2	94	29	178
29	7	178	
1	90	144	97
144	49	97	
1	89	142	86
142	139	86	
3	93	146	109
146	43	109	
4	95	172	129
172	59	129	
1	90	4	3
4	82	3	
2	95	80	188
-1
2	91	164	2
164	2	
3	98	133	181
133	3	181	
2	81	59	189
59	20	52	189	
4	91	169	18
169	45	18	
1	87	55	113
55	113	
1	92	177	54
177	1	54	
1	93	86	199
86	133	27	199	
2	81	80	122
80	74	122	
4	95	7	77
7	66	77	
3	94	158	156
158	68	156	
3	87	105	71
105	71	
3	88	36	4
36	166	4	
2	96	14	62
14	157	62	
1	85	168	182
168	123	53	182	
1	89	99	188
-1
4	82	78	164
78	128	14	164	
1	92	142	2
142	15	2	
2	86	67	33
67	134	33	
1	82	168	39
168	123	39	
2	89	176	148
176	9	148	
4	91	170	52
170	91	52	
2	94	118	39
118	23	39	
2	88	46	5
46	135	5	
3	81	114	172
114	34	172	
1	89	152	22
152	22	
3	84	101	51
101	153	51	
2	85	56	192
-1
2	97	160	59
160	11	164	59	
2	88	186	178
186	8	178	
3	87	40	153
40	27	70	153	
4	99	49	123
49	39	123	
1	89	81	192
-1
2	93	67	37
67	163	37	
2	96	67	102
67	108	102	
4	97	49	5
49	38	5	
4	87	170	106
170	91	73	106	
3	91	6	113
6	71	68	113	
1	89	44	72
-1
4	98	161	10
161	3	10	
4	91	21	49
21	49	
2	85	29	50
29	41	15	50	
3	96	40	130
40	68	147	130	
2	84	89	148
89	119	123	148	
4	97	143	15
143	115	6	15	
1	82	119	15
119	127	1	15	
3	87	69	136
69	46	136	
3	99	68	141
68	19	141	
2	82	59	184
59	133	27	184	
2	83	60	97
60	109	97	
2	92	39	117
39	123	146	117	
1	81	122	97
122	97	
1	82	127	136
127	119	136	
1	89	75	25
75	103	25	
2	95	59	119
59	20	99	119	
3	89	96	37
96	15	37	
1	84	138	57
138	13	57	
2	97	37	125
37	41	171	125	
2	80	48	183
-1
4	88	83	195
-1
4	85	126	33
126	78	128	33	
4	93	170	106
170	91	73	106	
1	89	63	32
63	180	46	32	
3	85	85	58
85	78	58	
4	83	7	116
7	33	116	
1	99	94	163
94	16	163	
1	88	44	53
44	137	53	
2	92	80	41
80	37	41	
1	86	57	89
57	89	
4	80	170	123
170	14	168	123	
2	84	178	48
178	3	15	48	
1	89	55	18
55	178	18	
2	92	29	80
29	7	80	
4	89	90	117
90	146	117	
4	96	175	75
175	57	78	75	
2	99	178	168
178	18	14	168	
4	83	169	163
169	37	163	
2	83	17	195
-1
1	83	189	3
189	78	82	3	
2	85	48	172
48	38	172	
3	93	100	102
100	128	19	102	
1	82	185	108
-1
4	93	126	136
126	78	82	136	
1	81	99	177
99	91	177	
2	95	80	151
80	56	151	
1	95	177	80
177	80	
4	89	188	49
188	34	49	
2	83	51	17
51	136	17	
3	86	106	158
106	73	129	158	
1	89	50	5
50	185	5	
4	82	115	104
115	61	104	
4	90	180	40
180	74	173	40	
3	97	62	166
62	173	4	166	
2	94	176	16
176	83	16	
3	96	157	95
157	14	95	
2	96	165	23
-1
1	84	92	10
92	142	10	
4	92	181	12
181	18	178	12	
2	89	17	70
17	154	70	
1	93	55	119
55	119	
3	89	16	33
16	164	33	
4	88	79	13
79	163	13	
4	85	49	26
49	144	26	
2	80	58	153
58	97	153	
1	87	92	110
92	144	110	
2	89	29	26
29	144	26	
2	91	197	117
-1
3	94	13	49
13	97	49	
1	83	45	65
45	65	
4	93	35	119
35	82	136	119	
4	86	180	135
180	46	135	
2	90	29	13
29	138	13	
2	87	118	13
118	124	13	
1	80	123	70
123	53	97	70	
3	81	96	114
96	93	114	
3	86	163	94
163	16	94	
1	94	4	90
4	50	90	
4	82	7	54
7	178	54	
2	87	174	98
174	4	121	98	
1	97	57	84
57	78	173	84	
3	91	11	64
11	15	64	
4	95	149	92
149	58	92	
2	99	51	161
51	21	161	
2	81	130	36
130	147	125	36	
4	86	10	131
10	14	131	
4	99	151	45
-1
3	80	69	200
69	53	200	
3	93	103	7
103	54	178	7	
1	82	138	180
-1
3	86	85	188
85	146	34	188	
2	81	54	150
54	150	
3	84	158	50
158	37	50	
1	85	25	52
25	40	52	
3	92	105	182
105	123	53	182	
3	82	158	191
-1
3	98	124	94
124	118	94	
4	97	183	114
-1
4	83	35	17
35	52	17	
2	94	140	106
-1
4	94	143	142
-1
4	95	180	195
180	46	135	195	
4	85	33	152
33	152	
2	88	178	177
178	56	91	177	
4	89	35	33
35	34	33	
1	92	127	190
-1
3	97	101	113
101	113	
1	90	119	47
119	143	47	
1	98	136	81
136	81	
2	83	160	20
160	173	130	20	
4	84	66	113
66	36	72	113	
2	99	160	45
160	18	45	
2	82	108	77
108	77	
4	90	153	6
153	37	6	
4	82	153	40
153	70	27	40	
4	91	183	118
-1
1	95	107	18
107	53	18	
3	81	124	136
124	81	136	
2	81	54	72
54	1	83	72	
4	92	153	183
153	10	183	
2	97	108	48
108	77	48	
2	81	53	160
53	18	160	
1	89	144	67
144	108	67	
1	87	138	171
138	62	171	
3	98	109	123
109	60	93	123	
3	96	111	57
111	40	57	
1	93	55	163
-1
4	81	110	38
110	95	38	
3	92	12	44
12	44	
3	86	145	148
145	88	148	
1	85	98	55
98	97	54	55	
4	84	115	59
115	129	59	
2	82	128	2
128	33	164	2	
4	84	169	140
169	55	140	
3	99	16	48
16	38	48	
4	87	7	110
7	66	110	
3	82	163	164
163	16	164	
3	99	88	74
88	164	46	74	
4	82	149	85
149	30	85	
4	89	33	181
33	94	181	
1	96	99	78
99	168	78	
2	94	165	144
-1
1	88	141	23
141	23	
1	99	136	192
-1
3	98	52	159
52	35	159	
1	87	91	165
91	82	173	165	
1	91	91	79
91	56	79	
2	96	53	119
53	119	
1	92	4	67
4	114	67	
2	92	199	52
199	27	18	52	
2	90	140	150
140	18	50	150	
1	85	136	66
136	18	178	66	
4	80	143	7
143	21	7	
4	83	151	94
151	71	94	
1	81	50	145
50	15	145	
1	98	148	188
148	28	188	
1	88	107	78
107	75	78	
4	86	78	82
78	82	
4	85	26	37
26	50	37	
2	96	58	35
-1
1	97	71	175
71	6	15	175	
1	83	113	62
113	67	62	
1	89	50	4
50	4	
4	94	10	154
10	154	
1	98	113	155
113	101	155	
1	97	127	54
127	1	54	
3	94	105	161
105	141	2	161	
2	87	65	190
65	133	86	190	
4	84	192	16
-1
2	98	89	73
89	129	73	
3	84	85	95
85	133	95	
2	86	182	7
182	46	16	7	
3	81	145	57
145	89	57	
4	87	66	18
66	178	18	
2	81	80	131
80	31	131	
1	95	191	57
-1
3	95	88	113
-1
1	84	15	177
15	1	177	
1	91	22	120
22	60	93	120	
3	84	18	8
18	82	8	
4	98	49	92
49	174	92	
2	97	53	26
53	143	26	
1	85	71	122
71	94	122	
1	82	45	188
45	7	47	188	
4	84	172	19
172	38	19	
4	80	5	9
5	153	54	9	
