4	707	77	56
-1
2	704	156	195
-1
4	685	71	148
-1
4	613	4	129
-1
2	317	62	117
62	36	117	
2	298	182	86
-1
4	227	188	150
-1
3	191	164	3
164	56	3	
2	116	2	153
-1
3	217	33	27
33	93	27	
4	675	39	103
-1
2	669	148	10
148	10	
2	117	52	32
52	160	32	
4	695	39	35
-1
3	113	5	49
5	68	15	49	
4	101	172	182
-1
3	550	22	170
-1
2	755	51	85
-1
2	759	192	86
-1
2	135	59	118
59	73	118	
4	639	178	109
-1
4	148	153	8
153	137	8	
2	80	123	60
123	11	60	
2	716	192	50
-1
4	666	37	54
-1
2	448	102	177
-1
3	269	5	198
5	36	198	
4	355	106	48
-1
2	793	113	192
-1
3	560	72	50
-1
3	670	10	179
-1
3	678	49	132
-1
3	89	50	6
50	6	
2	288	130	197
-1
2	692	148	185
-1
2	418	15	38
-1
2	68	15	43
15	123	43	
2	567	136	148
-1
4	558	141	60
-1
3	459	184	83
-1
2	438	97	44
-1
2	721	117	93
-1
2	76	97	142
97	121	142	
2	774	136	23
136	23	
4	108	25	170
-1
4	345	119	136
-1
4	787	37	150
-1
4	786	57	85
-1
3	297	125	178
125	146	178	
4	382	183	161
-1
4	375	195	9
-1
3	469	33	126
-1
4	762	106	174
-1
4	534	32	110
-1
3	406	58	86
58	174	86	
3	243	116	4
-1
3	93	163	40
163	72	40	
3	479	53	49
-1
4	606	41	173
-1
3	69	89	107
-1
2	127	123	101
123	64	101	
4	254	48	85
48	56	85	
2	328	18	190
-1
4	739	80	173
-1
2	624	117	30
-1
4	227	75	97
75	19	97	
3	268	168	60
-1
3	766	163	64
-1
4	738	195	104
-1
4	647	3	144
3	144	
4	549	172	66
-1
2	84	102	114
102	48	114	
3	625	108	83
-1
2	348	136	114
-1
2	679	177	182
-1
4	576	151	56
-1
4	287	80	176
-1
3	550	49	90
-1
2	555	17	84
-1
3	199	158	87
158	34	87	
3	164	5	10
-1
2	379	104	63
-1
4	161	40	171
-1
3	575	166	58
-1
4	206	16	35
16	53	35	
3	514	95	137
-1
2	191	23	17
23	63	17	
3	780	10	65
-1
3	416	12	33
-1
3	404	70	190
-1
4	365	119	194
-1
3	378	33	50
33	83	50	
2	248	13	89
13	88	89	
2	207	26	6
-1
4	241	153	21
153	67	21	
3	128	110	68
-1
2	396	26	90
26	90	
2	162	117	52
-1
3	494	49	15
49	15	
2	184	65	84
-1
4	179	119	154
-1
3	628	135	187
-1
2	417	13	151
-1
2	472	13	128
13	138	128	
3	695	70	81
-1
2	612	114	142
-1
4	703	94	167
-1
3	456	90	35
-1
2	723	54	83
-1
3	156	98	148
98	148	
2	360	84	18
-1
3	698	64	152
64	152	
4	750	92	116
92	116	
2	229	161	80
161	17	80	
4	59	36	102
36	102	
3	350	131	167
-1
3	418	45	60
-1
2	52	200	101
200	40	14	101	
3	687	7	154
-1
4	484	180	3
-1
4	103	188	87
188	18	87	
3	657	150	102
-1
3	574	50	145
-1
2	54	52	106
52	7	106	
2	707	182	93
-1
2	123	191	23
-1
4	232	94	19
94	64	19	
2	584	114	18
-1
2	189	17	24
17	155	24	
4	241	106	155
106	70	155	
4	79	142	95
142	168	165	95	
4	582	195	196
-1
3	477	152	46
-1
2	84	177	49
177	88	49	
3	576	33	30
-1
2	700	190	173
-1
2	268	113	18
113	78	18	
2	285	47	131
-1
3	409	81	99
-1
4	515	20	4
-1
2	359	113	145
-1
3	557	45	140
-1
4	302	77	43
-1
4	202	6	171
6	171	
4	132	40	3
40	109	3	
4	406	118	192
-1
2	223	18	56
18	144	56	
2	303	136	102
-1
3	252	72	182
-1
4	307	183	153
-1
4	552	48	18
-1
2	243	160	62
160	70	62	
4	737	67	90
-1
2	708	171	48
-1
2	510	123	39
-1
4	404	57	157
-1
3	109	163	174
-1
2	161	38	62
-1
2	694	44	133
-1
2	747	148	67
-1
2	464	55	66
-1
2	227	59	25
59	29	25	
2	568	2	43
2	43	
3	415	140	165
-1
4	506	48	40
-1
3	662	110	48
110	48	
3	737	164	163
-1
3	598	74	200
-1
2	82	85	43
85	43	
3	298	181	190
-1
4	564	78	197
-1
2	790	144	55
-1
2	735	23	9
-1
2	251	192	100
-1
4	640	159	99
-1
2	790	165	8
-1
3	352	79	172
79	172	
4	203	119	197
119	11	197	
4	598	67	33
-1
2	589	52	13
-1
3	435	150	91
-1
4	592	66	186
-1
3	150	7	161
7	83	161	
4	149	94	104
-1
4	497	145	62
-1
4	506	188	179
-1
4	577	78	9
-1
3	325	82	127
-1
4	657	37	146
-1
3	320	35	197
-1
4	362	175	98
175	128	98	
2	799	62	164
-1
4	309	4	170
-1
3	512	154	15
-1
3	626	155	159
-1
2	754	54	98
-1
2	314	161	175
-1
2	791	190	8
-1
4	788	16	45
-1
2	384	73	79
-1
3	531	95	5
-1
3	244	7	67
7	153	67	
4	615	57	22
-1
2	79	18	128
18	133	128	
3	690	131	82
-1
4	787	57	136
-1
2	714	113	96
-1
2	771	177	85
-1
3	317	120	52
-1
3	298	8	125
8	15	125	
4	502	92	19
92	60	19	
2	520	26	178
-1
2	144	122	186
-1
4	621	188	3
-1
3	504	19	85
19	20	85	
4	639	9	141
-1
3	686	49	53
-1
3	423	63	182
-1
4	124	36	53
36	64	53	
2	750	54	61
-1
2	719	102	104
-1
4	648	106	81
-1
3	185	129	3
-1
4	737	173	190
-1
2	472	144	160
-1
2	714	148	121
-1
4	669	40	169
-1
4	202	178	183
-1
2	54	1	170
1	29	68	170	
4	214	28	175
28	94	175	
4	220	178	28
178	28	
2	200	99	134
-1
3	702	197	62
-1
3	393	184	186
-1
3	405	22	81
22	81	
2	275	96	180
-1
2	695	62	19
-1
3	477	81	149
-1
3	648	185	101
-1
2	773	190	128
-1
4	700	6	106
6	106	
4	485	126	4
-1
3	598	79	153
-1
3	383	81	136
-1
2	763	177	109
-1
4	693	32	156
-1
3	363	7	170
-1
2	763	54	2
-1
4	414	83	187
-1
3	491	81	176
-1
2	548	54	181
-1
3	504	7	107
-1
4	206	92	185
-1
2	493	191	17
191	17	
3	554	74	193
-1
2	411	190	176
-1
2	730	85	134
-1
3	232	150	187
-1
3	568	164	69
-1
4	595	78	150
-1
4	125	71	155
71	155	
4	783	170	161
-1
2	469	24	53
-1
2	188	182	43
-1
4	282	27	68
27	15	68	
3	358	181	57
-1
4	241	195	141
-1
2	180	177	91
177	97	91	
4	248	9	6
-1
2	249	179	83
-1
4	554	76	153
-1
2	266	2	74
-1
3	618	137	97
-1
4	612	57	78
-1
2	582	97	57
97	57	
3	138	129	189
129	70	18	189	
3	231	137	183
137	84	183	
4	423	31	160
-1
2	280	111	120
111	92	120	
4	212	11	51
11	120	51	
2	216	13	126
-1
4	792	169	79
-1
2	188	85	16
85	83	16	
4	368	6	24
-1
3	274	121	120
-1
2	762	102	48
102	48	
4	297	93	137
-1
2	308	176	119
-1
2	227	101	181
-1
4	129	31	191
31	191	
4	605	195	3
-1
3	183	63	123
-1
3	700	5	8
-1
2	723	44	13
-1
3	344	64	84
-1
3	592	140	186
-1
2	580	52	78
-1
2	148	51	5
51	46	5	
4	528	9	105
-1
3	770	87	135
-1
4	325	118	129
-1
2	797	123	191
-1
4	154	159	196
159	10	196	
2	418	161	191
-1
3	652	35	6
-1
2	239	179	145
-1
2	416	123	148
-1
3	170	155	199
-1
4	624	153	7
153	7	
3	110	131	45
131	148	45	
4	688	4	163
-1
3	580	79	37
-1
4	177	76	147
76	147	
3	719	33	108
-1
2	274	1	94
-1
3	520	5	24
-1
4	318	194	147
-1
3	618	12	53
-1
3	224	82	6
82	6	
3	371	8	88
8	49	88	
4	785	20	91
-1
2	123	160	169
160	6	169	
2	770	43	197
-1
3	329	120	29
120	54	29	
4	622	92	181
-1
4	795	68	186
-1
2	243	189	179
189	1	179	
4	246	9	191
-1
4	151	27	24
27	14	24	
4	390	3	184
-1
2	231	24	155
24	155	
2	651	111	115
-1
3	547	35	157
-1
4	375	57	28
-1
2	106	186	119
-1
3	693	8	187
-1
3	121	5	127
5	90	127	
4	563	149	87
149	87	
4	639	145	113
-1
3	524	98	67
-1
3	278	90	43
90	138	43	
3	142	21	153
21	67	153	
2	248	73	139
-1
3	678	72	195
-1
2	646	148	180
-1
2	684	156	139
-1
4	512	149	144
-1
3	398	72	92
72	7	92	
2	512	138	188
138	78	188	
4	279	27	37
27	144	37	
2	371	51	126
-1
3	773	29	99
-1
3	412	74	123
-1
3	358	74	194
-1
2	188	102	141
-1
2	426	1	48
-1
2	319	85	148
-1
2	412	200	20
-1
4	549	48	109
-1
2	387	113	135
-1
4	313	92	137
92	91	137	
2	63	113	117
113	138	128	117	
2	285	38	190
-1
2	328	102	16
102	53	16	
2	121	161	117
161	16	117	
3	468	199	117
-1
2	468	127	154
-1
3	237	199	153
-1
2	197	161	152
161	1	152	
3	631	63	64
-1
2	69	200	107
-1
2	637	15	19
-1
4	577	128	9
-1
3	744	163	110
-1
2	312	144	70
144	18	70	
2	231	65	20
-1
3	384	185	147
-1
3	438	53	97
-1
4	741	92	57
-1
4	257	39	119
-1
3	713	72	71
72	71	
4	534	41	85
41	83	85	
3	442	79	165
79	168	165	
3	401	58	79
-1
2	323	52	22
-1
4	742	66	86
-1
3	490	197	71
-1
3	586	81	123
-1
3	245	21	167
-1
2	363	113	5
-1
4	85	172	77
172	28	77	
3	470	185	69
-1
4	336	169	99
-1
2	714	113	156
-1
2	736	15	159
-1
3	471	90	25
-1
3	293	184	21
184	2	21	
4	268	25	54
-1
2	184	113	26
113	34	26	
3	188	58	90
58	105	90	
