4	174	5	28
-1
4	727	65	178
-1
2	233	121	99
-1
3	561	1	197
1	7	197	
4	585	3	184
-1
3	430	144	22
-1
2	729	56	96
56	96	
2	118	176	62
-1
2	98	96	81
96	43	81	
2	450	78	185
78	1	185	
2	127	199	190
199	44	190	
4	505	174	6
-1
3	403	1	126
1	126	
4	502	86	79
-1
3	735	99	81
-1
3	508	84	177
84	60	177	
4	305	164	32
164	53	32	
3	369	144	7
-1
3	301	114	54
-1
4	386	14	83
-1
3	475	115	81
-1
4	330	42	54
-1
3	356	99	7
-1
2	134	55	92
55	92	
2	166	7	191
-1
4	542	94	74
-1
2	125	155	190
155	1	190	
4	683	62	85
-1
4	386	31	150
31	20	150	
4	118	33	164
33	164	
4	449	19	78
19	144	78	
3	354	146	71
-1
3	160	126	170
126	43	170	
2	402	184	24
-1
4	442	120	182
-1
3	417	89	27
-1
4	356	33	181
-1
2	540	9	195
-1
2	640	142	177
-1
3	305	81	9
-1
3	732	149	179
-1
2	452	50	76
-1
4	273	5	2
-1
2	196	117	137
-1
4	627	169	57
-1
4	706	163	97
-1
2	538	183	129
-1
3	732	39	137
-1
2	459	132	31
-1
4	719	174	111
-1
3	350	131	11
-1
4	525	14	13
-1
2	378	117	169
-1
4	215	143	85
143	85	
3	73	39	6
39	154	6	
4	69	69	120
69	167	120	
3	297	125	102
-1
4	436	113	93
-1
2	368	48	176
-1
2	430	159	101
-1
2	690	78	31
78	31	
2	752	80	195
-1
3	522	6	63
6	63	
3	157	84	5
-1
4	712	51	44
51	44	
4	283	74	64
-1
4	785	145	140
-1
3	227	193	52
-1
3	554	81	51
-1
2	504	199	9
-1
3	684	179	87
-1
2	628	121	118
-1
3	340	76	123
-1
4	795	198	159
-1
4	240	5	161
5	67	161	
4	355	169	35
169	46	35	
2	694	53	179
-1
4	597	190	123
-1
2	748	67	155
-1
4	406	71	153
-1
3	594	175	131
-1
4	112	61	4
61	135	4	
4	536	189	79
-1
3	696	131	76
-1
2	757	78	33
-1
2	343	20	1
20	178	1	
4	223	25	5
25	70	5	
2	646	121	194
-1
4	52	69	12
69	104	12	
4	705	19	82
-1
4	687	25	8
-1
4	640	22	20
-1
4	118	136	160
-1
2	696	124	43
-1
4	628	71	120
-1
2	530	130	92
-1
3	285	23	68
-1
2	228	46	189
-1
3	140	144	9
-1
2	523	197	27
-1
3	333	2	3
-1
2	554	41	24
41	18	24	
2	664	132	111
-1
3	156	52	35
-1
2	127	48	57
48	57	
3	768	76	186
-1
3	486	57	8
-1
2	276	194	5
194	5	
4	686	172	149
-1
3	562	114	145
-1
2	566	90	98
-1
4	142	25	90
25	70	90	
3	452	179	21
179	105	21	
2	438	93	73
93	73	
2	394	49	72
-1
3	629	29	148
-1
4	288	147	156
-1
3	693	85	149
85	149	
4	541	163	72
-1
2	187	49	138
49	138	
4	286	113	27
113	27	
2	725	180	51
-1
4	198	22	29
22	67	29	
4	272	174	74
-1
4	93	113	74
113	68	15	74	
2	240	59	102
59	154	102	
3	397	39	1
-1
4	447	177	85
-1
4	569	120	200
-1
4	408	163	48
-1
2	484	150	113
-1
2	636	138	92
-1
3	266	64	113
-1
3	739	114	38
-1
3	615	36	102
-1
3	766	29	161
-1
4	366	122	199
-1
4	203	169	127
169	127	
4	502	69	199
-1
4	751	88	161
-1
3	713	148	63
-1
2	506	82	200
-1
2	268	170	15
170	15	
2	708	38	128
-1
2	759	28	163
-1
4	369	195	144
195	15	144	
3	469	63	65
-1
2	196	132	185
-1
3	146	85	53
85	149	53	
4	106	189	92
-1
3	168	92	39
92	86	39	
2	170	108	72
-1
4	434	14	41
-1
2	314	185	79
-1
3	428	193	58
-1
3	71	102	52
102	97	52	
2	535	124	66
-1
4	270	143	197
-1
2	422	41	81
41	81	
2	716	137	21
-1
3	54	146	113
146	68	113	
3	326	64	172
64	7	172	
4	218	86	185
-1
2	698	171	169
-1
4	205	87	113
87	21	113	
2	758	165	15
-1
3	74	187	90
-1
4	320	72	184
-1
4	503	94	25
94	25	
4	675	169	113
-1
4	789	135	58
135	58	
4	360	139	74
-1
4	197	167	159
167	82	159	
3	165	36	81
36	12	81	
3	128	134	167
-1
4	794	42	84
-1
3	233	152	70
-1
3	318	128	141
128	56	141	
3	492	149	187
-1
2	407	154	155
-1
3	516	179	89
-1
4	541	21	179
-1
3	602	81	146
-1
2	684	78	133
-1
4	303	196	18
-1
4	586	26	11
-1
4	55	22	163
-1
2	297	107	90
-1
3	783	175	190
-1
2	737	20	95
-1
4	427	177	26
-1
2	256	95	46
95	82	46	
4	453	87	126
-1
4	437	189	156
-1
3	106	123	151
-1
3	367	128	176
-1
3	381	64	197
64	7	197	
4	172	69	55
69	104	55	
4	364	167	29
-1
3	658	2	48
-1
4	533	192	24
-1
4	728	69	119
-1
4	406	77	157
-1
4	111	182	97
-1
4	663	172	171
-1
3	640	178	99
-1
4	388	147	162
-1
4	442	30	31
30	15	31	
3	320	2	149
-1
2	68	116	150
116	41	157	150	
3	393	125	93
125	93	
3	263	110	162
110	47	162	
4	169	141	190
141	32	190	
2	265	97	172
97	83	172	
3	436	160	142
-1
3	184	125	71
-1
4	397	65	169
-1
4	377	153	198
-1
2	677	95	152
-1
2	179	17	67
17	78	67	
4	671	35	143
35	143	
4	634	181	53
-1
3	274	44	145
-1
3	345	16	41
-1
3	438	131	152
-1
4	611	169	76
-1
2	781	105	92
-1
4	179	3	44
-1
2	380	82	90
-1
3	198	110	58
-1
3	641	39	45
-1
2	645	12	25
-1
4	139	147	68
-1
4	581	71	83
-1
4	134	118	166
118	10	166	
3	161	58	134
58	103	134	
4	502	69	39
-1
3	745	1	193
-1
2	486	82	74
-1
3	393	114	183
-1
2	87	12	173
-1
4	263	5	185
-1
2	431	50	83
50	83	
3	265	191	153
191	6	153	
2	732	124	22
-1
2	718	8	79
-1
3	708	119	100
-1
3	300	73	52
73	71	52	
4	173	118	133
-1
3	206	156	46
156	18	46	
3	480	52	9
-1
3	164	39	14
-1
4	148	3	15
3	155	15	
2	350	186	158
-1
4	621	3	81
-1
2	202	138	41
-1
3	51	6	111
6	153	111	
3	502	64	184
64	184	
3	536	114	53
-1
2	483	37	161
-1
2	491	95	12
-1
3	356	126	2
-1
3	673	92	156
92	156	
4	780	141	93
-1
2	412	93	96
-1
2	404	67	185
-1
3	515	119	190
-1
4	400	70	5
70	5	
4	754	24	118
-1
3	514	110	106
-1
4	375	145	153
145	78	153	
4	329	188	30
-1
2	634	197	73
-1
2	127	20	165
20	140	165	
3	124	152	58
152	60	58	
4	558	164	124
-1
2	597	121	42
-1
4	103	188	63
-1
3	520	39	38
-1
3	777	92	99
-1
2	281	59	43
59	170	43	
3	212	36	182
36	182	
3	685	15	178
-1
2	649	150	197
-1
4	406	177	100
-1
4	481	3	16
-1
4	674	61	136
61	136	
4	588	60	123
-1
3	675	63	112
-1
4	273	135	155
135	123	155	
3	167	64	13
64	126	13	
3	799	146	49
146	49	
2	576	8	63
-1
4	475	143	164
-1
4	76	195	92
195	18	92	
2	141	151	94
151	52	94	
4	626	135	154
-1
2	450	159	13
-1
4	361	198	75
-1
4	666	25	9
-1
2	328	199	25
-1
4	378	118	170
-1
4	743	19	129
19	129	
3	506	146	72
146	68	72	
2	98	173	18
-1
3	693	99	168
-1
2	597	41	54
-1
4	661	69	13
69	13	
4	588	172	162
-1
4	448	33	186
-1
3	572	1	136
-1
4	793	182	54
-1
4	172	10	72
-1
4	445	5	169
-1
2	712	12	93
-1
4	181	62	144
62	15	144	
4	785	5	136
-1
3	147	54	4
54	33	4	
3	260	68	175
-1
2	295	108	160
-1
3	431	156	160
-1
4	386	181	93
-1
4	159	174	55
-1
2	630	96	59
-1
2	722	41	22
-1
4	65	3	83
3	97	83	
3	250	85	40
-1
2	706	20	45
-1
3	332	119	64
-1
3	543	179	171
-1
2	455	176	127
-1
3	697	109	107
-1
2	451	95	80
-1
3	762	57	128
-1
3	233	187	168
-1
2	368	161	123
-1
2	707	79	159
-1
3	603	179	130
-1
3	317	187	200
-1
4	737	122	178
-1
4	365	167	105
-1
4	473	172	14
-1
4	305	22	60
-1
3	732	125	116
-1
4	251	87	54
-1
4	275	71	15
71	168	15	
3	583	89	93
-1
2	762	98	23
-1
4	511	103	162
-1
2	790	20	35
-1
4	345	60	1
-1
4	260	25	125
25	53	125	
2	519	49	146
49	146	
3	437	104	22
-1
2	240	38	109
-1
4	556	139	131
-1
3	650	115	171
-1
2	723	200	20
-1
3	236	15	122
-1
3	620	76	94
76	94	
4	470	19	153
-1
3	544	66	129
-1
3	341	126	129
-1
2	263	45	184
-1
2	623	184	173
-1
4	105	25	112
25	70	112	
2	527	183	178
-1
4	296	34	129
34	103	129	
2	669	107	143
-1
2	414	93	171
-1
4	218	65	189
-1
3	749	85	54
-1
4	577	182	179
-1
2	663	176	175
-1
2	585	38	159
-1
4	148	113	135
-1
4	327	70	117
70	157	117	
2	156	197	150
-1
2	698	95	8
-1
3	518	115	52
-1
3	708	131	116
-1
4	461	100	153
-1
3	691	149	134
-1
2	766	78	60
-1
3	276	191	50
191	83	50	
4	560	77	162
-1
4	226	25	32
25	53	32	
4	228	103	28
103	18	28	
3	135	109	75
-1
2	487	9	141
-1
2	704	80	71
-1
2	106	138	122
138	9	122	
3	641	2	70
-1
3	351	43	148
-1
2	550	11	90
-1
2	663	137	166
-1
2	394	197	143
-1
3	174	126	45
126	92	45	
3	248	4	105
4	68	105	
2	88	41	65
41	149	65	
