1	113	192	121
-1
4	110	111	213
-1
2	111	178	74
-1
4	113	271	27
-1
3	114	262	105
-1
2	111	4	71
-1
3	117	46	64
-1
2	101	97	234
97	123	18	234	
2	108	240	54
-1
1	107	192	284
-1
4	119	255	175
-1
2	104	269	37
-1
1	117	171	266
-1
1	103	202	288
-1
1	107	187	250
-1
3	109	173	253
-1
3	104	37	51
-1
2	109	266	147
-1
3	103	8	138
-1
1	118	48	29
48	4	29	
3	104	195	36
-1
4	100	215	4
-1
1	106	199	226
199	14	226	
3	113	8	180
-1
2	114	91	118
-1
3	107	31	291
-1
3	109	92	27
92	124	27	
2	115	217	292
-1
2	113	78	51
78	133	51	
4	113	241	99
-1
4	108	139	45
139	129	15	45	
3	103	15	11
-1
3	109	176	209
-1
1	108	54	268
-1
4	117	167	59
-1
2	107	34	141
-1
4	105	101	232
-1
3	109	22	200
-1
3	119	37	278
-1
1	109	242	270
-1
4	114	228	161
-1
3	104	196	175
-1
1	105	220	50
-1
3	112	221	103
-1
4	102	101	22
-1
4	102	98	55
-1
1	106	138	207
-1
3	117	203	280
-1
4	114	12	16
-1
1	104	224	10
-1
1	104	285	237
-1
2	110	91	184
-1
3	100	156	155
-1
4	114	233	75
-1
4	107	277	227
277	22	227	
2	113	132	25
-1
4	111	74	162
-1
1	110	52	116
-1
3	118	230	128
-1
3	119	84	103
-1
3	107	260	87
-1
4	110	296	178
-1
2	105	207	85
-1
4	111	219	69
-1
2	118	33	45
-1
2	102	273	176
-1
2	115	266	2
-1
2	110	270	53
-1
4	109	200	282
-1
3	103	250	118
-1
3	110	9	129
9	14	129	
4	119	56	125
-1
2	103	287	83
-1
3	103	124	1
-1
3	107	87	85
-1
1	115	225	57
-1
4	108	139	75
-1
2	100	214	44
-1
3	114	157	295
-1
1	103	278	245
-1
1	111	202	253
-1
3	107	264	61
-1
3	109	203	99
-1
1	109	278	222
-1
1	114	121	8
-1
4	102	60	285
-1
4	116	175	123
-1
1	111	43	89
-1
1	106	16	297
-1
3	102	22	26
22	105	15	26	
1	114	145	227
-1
3	106	96	190
-1
4	104	276	144
-1
4	117	185	121
-1
3	117	147	293
-1
3	101	193	53
-1
2	115	295	279
-1
1	115	224	74
224	9	74	
3	111	195	89
-1
3	117	213	162
213	4	162	
4	115	175	6
-1
4	117	142	153
-1
1	100	220	128
-1
2	113	45	65
-1
4	105	142	211
-1
2	109	299	103
-1
1	108	192	97
-1
2	101	208	72
-1
3	101	63	267
-1
2	102	267	231
-1
3	107	196	158
-1
1	111	52	51
-1
4	119	200	270
-1
3	103	193	66
-1
2	113	6	208
6	16	208	
2	107	163	258
-1
3	103	73	150
-1
3	115	13	57
13	76	27	57	
3	113	274	171
-1
4	115	75	137
-1
3	104	37	32
-1
4	114	56	135
-1
3	116	227	34
-1
1	101	278	226
-1
2	108	93	283
-1
3	106	118	198
-1
2	107	245	22
-1
3	103	221	34
-1
3	113	268	7
-1
3	102	281	133
-1
2	105	28	169
-1
4	119	233	276
-1
1	105	239	202
-1
4	110	215	232
-1
3	105	9	24
9	14	24	
3	102	257	142
-1
4	103	215	86
-1
3	116	22	6
22	67	6	
3	114	237	25
-1
4	106	23	57
-1
2	106	245	85
-1
3	101	250	69
-1
4	114	142	7
142	18	147	7	
2	105	67	274
-1
2	109	269	282
-1
2	102	206	290
-1
3	119	288	257
-1
4	117	143	30
143	29	30	
3	101	31	267
-1
1	118	225	41
-1
4	102	3	285
-1
2	110	249	286
-1
2	108	222	179
-1
2	101	97	245
-1
4	114	254	266
-1
3	104	83	171
-1
3	100	157	211
-1
4	109	17	105
17	15	105	
2	107	234	136
-1
4	107	175	60
-1
3	111	173	115
-1
4	109	7	63
-1
4	107	209	37
-1
3	104	118	133
-1
2	101	51	138
-1
2	103	266	273
-1
4	105	170	129
-1
2	110	82	145
-1
4	105	271	78
-1
3	116	179	5
179	117	5	
2	110	178	177
-1
4	105	162	236
-1
2	101	131	144
-1
3	105	30	13
30	29	13	
3	102	226	64
-1
4	106	139	81
-1
1	115	223	250
-1
3	119	268	83
-1
4	109	170	105
-1
4	113	155	283
-1
2	101	4	213
4	213	
2	116	214	74
-1
1	100	291	204
-1
3	112	104	285
-1
4	107	101	263
-1
3	107	184	101
-1
2	108	290	23
-1
4	110	277	43
-1
4	115	57	212
-1
2	109	18	119
-1
4	101	231	122
-1
2	114	72	87
-1
2	109	149	78
-1
1	114	121	181
-1
1	116	53	282
-1
4	116	101	217
-1
4	111	228	258
-1
4	105	57	287
-1
4	108	19	43
-1
2	106	34	112
-1
3	107	84	42
-1
2	106	97	165
-1
2	103	132	13
-1
1	115	121	133
-1
3	108	147	238
-1
4	116	135	38
-1
1	106	224	17
-1
1	112	35	125
-1
4	114	292	144
-1
1	105	160	177
-1
3	118	147	12
-1
2	102	6	109
-1
4	107	252	292
-1
2	111	27	112
-1
1	108	35	11
-1
4	117	23	145
-1
3	114	32	68
-1
3	110	298	154
-1
3	113	250	145
-1
4	102	296	5
-1
1	105	153	203
-1
2	113	51	208
-1
1	116	165	212
-1
4	100	292	238
-1
4	110	56	24
-1
2	114	4	99
-1
4	114	94	130
-1
4	119	200	127
-1
2	104	130	76
-1
1	100	256	123
-1
2	102	258	275
-1
4	109	75	77
-1
3	112	1	241
-1
2	102	217	285
-1
1	105	297	40
-1
3	103	87	95
-1
4	112	74	240
-1
4	110	180	139
-1
4	117	139	269
-1
3	119	243	276
-1
4	113	155	285
-1
2	109	217	59
217	15	20	59	
1	102	239	59
-1
1	118	171	276
-1
1	109	145	24
-1
2	103	91	111
-1
1	115	186	236
-1
4	113	111	115
-1
1	113	161	5
-1
4	108	39	300
-1
4	112	38	154
-1
1	103	64	71
-1
1	101	165	61
-1
2	108	207	283
-1
3	112	37	128
-1
2	114	206	270
-1
2	109	222	155
-1
3	115	177	17
-1
2	119	270	178
-1
2	118	136	268
-1
1	112	224	57
-1
4	114	49	120
49	12	120	
1	106	232	37
-1
3	108	173	295
-1
4	107	194	32
194	1	32	
1	116	186	237
-1
1	103	40	210
-1
2	119	129	86
-1
2	108	136	108
-1
3	115	95	243
-1
1	104	54	218
-1
4	115	218	266
-1
3	111	204	249
-1
3	106	250	174
-1
1	117	278	67
-1
1	105	186	4
-1
2	115	114	43
-1
4	112	197	223
-1
4	111	49	58
-1
2	113	129	152
-1
3	103	125	257
-1
3	100	281	226
-1
1	109	256	129
-1
3	114	268	78
-1
3	100	274	56
-1
3	103	63	293
-1
2	117	88	158
-1
4	119	75	55
-1
4	108	148	155
-1
1	111	79	283
-1
4	100	5	159
-1
4	105	200	139
-1
4	114	60	147
-1
3	111	221	114
-1
4	118	255	139
-1
2	110	107	253
-1
3	108	262	40
-1
3	114	159	167
-1
3	100	30	66
-1
2	102	10	144
-1
4	113	142	200
-1
1	103	282	151
-1
3	109	47	211
-1
4	102	241	183
-1
4	112	265	190
-1
1	104	43	296
-1
1	116	166	10
-1
4	102	146	168
-1
1	107	232	250
232	8	250	
3	102	172	259
-1
4	114	146	152
-1
2	104	279	133
279	11	133	
4	106	3	232
-1
3	101	172	224
-1
2	110	207	188
207	15	188	
2	117	131	231
-1
1	106	256	96
256	11	96	
1	106	224	293
-1
2	107	6	224
-1
4	105	205	95
-1
3	109	247	292
-1
4	101	241	271
-1
1	104	138	25
138	12	1	25	
2	108	244	196
-1
1	115	285	154
-1
2	117	267	285
-1
2	104	245	292
-1
4	116	283	215
-1
4	119	241	272
-1
4	105	148	176
-1
3	117	66	122
-1
4	119	135	115
-1
2	103	88	252
88	15	252	
2	110	273	247
-1
2	104	133	232
-1
4	100	128	250
-1
3	111	106	194
-1
1	117	282	177
-1
2	108	99	169
-1
3	103	190	17
-1
4	116	76	82
-1
4	110	5	268
5	6	268	
3	113	204	55
-1
1	112	127	79
-1
1	115	297	211
-1
3	104	73	39
-1
4	118	185	196
-1
3	106	236	229
-1
4	114	5	27
-1
4	102	293	217
-1
2	115	208	44
208	16	44	
2	102	245	100
-1
3	117	147	3
147	7	3	
3	107	1	181
-1
1	118	153	229
-1
3	108	288	2
-1
3	103	124	186
-1
1	103	102	174
-1
4	110	60	230
-1
1	118	187	223
-1
1	113	29	130
29	4	130	
4	112	5	126
5	119	126	
2	106	299	273
-1
4	106	296	25
-1
3	114	124	229
-1
2	107	214	268
-1
3	105	42	91
-1
4	110	117	193
-1
2	119	120	4
120	130	4	
1	101	202	190
-1
4	103	200	271
-1
2	108	45	27
-1
3	112	237	25
-1
1	116	183	73
-1
4	104	61	248
-1
2	111	116	161
-1
2	102	275	202
-1
2	106	20	70
20	28	70	
2	109	290	189
-1
1	111	242	91
-1
3	113	63	42
-1
3	119	118	87
118	26	87	
2	115	299	23
-1
2	107	151	258
-1
2	106	28	18
28	121	18	
2	106	132	185
-1
3	119	204	212
-1
3	108	118	231
-1
1	109	224	273
-1
3	119	85	214
-1
3	100	188	28
-1
4	118	261	198
-1
2	113	112	196
-1
3	110	288	46
-1
2	119	287	73
-1
2	116	234	257
-1
3	107	92	212
-1
2	109	152	29
-1
3	101	32	252
32	15	252	
4	106	101	88
-1
