4	99	30	181
30	17	181	
3	91	80	259
80	177	117	259	
1	105	167	241
167	69	241	
1	69	59	286
59	3	286	
1	82	129	196
129	6	16	196	
1	54	251	288
251	90	288	
4	84	217	211
217	145	211	
4	113	109	289
-1
1	85	175	103
175	136	105	103	
4	74	250	114
250	102	114	
1	84	195	196
195	172	266	196	
3	65	214	275
214	40	91	275	
4	65	27	193
27	6	155	193	
3	52	202	252
202	54	252	
4	77	212	80
212	46	91	80	
1	117	76	83
76	94	83	
4	87	22	299
22	50	299	
4	107	296	159
296	65	108	159	
1	79	1	86
1	46	91	86	
1	105	47	87
47	194	138	87	
3	90	253	281
253	22	281	
2	116	287	246
287	113	26	246	
1	78	32	273
32	27	273	
4	59	70	174
70	255	147	174	
2	61	92	137
92	239	137	
4	63	62	212
62	132	7	212	
4	83	71	233
71	46	237	233	
1	61	238	281
238	8	281	
3	116	197	33
197	15	246	33	
3	84	206	131
206	112	131	
2	94	81	83
81	60	157	83	
2	80	203	70
203	93	70	
3	82	51	153
51	69	153	
3	97	40	274
40	246	15	274	
4	64	31	66
31	23	66	
2	95	102	179
102	120	179	
4	80	7	249
7	28	55	249	
3	52	210	186
210	2	134	186	
4	74	24	82
24	298	27	82	
4	67	222	39
222	153	39	
2	99	207	172
207	29	172	
2	90	223	126
223	204	126	
4	55	185	177
185	13	177	
2	78	67	216
67	74	216	
2	93	227	246
227	100	246	
4	81	171	100
171	101	234	100	
3	51	26	158
26	113	158	
2	86	218	120
218	41	123	120	
4	69	142	143
142	46	91	83	143	
3	100	99	116
99	276	105	116	
2	81	186	74
186	147	174	74	
4	88	55	297
55	41	297	
4	94	98	181
98	250	108	181	
1	69	293	300
293	82	129	300	
3	117	161	226
161	1	54	226	
3	108	147	96
147	259	20	96	
3	55	10	173
10	269	173	
1	86	122	143
122	167	143	
2	118	170	284
-1
1	56	52	82
52	114	82	
4	119	24	267
24	133	103	267	
3	85	115	74
115	104	136	74	
2	78	135	223
135	121	229	223	
3	59	280	215
280	34	215	
3	64	91	127
91	46	206	127	
1	61	200	25
200	99	239	25	
1	95	108	87
108	259	77	87	
3	57	226	208
226	130	123	208	
3	101	214	129
214	33	129	
1	64	45	232
45	2	263	232	
4	93	291	255
291	36	255	
3	96	10	121
10	263	121	
1	68	78	256
78	248	68	256	
1	84	78	235
78	147	163	235	
1	102	78	77
78	147	77	
1	97	53	277
53	129	33	277	
2	53	124	136
124	147	136	
3	112	119	113
119	46	113	
2	112	9	27
9	121	175	27	
1	86	182	71
182	78	248	71	
1	70	136	113
136	108	113	
4	51	109	122
109	1	122	
2	78	207	251
207	64	251	
2	114	227	28
227	104	120	28	
3	50	161	156
161	224	168	156	
3	118	26	208
26	67	269	208	
1	84	163	83
163	147	124	83	
1	58	138	202
138	202	
4	54	72	262
72	66	262	
2	106	186	143
186	124	106	143	
2	68	232	30
232	264	20	30	
2	92	233	139
233	264	5	139	
4	84	106	45
106	4	121	45	
2	74	286	24
286	7	270	24	
1	69	100	184
100	184	
1	109	42	209
42	146	209	
3	51	261	123
261	28	120	123	
2	94	67	12
67	12	
2	105	285	135
285	7	118	135	
4	89	282	21
282	19	174	21	
1	119	100	4
100	15	4	
4	97	279	288
279	14	288	
3	93	83	93
83	120	93	
3	56	189	130
189	22	130	
2	102	23	281
23	66	15	281	
1	72	65	23
65	296	23	
1	97	14	35
14	35	
1	50	45	101
45	171	101	
3	65	82	137
82	156	123	137	
4	87	27	118
27	175	164	118	
1	70	167	270
167	26	270	
1	118	88	248
88	245	78	248	
3	102	147	82
147	186	82	
4	64	250	270
250	95	270	
1	54	129	45
129	18	45	
4	86	243	109
243	183	109	
3	112	265	174
265	147	174	
3	84	214	218
214	56	14	218	
1	81	175	51
175	121	263	2	51	
4	60	22	130
22	130	
3	79	189	48
189	221	48	
3	98	111	135
111	99	185	135	
2	101	21	281
21	32	281	
1	111	76	282
76	79	282	
3	117	260	110
260	67	133	110	
2	115	124	52
124	39	52	
3	118	63	69
63	76	69	
1	57	35	282
35	174	19	282	
2	118	160	208
160	233	208	
1	87	173	229
173	269	229	
4	74	55	169
55	49	169	
3	90	155	280
155	256	34	280	
2	100	5	52
5	251	52	
4	101	237	127
237	207	127	
1	113	190	138
190	73	87	138	
3	116	187	262
187	155	149	262	
1	64	44	76
44	128	76	
4	98	22	162
22	70	256	162	
2	65	21	73
21	32	73	
4	64	71	245
71	118	245	
4	72	250	52
250	59	52	
4	53	176	206
176	136	110	206	
2	75	236	262
236	23	37	262	
2	73	276	250
276	105	250	
2	63	50	139
50	73	139	
2	94	233	77
233	87	77	
3	111	219	120
219	93	120	
3	82	26	141
26	246	141	
1	67	114	214
114	7	103	214	
3	83	161	284
161	1	41	123	284	
3	84	85	234
85	223	82	234	
4	111	230	109
230	174	147	109	
1	73	53	97
53	97	
3	102	280	72
280	28	82	72	
2	63	86	121
86	18	121	
1	79	29	105
29	178	105	
2	89	285	24
285	7	270	24	
2	101	68	49
68	169	49	
4	66	12	214
12	37	214	
1	110	29	74
29	205	74	
2	95	43	211
43	122	53	211	
4	115	107	140
107	140	
1	71	129	244
129	53	244	
1	95	164	276
164	198	105	276	
2	97	96	113
96	226	113	
2	72	271	141
-1
4	85	171	177
171	25	86	177	
1	105	242	244
242	4	244	
2	110	153	255
153	18	121	255	
4	115	30	36
30	161	1	36	
1	65	242	78
242	37	7	78	
1	76	139	184
139	73	184	
2	70	196	64
196	117	64	
3	107	298	227
298	62	227	
1	59	275	75
275	80	75	
4	91	72	45
72	171	45	
1	119	274	267
274	76	267	
1	52	251	208
251	127	123	208	
4	98	28	113
28	19	113	
1	53	18	194
18	173	91	194	
2	90	186	187
186	134	187	
1	116	211	25
211	25	
1	51	128	220
128	255	66	220	
3	118	40	269
40	67	269	
4	54	279	243
279	14	69	243	
1	58	278	67
278	21	12	67	
2	115	221	40
221	129	92	40	
3	64	40	291
40	59	3	291	
4	86	154	70
154	7	270	70	
4	81	222	140
222	130	251	140	
1	97	78	25
78	147	25	
3	63	10	235
10	269	229	235	
2	115	126	114
126	248	78	114	
3	63	58	205
58	121	205	
2	118	268	183
268	240	183	
2	104	252	160
252	54	160	
1	55	32	132
32	267	7	132	
4	77	27	171
27	162	171	
2	97	34	24
34	215	24	
2	116	152	298
152	62	298	
1	60	164	75
164	247	75	
1	96	113	84
113	90	84	
3	100	87	262
87	73	173	262	
1	56	32	19
32	18	19	
2	69	297	38
297	81	38	
4	100	257	289
257	158	63	289	
1	52	283	20
283	36	295	20	
4	62	49	99
49	139	99	
3	88	156	132
156	61	132	
3	95	85	35
85	175	35	
3	111	101	198
101	12	198	
3	94	193	63
193	220	158	63	
2	65	220	149
220	24	149	
1	95	112	232
112	264	232	
4	112	208	228
208	133	62	228	
3	50	187	237
187	259	117	237	
1	82	78	219
78	248	137	219	
2	50	152	267
152	32	267	
2	63	96	175
96	45	175	
1	87	64	259
64	117	259	
2	97	81	60
81	60	
2	69	172	4
172	139	4	
3	99	99	223
99	220	223	
2	100	234	86
234	11	86	
1	109	192	46
192	86	91	46	
1	55	134	232
134	192	232	
3	74	117	61
117	155	175	61	
3	112	119	264
119	1	36	264	
2	116	271	60
-1
1	75	6	175
6	155	175	
2	66	23	256
23	64	155	256	
1	99	42	179
42	68	179	
4	82	123	277
123	41	277	
1	99	52	263
52	39	121	263	
4	64	212	154
212	7	154	
3	78	104	39
104	211	153	39	
2	50	179	207
179	132	237	207	
1	54	225	77
225	150	77	
1	55	238	47
238	130	144	47	
2	79	124	52
124	39	52	
4	56	269	127
269	229	127	
1	105	225	168
225	252	107	168	
4	83	237	43
237	122	43	
4	65	171	94
171	9	129	94	
1	50	190	58
190	83	120	58	
2	101	255	161
255	191	224	161	
4	77	55	91
55	41	83	91	
4	94	215	16
215	1	23	16	
3	80	91	5
91	46	237	5	
3	74	26	128
26	218	128	
1	100	136	149
136	175	155	149	
2	89	252	125
252	75	125	
1	61	299	61
299	13	6	61	
2	77	23	231
23	231	
3	104	60	173
60	31	173	
1	86	251	179
251	50	68	179	
2	86	232	233
232	264	233	
4	83	171	199
171	68	199	
2	57	135	290
135	118	290	
2	87	198	15
198	15	
4	57	12	150
12	45	2	150	
4	111	4	154
4	139	154	
4	114	215	152
215	15	152	
3	84	169	174
169	19	174	
3	96	216	234
216	100	234	
4	94	72	236
72	92	236	
1	118	88	219
-1
3	87	246	89
246	142	89	
2	86	172	224
172	150	2	224	
3	50	101	121
101	229	121	
3	92	210	184
210	21	138	184	
1	65	167	239
167	37	239	
1	118	249	205
249	1	161	205	
1	52	195	73
195	75	92	73	
2	57	19	40
19	174	246	40	
2	52	68	111
68	171	111	
3	100	294	250
294	113	108	250	
2	88	153	248
153	39	248	
2	73	262	171
262	101	171	
3	85	8	271
-1
3	78	120	181
120	127	181	
3	68	82	99
82	129	94	99	
1	83	249	99
249	1	173	99	
2	87	268	293
-1
4	97	212	64
212	46	251	64	
1	119	89	131
89	263	41	131	
3	51	253	176
253	25	176	
1	80	35	80
35	177	80	
2	100	153	41
-1
1	72	299	100
299	50	144	15	100	
4	104	264	220
264	20	153	220	
3	63	165	53
165	118	290	53	
3	91	3	54
3	123	54	
4	56	98	73
98	73	
3	119	266	284
-1
1	59	225	124
225	88	124	
4	96	46	76
46	1	267	76	
3	66	117	110
117	213	110	
1	98	239	14
239	56	14	
2	78	179	12
179	128	44	12	
2	99	194	28
194	138	28	
1	63	88	192
88	124	192	
3	56	133	194
133	103	194	
3	88	277	44
277	41	194	44	
1	103	113	9
113	226	9	
4	108	12	285
12	37	7	285	
2	105	93	30
93	56	30	
4	86	49	147
49	191	259	147	
4	90	137	85
137	123	175	85	
3	93	266	16
266	6	16	
3	50	246	261
246	15	261	
4	71	145	48
145	96	48	
1	117	200	233
200	46	237	233	
4	80	257	209
257	106	209	
4	80	137	21
137	185	91	21	
1	94	53	84
53	252	84	
3	63	91	176
91	185	176	
4	71	257	276
257	93	60	276	
1	78	283	113
283	6	13	113	
4	75	75	130
75	130	
2	85	179	75
179	128	61	75	
2	104	61	271
-1
2	76	135	170
135	78	170	
4	66	154	178
154	14	178	
3	68	216	15
216	100	15	
2	81	286	67
286	7	103	133	67	
2	68	92	157
92	125	157	
2	64	227	113
227	88	287	113	
3	96	261	148
261	124	148	
1	85	131	222
131	25	222	
2	71	68	152
68	66	15	152	
3	91	214	213
214	56	213	
1	100	209	99
209	83	91	99	
1	118	138	252
138	229	252	
1	54	274	167
274	15	86	167	
4	102	235	204
235	16	90	204	
3	98	226	47
226	82	38	47	
3	53	197	25
197	103	133	25	
3	72	91	37
91	46	121	37	
4	113	97	167
97	53	122	167	
3	117	284	234
-1
4	71	245	198
245	34	198	
4	79	228	107
228	20	259	107	
3	92	80	244
80	131	60	244	
3	70	110	269
110	10	269	
4	113	154	203
-1
1	91	16	181
16	119	181	
3	87	87	77
87	77	
4	54	22	167
22	130	167	
3	100	104	15
104	91	99	15	
4	66	107	50
107	73	50	
1	113	14	46
14	69	120	46	
4	99	185	273
185	58	273	
3	74	206	52
206	110	224	168	52	
3	113	178	214
178	37	214	
2	117	68	119
68	199	119	
4	107	213	135
213	263	41	135	
3	55	156	273
156	82	27	273	
2	103	124	294
124	122	294	
1	99	128	97
128	221	97	
2	78	50	255
50	148	147	255	
3	85	206	21
206	46	91	21	
3	67	260	257
260	116	78	257	
3	111	119	163
119	95	163	
3	86	26	40
26	67	40	
3	54	149	160
149	160	
1	80	278	72
278	42	92	72	
1	72	288	280
288	11	280	
1	57	73	103
73	98	103	
4	103	77	230
77	230	
2	100	198	279
198	34	177	14	279	
2	90	69	185
69	91	185	
3	118	284	196
284	123	8	196	
2	50	172	66
172	70	255	66	
4	92	215	91
215	1	46	91	
4	53	171	291
171	71	36	291	
4	54	245	269
245	78	147	269	
3	115	258	256
258	83	256	
1	97	190	28
190	55	28	
2	98	168	156
168	156	
1	99	293	106
293	51	106	
1	115	73	174
73	74	174	
1	70	225	157
225	150	157	
2	95	34	80
34	80	
1	76	56	46
56	93	120	46	
2	86	118	268
118	164	268	
3	54	91	265
91	153	18	265	
1	61	188	222
188	116	222	
4	101	263	111
263	2	239	111	
3	98	193	278
193	105	21	278	
3	103	51	23
51	236	23	
3	86	292	95
292	39	210	95	
3	95	117	72
117	181	72	
4	64	137	105
137	60	276	105	
1	92	275	160
275	93	192	160	
4	119	151	30
151	49	30	
2	93	69	172
69	172	
4	114	256	59
256	68	59	
4	65	97	74
97	67	74	
4	104	70	18
70	296	18	
