2	61	9	164
9	230	164	
2	82	285	39
285	56	122	39	
3	58	30	166
30	171	53	166	
1	86	147	27
147	143	162	27	
3	65	85	41
85	182	41	
3	105	16	104
16	40	104	
2	84	261	131
261	138	128	131	
3	109	48	22
48	2	22	
4	116	233	268
233	129	268	
3	96	209	11
209	11	
4	92	21	71
21	231	71	
1	80	84	55
84	185	55	
2	66	176	84
176	124	46	84	
2	102	276	282
-1
4	84	113	119
113	119	
3	58	130	186
130	128	11	186	
3	70	75	146
75	63	146	
4	104	271	245
271	174	245	
2	113	170	177
170	240	68	177	
1	85	178	137
178	129	91	137	
1	115	15	209
15	222	149	209	
4	101	67	292
67	99	105	292	
1	56	157	219
157	219	
4	90	113	195
113	13	195	
2	60	148	7
148	7	
2	97	222	136
222	15	259	136	
3	62	152	262
152	6	108	262	
2	58	213	232
213	56	232	
4	97	99	101
99	67	50	101	
2	113	252	279
-1
4	74	167	45
167	197	45	
3	105	204	163
204	147	163	
3	66	47	19
47	269	19	
1	80	25	184
25	20	3	184	
1	56	37	83
37	73	83	
4	103	167	4
167	4	
3	54	234	208
234	2	48	208	
4	107	198	172
198	187	172	
3	99	107	270
107	118	270	
2	109	244	273
244	4	33	273	
4	113	269	191
269	138	191	
4	95	203	94
203	235	94	
2	86	181	192
181	20	115	192	
3	101	77	268
77	203	268	
4	53	167	5
167	10	5	
1	116	15	171
15	161	207	171	
3	113	50	157
50	78	281	157	
1	64	46	54
46	38	54	
1	105	273	160
273	36	160	
4	77	52	155
52	7	133	155	
1	97	214	124
214	94	124	
1	102	119	78
119	78	
4	85	135	258
135	116	258	
1	53	273	86
273	47	86	
3	57	294	4
294	117	60	4	
4	119	97	70
97	185	70	
3	65	255	119
255	19	119	
4	59	21	216
21	173	41	216	
2	108	257	188
257	26	99	188	
1	75	163	292
163	99	105	292	
2	68	40	257
40	226	170	257	
2	77	160	75
160	117	175	75	
3	77	72	261
72	67	261	
4	82	280	233
280	242	95	233	
1	66	103	278
103	149	19	278	
4	57	230	74
230	223	74	
1	98	279	81
279	32	81	
1	63	185	101
185	16	122	101	
3	81	196	109
196	180	229	109	
1	84	66	271
66	185	84	271	
3	50	91	63
91	129	281	63	
1	54	291	274
291	45	274	
4	97	269	45
269	109	46	45	
3	119	256	76
256	83	76	
4	57	28	178
28	2	92	178	
2	52	156	159
156	132	159	
3	102	106	190
106	60	29	190	
1	84	174	126
174	128	130	126	
1	83	157	21
157	5	36	21	
3	95	80	86
80	146	86	
1	67	46	177
46	73	177	
1	70	268	167
268	46	158	167	
1	87	265	135
265	109	41	135	
2	82	222	142
222	72	1	142	
4	72	111	222
111	7	222	
1	50	278	129
278	19	129	
4	111	23	234
23	97	2	234	
2	106	95	107
95	107	
3	56	72	16
72	1	16	
3	114	105	95
105	291	64	95	
2	70	160	193
160	11	49	193	
3	118	30	160
30	117	160	
1	65	172	124
172	90	124	
2	76	59	45
59	202	45	
3	69	74	156
74	52	104	156	
4	118	18	185
18	64	185	
1	101	68	259
68	161	15	259	
1	80	112	54
112	34	54	
1	67	228	177
228	28	177	
4	81	65	281
65	281	
4	53	39	192
39	6	192	
1	65	241	221
241	90	221	
4	108	61	145
61	211	147	145	
3	103	16	255
16	274	73	255	
1	60	165	80
165	76	237	80	
3	56	234	97
234	2	97	
4	95	132	217
132	5	217	
3	100	16	28
16	125	28	
2	106	58	255
58	83	255	
2	88	115	71
115	192	71	
4	79	18	161
18	137	161	
4	52	62	153
62	23	6	153	
4	108	69	214
69	120	282	214	
1	62	147	229
147	267	128	229	
1	112	22	93
22	293	93	
4	68	52	27
52	162	27	
2	84	71	210
71	114	210	
3	81	48	225
48	6	248	225	
1	58	78	282
78	62	120	282	
4	78	36	96
36	55	122	96	
3	91	274	114
274	73	177	114	
3	103	155	227
155	57	227	
2	56	9	295
9	60	4	295	
3	105	7	193
7	52	193	
2	89	260	215
260	183	215	
2	87	292	18
292	35	118	18	
1	97	172	88
172	55	122	88	
2	53	217	187
217	260	187	
2	115	40	264
40	80	264	
2	112	170	51
170	226	51	
1	77	19	24
19	106	24	
3	95	80	231
80	28	231	
3	111	293	239
-1
1	114	172	246
172	114	246	
4	110	227	257
227	260	135	257	
1	109	178	300
178	121	49	300	
2	107	156	171
156	237	178	171	
2	55	95	139
95	7	139	
2	109	258	179
258	103	179	
3	79	155	48
155	33	48	
3	75	200	118
200	145	117	118	
2	55	57	249
57	124	249	
2	115	245	294
245	147	294	
1	92	126	165
126	221	165	
2	68	252	143
252	106	60	143	
1	59	44	20
44	167	20	
1	60	154	227
154	11	260	227	
1	58	103	21
103	21	
3	98	238	31
238	103	31	
3	118	89	185
89	29	70	185	
1	87	291	84
291	5	46	84	
3	106	216	193
216	62	168	193	
3	99	123	137
123	18	137	
4	85	20	14
20	115	14	
1	107	163	266
163	148	266	
2	88	13	61
13	126	61	
1	67	163	214
163	49	175	214	
4	77	235	16
235	18	123	16	
3	89	145	254
145	147	254	
4	74	286	94
286	60	106	94	
1	59	174	84
174	245	84	
4	61	231	299
231	92	78	54	299	
1	79	289	173
289	51	173	
2	93	40	193
40	91	168	193	
3	50	7	55
7	148	55	
1	80	64	119
64	58	78	119	
2	104	245	281
245	92	78	281	
4	61	52	267
52	125	267	
4	86	231	112
231	92	112	
4	110	141	97
141	222	97	
2	103	287	22
287	8	121	22	
3	104	216	4
216	17	4	
1	58	90	293
90	27	105	293	
4	90	99	84
99	146	84	
4	56	122	91
122	60	186	91	
2	115	162	206
162	27	206	
1	77	15	202
15	293	105	202	
3	94	29	253
29	44	27	253	
2	57	162	236
162	27	44	236	
3	85	249	128
249	138	128	
2	106	181	114
181	246	114	
3	99	196	81
196	141	177	81	
2	63	210	170
210	130	170	
3	59	149	21
149	103	21	
2	109	31	142
31	250	104	142	
1	96	268	56
268	109	206	56	
3	118	75	70
75	133	68	70	
2	62	162	150
162	267	128	150	
1	97	268	11
268	11	
1	76	237	11
237	178	189	11	
4	81	2	243
2	234	243	
4	52	88	139
88	34	155	139	
4	93	230	48
230	103	238	48	
1	83	63	248
63	104	40	248	
1	77	84	279
84	146	63	279	
2	62	143	298
-1
4	93	212	72
212	67	72	
3	72	130	285
130	263	22	285	
1	104	104	5
-1
4	87	14	241
14	38	241	
3	79	50	243
50	123	243	
2	77	252	82
-1
4	77	286	11
286	60	186	11	
3	74	189	126
189	144	126	
1	64	165	209
165	137	209	
3	53	282	104
282	137	104	
3	94	206	15
206	121	259	15	
1	111	199	196
199	42	196	
4	65	93	51
93	137	51	
4	115	297	64
-1
1	99	264	114
264	14	114	
1	61	174	117
174	128	267	117	
1	61	273	102
273	36	102	
2	68	120	42
120	89	251	42	
3	79	267	258
267	43	258	
2	82	143	291
143	218	64	291	
4	78	17	196
17	64	18	196	
2	65	13	146
13	86	146	
3	55	294	238
294	117	18	238	
1	109	279	287
-1
2	54	257	250
257	26	144	250	
2	50	176	175
176	123	175	
3	53	177	148
177	13	148	
1	106	241	267
241	88	162	267	
2	116	181	285
-1
3	96	30	128
30	128	
3	84	282	144
282	224	144	
4	109	52	156
52	104	156	
4	79	17	202
17	27	202	
2	105	33	232
33	170	232	
3	96	164	188
164	162	188	
2	71	108	116
108	20	116	
4	80	220	44
220	23	44	
1	68	185	284
185	64	18	284	
3	73	191	217
191	136	91	217	
4	62	207	246
207	136	91	246	
2	85	266	280
266	54	14	280	
4	82	220	83
220	73	83	
2	115	71	100
71	100	
2	117	160	184
160	117	134	184	
2	94	287	47
287	1	116	47	
1	51	64	206
64	17	206	
4	115	67	125
67	1	16	125	
4	110	269	9
269	143	9	
3	56	137	251
137	168	82	251	
1	64	42	210
42	59	210	
3	83	74	175
74	67	226	175	
3	107	1	94
1	16	263	94	
1	116	84	216
84	226	139	216	
4	81	171	76
171	178	76	
2	107	138	62
138	3	62	
4	94	45	177
45	291	105	177	
1	100	66	295
-1
4	70	131	263
131	128	130	263	
1	61	232	152
232	12	159	152	
3	92	300	193
300	49	193	
4	116	14	19
14	283	19	
2	51	59	19
59	281	129	19	
3	96	187	154
187	239	96	154	
4	83	113	25
113	151	25	
2	67	27	214
27	214	
3	93	234	258
234	258	
3	80	151	76
151	76	
3	102	191	258
191	239	234	258	
2	75	292	189
292	35	144	189	
2	80	95	189
95	242	280	189	
3	58	107	254
107	147	254	
4	68	45	13
45	202	13	
2	62	76	199
76	178	189	199	
3	58	74	63
74	129	281	63	
2	111	148	89
148	251	89	
1	81	35	75
35	108	75	
1	96	98	225
98	133	7	225	
2	93	260	167
260	5	10	167	
2	64	33	158
33	167	158	
4	84	60	252
60	106	252	
4	97	280	110
280	56	206	110	
4	91	218	154
218	128	138	154	
4	99	227	229
227	207	121	229	
4	84	141	55
141	18	123	55	
1	52	79	202
79	99	202	
4	98	230	236
230	266	54	236	
2	114	143	85
143	147	211	85	
1	81	79	45
79	16	274	45	
1	100	25	129
25	233	129	
2	114	211	188
211	85	99	188	
2	93	285	168
285	56	62	168	
1	117	64	137
64	18	137	
2	57	156	115
156	240	20	115	
2	101	197	255
197	86	255	
3	84	53	33
53	4	33	
1	69	298	15
298	24	15	
3	54	16	209
16	125	209	
1	80	63	288
63	279	32	288	
2	118	224	64
224	58	64	
3	77	294	274
294	117	18	73	274	
2	104	120	10
120	249	15	10	
1	103	4	125
4	174	209	125	
4	67	93	32
93	124	32	
2	92	162	281
-1
4	56	286	33
286	60	155	33	
4	92	10	30
10	153	128	30	
1	91	22	98
22	37	98	
1	110	118	160
118	160	
2	53	258	83
258	123	83	
1	98	278	128
-1
1	69	185	248
185	9	248	
4	83	12	3
12	240	20	3	
2	55	275	147
275	3	100	147	
4	57	52	60
52	259	15	60	
2	99	136	45
136	153	45	
4	69	253	107
253	23	268	107	
4	96	135	180
135	9	193	180	
2	117	226	297
-1
2	69	108	6
108	6	
3	108	1	35
1	67	99	35	
4	77	271	219
271	84	157	219	
3	101	250	282
250	174	282	
3	107	106	256
106	103	256	
3	57	293	60
293	15	60	
2	83	160	195
160	117	195	
2	81	59	199
59	131	199	
2	70	40	34
40	120	92	34	
1	78	118	11
118	160	11	
1	53	55	119
55	36	21	119	
1	87	126	171
126	30	171	
1	68	25	142
25	119	142	
3	119	274	143
274	73	130	143	
2	97	226	248
226	40	248	
4	76	23	240
23	6	240	
1	52	232	99
232	121	105	99	
3	91	238	210
238	83	55	210	
1	106	49	249
49	190	137	249	
2	68	92	119
92	78	119	
3	108	130	173
130	41	173	
2	89	226	51
226	51	
4	82	3	127
3	214	127	
1	94	103	100
103	106	20	100	
3	102	133	77
133	143	77	
2	51	170	152
170	108	6	152	
4	90	18	83
18	123	83	
1	81	112	72
112	41	2	72	
3	89	53	121
53	22	121	
4	57	131	264
131	109	14	264	
4	52	220	93
220	46	124	93	
1	104	178	18
178	76	165	18	
2	50	59	73
59	220	73	
3	81	81	175
81	110	175	
4	98	246	59
246	65	281	59	
2	99	58	228
58	39	228	
4	103	161	297
-1
1	87	63	109
63	14	109	
1	69	174	213
174	86	213	
4	82	286	44
286	75	44	
1	84	215	15
215	78	15	
4	104	69	192
69	91	129	192	
1	108	273	251
273	7	148	251	
1	102	55	83
55	83	
1	111	237	28
237	156	28	
4	110	247	137
247	165	137	
2	69	108	298
108	191	24	298	
1	117	103	112
103	256	34	112	
2	51	170	286
170	226	138	286	
3	114	109	271
109	206	104	271	
2	80	11	237
11	160	36	237	
2	112	58	6
58	6	
1	74	174	278
174	250	6	278	
4	56	62	33
62	3	33	
1	116	124	21
124	93	21	
4	82	297	267
-1
1	51	98	126
98	18	64	126	
3	63	299	228
299	49	39	228	
3	90	256	98
256	26	98	
1	102	229	258
229	140	123	258	
4	118	246	269
246	109	269	
2	83	276	78
-1
4	63	198	251
198	89	251	
1	115	174	12
174	250	171	12	
2	97	181	187
181	187	
1	103	19	184
19	129	184	
1	90	241	33
241	34	155	33	
1	87	265	31
265	105	31	
3	86	100	38
100	71	83	38	
4	94	220	18
220	73	18	
2	84	114	263
114	150	263	
3	103	192	239
192	19	239	
4	53	28	188
28	33	17	188	
4	86	141	62
141	222	62	
4	114	38	294
38	18	117	294	
3	59	255	12
255	20	240	12	
1	51	190	4
190	33	4	
4	63	2	268
2	146	268	
1	92	289	67
289	20	1	67	
1	70	178	38
178	76	83	38	
2	72	24	151
24	83	27	151	
2	60	138	95
138	164	95	
3	50	133	174
133	87	174	
1	111	78	66
78	41	66	
1	64	34	103
34	256	103	
4	57	280	109
280	14	109	
