3	93	53	75
53	46	75	
3	81	61	151
61	151	
2	85	104	170
104	36	170	
3	88	81	99
81	48	99	
2	92	3	36
3	47	36	
4	83	190	38
190	38	
3	87	160	123
160	74	123	
3	99	121	15
121	14	34	15	
4	97	169	20
169	157	20	
4	80	183	153
183	10	153	
4	87	170	5
170	36	5	
2	97	175	65
175	92	65	
3	98	28	121
28	56	121	
3	96	134	1
134	1	
1	83	62	3
62	3	
2	81	186	144
186	3	128	144	
3	95	81	56
81	36	56	
3	81	180	176
180	6	176	
2	80	19	96
19	96	
4	84	149	78
149	148	168	78	
2	89	101	199
-1
1	85	128	174
128	6	174	
2	85	106	1
106	1	
1	98	4	86
4	86	
1	80	153	99
153	60	99	
2	96	136	84
136	91	130	84	
3	91	109	164
109	91	82	164	
4	86	156	144
156	105	70	144	
4	93	170	114
170	13	114	
4	82	2	14
2	24	14	
1	80	187	115
187	38	115	
1	93	176	42
176	7	42	
1	86	181	99
181	13	99	
4	91	107	55
107	35	55	
4	90	185	7
-1
3	93	17	94
17	54	94	
2	89	193	155
193	24	155	
1	84	176	62
176	78	168	62	
3	89	134	31
134	55	31	
1	83	187	33
187	38	33	
2	97	69	19
69	178	19	
2	90	150	146
-1
2	89	155	126
155	132	60	126	
1	83	161	184
161	177	18	184	
3	81	53	120
53	97	120	
2	86	43	89
43	56	121	89	
1	80	68	33
68	20	83	33	
1	94	57	9
57	102	9	
2	96	141	142
141	139	142	
4	88	91	81
91	155	81	
2	98	6	149
6	128	149	
1	95	83	50
83	163	50	
1	81	153	5
153	41	5	
1	96	74	117
74	168	117	
1	96	97	169
97	169	
2	96	78	163
78	8	163	
1	88	57	183
-1
3	96	189	39
189	98	39	
4	90	183	132
-1
3	90	160	174
160	104	174	
1	90	120	131
120	22	131	
1	92	51	13
51	99	13	
3	88	126	117
126	109	117	
3	84	79	143
79	112	143	
3	85	16	39
16	165	39	
2	99	24	69
24	14	105	69	
1	81	120	125
120	72	125	
1	92	48	113
48	66	174	113	
4	95	137	48
137	48	
4	80	119	159
119	20	159	
1	90	181	78
181	13	168	78	
2	94	191	80
191	2	80	
2	82	3	6
3	18	6	
3	84	123	84
123	84	
4	83	8	51
8	62	51	
2	83	13	74
13	123	74	
2	99	84	145
84	174	66	145	
2	91	186	193
186	39	193	
2	90	78	81
78	8	81	
2	88	5	199
-1
4	86	105	179
105	47	179	
2	97	135	121
135	89	121	
4	82	129	76
129	20	150	76	
2	98	191	198
-1
2	80	196	5
196	36	5	
2	94	191	169
-1
2	98	6	53
6	53	
4	82	145	190
-1
4	94	148	67
148	40	67	
1	92	199	71
199	57	11	71	
1	90	7	175
7	49	175	
3	83	45	61
45	58	61	
3	98	163	189
163	49	189	
4	95	37	131
37	22	131	
3	92	147	78
147	17	78	
2	80	108	20
108	70	20	
2	84	94	25
94	89	25	
2	93	24	121
24	14	121	
3	91	147	69
147	99	173	69	
3	81	53	19
53	1	19	
2	87	6	25
6	122	25	
3	99	88	22
88	1	171	22	
4	99	91	136
91	136	
4	82	169	124
169	86	124	
4	99	197	71
197	71	
2	91	29	130
29	165	70	130	
1	87	181	23
181	13	129	23	
2	88	186	46
186	18	7	46	
4	88	179	144
179	73	128	144	
2	86	191	197
191	2	197	
2	82	24	2
24	2	
1	83	184	41
184	27	153	41	
2	90	155	132
155	132	
2	94	115	52
115	8	52	
4	96	157	48
157	118	99	48	
3	85	28	76
28	150	76	
4	87	119	57
119	70	57	
1	84	187	194
-1
4	88	127	172
-1
3	84	87	114
87	75	114	
4	97	113	90
113	162	90	
1	89	67	25
67	40	25	
2	80	43	179
43	57	179	
1	92	153	93
153	35	93	
3	91	139	49
139	11	7	49	
2	87	195	29
195	50	165	29	
3	95	180	147
-1
3	88	139	85
139	11	118	85	
1	91	144	163
144	84	163	
3	97	92	49
92	1	49	
4	86	188	113
188	94	113	
4	90	37	180
37	18	180	
3	88	126	22
126	64	22	
1	93	99	174
99	40	174	
3	93	123	113
123	40	113	
1	81	194	59
194	27	59	
2	80	141	39
141	87	39	
1	84	48	177
48	180	18	177	
4	99	148	120
-1
1	87	20	163
20	83	163	
3	92	109	150
109	28	150	
2	91	135	138
135	116	138	
4	92	137	64
-1
1	97	117	114
117	168	114	
4	81	190	36
-1
3	80	16	29
16	178	29	
1	98	117	122
117	18	6	122	
1	86	117	169
-1
2	98	154	69
154	83	69	
1	80	153	88
153	35	88	
2	82	152	148
152	2	148	
3	99	64	82
64	82	
4	94	107	170
107	7	170	
2	87	19	38
19	126	38	
4	82	9	28
9	10	28	
2	83	110	195
110	64	33	195	
1	84	70	63
70	165	63	
1	84	20	132
20	155	132	
3	92	147	85
147	146	85	
1	91	97	189
97	60	46	189	
1	98	57	92
57	11	92	
4	91	119	108
119	108	
4	80	71	14
71	120	14	
3	98	85	185
85	1	53	185	
1	97	165	193
165	39	193	
3	91	79	102
79	42	102	
2	85	22	124
22	120	14	124	
4	96	86	143
86	146	143	
4	80	71	41
71	41	
3	80	123	137
123	100	137	
1	92	167	146
167	153	146	
2	91	5	64
5	22	64	
3	84	77	86
77	109	86	
2	88	69	171
69	173	78	171	
1	92	99	87
99	13	87	
4	94	156	165
156	105	70	165	
4	89	159	187
159	68	187	
4	83	25	72
25	40	72	
1	84	21	94
21	73	94	
4	92	54	169
54	157	169	
1	97	26	135
26	145	135	
3	93	90	139
90	139	
3	98	61	167
61	97	167	
3	80	198	36
198	11	36	
4	86	166	134
166	84	134	
3	83	79	42
79	42	
3	89	45	152
45	58	152	
3	80	134	128
134	6	128	
2	86	69	149
69	93	149	
3	94	93	154
93	15	154	
2	88	158	179
158	2	15	179	
1	98	167	21
167	74	21	
3	85	192	81
192	36	81	
1	92	103	78
103	14	78	
2	97	135	196
135	36	196	
4	90	54	26
54	93	26	
4	82	137	22
-1
2	89	6	107
6	18	7	107	
1	89	98	175
98	83	175	
2	94	84	20
84	174	83	20	
3	85	38	177
38	182	177	
2	85	78	95
78	14	95	
1	85	57	87
57	68	87	
2	95	154	189
154	15	189	
3	90	38	123
38	33	123	
1	95	7	128
7	68	128	
4	96	18	64
18	15	64	
1	94	132	69
132	60	46	69	
2	88	173	167
173	20	167	
2	87	115	2
115	44	2	
4	83	9	192
9	33	192	
2	98	34	69
34	105	69	
3	96	79	77
79	18	117	77	
4	96	157	182
-1
1	90	112	171
-1
3	98	14	178
14	16	178	
2	81	141	147
141	82	147	
1	90	89	30
89	171	1	30	
3	88	143	2
143	166	2	
2	89	171	116
-1
2	92	19	125
19	125	
1	81	194	110
-1
3	89	64	141
64	134	6	141	
1	91	20	97
20	167	97	
2	81	116	160
116	17	160	
3	90	87	125
87	76	125	
4	88	185	65
185	128	161	65	
1	97	98	153
98	92	153	
1	91	128	95
-1
3	86	28	17
28	66	17	
4	82	130	35
130	84	35	
2	92	22	181
-1
2	84	135	44
135	89	44	
4	80	125	16
125	55	165	16	
4	91	96	131
96	103	68	131	
3	95	189	169
189	157	169	
3	91	12	105
12	14	105	
1	83	132	3
132	155	93	3	
4	89	130	82
130	91	82	
3	97	81	110
81	20	110	
1	84	99	39
99	40	39	
4	84	42	12
42	12	
3	87	46	147
-1
4	82	190	71
190	18	71	
3	85	182	118
182	82	138	118	
3	93	85	58
85	50	58	
1	98	112	69
112	175	83	69	
2	92	3	1
3	34	1	
3	93	46	82
46	53	41	82	
3	82	87	114
87	75	114	
1	92	144	12
144	4	12	
4	84	188	5
188	97	53	5	
4	82	164	50
164	70	165	50	
2	92	32	191
-1
4	81	66	124
66	53	124	
4	98	183	8
183	10	8	
2	99	69	119
69	173	20	119	
4	91	59	73
59	129	46	73	
1	92	51	118
51	27	118	
1	85	124	156
124	14	105	156	
4	88	107	52
107	73	52	
1	93	31	39
31	120	39	
2	94	15	3
15	34	3	
2	97	49	186
49	50	186	
1	80	1	3
1	34	3	
2	80	22	138
22	5	138	
3	90	53	6
53	6	
2	83	152	64
152	51	64	
2	92	3	114
3	151	15	114	
3	80	87	37
87	39	37	
2	91	84	95
84	163	49	95	
3	81	92	126
92	11	126	
1	95	57	92
57	11	92	
2	92	24	141
24	2	141	
1	95	181	93
-1
2	84	13	67
13	173	67	
2	89	5	119
5	121	70	119	
2	84	116	70
116	45	165	70	
1	97	51	24
51	105	14	24	
4	85	55	110
55	110	
2	92	15	145
15	66	145	
1	89	26	188
26	55	188	
3	92	180	197
180	24	197	
2	84	135	20
135	41	83	20	
3	97	28	152
28	90	152	
1	83	75	164
75	70	164	
4	81	59	121
59	14	121	
1	82	48	188
48	137	97	188	
1	97	4	38
-1
3	98	121	92
121	56	92	
4	82	178	59
178	45	59	
3	81	82	36
82	156	36	
3	97	63	15
63	66	15	
2	96	136	150
136	66	150	
3	99	100	177
100	75	177	
4	95	157	3
157	15	34	3	
2	95	32	61
32	91	61	
4	82	25	60
25	16	175	60	
1	91	39	63
39	165	63	
3	94	76	135
-1
4	92	174	64
174	66	64	
4	88	168	146
168	41	153	146	
2	82	150	8
150	21	8	
4	83	127	143
127	43	144	143	
3	91	76	195
76	164	33	195	
4	93	127	151
-1
3	93	142	135
-1
3	92	77	159
-1
4	94	151	198
-1
1	88	62	25
62	137	25	
3	84	17	199
17	99	60	199	
2	89	29	118
29	4	56	118	
2	88	29	19
29	178	19	
3	91	44	146
44	89	146	
1	97	7	173
7	68	20	173	
3	87	100	99
100	118	99	
1	93	144	41
144	103	41	
1	92	98	69
98	83	69	
1	81	62	172
62	3	172	
1	85	89	33
89	9	33	
2	95	49	1
49	1	
1	93	73	182
-1
1	91	194	10
194	76	164	10	
3	88	123	5
123	54	5	
4	92	146	12
146	14	12	
3	83	163	62
163	91	62	
3	95	82	5
82	91	5	
2	83	136	54
136	32	154	54	
4	94	148	68
148	168	68	
3	99	61	108
61	105	70	108	
3	99	46	156
46	36	156	
3	92	182	181
-1
1	94	187	174
-1
4	98	10	96
10	153	96	
3	81	131	41
131	68	168	41	
4	82	23	3
23	146	3	
4	99	166	85
166	108	85	
2	84	101	20
101	124	20	
1	83	57	119
57	70	119	
4	90	183	179
183	80	179	
2	86	94	176
-1
2	86	6	109
6	18	7	109	
1	99	98	95
98	82	20	95	
2	87	152	57
-1
3	87	163	187
163	50	187	
1	82	184	161
184	18	177	161	
2	98	19	79
19	1	79	
1	89	58	179
58	83	179	
4	99	54	187
-1
1	97	118	122
118	99	122	
3	84	88	167
88	68	20	167	
4	93	166	172
166	161	128	172	
2	99	24	22
24	5	22	
2	95	56	125
56	72	125	
4	93	183	87
-1
4	94	102	71
102	95	120	71	
1	92	176	89
176	78	171	89	
3	82	134	98
134	83	98	
3	81	63	103
63	41	103	
1	94	62	20
62	173	20	
2	80	191	60
-1
4	84	96	25
96	40	25	
3	85	61	49
61	175	49	
1	81	120	104
120	14	104	
4	88	188	38
-1
2	90	41	139
41	139	
1	90	7	115
7	86	115	
1	99	51	200
51	62	60	200	
1	81	74	15
74	21	15	
1	93	187	76
187	50	125	76	
1	92	21	19
-1
1	88	21	66
21	15	66	
4	88	145	126
145	19	126	
4	83	42	45
42	63	45	
3	92	64	184
64	15	18	184	
1	91	124	25
124	57	25	
2	97	6	183
-1
1	88	128	34
128	3	34	
3	82	147	107
147	101	78	107	
1	90	20	93
20	155	93	
4	88	66	65
66	133	92	65	
4	93	169	85
169	97	133	85	
2	98	50	182
50	38	182	
4	94	178	175
178	20	175	
1	98	114	38
114	64	38	
4	94	86	113
86	40	113	
4	96	149	70
149	128	144	70	
2	89	78	197
78	71	197	
1	87	7	95
7	120	95	
4	91	149	115
149	128	91	115	
4	95	119	131
119	73	131	
4	92	59	100
59	123	100	
1	93	112	149
-1
4	99	42	78
42	79	78	
3	89	17	191
-1
4	81	127	77
127	58	77	
3	91	61	25
61	56	121	25	
3	87	177	103
177	18	68	103	
3	94	79	109
79	18	7	109	
4	80	86	9
86	34	105	9	
