2	272	143	186
-1
3	338	94	156
-1
4	693	123	115
-1
3	203	17	108
17	7	108	
2	639	31	163
-1
2	530	90	152
-1
3	368	163	120
-1
3	122	173	185
-1
4	312	25	64
-1
3	327	75	145
-1
2	764	90	39
-1
3	69	12	84
12	123	105	84	
4	285	200	7
-1
3	692	145	23
-1
4	107	99	5
99	34	5	
2	458	90	94
-1
2	479	22	9
-1
3	663	140	133
-1
4	276	112	110
-1
2	272	176	184
-1
3	112	155	73
155	12	73	
2	246	119	37
-1
3	52	38	188
-1
3	326	24	133
-1
3	781	68	183
-1
3	624	75	24
-1
4	284	185	45
-1
3	767	15	185
15	185	
2	626	28	48
-1
2	459	57	24
-1
2	184	29	178
-1
4	420	144	97
-1
3	659	142	86
-1
4	443	146	109
146	109	
2	675	172	129
-1
4	750	4	3
-1
4	445	80	188
-1
4	781	164	2
-1
4	728	133	181
-1
2	151	59	189
59	41	189	
3	781	169	18
-1
3	377	55	113
55	83	113	
4	412	177	54
-1
3	373	86	199
86	33	199	
4	151	80	122
80	33	122	
2	155	7	77
7	77	
4	794	158	156
-1
4	247	105	71
-1
4	628	36	4
-1
4	616	14	62
-1
3	435	168	182
-1
4	499	99	188
-1
2	652	78	164
-1
3	452	142	2
-1
2	176	67	33
-1
3	202	168	39
168	39	
2	309	176	148
-1
2	731	170	52
-1
2	334	118	39
-1
4	398	46	5
46	34	5	
4	581	114	172
-1
4	269	152	22
152	103	22	
2	534	101	51
-1
2	135	56	192
56	7	192	
3	567	160	59
-1
3	558	186	178
-1
3	57	40	153
40	103	153	
2	609	49	123
-1
4	249	81	192
-1
2	453	67	37
-1
2	526	67	102
-1
2	97	49	5
49	148	5	
2	197	170	106
-1
2	791	6	113
-1
4	349	44	72
-1
2	778	161	10
-1
4	731	21	49
21	49	
2	155	29	50
29	50	
3	396	40	130
-1
2	134	89	148
89	49	148	
2	287	143	15
-1
2	492	119	15
-1
3	447	69	136
-1
3	709	68	141
-1
2	532	59	184
-1
2	793	60	97
-1
2	542	39	117
-1
2	741	122	97
-1
2	572	127	136
-1
3	319	75	25
75	173	25	
2	285	59	119
-1
3	649	96	37
-1
3	84	138	57
138	71	57	
4	177	37	125
37	126	125	
2	660	48	183
-1
4	108	83	195
-1
3	575	126	33
-1
2	123	170	106
170	123	15	106	
3	109	63	32
-1
4	685	85	58
-1
2	403	7	116
-1
3	489	94	163
-1
4	548	44	53
-1
4	772	80	41
-1
2	356	57	89
-1
2	350	170	123
170	123	
4	334	178	48
178	117	48	
3	239	55	18
-1
2	522	29	80
-1
2	779	90	117
-1
4	696	175	75
-1
4	159	178	168
-1
3	313	169	163
169	27	163	
3	453	17	195
-1
3	443	189	3
-1
2	765	48	172
-1
3	663	100	102
-1
4	582	185	108
-1
3	463	126	136
-1
4	431	99	177
-1
4	755	80	151
-1
4	125	177	80
177	71	80	
4	639	188	49
-1
3	83	51	17
51	178	17	
2	436	106	158
-1
3	409	50	5
-1
3	62	115	104
115	173	41	104	
4	670	180	40
180	40	
4	407	62	166
-1
2	84	176	16
176	167	16	
3	686	157	95
-1
2	716	165	23
-1
3	214	92	10
92	76	10	
2	382	181	12
181	12	
3	489	17	70
-1
3	443	55	119
-1
4	499	16	33
16	33	
3	588	79	13
-1
2	105	49	26
49	92	26	
3	670	58	153
-1
3	717	92	110
-1
2	539	29	26
29	26	
2	201	197	117
-1
3	714	13	49
-1
4	233	45	65
45	65	
4	253	35	119
-1
4	786	180	135
-1
2	500	29	13
-1
2	677	118	13
-1
4	630	123	70
-1
3	341	96	114
96	114	
3	516	163	94
-1
4	434	4	90
4	90	
2	332	7	54
7	82	54	
4	597	174	98
174	98	
2	67	57	84
57	55	84	
4	251	11	64
-1
2	365	149	92
-1
3	279	51	161
-1
3	351	130	36
130	15	36	
3	216	10	131
10	131	
3	159	151	45
-1
3	50	69	200
69	1	200	
3	53	103	7
103	68	7	
3	102	138	180
-1
4	286	85	188
-1
3	201	54	150
-1
4	694	158	50
-1
4	55	25	52
25	134	52	
4	542	105	182
-1
4	572	158	191
-1
4	368	124	94
-1
4	67	183	114
-1
4	173	35	17
-1
3	554	140	106
-1
2	644	143	142
-1
4	645	180	195
-1
4	545	33	152
33	152	
4	348	178	177
-1
4	729	35	33
-1
2	722	127	190
-1
2	617	101	113
-1
2	130	119	47
119	74	47	
3	748	136	81
-1
3	503	160	20
160	20	
2	294	66	113
-1
3	139	160	45
160	23	45	
2	192	108	77
108	7	77	
2	770	153	6
-1
2	602	153	40
-1
4	341	183	118
-1
2	505	107	18
-1
4	101	124	136
124	62	136	
3	231	54	72
-1
2	102	153	183
-1
2	517	108	48
-1
4	211	53	160
53	4	160	
4	789	144	67
-1
3	647	138	171
-1
2	538	109	123
-1
4	206	111	57
-1
3	523	55	163
-1
3	661	110	38
-1
3	682	12	44
-1
3	266	145	148
-1
4	315	98	55
98	83	55	
3	674	115	59
-1
2	392	128	2
-1
3	714	169	140
-1
4	439	16	48
-1
2	597	7	110
-1
3	362	163	164
-1
4	299	88	74
-1
2	92	149	85
149	83	85	
4	439	33	181
-1
4	646	99	78
-1
2	604	165	144
-1
2	358	141	23
-1
3	799	136	192
-1
2	398	52	159
-1
2	457	91	165
-1
2	121	91	79
91	73	79	
4	196	53	119
53	4	119	
4	382	4	67
-1
4	462	199	52
-1
3	490	140	150
140	20	150	
3	135	136	66
136	36	66	
2	310	143	7
143	137	7	
3	253	151	94
-1
3	561	50	145
50	18	145	
2	178	148	188
-1
2	758	107	78
-1
2	526	78	82
-1
3	445	26	37
-1
3	396	58	35
-1
4	197	71	175
71	86	175	
3	513	113	62
-1
3	69	50	4
50	4	
3	264	10	154
-1
3	308	113	155
-1
2	147	127	54
127	48	54	
4	374	105	161
-1
3	107	65	190
-1
4	744	192	16
-1
2	428	89	73
-1
4	254	85	95
85	95	
2	466	182	7
-1
3	71	145	57
145	55	57	
2	527	66	18
-1
4	331	80	131
80	33	131	
2	185	191	57
-1
4	495	88	113
88	83	113	
3	184	15	177
-1
2	501	22	120
-1
2	324	18	8
-1
2	768	49	92
49	92	
4	377	53	26
-1
4	735	71	122
-1
4	602	45	188
-1
2	534	172	19
172	19	
4	690	5	9
-1
3	402	140	49
140	20	49	
2	731	187	63
-1
3	652	24	36
-1
3	210	75	54
-1
3	453	151	102
-1
2	780	170	106
-1
4	552	99	129
-1
4	139	36	173
-1
3	459	38	144
-1
4	670	123	148
-1
3	118	15	40
15	171	40	
2	582	20	178
-1
2	619	153	1
-1
4	174	5	28
5	34	28	
3	727	65	178
65	178	
3	233	121	99
121	99	
4	561	1	197
-1
2	585	3	184
-1
4	430	144	22
-1
2	729	56	96
-1
2	118	176	62
-1
3	98	96	81
-1
2	450	78	185
-1
4	127	199	190
-1
4	505	174	6
-1
4	403	1	126
-1
3	502	86	79
86	79	
4	735	99	81
99	81	
3	508	84	177
-1
4	305	164	32
-1
4	369	144	7
144	53	7	
4	301	114	54
-1
4	386	14	83
-1
3	475	115	81
-1
4	330	42	54
42	154	54	
4	356	99	7
-1
3	134	55	92
-1
2	166	7	191
-1
3	542	94	74
-1
3	125	155	190
-1
4	683	62	85
-1
2	386	31	150
-1
4	118	33	164
33	86	164	
2	449	19	78
19	18	78	
4	354	146	71
-1
3	160	126	170
126	123	170	
2	402	184	24
-1
3	442	120	182
-1
2	417	89	27
89	46	27	
4	356	33	181
-1
4	540	9	195
-1
3	640	142	177
-1
4	305	81	9
-1
2	732	149	179
-1
3	452	50	76
-1
4	273	5	2
-1
3	196	117	137
117	118	137	
3	627	169	57
-1
3	706	163	97
-1
4	538	183	129
-1
2	732	39	137
-1
2	459	132	31
-1
4	719	174	111
-1
4	350	131	11
-1
4	525	14	13
-1
3	378	117	169
-1
2	215	143	85
143	137	85	
2	73	39	6
39	6	
3	69	69	120
69	68	120	
3	297	125	102
125	102	
3	436	113	93
-1
2	368	48	176
-1
3	430	159	101
-1
2	690	78	31
-1
4	752	80	195
-1
2	522	6	63
-1
3	157	84	5
-1
3	712	51	44
-1
3	283	74	64
-1
3	785	145	140
-1
4	227	193	52
-1
4	554	81	51
-1
4	504	199	9
-1
3	684	179	87
-1
3	628	121	118
-1
4	340	76	123
76	41	123	
3	795	198	159
-1
4	240	5	161
-1
3	355	169	35
-1
4	694	53	179
-1
3	597	190	123
-1
2	748	67	155
67	155	
4	406	71	153
71	138	153	
4	594	175	131
-1
2	112	61	4
61	6	4	
3	536	189	79
-1
4	696	131	76
-1
2	757	78	33
-1
2	343	20	1
-1
4	223	25	5
25	4	5	
3	646	121	194
-1
3	52	69	12
69	68	121	12	
2	705	19	82
19	82	
4	687	25	8
-1
2	640	22	20
-1
3	118	136	160
-1
4	696	124	43
-1
4	628	71	120
-1
3	530	130	92
-1
2	285	23	68
-1
4	228	46	189
-1
4	140	144	9
-1
2	523	197	27
-1
2	333	2	3
-1
4	554	41	24
41	165	24	
2	664	132	111
-1
2	156	52	35
52	110	35	
2	127	48	57
48	161	57	
4	768	76	186
-1
2	486	57	8
57	34	8	
2	276	194	5
194	34	5	
2	686	172	149
-1
4	562	114	145
-1
2	566	90	98
-1
4	142	25	90
25	4	90	
3	452	179	21
-1
2	438	93	73
-1
2	394	49	72
-1
2	629	29	148
-1
4	288	147	156
-1
4	693	85	149
-1
3	541	163	72
-1
2	187	49	138
-1
3	286	113	27
113	28	27	
4	725	180	51
-1
2	198	22	29
-1
4	272	174	74
174	74	
3	93	113	74
-1
2	240	59	102
59	93	102	
