2	82	47	136
47	249	136	
4	61	1	109
1	178	26	109	
2	100	122	207
122	77	207	
4	97	129	227
129	123	227	
2	115	115	161
115	112	161	
2	77	191	26
191	53	26	
4	62	219	163
219	239	163	
3	81	55	138
55	130	138	
4	61	219	72
219	14	237	72	
3	92	245	186
245	100	186	
4	79	67	232
67	239	232	
1	98	179	233
179	18	99	233	
1	104	53	106
53	278	6	106	
3	83	55	286
55	13	286	
1	83	135	100
135	108	100	
1	78	290	42
290	33	105	42	
3	62	250	261
250	104	261	
1	61	32	67
32	57	67	
1	64	286	285
286	13	285	
1	60	246	282
246	18	248	108	282	
3	103	140	100
140	108	100	
1	97	170	279
170	93	27	279	
3	92	8	83
8	56	148	83	
4	69	104	189
104	245	174	189	
2	110	127	23
127	125	23	
3	82	63	65
63	27	65	
3	64	23	14
23	281	14	
3	80	198	45
198	137	123	45	
4	116	261	82
261	119	82	
3	87	96	27
96	18	137	27	
4	69	168	167
168	34	94	167	
3	57	171	88
171	5	269	88	
3	111	159	147
159	68	147	
1	59	3	250
3	2	250	
1	114	185	129
185	82	133	129	
2	118	165	243
165	184	243	
1	53	187	265
187	104	265	
2	117	273	214
-1
1	110	125	175
125	45	144	175	
3	89	262	22
262	20	196	22	
1	107	131	189
131	73	47	189	
4	54	100	111
100	67	111	
2	60	99	21
99	155	175	21	
4	51	232	76
232	263	138	76	
1	119	202	260
202	144	49	260	
1	111	298	124
298	1	124	
4	68	106	63
106	136	41	63	
4	71	279	35
279	10	35	
1	87	248	160
248	20	160	
2	118	299	173
-1
1	58	128	55
128	174	55	
3	89	175	155
175	155	
1	71	61	5
61	128	5	
1	106	41	237
41	185	14	237	
1	97	22	190
22	206	130	190	
3	81	184	187
184	162	161	187	
4	55	287	44
287	69	6	44	
3	91	55	22
55	124	237	22	
2	92	89	21
89	250	108	21	
1	54	296	71
296	52	56	71	
4	51	225	250
225	12	6	250	
2	65	93	176
93	170	105	176	
3	81	124	236
124	121	236	
2	79	176	276
-1
3	68	54	50
54	83	117	50	
1	66	244	233
244	127	99	233	
4	59	205	219
205	78	231	219	
1	50	32	26
32	54	26	
2	73	193	114
193	70	211	114	
2	93	18	161
18	99	112	161	
3	93	14	85
14	252	146	85	
2	58	65	230
65	230	
1	76	22	53
22	65	27	53	
2	61	284	280
284	27	53	280	
2	110	233	86
233	99	86	
3	94	124	29
124	237	29	
2	63	200	285
200	129	147	4	285	
2	58	20	68
20	262	209	68	
4	113	212	12
212	99	207	12	
2	113	177	29
177	155	29	
1	70	161	43
161	80	43	
3	119	146	107
146	270	107	
2	113	6	129
6	69	129	
2	75	102	164
102	281	164	
4	72	226	96
226	101	36	96	
3	70	98	271
98	20	70	271	
3	66	203	171
203	33	105	171	
4	53	226	242
226	168	34	259	242	
1	84	26	153
26	246	153	
3	75	291	30
291	49	144	30	
3	87	116	242
116	259	242	
1	63	26	139
26	54	264	139	
2	113	217	196
217	32	120	196	
1	116	161	298
161	149	17	298	
2	114	188	275
188	34	168	275	
3	54	300	72
300	74	72	
1	106	192	274
192	88	71	274	
4	57	120	251
120	99	251	
3	72	63	28
63	27	28	
4	103	69	18
69	96	18	
4	66	104	186
104	98	91	186	
1	74	181	211
181	70	211	
3	89	117	128
117	223	128	
4	68	232	40
232	233	40	
3	92	159	279
159	90	279	
1	106	285	278
285	16	60	278	
1	59	29	221
29	21	175	221	
1	60	296	40
296	125	264	40	
3	69	255	154
255	263	128	154	
4	69	67	222
67	57	157	222	
3	64	12	78
12	248	78	
3	74	198	10
198	68	274	10	
3	53	274	126
274	10	244	126	
1	64	246	58
246	26	58	
4	62	214	268
214	54	83	268	
4	69	209	252
209	233	99	252	
1	71	275	32
275	66	120	32	
2	60	66	27
66	93	27	
3	63	108	34
108	163	34	
4	57	178	152
178	99	120	152	
4	54	17	164
17	184	209	164	
1	103	41	113
41	257	113	
4	91	27	87
27	239	87	
4	68	141	32
141	2	64	32	
1	67	97	297
97	234	39	297	
1	58	280	257
280	53	67	257	
2	69	191	283
191	107	283	
3	88	23	49
23	75	49	
2	51	193	156
193	7	189	156	
3	74	269	85
269	27	81	85	
4	117	266	101
266	16	153	101	
3	92	92	193
92	237	64	193	
3	68	175	220
175	145	220	
1	51	136	112
136	106	112	
1	117	206	208
206	22	208	
3	66	243	187
243	149	161	187	
2	68	231	78
231	78	
1	76	3	152
3	12	152	
3	54	101	96
101	36	96	
2	78	284	64
284	4	237	64	
2	99	18	81
18	7	56	81	
2	83	268	172
268	95	1	172	
4	102	30	99
30	216	99	
2	55	230	234
230	7	143	234	
1	85	161	192
161	160	192	
3	51	140	134
140	125	264	134	
4	80	76	117
76	83	117	
3	53	295	119
295	49	269	119	
1	109	13	271
13	271	
1	74	187	6
187	123	157	6	
3	85	146	23
146	281	23	
3	98	257	42
257	22	42	
4	86	260	123
260	137	123	
2	102	183	52
183	144	52	
2	93	20	212
20	248	78	212	
2	88	65	104
65	32	104	
1	96	49	179
49	269	108	179	
1	66	161	225
161	149	225	
1	106	125	238
125	247	238	
1	101	236	124
236	121	124	
1	76	110	269
110	122	108	269	
3	97	117	225
117	137	225	
1	92	296	237
296	55	130	237	
4	53	24	171
24	5	171	
1	77	286	190
286	77	190	
2	90	191	255
191	125	255	
2	50	282	55
282	122	55	
2	105	188	215
-1
2	94	265	91
265	104	163	91	
1	67	11	26
11	292	54	26	
2	78	115	136
115	220	136	
3	104	241	252
241	99	252	
1	110	160	299
160	161	22	299	
1	90	202	23
202	73	186	23	
3	62	48	60
48	180	60	
1	118	105	251
105	189	157	251	
4	62	17	232
17	100	239	232	
3	88	107	171
107	239	60	171	
4	119	174	135
174	135	
4	84	178	198
178	99	198	
2	79	58	12
58	248	12	
3	93	258	4
258	83	117	4	
3	91	82	215
82	151	121	215	
2	53	195	169
195	34	169	
1	113	125	216
125	264	36	216	
1	115	297	72
297	4	237	72	
3	98	175	88
175	144	266	88	
3	108	159	246
-1
2	93	58	172
58	26	246	172	
2	50	47	101
47	205	101	
1	113	61	210
61	28	210	
3	98	263	167
263	138	26	167	
3	64	116	249
116	220	136	249	
4	112	19	195
19	3	195	
2	59	193	19
193	6	47	19	
4	60	178	68
178	99	198	68	
3	109	113	294
113	164	57	294	
2	67	31	153
31	101	153	
1	70	119	262
119	171	20	262	
4	80	94	8
94	167	8	
4	70	266	120
266	15	41	120	
2	78	149	82
149	84	82	
4	78	139	249
139	14	71	249	
1	72	44	268
44	6	69	268	
4	113	168	212
168	83	177	212	
1	60	208	89
208	247	89	
1	75	70	253
70	74	253	
4	89	72	35
72	217	46	35	
1	70	71	153
71	16	153	
3	99	241	299
241	3	299	
3	59	263	264
263	255	264	
2	72	195	165
195	50	189	165	
2	113	294	3
-1
3	82	92	98
92	20	98	
3	53	137	266
137	252	121	266	
2	113	200	225
200	27	49	225	
4	105	30	46
30	98	104	46	
3	89	257	117
257	67	117	
3	53	37	239
37	117	67	239	
4	111	129	179
129	77	179	
2	77	229	194
229	19	194	
2	71	200	88
200	88	
4	83	4	133
4	289	82	133	
3	83	57	277
57	112	66	277	
4	108	129	113
129	197	113	
1	64	164	12
164	113	138	12	
1	89	39	93
39	95	1	93	
3	116	166	49
166	267	141	49	
4	114	27	137
27	137	
1	105	41	266
41	15	266	
4	60	104	246
104	138	130	246	
1	57	131	145
131	206	145	
1	92	22	200
22	161	10	200	
2	98	268	257
268	45	257	
1	110	11	137
11	211	123	137	
1	63	71	53
71	249	53	
3	95	55	91
55	147	84	91	
3	115	84	257
84	292	54	257	
2	82	282	283
282	107	283	
1	109	119	75
119	281	75	
3	94	186	179
186	77	179	
3	70	146	61
146	106	6	61	
3	59	245	135
245	174	135	
2	67	177	154
177	139	154	
3	114	137	216
137	18	99	216	
4	86	209	286
209	249	53	286	
2	116	292	92
292	61	175	92	
4	62	219	227
219	264	227	
2	57	195	261
195	70	261	
3	91	7	131
7	89	131	
1	111	136	68
136	264	102	68	
3	62	262	213
262	125	23	213	
4	58	232	209
232	249	209	
3	51	101	138
101	12	138	
4	86	279	274
279	10	274	
4	93	45	235
45	125	235	
2	86	163	226
163	34	168	226	
4	104	19	197
19	173	197	
3	86	184	91
184	95	186	91	
2	96	83	97
83	87	97	
4	73	4	284
4	284	
1	97	208	245
208	18	245	
1	106	172	228
172	150	105	228	
3	83	270	80
270	162	161	80	
2	88	273	110
273	11	110	
2	112	191	154
191	128	154	
4	110	94	16
94	235	60	16	
1	56	192	87
192	232	239	87	
2	86	268	22
268	72	237	22	
3	104	5	104
5	187	104	
3	99	171	107
171	105	42	107	
2	115	157	14
157	123	252	14	
3	102	54	185
54	256	185	
1	81	160	206
160	142	206	
2	83	155	178
155	99	178	
3	88	124	68
124	213	68	
2	64	78	213
78	248	23	213	
3	112	258	156
258	129	147	156	
1	93	86	124
86	40	124	
4	96	4	128
4	117	223	128	
1	104	70	50
70	50	
1	110	119	206
119	190	130	206	
3	66	216	260
216	128	260	
2	52	188	119
188	34	171	119	
2	79	292	26
292	54	26	
3	69	257	149
257	94	149	
1	51	75	278
75	83	278	
4	99	261	288
-1
2	102	233	73
233	28	73	
4	109	278	77
278	77	
4	108	74	198
74	186	99	198	
3	54	81	69
81	6	69	
3	75	101	284
101	68	8	284	
1	75	109	172
109	105	150	172	
1	100	271	215
271	73	215	
3	60	63	171
63	294	60	171	
3	88	274	245
274	71	245	
4	115	45	258
45	206	130	258	
4	77	76	190
76	46	28	190	
4	105	178	168
-1
3	55	159	293
159	23	293	
3	103	190	73
190	28	73	
1	116	126	225
126	191	128	225	
4	89	21	34
21	37	34	
1	65	86	56
86	189	7	56	
2	77	177	118
177	1	118	
2	94	167	91
167	145	208	91	
1	71	135	188
135	92	188	
4	70	142	263
142	113	138	263	
1	77	222	193
222	157	6	193	
4	92	129	51
129	77	51	
4	74	234	292
234	40	2	292	
3	51	107	117
107	239	67	117	
2	84	16	137
16	198	137	
4	59	95	275
95	11	168	275	
2	89	193	151
193	7	123	151	
1	51	160	69
160	28	153	69	
3	88	124	256
124	207	256	
4	63	45	97
45	122	97	
3	97	156	70
156	95	70	
1	97	185	199
185	82	103	199	
2	101	259	132
259	132	
3	87	54	291
54	292	28	291	
2	94	177	58
177	175	165	58	
3	88	281	152
281	23	125	152	
1	50	192	44
192	242	44	
1	60	221	256
221	141	256	
2	75	145	79
145	34	79	
3	114	255	124
255	84	82	124	
3	63	80	31
80	282	107	31	
1	61	97	267
97	133	141	267	
2	55	217	226
217	98	78	226	
4	97	28	31
28	210	31	
3	114	255	207
255	259	207	
1	87	71	239
71	163	239	
1	91	161	130
161	40	2	130	
3	118	153	103
153	246	103	
4	106	214	299
214	3	299	
2	101	229	253
229	82	102	253	
2	111	93	33
93	27	49	33	
4	60	27	129
27	200	129	
4	117	210	45
210	82	229	45	
4	97	225	72
225	49	33	2	72	
2	95	282	79
282	80	79	
3	63	96	149
96	40	161	149	
3	104	114	62
114	117	113	62	
4	118	227	214
227	54	214	
3	106	295	127
295	53	191	127	
2	119	193	56
193	7	56	
2	111	215	200
215	49	27	200	
2	71	18	278
18	248	60	278	
3	106	88	188
88	188	
1	79	187	164
187	161	164	
2	99	264	146
264	139	122	146	
1	58	51	293
51	7	25	293	
4	99	24	158
24	83	158	
2	82	231	136
231	224	41	136	
1	101	239	182
239	60	20	182	
1	86	246	75
246	111	75	
3	67	257	41
257	41	
3	105	300	110
300	20	60	110	
3	94	171	198
171	60	16	198	
4	97	139	136
139	264	136	
1	104	179	100
179	108	100	
3	109	48	150
48	105	150	
4	66	118	226
118	101	226	
2	54	249	156
249	209	164	156	
2	115	294	146
294	18	99	146	
2	51	165	143
165	55	143	
2	53	143	99
143	183	99	
2	113	20	150
20	188	150	
4	112	227	21
227	267	21	
4	117	21	159
21	108	159	
2	118	31	89
31	101	89	
1	90	185	189
185	45	157	189	
3	115	84	58
84	20	58	
2	62	193	7
193	7	
3	69	137	300
137	18	7	300	
3	112	14	216
14	256	216	
4	72	266	58
266	21	58	
1	82	61	129
61	56	129	
4	104	214	108
214	122	108	
2	54	16	128
16	205	128	
4	115	254	210
254	259	173	210	
4	113	94	95
94	19	268	95	
3	80	84	230
84	147	230	
2	78	299	122
299	47	108	122	
4	69	173	10
173	97	279	10	
2	116	193	24
193	6	157	24	
3	103	55	41
55	63	41	
1	84	119	101
119	14	185	101	
3	101	281	15
281	75	49	15	
2	70	267	82
267	141	133	82	
3	110	112	87
112	57	157	87	
1	76	97	181
97	87	181	
1	85	22	264
22	196	54	264	
4	109	4	15
4	285	15	
4	68	293	239
-1
3	111	84	131
84	255	259	131	
1	111	91	237
91	270	64	237	
