3	318	158	160
-1
2	306	11	100
11	88	100	
2	302	43	84
-1
3	306	54	52
54	52	
2	306	157	23
157	88	23	
1	311	183	67
-1
4	319	143	197
-1
2	309	110	128
110	55	128	
2	307	85	45
85	38	45	
4	300	153	143
-1
3	311	32	100
-1
2	302	11	62
11	121	62	
1	306	197	105
197	7	105	
1	309	111	158
111	64	158	
1	312	177	114
177	175	114	
2	310	35	49
-1
1	318	78	191
-1
3	318	97	52
-1
2	302	166	89
-1
1	304	105	41
-1
1	315	197	73
197	73	
2	317	48	35
-1
2	301	151	183
-1
1	310	89	46
89	46	
3	316	30	174
30	24	174	
1	304	42	161
42	55	161	
4	306	25	38
25	154	38	
3	318	155	135
-1
4	306	13	52
13	46	52	
1	318	67	157
67	66	157	
1	302	63	105
63	119	105	
3	308	159	153
-1
2	303	68	55
68	174	55	
4	308	129	143
129	151	143	
2	313	51	172
-1
4	313	87	166
-1
2	311	171	142
-1
3	317	150	96
150	96	
3	308	28	61
-1
4	316	146	127
146	2	127	
3	301	56	190
-1
2	305	191	100
-1
3	319	159	167
-1
3	301	62	47
-1
4	304	162	97
-1
1	309	188	184
-1
2	302	21	106
21	116	106	
3	310	44	55
-1
2	310	1	34
1	10	34	
3	316	10	179
10	11	179	
2	317	126	187
126	27	187	
1	316	99	177
-1
4	314	24	135
-1
3	300	3	149
-1
2	317	76	110
-1
4	300	121	97
-1
4	317	82	70
-1
4	312	185	113
-1
4	305	135	114
-1
3	316	97	75
97	83	75	
3	302	33	152
33	31	152	
1	318	63	51
-1
2	304	191	26
-1
1	312	86	29
86	48	29	
4	314	26	56
26	164	56	
1	302	63	176
63	34	176	
2	303	35	10
35	108	10	
1	316	113	146
-1
1	301	197	32
197	21	32	
1	307	114	128
-1
3	318	10	112
-1
3	300	44	174
44	34	174	
4	306	102	165
102	53	165	
4	306	199	50
-1
1	301	91	27
91	67	27	
1	309	197	90
-1
2	318	152	76
152	64	76	
4	303	175	140
175	163	140	
1	314	63	136
-1
3	313	16	2
16	83	2	
2	304	43	11
-1
2	318	22	55
-1
4	314	2	108
-1
3	315	8	106
-1
4	301	146	149
-1
1	302	188	97
-1
2	318	157	48
157	21	48	
4	309	87	23
87	92	23	
3	317	10	37
10	1	37	
3	318	116	53
-1
3	308	149	95
-1
2	314	45	116
-1
1	302	115	70
-1
3	319	149	29
-1
4	307	184	175
-1
3	304	198	114
-1
2	303	100	22
100	45	22	
3	317	30	108
-1
2	314	100	117
100	45	117	
2	306	9	184
9	40	184	
4	312	167	84
-1
4	300	87	128
-1
3	309	62	43
-1
4	309	96	191
-1
2	303	35	127
35	53	127	
4	308	75	124
75	72	124	
2	309	11	175
-1
4	316	194	5
-1
2	304	152	104
152	75	104	
3	307	98	64
98	173	64	
4	302	96	30
96	161	30	
1	310	188	116
-1
1	312	148	129
148	69	129	
4	314	129	176
129	151	176	
3	312	139	163
-1
1	307	74	37
-1
4	302	123	47
123	63	47	
3	306	193	192
-1
4	301	121	143
121	47	143	
4	304	165	192
165	1	192	
4	305	145	87
145	60	87	
1	312	7	75
7	104	75	
1	301	197	174
-1
1	308	181	55
-1
3	310	108	145
108	76	145	
1	306	160	170
160	72	170	
3	304	88	92
88	92	
3	308	142	36
-1
2	310	48	108
48	76	108	
4	314	161	72
161	72	
3	300	137	168
137	4	168	
3	306	142	175
142	15	175	
1	312	14	123
14	12	123	
4	306	167	104
-1
4	302	96	11
96	173	11	
4	311	186	122
-1
2	315	65	161
65	55	161	
4	302	141	102
-1
2	309	9	149
9	17	149	
4	312	172	61
172	89	61	
2	300	126	197
-1
4	306	118	138
118	33	138	
4	308	185	104
-1
1	303	177	70
177	29	70	
4	305	175	117
175	106	117	
2	307	117	55
117	55	
3	307	28	71
-1
1	301	183	163
-1
3	309	125	172
125	130	172	
2	302	126	95
-1
4	318	199	172
-1
2	308	191	89
-1
2	303	157	25
-1
1	304	197	1
197	73	1	
4	301	141	127
-1
2	307	46	43
-1
4	317	25	71
25	71	
4	319	165	5
-1
2	302	6	82
6	125	82	
3	308	147	7
147	57	7	
3	319	149	5
-1
2	300	100	147
100	149	147	
1	316	140	103
140	93	103	
1	317	83	100
-1
4	315	199	192
199	13	192	
3	318	32	37
32	97	37	
1	300	119	14
-1
2	304	76	178
76	68	178	
3	305	196	183
-1
4	304	190	81
-1
3	300	79	30
-1
3	307	138	81
138	70	81	
4	309	190	20
190	20	
1	300	67	54
67	52	54	
4	311	96	4
96	173	4	
2	300	51	36
51	135	36	
2	313	1	154
-1
2	310	21	30
-1
3	304	198	177
-1
3	304	103	118
-1
1	305	119	196
119	2	196	
1	317	140	86
-1
4	308	107	75
107	48	75	
3	313	176	93
176	8	93	
1	317	49	188
-1
1	312	160	191
-1
3	317	60	191
-1
4	306	173	164
173	68	164	
1	314	15	161
15	175	161	
2	312	191	15
-1
2	319	48	134
48	17	134	
1	304	133	73
133	46	73	
3	311	3	179
3	179	
1	303	91	106
91	125	106	
4	303	185	106
-1
4	313	82	66
82	92	66	
2	315	166	77
-1
3	318	3	50
3	50	
2	310	22	16
-1
2	317	168	7
-1
3	310	80	6
-1
1	314	140	90
-1
1	304	36	92
-1
1	301	7	183
7	183	
4	307	71	167
71	63	167	
1	312	74	200
-1
2	308	19	165
-1
3	309	106	167
-1
2	317	157	140
-1
4	315	167	108
167	1	108	
1	300	144	187
-1
2	309	6	78
6	78	
1	301	140	114
140	98	114	
3	303	4	72
4	72	
2	301	126	142
126	27	142	
4	300	153	167
153	44	167	
1	304	197	185
-1
2	302	117	91
117	110	91	
4	314	87	47
-1
4	301	24	165
24	1	165	
1	319	119	109
-1
2	317	171	114
-1
1	302	160	6
160	55	6	
4	313	41	9
41	54	9	
3	307	56	86
-1
1	313	37	190
-1
1	310	169	186
-1
1	300	113	103
-1
1	318	128	141
-1
4	302	82	116
82	89	116	
4	302	143	186
-1
2	308	94	156
-1
4	313	123	115
-1
1	313	17	108
17	76	108	
2	319	31	163
31	163	
1	300	90	152
-1
3	318	163	120
163	20	120	
4	312	173	185
-1
4	312	25	64
25	158	64	
4	307	75	145
-1
1	304	90	39
-1
1	319	12	84
-1
1	305	200	7
-1
4	312	145	23
145	29	23	
1	307	99	5
99	5	
1	318	90	94
90	94	
2	309	22	9
22	9	
1	313	140	133
-1
4	316	112	110
112	2	110	
3	312	176	184
-1
3	302	155	73
155	73	
1	306	119	37
-1
2	312	38	188
-1
4	306	24	133
24	71	133	
2	311	68	183
-1
4	304	75	24
-1
4	304	185	45
-1
1	317	15	185
-1
3	306	28	48
28	135	48	
2	309	57	24
-1
2	314	29	178
-1
1	310	144	97
-1
3	309	142	86
142	60	86	
4	313	146	109
-1
4	315	172	129
-1
3	310	4	3
-1
3	315	80	188
-1
4	311	164	2
-1
1	318	133	181
133	71	181	
2	301	59	189
-1
1	311	169	18
169	82	18	
1	307	55	113
-1
1	312	177	54
-1
1	313	86	199
-1
3	301	80	122
-1
1	315	7	77
-1
3	314	158	156
-1
1	307	105	71
105	71	
1	308	36	4
-1
1	316	14	62
14	144	62	
2	305	168	182
-1
1	309	99	188
-1
1	302	78	164
78	28	164	
3	312	142	2
-1
1	306	67	33
-1
2	302	168	39
168	112	39	
3	309	176	148
176	9	148	
2	311	170	52
170	52	
4	314	118	39
-1
2	308	46	5
-1
1	301	114	172
114	175	172	
2	309	152	22
152	59	22	
3	304	101	51
101	171	51	
3	305	56	192
-1
1	317	160	59
-1
4	308	186	178
186	8	178	
2	307	40	153
-1
1	319	49	123
-1
2	309	81	192
81	13	192	
1	313	67	37
67	52	37	
1	316	67	102
-1
1	317	49	5
49	99	5	
2	307	170	106
-1
2	311	6	113
-1
3	309	44	72
-1
4	318	161	10
161	81	10	
2	311	21	49
21	60	49	
2	305	29	50
29	50	
2	316	40	130
40	130	
1	304	89	148
-1
4	317	143	15
-1
1	302	119	15
-1
3	307	69	136
69	17	136	
2	319	68	141
-1
2	302	59	184
-1
3	303	60	97
60	86	97	
4	312	39	117
-1
2	301	122	97
122	68	97	
1	302	127	136
127	46	136	
4	309	75	25
75	72	25	
2	315	59	119
-1
4	309	96	37
96	15	37	
3	304	138	57
-1
1	317	37	125
37	82	125	
2	300	48	183
48	29	183	
1	308	83	195
-1
2	305	126	33
-1
2	313	170	106
-1
1	309	63	32
63	67	32	
2	305	85	58
85	155	58	
1	303	7	116
-1
2	319	94	163
94	16	163	
3	308	44	53
44	53	
3	312	80	41
80	118	41	
2	306	57	89
57	147	89	
2	300	170	123
170	79	123	
2	304	178	48
178	9	48	
1	309	55	18
55	160	18	
2	312	29	80
29	177	80	
1	309	90	117
90	72	117	
4	316	175	75
-1
2	319	178	168
178	94	168	
1	303	169	163
-1
1	303	17	195
17	43	195	
2	303	189	3
189	3	
2	305	48	172
-1
2	313	100	102
-1
4	302	185	108
-1
2	313	126	136
-1
1	301	99	177
-1
3	315	80	151
80	129	151	
1	315	177	80
177	80	
1	309	188	49
-1
2	303	51	17
51	55	17	
3	306	106	158
-1
2	309	50	5
50	5	
1	302	115	104
115	98	104	
4	310	180	40
180	3	40	
3	317	62	166
62	23	166	
3	314	176	16
-1
2	316	157	95
157	14	95	
4	316	165	23
165	53	23	
3	304	92	10
-1
1	312	181	12
-1
1	309	17	70
17	43	70	
1	313	55	119
55	2	119	
3	309	16	33
-1
3	308	79	13
79	6	13	
1	305	49	26
49	148	26	
4	300	58	153
-1
3	307	92	110
92	2	110	
2	309	29	26
-1
1	311	197	117
197	7	117	
4	314	13	49
13	60	49	
2	303	45	65
-1
2	313	35	119
-1
4	306	180	135
-1
2	310	29	13
29	6	13	
4	307	118	13
118	71	13	
4	300	123	70
-1
4	301	96	114
96	161	114	
3	306	163	94
163	16	94	
3	314	4	90
4	118	90	
1	302	7	54
7	54	
2	307	174	98
174	66	98	
2	317	57	84
57	141	84	
2	311	11	64
11	173	64	
3	315	149	92
-1
2	319	51	161
51	55	161	
1	301	130	36
130	1	36	
3	306	10	131
-1
2	319	151	45
151	171	45	
3	300	69	200
-1
3	313	103	7
-1
3	302	138	180
-1
2	306	85	188
-1
3	301	54	150
-1
3	304	158	50
158	5	50	
4	305	25	52
25	137	52	
1	312	105	182
-1
