3	99	153	151
153	86	34	151	
2	84	41	27
41	14	101	27	
2	97	186	9
186	17	9	
4	99	177	167
177	2	6	167	
3	96	51	176
51	97	7	176	
2	86	119	69
119	71	69	
1	97	2	128
2	128	
4	90	160	179
160	60	179	
1	82	100	187
100	117	35	187	
1	93	84	163
84	56	163	
2	96	52	67
52	7	67	
3	82	23	107
23	13	107	
2	82	67	92
67	135	92	
2	89	197	20
197	5	20	
1	84	128	70
128	35	70	
2	92	45	188
45	108	1	188	
1	91	143	141
143	64	141	
1	90	100	52
100	115	144	52	
1	96	62	103
62	1	46	103	
2	90	105	187
105	32	187	
3	96	158	190
-1
1	94	114	13
114	60	181	13	
3	97	49	31
49	41	14	31	
3	96	191	179
-1
2	85	52	59
52	59	
2	84	89	103
89	113	103	
2	96	41	45
41	107	45	
1	87	73	96
73	21	96	
2	90	35	158
35	180	158	
1	88	183	62
183	98	62	
2	89	46	171
46	171	
3	81	174	37
-1
2	84	161	85
161	13	85	
2	94	38	27
38	162	27	
1	92	135	79
-1
2	86	52	167
52	144	105	167	
4	82	157	159
157	8	159	
2	98	105	183
105	144	19	183	
3	87	153	169
153	66	169	
3	88	55	104
-1
1	90	143	149
143	64	149	
1	86	172	74
172	66	74	
2	90	166	34
166	30	34	
3	89	142	72
142	67	18	72	
3	87	96	158
96	64	60	158	
2	85	61	9
61	173	9	
2	95	127	117
127	22	117	
4	90	190	22
190	21	1	22	
1	98	100	126
100	117	126	
4	81	167	180
167	6	180	
2	81	47	122
47	63	122	
4	87	97	45
97	45	
2	80	184	10
184	4	20	10	
1	83	106	103
106	120	46	103	
3	80	55	151
55	33	151	
4	89	34	11
34	151	11	
4	85	179	137
179	62	137	
1	98	187	78
187	18	130	78	
1	83	178	177
178	38	177	
1	82	135	95
135	82	95	
1	95	149	141
149	64	141	
1	80	110	38
110	56	38	
4	81	97	21
97	51	1	21	
4	84	70	78
70	164	41	78	
4	94	113	133
113	85	133	
1	96	114	166
-1
3	92	75	97
75	133	97	
2	82	152	83
152	7	83	
3	90	51	59
51	4	59	
2	85	26	145
26	89	145	
4	85	29	93
29	132	46	93	
3	82	56	155
56	34	155	
1	94	176	3
176	59	178	3	
1	92	10	24
10	24	
2	96	146	137
146	30	137	
1	93	32	2
32	95	2	
1	89	128	28
128	35	28	
2	83	112	179
112	34	179	
3	81	174	181
-1
2	98	165	7
165	70	15	7	
1	90	50	187
50	155	18	187	
3	96	27	42
27	101	42	
3	91	90	170
90	57	170	
2	94	76	179
76	62	179	
4	82	140	124
140	37	124	
4	95	136	155
136	53	155	
1	82	2	34
2	107	34	
3	81	11	145
11	167	4	145	
3	81	55	119
55	165	41	119	
1	87	108	35
108	61	35	
1	85	106	36
106	67	135	36	
1	87	149	62
149	91	62	
4	96	97	103
97	180	103	
4	86	48	179
48	40	179	
3	89	23	70
23	15	70	
1	95	37	158
37	160	158	
4	88	53	159
-1
2	84	95	169
95	141	169	
4	94	116	175
116	49	175	
4	88	70	83
70	76	83	
4	83	29	140
29	70	21	140	
4	97	175	88
175	79	88	
1	99	114	185
-1
4	89	22	184
-1
1	99	108	158
-1
2	88	117	195
117	165	41	195	
2	86	184	47
-1
1	86	84	93
84	69	93	
1	81	128	161
128	26	161	
2	95	43	30
43	181	30	
3	94	191	10
191	20	10	
2	94	127	184
-1
4	90	124	49
124	68	171	49	
4	93	175	70
175	76	70	
3	91	5	177
5	192	2	177	
3	97	104	45
104	45	
3	95	64	28
-1
2	87	30	63
30	76	63	
4	87	116	191
116	49	2	191	
1	88	129	33
129	1	162	33	
1	98	176	175
176	58	175	
2	93	163	53
163	36	53	
1	82	37	128
-1
2	91	47	103
-1
1	80	192	107
192	2	107	
1	84	143	162
143	16	162	
1	84	192	25
192	25	
3	86	87	6
87	133	6	
3	96	75	73
75	21	73	
3	80	174	2
174	58	6	2	
3	87	55	129
55	118	6	129	
3	99	145	91
-1
4	87	170	127
170	11	127	
3	81	92	125
92	125	
4	87	36	69
36	164	69	
1	80	108	11
108	88	11	
3	96	72	155
72	18	155	
4	81	168	41
168	18	138	41	
4	93	175	67
175	109	67	
1	86	123	193
-1
3	95	104	47
104	47	
3	85	11	143
11	126	70	143	
1	84	122	112
122	147	112	
2	80	161	156
161	54	156	
4	88	102	143
102	90	143	
1	91	149	50
-1
2	85	61	73
61	113	73	
2	97	197	41
197	67	41	
4	84	138	167
138	4	167	
3	96	104	89
104	48	89	
4	94	70	144
70	21	144	
2	96	117	106
117	100	106	
3	87	55	28
55	165	28	
2	82	71	188
71	164	36	188	
2	84	163	42
163	34	102	42	
1	85	172	190
-1
2	98	95	3
95	2	3	
1	90	172	199
-1
3	96	90	89
90	19	89	
3	96	25	144
25	162	147	144	
2	80	1	165
1	41	165	
2	85	127	82
127	82	
2	84	43	88
43	15	105	88	
2	84	71	158
71	164	36	158	
3	85	5	120
5	24	120	
4	86	82	43
82	132	43	
1	88	7	89
7	89	
3	99	5	60
-1
2	99	147	101
147	144	14	101	
3	82	103	77
103	77	
1	98	100	78
100	174	78	
1	91	192	156
-1
1	98	37	199
-1
2	95	14	21
14	144	21	
1	95	178	25
178	60	25	
1	89	183	106
183	98	106	
1	98	81	65
81	123	65	
2	97	30	21
30	21	
1	89	81	168
-1
4	86	20	70
20	35	70	
2	95	54	121
54	121	
2	90	4	112
4	102	34	112	
4	80	36	101
36	163	56	101	
3	80	154	114
-1
2	97	30	91
30	146	91	
4	82	177	25
177	17	186	25	
4	98	118	105
118	44	105	
4	99	196	86
-1
1	86	86	118
86	41	118	
3	95	75	89
75	123	89	
3	88	93	94
93	73	94	
3	99	188	98
-1
3	99	191	133
-1
3	92	191	38
191	8	38	
1	94	164	67
164	41	67	
2	90	161	195
-1
1	87	15	113
15	122	113	
3	92	134	60
-1
1	82	73	145
73	20	145	
4	90	179	172
179	11	172	
1	84	106	64
106	72	64	
1	81	106	4
106	91	102	4	
4	85	66	194
66	153	99	194	
4	82	77	136
77	136	
1	81	50	99
-1
2	87	16	11
16	146	11	
1	99	7	178
7	15	178	
2	99	6	111
6	111	
3	95	90	135
90	19	60	135	
3	86	92	65
92	154	65	
1	90	183	122
183	126	122	
4	93	167	28
167	55	165	28	
3	98	200	93
200	18	130	93	
2	85	165	169
165	66	169	
4	96	167	170
167	11	170	
4	86	140	138
140	41	138	
1	83	108	96
108	77	96	
1	85	187	101
187	35	101	
1	99	78	190
78	5	190	
1	83	114	82
114	60	135	82	
3	85	72	64
72	64	
3	92	142	182
142	67	18	182	
4	96	167	181
-1
4	96	185	145
-1
4	86	91	63
91	149	63	
2	83	47	155
47	149	91	155	
2	98	165	62
165	41	1	62	
1	90	109	200
109	67	18	200	
1	99	114	78
114	130	78	
2	80	6	143
6	64	143	
1	95	9	14
9	151	14	
1	96	86	108
86	15	108	
4	88	190	74
190	21	18	74	
2	92	186	11
186	11	
3	87	103	101
103	14	101	
4	81	141	99
141	92	120	99	
4	82	116	63
116	56	168	63	
2	93	186	123
186	6	2	123	
4	82	156	189
156	3	189	
2	96	115	194
-1
1	90	108	154
108	77	154	
2	89	163	40
-1
2	82	152	181
152	17	181	
3	92	120	119
120	46	1	119	
4	84	185	173
185	30	173	
3	94	64	113
-1
3	89	145	28
145	79	28	
3	91	39	165
39	130	117	165	
1	99	84	120
84	24	120	
1	84	7	186
7	11	186	
3	98	23	93
23	7	93	
3	89	5	8
5	78	8	
1	81	94	159
94	73	159	
1	99	9	30
9	173	30	
3	91	133	14
133	6	151	14	
1	95	110	77
-1
2	94	184	173
-1
1	98	73	163
73	100	163	
1	97	37	47
37	148	47	
3	83	188	53
188	36	53	
3	87	133	27
133	97	27	
1	94	183	32
183	95	32	
2	84	24	125
24	10	125	
2	94	45	85
45	2	85	
4	87	185	18
185	72	18	
4	96	48	127
48	127	
2	88	24	110
24	110	
1	83	178	135
178	60	135	
4	81	97	171
-1
1	85	86	110
86	34	56	110	
1	91	109	194
109	120	99	194	
1	82	129	176
129	58	176	
3	99	3	151
3	33	151	
3	83	188	196
-1
1	92	2	132
2	26	132	
4	98	181	179
181	60	179	
4	88	189	2
189	9	2	
1	94	18	132
18	21	1	132	
4	96	113	28
113	73	28	
2	85	54	113
54	78	113	
4	99	199	174
-1
1	86	122	102
122	15	102	
4	97	77	56
77	124	56	
4	84	156	195
156	67	41	195	
2	95	71	148
71	21	144	148	
2	93	4	129
4	162	1	129	
1	87	62	117
62	76	57	117	
2	98	182	86
-1
3	97	188	150
188	1	21	150	
1	81	164	3
164	2	3	
1	86	2	153
2	123	153	
2	87	33	27
33	97	27	
3	95	39	103
39	180	103	
4	89	148	10
148	85	10	
2	97	52	32
52	7	32	
3	85	39	35
39	68	35	
3	93	5	49
5	84	49	
1	91	172	182
172	24	182	
4	80	22	170
22	121	68	170	
3	95	51	85
51	133	85	
1	99	192	86
-1
1	85	59	118
59	55	118	
1	99	178	109
178	67	109	
3	88	153	8
153	8	
1	80	123	60
123	75	60	
1	86	192	50
-1
1	86	37	54
37	83	54	
4	88	102	177
102	21	177	
3	89	5	198
-1
1	85	106	48
106	128	48	
4	83	113	192
113	73	20	192	
3	80	72	50
72	76	50	
1	80	10	179
10	11	179	
3	88	49	132
49	171	46	132	
1	99	50	6
50	111	6	
4	88	130	197
-1
4	82	148	185
148	19	55	185	
1	98	15	38
15	178	38	
1	88	15	43
15	43	
4	87	136	148
136	82	162	148	
4	98	141	60
141	64	60	
2	99	184	83
-1
4	98	97	44
97	118	44	
2	81	117	93
117	130	93	
4	86	97	142
97	56	142	
4	94	136	23
136	29	15	23	
3	98	25	170
25	81	170	
2	95	119	136
-1
1	97	37	150
37	150	
3	96	57	85
57	150	85	
1	87	125	178
125	39	178	
1	82	183	161
-1
1	85	195	9
195	41	164	9	
2	89	33	126
33	55	165	126	
1	82	106	174
106	67	147	174	
1	84	32	110
32	31	110	
1	86	58	86
58	96	86	
4	93	116	4
116	56	20	4	
2	83	163	40
-1
4	99	53	49
53	38	49	
2	96	41	173
41	1	19	173	
2	89	89	107
89	7	97	107	
1	97	123	101
123	42	101	
4	94	48	85
48	80	85	
1	88	18	190
18	21	190	
2	89	80	173
-1
2	94	117	30
117	57	30	
3	97	75	97
75	133	97	
4	88	168	60
168	18	67	60	
2	96	163	64
163	64	
1	88	195	104
195	14	20	104	
3	87	3	144
3	173	19	144	
1	99	172	66
172	66	
4	84	102	114
102	14	60	114	
1	85	108	83
108	61	68	83	
4	98	136	114
136	81	114	
4	99	177	182
177	2	18	182	
2	96	151	56
151	34	56	
2	87	80	176
80	58	176	
3	90	49	90
-1
2	85	17	84
17	88	84	
3	89	158	87
158	36	87	
3	94	5	10
5	20	10	
3	99	104	63
104	63	
2	81	40	171
40	171	
2	95	166	58
166	50	58	
2	96	16	35
16	100	70	35	
2	84	95	137
95	14	137	
3	91	23	17
23	17	
1	80	10	65
10	18	65	
1	96	12	33
12	164	53	33	
4	94	70	190
70	21	190	
2	95	119	194
-1
2	98	33	50
33	76	50	
4	88	13	89
13	26	89	
2	97	26	6
26	2	6	
3	91	153	21
-1
1	88	110	68
110	170	68	
2	96	26	90
26	128	90	
2	92	117	52
117	171	46	52	
3	84	49	15
49	171	94	15	
4	94	65	84
65	162	84	
2	99	119	154
119	75	154	
1	88	135	187
135	67	18	187	
4	97	13	151
13	20	14	151	
4	82	13	128
13	26	128	
4	95	70	81
70	131	81	
1	82	114	142
114	160	142	
1	83	94	167
94	15	105	167	
3	86	90	35
90	70	35	
2	93	54	83
54	83	
3	96	98	148
98	37	148	
1	90	84	18
84	74	18	
3	88	64	152
64	125	41	152	
3	90	92	116
92	93	116	
2	89	161	80
161	17	80	
4	89	36	102
36	75	102	
1	90	131	167
131	2	6	167	
2	88	45	60
-1
3	82	200	101
200	27	101	
