1	118	204	48
204	143	147	48	
3	81	215	183
215	128	18	183	
3	92	117	249
117	177	27	249	
4	83	40	226
40	190	26	226	
3	60	181	139
181	19	264	139	
1	80	183	207
183	18	207	
2	92	85	265
85	72	265	
1	72	166	48
166	252	226	48	
4	117	62	186
62	1	186	
2	118	118	168
-1
2	87	195	71
195	23	49	71	
1	69	75	285
75	14	52	285	
1	69	147	101
147	76	101	
1	114	81	140
81	282	34	140	
3	52	24	21
24	266	21	
2	70	146	255
146	141	255	
1	85	68	40
68	27	40	
2	54	21	257
21	115	257	
3	59	135	18
135	1	64	18	
1	79	152	187
152	35	187	
4	59	62	134
62	92	175	134	
3	106	19	208
19	193	64	208	
1	108	211	106
211	222	220	106	
2	78	50	186
50	15	103	186	
3	100	115	261
115	133	210	261	
1	56	69	159
69	6	41	159	
3	87	230	226
230	130	251	226	
3	53	107	298
107	149	46	298	
2	92	83	184
83	7	184	
4	119	192	88
-1
4	114	273	149
273	13	149	
4	51	125	168
125	122	6	168	
4	69	261	78
261	23	78	
2	56	249	127
249	49	95	127	
1	59	129	293
129	27	86	293	
1	99	81	114
81	174	114	
3	54	288	95
288	14	164	95	
4	74	285	201
285	52	201	
1	97	291	35
291	220	117	35	
4	76	65	226
65	48	226	
3	55	274	251
274	27	68	255	251	
1	94	68	75
68	161	75	
4	73	122	35
122	125	35	
3	81	33	35
33	35	
1	56	129	164
129	92	14	164	
1	69	290	296
-1
3	83	9	283
-1
2	75	6	20
6	147	20	
3	119	300	10
300	45	246	10	
4	96	229	74
229	29	74	
4	106	246	100
246	178	100	
3	100	163	219
163	17	170	219	
4	64	247	92
247	109	129	92	
2	81	212	124
212	124	
3	84	3	5
3	119	5	
4	89	139	294
139	7	47	294	
4	104	88	55
88	127	55	
1	83	183	60
183	75	60	
3	54	178	111
178	29	18	111	
2	59	207	39
207	22	39	
2	98	214	36
214	20	18	36	
4	119	170	250
170	108	130	250	
4	110	253	196
253	68	196	
1	116	17	159
17	156	73	159	
2	60	168	162
168	238	5	162	
2	115	234	52
234	21	52	
3	51	296	140
296	46	34	140	
1	70	92	74
92	66	74	
1	80	155	252
155	101	252	
4	71	279	158
279	12	186	158	
4	68	280	123
280	36	43	123	
4	78	29	293
29	39	293	
1	85	48	297
-1
2	114	210	13
210	171	13	
2	67	196	233
196	255	233	
4	78	238	218
238	67	136	218	
3	109	26	265
26	209	16	265	
4	53	167	56
167	11	276	56	
3	74	120	210
120	2	210	
1	113	130	240
130	6	122	240	
2	66	283	220
283	59	148	220	
3	70	172	300
172	50	45	300	
4	106	62	99
62	99	
1	60	147	60
147	75	60	
3	104	143	8
143	258	259	8	
3	62	300	245
300	45	99	245	
3	78	209	22
209	41	125	22	
1	114	60	241
60	118	47	241	
4	85	233	60
233	6	267	60	
2	67	109	241
109	106	241	
3	68	143	224
143	147	142	224	
1	67	51	147
51	294	6	147	
4	87	251	208
251	262	208	
1	106	147	106
147	146	106	
3	63	159	249
159	126	249	
1	50	104	248
104	51	248	
1	73	18	208
18	64	208	
2	53	196	268
196	202	105	268	
1	92	130	252
130	151	252	
3	105	26	113
26	58	113	
3	100	213	255
213	73	262	255	
4	96	71	5
71	82	5	
4	75	280	7
280	36	209	7	
2	60	287	153
287	71	53	153	
1	58	105	11
105	268	11	
1	98	179	166
179	276	68	166	
2	67	1	183
1	38	183	
1	96	144	79
144	174	15	79	
4	118	228	208
228	153	200	208	
4	52	122	233
122	6	233	
4	66	257	197
257	124	197	
4	72	119	19
119	11	268	19	
1	78	75	298
75	67	9	298	
3	82	42	36
42	51	36	
1	82	63	141
63	92	141	
2	100	83	71
83	53	71	
3	52	103	71
103	177	120	71	
2	50	83	214
83	53	20	214	
4	88	29	193
29	15	193	
4	72	279	67
279	9	67	
1	91	41	75
41	75	
2	79	109	194
109	247	194	
3	79	181	20
181	19	20	
4	56	259	62
259	62	
1	68	241	176
241	79	176	
2	58	286	10
-1
2	50	196	113
196	91	92	113	
3	56	288	195
288	14	180	33	195	
1	78	211	275
211	124	6	41	275	
3	114	289	254
289	23	254	
3	79	103	46
103	154	46	
4	104	114	155
114	1	135	155	
2	83	196	35
196	91	67	35	
3	66	275	46
275	12	11	46	
4	51	193	286
193	14	286	
2	71	252	23
252	118	23	
1	115	80	218
80	229	126	218	
2	61	83	258
83	150	258	
1	95	299	168
299	43	123	168	
3	100	159	208
159	47	208	
4	66	86	10
86	187	10	
4	102	87	176
87	50	176	
3	66	281	71
281	37	71	
4	81	246	97
246	178	97	
4	109	273	289
-1
2	111	174	240
174	33	122	240	
4	81	137	72
137	77	72	
2	90	212	154
212	93	154	
4	57	233	204
233	6	122	204	
3	56	281	62
281	19	264	62	
3	85	33	147
33	21	20	147	
3	70	131	285
131	129	52	285	
2	52	83	265
83	7	72	265	
1	60	70	211
70	232	211	
4	89	153	183
153	53	20	183	
3	110	274	108
274	54	223	108	
2	51	66	245
66	270	245	
1	76	179	156
179	30	156	
2	109	249	141
249	141	
2	63	186	173
186	94	120	173	
3	71	82	205
82	144	73	205	
2	106	39	88
39	83	88	
3	92	172	170
172	50	45	170	
3	64	126	291
126	27	92	291	
3	96	177	196
177	91	196	
1	86	216	169
216	108	169	
4	100	246	234
246	10	234	
3	75	100	112
100	293	112	
4	117	158	112
158	191	112	
3	61	120	297
120	269	7	297	
3	98	143	130
143	147	6	130	
1	115	116	221
116	64	83	221	
3	94	74	92
74	141	92	
4	77	297	269
297	7	269	
3	82	181	145
181	112	145	
3	110	300	60
300	28	105	60	
3	96	226	58
226	26	58	
3	69	96	209
96	163	41	209	
1	71	173	66
173	97	157	66	
3	119	143	237
143	69	237	
2	81	284	79
-1
3	73	82	247
82	144	247	
1	104	267	20
267	63	20	
3	84	74	16
74	123	16	
2	59	223	249
223	54	249	
3	90	215	300
-1
3	99	127	225
127	104	44	225	
2	87	25	72
25	139	7	72	
4	105	87	296
-1
1	83	208	138
208	64	1	138	
1	94	129	122
129	138	122	
3	100	232	255
232	119	255	
1	99	255	274
255	68	27	274	
2	77	121	47
121	138	99	47	
4	117	256	269
256	128	134	269	
2	56	236	235
236	83	150	235	
2	82	77	113
77	72	113	
3	93	277	138
277	92	138	
3	68	136	224
136	154	46	224	
4	88	113	183
113	72	183	
3	81	27	63
27	92	63	
4	95	71	47
71	82	177	47	
4	68	113	1
113	92	138	1	
4	56	123	122
123	41	6	122	
4	86	251	129
251	259	73	129	
4	50	28	115
28	87	115	
3	115	156	191
156	40	211	191	
1	92	208	219
208	150	84	219	
2	107	83	55
83	64	101	55	
2	111	202	219
202	124	219	
3	115	262	245
262	208	245	
3	81	143	67
143	110	67	
1	102	30	179
30	179	
4	115	139	53
139	7	83	53	
1	85	45	55
45	209	36	55	
3	79	24	135
24	135	
2	91	184	290
184	32	290	
3	90	209	250
209	47	250	
4	66	123	32
123	181	32	
4	74	12	285
12	260	52	285	
3	91	135	246
135	264	192	246	
2	89	21	140
21	34	140	
2	108	4	170
4	152	170	
3	92	288	8
288	14	89	8	
4	68	93	104
93	11	104	
1	92	130	127
130	8	127	
3	54	281	63
281	134	269	251	63	
3	113	24	23
24	128	23	
2	114	35	198
35	154	189	198	
3	101	101	261
101	9	261	
4	86	137	96
137	228	70	96	
2	56	118	168
118	60	234	68	168	
2	67	270	171
270	118	171	
2	56	248	159
248	7	47	159	
3	99	82	3
82	177	3	
2	118	270	185
270	55	101	185	
1	112	45	165
45	165	
2	64	109	187
109	23	118	187	
2	53	174	273
174	121	38	273	
3	54	218	125
218	136	154	125	
1	81	51	262
51	168	123	262	
1	118	130	131
130	191	131	
1	80	48	100
48	131	100	
3	90	135	99
135	99	
3	85	281	232
281	37	232	
3	99	282	202
282	34	80	202	
1	103	110	298
110	67	9	298	
1	82	52	106
52	227	106	
1	74	69	279
69	7	279	
3	109	282	248
282	97	248	
1	82	208	299
208	254	39	299	
4	104	229	128
229	24	128	
2	64	169	175
169	184	2	175	
4	54	280	61
280	36	240	61	
1	106	52	41
52	125	41	
3	109	127	22
127	94	22	
1	106	138	184
138	294	6	184	
3	113	262	287
262	61	287	
3	111	76	55
76	55	
2	60	162	89
162	247	89	
3	70	73	296
73	206	46	296	
4	119	245	225
245	44	225	
1	85	52	93
52	5	93	
1	55	206	124
206	46	219	124	
3	105	262	176
262	255	141	176	
2	99	250	54
250	42	54	
4	92	139	244
139	207	18	244	
2	88	77	205
77	192	205	
3	115	120	32
120	181	32	
2	93	141	193
141	173	15	193	
2	50	214	18
214	20	18	
2	64	284	14
-1
2	99	234	65
234	57	65	
2	102	109	22
109	94	22	
2	69	97	284
97	168	6	284	
1	105	72	233
72	129	233	
2	118	121	124
121	219	124	
1	104	105	200
105	27	200	
3	107	24	20
24	84	20	
4	81	49	212
49	71	53	212	
2	98	214	177
214	121	103	177	
3	62	74	161
74	28	161	
1	96	211	146
211	83	64	146	
2	88	140	6
140	41	6	
4	53	244	102
244	18	102	
3	105	276	226
276	68	255	251	226	
4	60	113	98
113	88	98	
2	90	141	203
141	56	83	203	
3	71	177	226
177	120	269	226	
4	52	244	26
244	26	
1	69	255	291
255	222	220	291	
4	71	36	116
36	18	116	
4	58	78	26
78	138	26	
2	65	184	217
184	148	217	
4	87	64	161
64	28	161	
1	74	227	188
227	137	188	
1	51	75	300
75	119	28	300	
1	73	45	192
45	246	192	
1	50	267	120
267	70	199	120	
1	117	208	63
208	150	20	63	
4	107	113	69
113	92	155	69	
3	115	194	104
194	237	220	104	
4	60	187	181
187	86	82	181	
2	87	25	117
25	117	
3	119	220	232
220	222	149	232	
3	118	269	159
269	47	159	
2	57	243	285
243	117	35	285	
3	110	67	29
67	9	29	
4	109	40	296
40	157	1	296	
1	53	291	255
291	97	173	255	
1	101	70	67
70	56	16	67	
2	117	140	12
140	158	186	12	
2	99	25	198
25	207	133	198	
3	95	235	274
235	102	27	274	
4	97	114	246
114	97	178	246	
3	107	205	214
205	15	108	214	
1	111	183	209
183	123	41	209	
4	61	160	275
160	110	41	275	
3	56	132	66
132	146	66	
3	83	171	108
171	60	108	
3	61	24	178
24	168	97	178	
4	93	298	17
298	46	224	17	
1	82	75	41
75	41	
2	96	84	27
84	63	92	27	
3	91	262	141
262	255	141	
3	116	19	97
19	97	
4	56	38	280
38	36	280	
3	52	289	191
289	23	118	171	191	
4	58	20	23
20	63	23	
3	85	99	193
99	9	193	
3	74	132	269
132	259	251	269	
2	70	35	266
35	163	17	266	
1	92	198	92
198	133	129	92	
1	69	63	175
63	92	175	
3	61	149	136
149	46	154	136	
3	67	232	206
232	50	206	
4	86	228	243
228	153	243	
2	67	237	231
237	12	231	
2	81	219	3
219	46	296	3	
1	105	267	101
267	64	101	
3	73	175	284
175	2	294	6	284	
4	60	259	18
259	224	111	18	
1	51	60	268
60	105	268	
2	108	4	30
4	30	
2	53	223	230
223	124	230	
4	111	86	161
86	268	105	161	
4	103	46	140
46	34	140	
3	116	232	76
232	70	234	76	
1	78	61	295
-1
3	90	264	13
264	192	13	
1	115	60	187
60	118	187	
3	82	175	146
175	66	146	
4	71	256	257
256	99	122	257	
1	102	179	260
179	14	52	260	
3	81	277	183
277	255	21	20	183	
1	61	263	20
263	121	20	
1	63	154	65
154	189	57	65	
2	68	39	49
39	20	21	49	
2	104	207	161
207	133	66	161	
2	97	77	125
77	91	124	125	
4	93	47	236
47	236	
1	118	52	110
52	250	110	
3	64	127	117
127	113	117	
2	56	168	296
168	6	296	
4	100	43	24
43	135	24	
1	79	94	286
94	172	14	286	
1	94	58	191
58	194	171	191	
4	64	161	282
-1
4	64	91	188
91	92	62	188	
4	80	16	265
16	265	
2	85	5	11
5	93	11	
1	115	128	115
128	239	115	
3	51	149	241
149	68	241	
4	118	125	160
125	41	110	160	
1	82	61	202
61	15	202	
4	109	231	48
231	143	147	48	
1	110	173	105
173	15	60	105	
1	91	179	17
179	39	17	
4	60	233	107
233	129	149	107	
3	104	199	174
199	60	15	174	
1	77	290	178
-1
1	101	15	58
15	288	14	58	
1	93	150	258
150	258	
1	74	154	82
154	103	177	82	
1	98	152	195
152	33	195	
2	55	174	125
174	144	125	
2	51	234	297
234	10	297	
2	87	236	175
236	92	175	
2	65	219	159
219	62	159	
1	111	89	58
89	157	58	
4	60	224	47
224	111	47	
2	109	121	61
121	174	15	61	
2	116	184	263
184	116	263	
2	108	239	116
239	116	
3	114	205	19
205	27	256	19	
3	78	73	193
73	156	108	193	
4	67	40	178
40	231	120	178	
3	53	111	113
111	92	113	
2	52	250	31
250	130	31	
2	101	248	119
248	119	
