2	311	10	170
-1
2	318	32	118
32	118	
3	304	35	46
35	8	46	
2	311	49	114
-1
4	301	182	152
-1
2	310	170	101
-1
3	311	85	56
85	11	56	
1	318	86	160
86	160	
3	317	118	186
-1
1	312	109	40
-1
4	302	8	49
8	18	49	
3	311	60	81
60	138	81	
3	316	50	67
50	168	67	
1	301	54	67
54	67	
3	304	177	49
177	49	
2	305	198	170
198	7	170	
1	312	48	6
-1
2	311	192	44
192	1	44	
3	309	50	161
-1
3	308	179	21
179	9	21	
2	309	132	29
-1
4	309	6	40
6	107	40	
4	307	197	89
197	27	89	
4	314	185	143
-1
2	314	38	119
-1
3	315	43	69
43	93	69	
4	300	148	68
-1
3	303	60	59
-1
4	316	83	60
83	175	60	
1	316	44	39
44	17	39	
4	316	93	122
93	122	
4	315	142	127
-1
1	304	23	75
23	182	75	
2	318	170	59
-1
3	316	136	96
136	96	
1	316	150	138
-1
3	304	85	37
-1
1	302	178	48
-1
4	314	161	83
-1
3	312	9	126
9	88	126	
4	305	126	170
126	16	170	
3	311	174	63
174	63	
4	317	110	85
-1
1	315	86	7
-1
1	302	4	94
-1
2	312	40	44
40	103	44	
2	300	49	80
49	97	80	
1	308	173	57
-1
2	302	107	170
-1
2	307	101	178
-1
3	317	85	55
85	91	55	
2	319	190	29
190	29	
1	316	173	90
-1
1	314	30	175
-1
3	307	97	178
97	178	
3	302	60	169
-1
1	314	64	17
64	44	17	
4	302	104	189
-1
3	311	144	48
-1
2	301	66	100
66	167	100	
1	307	114	185
-1
4	315	83	126
83	164	126	
1	316	114	99
114	100	99	
4	310	182	80
182	36	80	
4	319	56	177
56	15	177	
4	308	176	188
176	64	188	
3	316	90	51
90	51	
3	317	84	106
-1
3	304	87	50
-1
2	303	10	115
-1
4	319	63	180
63	92	180	
4	305	171	62
171	84	62	
3	315	58	176
-1
3	314	35	157
-1
2	302	137	165
137	14	165	
1	309	17	92
17	178	92	
1	311	65	181
-1
2	309	33	17
33	75	17	
2	318	190	55
-1
4	312	194	16
194	6	16	
3	312	50	79
50	123	79	
3	305	89	49
-1
4	312	6	58
6	1	58	
2	309	21	92
21	63	92	
4	305	68	29
68	14	29	
3	316	90	197
-1
4	308	52	13
52	129	13	
4	304	15	45
15	121	45	
3	318	84	35
84	51	35	
4	314	154	180
154	50	180	
4	312	187	29
-1
2	312	151	118
-1
3	309	128	123
-1
2	313	81	96
81	164	96	
4	313	142	163
142	29	163	
4	309	167	4
167	76	4	
3	313	35	7
35	5	7	
4	317	83	174
-1
4	303	148	57
-1
1	303	18	11
18	6	11	
2	311	152	149
-1
4	300	116	51
-1
1	315	80	130
-1
4	310	102	10
102	69	10	
4	304	167	151
167	34	151	
3	319	60	69
-1
2	306	101	103
-1
4	319	154	138
-1
2	307	3	85
3	113	85	
3	309	87	54
87	132	54	
4	309	102	158
102	52	158	
4	311	145	25
145	19	25	
3	301	106	105
-1
4	310	93	158
93	173	158	
1	313	23	124
23	41	124	
2	313	19	183
-1
1	316	18	35
18	8	35	
2	305	24	140
-1
2	301	155	142
155	162	142	
1	314	95	180
-1
1	311	196	33
-1
2	316	46	178
46	143	178	
2	312	49	35
49	177	35	
1	309	30	127
-1
1	312	173	101
173	29	101	
1	306	18	119
18	49	119	
3	300	131	136
-1
4	319	99	160
99	160	
1	312	4	66
4	46	66	
4	304	145	160
-1
3	316	140	108
140	63	108	
3	305	43	153
-1
4	319	171	153
-1
2	317	3	183
-1
2	317	192	107
-1
4	315	56	124
56	66	124	
4	311	102	54
102	54	
4	302	182	153
182	23	153	
4	307	153	108
153	120	108	
1	319	18	53
18	175	53	
2	306	62	144
-1
3	310	90	138
90	138	
1	302	48	109
-1
4	316	39	111
39	62	111	
3	302	157	55
157	95	55	
3	317	174	110
-1
2	303	62	12
-1
2	307	133	145
133	79	145	
1	314	67	98
-1
2	318	66	115
-1
3	301	25	128
25	128	
3	319	43	169
-1
4	307	165	16
165	6	16	
2	309	40	7
-1
1	303	48	163
-1
4	313	163	88
-1
4	304	200	149
-1
3	300	43	33
-1
2	317	190	99
190	20	99	
4	303	197	165
-1
1	302	55	141
55	68	141	
3	311	9	136
9	136	
1	318	100	52
-1
4	304	99	91
99	55	91	
4	318	8	91
8	53	91	
2	318	172	53
-1
4	306	197	4
-1
2	311	33	199
-1
3	309	13	140
13	168	140	
2	305	91	136
91	30	136	
3	306	186	143
186	46	143	
4	313	161	151
161	72	151	
4	304	104	50
-1
2	307	62	148
-1
3	317	179	107
-1
3	301	9	78
9	53	78	
4	316	127	26
-1
4	314	146	58
-1
4	314	197	71
-1
2	301	98	113
98	82	113	
1	303	164	50
-1
2	313	170	10
-1
4	314	15	113
-1
2	313	159	127
-1
2	300	98	105
98	105	
4	309	175	65
175	58	65	
4	315	8	192
-1
1	312	45	89
45	121	89	
3	314	79	85
79	153	85	
4	306	5	182
-1
1	316	67	145
-1
4	317	22	66
22	66	
3	310	128	80
128	80	
3	316	82	191
82	79	191	
3	312	136	88
136	70	88	
1	316	96	15
96	164	15	
3	319	85	22
85	153	22	
4	307	52	18
-1
1	311	125	49
-1
2	305	19	53
19	118	53	
1	301	178	71
-1
3	307	186	45
-1
2	318	3	172
-1
3	308	85	5
-1
1	308	141	140
141	68	140	
2	302	53	187
53	8	187	
4	315	182	24
182	10	24	
2	313	53	75
53	33	75	
3	301	61	151
61	173	151	
4	305	104	170
104	32	170	
2	308	81	99
-1
2	312	3	36
3	194	36	
2	303	190	38
190	6	38	
3	307	160	123
-1
1	319	121	15
121	15	
1	317	169	20
-1
2	300	183	153
-1
2	307	170	5
170	7	5	
4	317	175	65
175	58	65	
1	318	28	121
28	78	121	
4	316	134	1
-1
2	303	62	3
62	39	3	
3	301	186	144
-1
2	315	81	56
-1
4	301	180	176
-1
2	300	19	96
-1
2	304	149	78
-1
2	309	101	199
101	49	199	
3	305	128	174
-1
3	305	106	1
106	1	
1	318	4	86
4	132	86	
4	300	153	99
153	100	99	
3	316	136	84
136	15	84	
1	311	109	164
-1
4	306	156	144
156	41	144	
2	313	170	114
-1
2	302	2	14
2	125	14	
4	300	187	115
187	54	115	
4	313	176	42
176	74	42	
1	306	181	99
181	13	99	
2	311	107	55
107	52	55	
4	310	185	7
-1
1	313	17	94
-1
2	309	193	155
-1
4	304	176	62
176	64	62	
4	309	134	31
-1
4	303	187	33
-1
3	317	69	19
69	78	19	
1	310	150	146
-1
2	309	155	126
-1
4	303	161	184
-1
2	301	53	120
53	83	120	
3	306	43	89
43	76	89	
4	300	68	33
68	105	33	
2	314	57	9
-1
1	316	141	142
141	125	142	
2	308	91	81
91	67	81	
4	318	6	149
-1
4	315	83	50
-1
4	301	153	5
-1
3	316	74	117
-1
3	316	97	169
-1
3	316	78	163
-1
2	308	57	183
-1
3	316	189	39
-1
2	310	183	132
-1
3	310	160	174
160	35	174	
3	310	120	131
120	131	
4	312	51	13
-1
4	308	126	117
-1
3	304	79	143
79	165	143	
2	305	16	39
16	33	39	
2	319	24	69
24	94	69	
3	301	120	125
-1
1	312	48	113
-1
2	315	137	48
137	135	48	
3	300	119	159
-1
1	310	181	78
-1
1	314	191	80
191	94	80	
2	302	3	6
3	187	6	
3	304	123	84
123	18	84	
4	303	8	51
8	7	51	
3	303	13	74
13	123	74	
3	319	84	145
84	163	145	
3	311	186	193
186	5	193	
3	310	78	81
-1
4	308	5	199
-1
2	306	105	179
105	53	179	
1	317	135	121
135	48	121	
1	302	129	76
129	71	76	
1	318	191	198
-1
1	300	196	5
-1
1	314	191	169
-1
4	318	6	53
6	38	53	
4	302	145	190
-1
4	314	148	67
-1
2	312	199	71
199	32	71	
4	310	7	175
7	70	175	
1	303	45	61
-1
4	318	163	189
-1
3	315	37	131
-1
2	312	147	78
-1
1	300	108	20
108	50	20	
1	304	94	25
94	19	25	
2	313	24	121
24	121	
2	311	147	69
-1
2	301	53	19
53	118	19	
4	307	6	25
6	141	25	
4	319	88	22
-1
2	319	91	136
91	30	136	
1	302	169	124
-1
4	319	197	71
-1
2	311	29	130
-1
1	307	181	23
181	9	23	
3	308	186	46
186	46	
3	308	179	144
-1
1	306	191	197
-1
2	302	24	2
-1
1	303	184	41
184	41	
2	310	155	132
155	71	132	
1	314	115	52
-1
3	316	157	48
157	9	48	
1	305	28	76
28	37	76	
3	307	119	57
-1
4	304	187	194
-1
4	308	127	172
127	34	172	
3	304	87	114
-1
2	317	113	90
-1
1	309	67	25
-1
3	300	43	179
43	9	179	
4	312	153	93
-1
3	311	139	49
-1
3	307	195	29
-1
4	315	180	147
180	50	147	
3	308	139	85
-1
3	311	144	163
144	41	163	
1	317	92	49
92	97	49	
2	306	188	113
-1
3	310	37	180
-1
4	308	126	22
-1
4	313	99	174
99	20	174	
3	313	123	113
-1
4	301	194	59
-1
1	300	141	39
-1
1	304	48	177
48	111	177	
4	319	148	120
-1
4	307	20	163
-1
1	312	109	150
-1
1	311	135	138
-1
2	312	137	64
137	1	64	
1	317	117	114
117	28	114	
2	301	190	36
-1
2	300	16	29
16	126	29	
1	318	117	122
117	33	122	
1	306	117	169
-1
4	318	154	69
-1
4	300	153	88
153	23	88	
2	302	152	148
-1
1	319	64	82
-1
2	314	107	170
-1
2	307	19	38
19	38	
3	302	9	28
9	157	28	
4	303	110	195
110	18	195	
1	304	70	63
70	7	63	
4	304	20	132
-1
2	312	147	85
-1
3	311	97	189
-1
2	318	57	92
57	70	92	
3	311	119	108
-1
1	300	71	14
71	165	14	
3	318	85	185
-1
4	317	165	193
-1
3	311	79	102
79	167	102	
4	305	22	124
22	128	124	
1	316	86	143
86	168	143	
1	300	71	41
71	150	41	
3	300	123	137
123	74	137	
4	312	167	146
-1
4	311	5	64
5	62	64	
4	304	77	86
77	119	86	
3	308	69	171
-1
4	312	99	87
99	160	87	
4	314	156	165
156	135	165	
2	309	159	187
-1
3	303	25	72
-1
2	304	21	94
21	94	
1	312	54	169
54	44	169	
2	317	26	135
26	4	135	
3	313	90	139
-1
3	318	61	167
-1
2	300	198	36
198	38	36	
4	306	166	134
-1
3	303	79	42
79	99	42	
1	309	45	152
-1
4	300	134	128
-1
3	306	69	149
-1
4	314	93	154
-1
1	308	158	179
158	179	
4	318	167	21
-1
2	305	192	81
-1
