2	311	180	152
-1
2	319	177	47
-1
4	304	35	239
-1
4	301	195	229
-1
3	307	3	224
-1
1	319	181	134
-1
3	316	278	212
-1
2	300	27	29
-1
1	305	166	20
-1
4	302	31	5
-1
1	305	98	236
-1
2	311	2	164
2	12	164	
1	301	93	251
-1
3	302	278	145
-1
3	305	219	148
-1
3	311	147	28
-1
2	314	158	5
158	5	
2	314	226	83
-1
3	314	278	248
-1
4	310	163	30
-1
2	305	157	180
-1
3	300	3	181
-1
4	310	246	273
246	7	273	
2	315	180	2
-1
3	314	42	221
-1
2	313	179	119
-1
4	309	150	276
-1
4	311	137	253
-1
4	318	151	230
-1
3	319	185	92
185	24	92	
3	318	275	300
-1
4	310	52	2
-1
4	303	45	300
-1
2	304	235	179
-1
2	316	22	272
-1
2	314	8	150
-1
3	301	21	52
-1
4	313	90	188
-1
3	314	241	38
-1
3	305	91	223
-1
3	305	271	249
-1
1	318	81	53
-1
3	309	72	97
-1
1	319	87	83
-1
4	310	103	157
103	23	157	
4	300	40	164
-1
3	303	146	185
-1
4	310	280	274
-1
3	307	65	267
-1
1	301	80	109
-1
4	302	237	79
-1
3	314	94	212
-1
4	302	5	283
-1
1	304	214	69
-1
2	300	106	171
-1
3	316	216	262
-1
4	300	228	108
-1
3	305	291	139
-1
4	303	293	203
-1
4	312	33	34
-1
2	302	294	271
-1
2	313	8	116
-1
3	307	74	120
-1
2	315	236	86
-1
4	306	233	191
-1
4	319	85	158
-1
3	306	101	138
-1
4	316	53	128
-1
4	319	31	121
-1
2	304	274	153
-1
2	314	78	198
-1
3	302	13	258
-1
2	301	158	31
-1
2	318	286	19
286	19	
1	300	181	3
-1
4	318	299	87
-1
2	315	79	188
-1
2	314	17	292
-1
3	306	94	22
-1
2	310	125	48
-1
1	300	189	177
-1
3	317	276	189
-1
1	319	178	47
-1
1	309	251	32
-1
2	311	110	264
-1
4	318	210	263
-1
1	317	220	41
-1
4	308	67	109
-1
3	302	94	202
-1
2	309	240	78
-1
3	305	291	267
-1
3	306	43	242
-1
4	312	52	119
-1
3	315	91	69
-1
1	318	253	230
-1
1	300	64	192
-1
2	312	14	111
14	57	111	
4	313	151	178
-1
2	306	32	271
-1
2	304	234	262
-1
2	310	235	4
-1
3	303	112	46
-1
1	313	178	97
-1
3	313	42	240
-1
4	303	289	192
-1
2	314	148	255
-1
3	316	20	269
-1
3	305	285	171
-1
3	307	58	202
-1
4	309	84	187
-1
1	312	188	173
-1
2	310	10	37
-1
2	306	125	266
-1
2	317	110	8
-1
2	308	164	48
-1
1	315	199	195
-1
2	303	125	215
-1
2	305	161	199
-1
2	319	127	8
-1
2	317	114	91
-1
3	310	115	31
-1
1	306	68	92
-1
4	311	170	217
-1
4	310	16	78
-1
3	318	154	241
-1
2	304	234	139
-1
4	310	269	15
-1
3	308	24	176
-1
2	307	250	54
-1
4	318	129	167
-1
2	300	298	34
-1
3	311	288	101
-1
4	319	66	22
-1
2	317	110	37
-1
2	309	160	242
-1
2	300	10	228
10	4	228	
2	314	55	196
-1
3	309	65	220
-1
2	302	26	221
-1
4	301	293	101
-1
4	314	103	98
-1
4	306	243	138
-1
1	319	227	203
-1
1	315	178	12
-1
1	309	155	224
-1
2	316	125	285
-1
3	303	285	91
-1
1	314	211	156
-1
4	314	261	233
-1
3	306	115	277
-1
1	304	188	132
-1
2	301	294	74
-1
1	315	252	52
-1
3	307	231	230
-1
4	302	299	84
-1
3	306	60	260
-1
2	317	48	296
-1
3	304	231	207
231	1	207	
2	308	86	219
-1
3	304	212	33
-1
4	315	139	273
-1
4	301	163	266
-1
1	312	76	270
-1
2	301	191	200
-1
3	317	70	250
-1
3	308	224	9
-1
4	304	11	56
-1
2	302	240	287
-1
3	300	24	124
24	145	124	
2	304	144	87
-1
1	316	188	225
-1
2	314	116	139
-1
3	303	169	214
-1
3	314	221	157
-1
3	304	255	278
-1
3	312	124	202
-1
1	300	252	264
-1
3	318	128	203
-1
4	301	210	278
-1
4	307	210	121
-1
2	304	295	60
-1
4	302	103	175
-1
2	308	177	43
-1
2	316	272	16
-1
1	305	267	22
-1
4	306	263	145
-1
1	309	215	96
-1
2	303	27	276
-1
2	300	125	185
-1
1	312	98	147
-1
2	312	158	193
-1
2	318	142	295
-1
4	313	16	224
-1
4	308	156	195
-1
3	301	152	213
-1
1	305	178	175
-1
4	312	156	142
-1
1	307	98	220
-1
3	304	241	45
-1
2	310	114	142
-1
2	302	106	299
-1
4	316	210	192
-1
1	311	189	208
-1
2	306	262	63
-1
4	310	102	267
-1
4	317	263	196
-1
2	310	268	51
-1
2	309	172	200
-1
1	305	300	193
-1
1	307	64	6
64	16	6	
2	317	274	163
-1
3	309	128	73
-1
3	316	224	13
-1
3	310	296	274
-1
2	316	14	75
-1
3	311	296	37
-1
3	314	205	56
-1
3	313	255	227
-1
2	305	277	278
-1
3	302	42	93
-1
3	317	249	118
-1
3	301	207	245
-1
2	313	108	221
-1
2	306	164	268
-1
2	312	34	281
-1
3	308	223	28
-1
2	315	6	233
-1
2	301	140	239
-1
2	311	226	215
-1
4	303	151	9
-1
4	301	186	257
-1
4	305	83	215
-1
4	305	104	22
-1
4	304	137	237
-1
4	316	195	23
195	23	
2	304	27	245
-1
4	308	247	250
-1
4	306	222	142
-1
3	313	175	67
-1
2	301	106	269
-1
1	309	130	206
-1
1	316	23	288
-1
2	309	160	143
-1
3	306	218	31
-1
2	300	242	225
-1
4	304	299	3
-1
4	305	83	249
-1
4	318	151	222
-1
3	304	209	97
209	21	97	
1	305	182	254
-1
1	310	215	83
-1
3	310	205	157
-1
2	304	161	17
-1
4	315	190	234
-1
4	319	208	175
-1
1	314	248	173
-1
3	302	232	7
-1
1	316	270	209
-1
2	312	148	118
-1
4	317	145	51
145	24	51	
1	312	162	266
-1
4	308	84	170
-1
2	304	46	82
-1
4	317	151	271
-1
2	304	286	179
-1
2	316	97	178
-1
1	315	211	162
-1
2	303	26	131
-1
2	312	62	30
-1
4	303	246	226
-1
4	300	83	139
-1
1	309	107	223
-1
2	302	236	268
-1
1	304	80	170
-1
4	302	210	155
-1
1	312	214	4
-1
2	313	142	214
-1
4	303	77	291
-1
3	304	221	104
-1
4	302	233	101
-1
2	300	48	184
-1
3	302	128	290
-1
4	302	129	277
-1
1	311	211	57
-1
4	318	16	18
16	125	18	
3	301	50	231
-1
2	306	262	72
-1
4	317	35	149
-1
3	300	290	121
-1
3	301	275	53
-1
4	316	237	101
-1
3	317	37	228
-1
3	306	112	57
-1
2	302	206	19
-1
3	311	169	34
-1
4	301	287	84
-1
2	304	108	97
-1
4	312	247	132
-1
3	312	24	121
-1
4	317	256	147
-1
4	317	289	135
-1
1	316	257	224
-1
1	304	267	35
-1
1	303	253	292
-1
2	316	295	160
-1
2	311	106	147
-1
1	308	199	6
199	6	
1	311	63	252
-1
3	311	128	27
-1
4	310	12	35
-1
3	304	249	23
-1
2	307	38	32
-1
2	313	55	298
-1
3	304	231	250
-1
3	304	74	296
-1
3	302	3	153
-1
4	307	66	51
-1
4	311	174	165
-1
4	317	217	292
-1
1	303	81	56
-1
3	318	91	4
-1
2	309	235	94
-1
2	306	55	200
-1
1	315	260	130
-1
3	302	105	256
105	10	256	
2	314	161	258
-1
1	316	63	75
-1
1	300	270	1
-1
4	304	233	217
-1
3	319	223	297
-1
4	314	246	87
-1
1	319	44	74
-1
1	318	173	180
-1
4	308	51	139
51	11	139	
1	315	178	243
-1
1	304	300	155
-1
2	318	274	217
-1
3	318	50	239
-1
3	315	43	171
-1
2	303	79	145
79	124	145	
4	310	170	91
-1
3	315	264	186
-1
4	314	256	111
-1
3	304	94	161
-1
2	319	114	39
-1
4	313	89	38
-1
2	310	73	64
73	91	64	
3	300	184	165
-1
2	302	242	207
-1
4	307	269	37
-1
4	309	293	206
-1
1	314	155	222
-1
4	316	90	177
-1
4	317	256	270
-1
1	307	260	136
-1
4	316	259	224
-1
3	319	113	49
-1
2	316	235	232
-1
4	314	47	173
-1
3	311	29	194
-1
4	316	208	186
-1
2	309	177	40
-1
4	305	84	129
-1
2	307	100	136
-1
3	302	29	95
-1
3	317	296	54
-1
3	305	105	218
-1
3	308	276	204
-1
4	313	12	250
-1
3	306	7	278
-1
2	303	38	186
-1
2	302	26	114
-1
2	302	236	197
-1
2	317	73	49
-1
3	311	232	129
-1
4	316	174	125
-1
2	305	144	281
-1
2	308	161	256
-1
2	317	110	268
-1
4	315	35	274
-1
3	312	101	63
-1
4	317	104	88
104	88	
4	314	198	75
-1
3	314	120	148
-1
1	302	229	79
-1
3	318	132	5
-1
4	318	141	200
-1
4	306	66	60
-1
4	313	195	221
-1
2	318	272	255
-1
2	312	79	107
-1
1	319	71	262
-1
1	306	229	159
-1
4	305	35	30
-1
3	303	241	10
-1
3	319	223	142
-1
3	310	134	282
-1
3	310	24	47
24	21	47	
4	302	170	241
-1
4	309	283	265
-1
