3	103	79	145
-1
2	110	170	91
-1
1	115	264	186
-1
3	114	256	111
-1
1	104	94	161
-1
4	119	114	39
-1
2	113	89	38
-1
3	110	73	64
-1
1	100	184	165
-1
3	102	242	207
-1
4	107	269	37
-1
4	109	293	206
-1
2	114	155	222
-1
4	116	90	177
-1
3	117	256	270
-1
3	107	260	136
-1
2	116	259	224
-1
1	119	113	49
-1
3	116	235	232
-1
4	114	47	173
-1
3	111	29	194
-1
2	116	208	186
-1
4	109	177	40
-1
3	105	84	129
-1
3	107	100	136
-1
3	102	29	95
29	17	105	95	
2	117	296	54
-1
4	105	105	218
-1
2	108	276	204
-1
2	113	12	250
-1
3	106	7	278
7	57	278	
3	103	38	186
-1
2	102	26	114
-1
2	102	236	197
-1
3	117	73	49
-1
2	111	232	129
-1
4	116	174	125
-1
2	105	144	281
-1
1	108	161	256
-1
3	117	110	268
-1
1	115	35	274
-1
4	112	101	63
-1
2	117	104	88
-1
2	114	198	75
-1
4	114	120	148
-1
3	102	229	79
-1
2	118	132	5
132	1	15	5	
2	118	141	200
-1
4	106	66	60
-1
3	113	195	221
-1
1	118	272	255
-1
3	112	79	107
-1
1	119	71	262
-1
3	106	229	159
-1
1	105	35	30
-1
2	103	241	10
-1
4	119	223	142
-1
4	110	134	282
134	4	282	
3	110	24	47
-1
2	102	170	241
-1
1	109	283	265
-1
3	115	173	43
-1
2	109	125	166
-1
1	107	217	146
-1
2	109	83	232
-1
3	118	148	172
-1
2	111	43	146
-1
3	112	295	279
-1
1	111	145	3
-1
1	103	107	172
-1
2	107	42	207
-1
1	110	231	131
231	15	131	
3	115	278	256
-1
2	112	287	224
-1
4	103	207	6
-1
2	114	208	205
-1
4	111	166	247
-1
2	110	70	241
-1
4	104	202	138
-1
3	115	185	244
-1
4	113	109	285
-1
2	104	296	267
-1
3	111	278	245
278	57	7	245	
2	114	125	283
-1
3	111	117	241
-1
1	115	40	148
-1
4	101	186	66
-1
1	114	178	135
-1
2	111	200	88
-1
1	106	224	273
-1
3	111	171	133
-1
2	109	25	128
-1
2	113	61	106
-1
4	116	52	282
-1
4	108	18	99
-1
1	116	289	190
-1
3	101	164	76
-1
2	107	37	5
-1
3	114	151	204
-1
4	118	154	127
-1
1	110	153	297
-1
2	118	136	73
-1
2	115	85	185
-1
2	108	279	236
-1
4	106	207	5
-1
3	116	75	293
-1
2	103	143	208
-1
2	119	276	245
-1
4	102	243	147
-1
4	100	298	1
-1
2	108	128	153
-1
3	101	39	288
-1
3	105	129	124
-1
3	113	24	102
-1
4	109	4	60
4	11	60	
4	102	31	187
-1
1	109	299	29
-1
1	105	94	5
-1
1	112	193	299
-1
4	104	247	296
-1
4	108	127	124
-1
3	107	55	214
-1
2	110	108	42
-1
1	112	46	117
-1
2	103	271	120
-1
2	109	200	202
-1
2	110	122	200
-1
4	106	4	45
4	84	45	
3	104	129	237
-1
1	112	153	183
-1
4	107	177	61
-1
4	100	105	116
105	122	116	
2	101	72	275
-1
1	109	163	20
-1
1	108	107	290
-1
3	110	110	242
-1
4	101	52	63
-1
2	106	74	118
-1
3	102	100	299
-1
3	117	176	151
-1
1	117	248	28
-1
4	104	247	132
-1
1	111	107	204
-1
4	110	60	118
-1
3	112	129	224
-1
2	113	70	85
70	41	85	
3	107	160	188
-1
4	117	201	261
-1
3	115	39	112
-1
4	105	114	288
-1
1	112	71	287
-1
4	116	140	234
-1
3	111	77	92
-1
4	108	288	152
-1
1	111	270	32
-1
3	107	242	101
-1
4	115	207	12
-1
2	107	287	265
-1
1	119	184	3
-1
3	118	79	116
-1
2	116	124	238
-1
3	109	249	78
-1
3	113	205	154
-1
3	116	116	141
116	123	141	
3	107	196	110
-1
2	100	199	104
-1
3	103	286	62
-1
2	107	261	48
-1
3	110	1	231
1	15	231	
3	117	100	9
-1
2	115	238	185
-1
4	112	114	133
-1
2	117	276	89
-1
4	109	281	256
-1
1	110	137	151
-1
3	105	76	49
-1
3	107	168	86
-1
1	114	272	99
-1
3	105	39	99
-1
1	105	161	250
-1
2	109	99	239
-1
1	113	274	104
-1
3	101	278	79
-1
3	108	187	59
-1
2	110	236	247
-1
2	110	198	23
-1
1	116	264	190
-1
2	114	91	213
91	12	213	
2	104	265	252
-1
2	113	122	164
-1
4	111	288	262
-1
2	114	89	287
-1
3	105	23	16
23	138	16	
3	115	96	202
-1
4	102	177	189
-1
1	116	107	87
-1
4	117	138	50
-1
3	110	254	140
-1
4	113	220	156
-1
3	116	36	30
-1
4	110	49	69
-1
4	108	52	157
-1
2	116	106	231
-1
2	109	43	79
-1
3	118	39	255
-1
1	104	33	61
-1
4	105	101	198
-1
3	116	58	203
-1
3	103	280	174
-1
1	112	153	209
-1
3	100	242	257
-1
2	109	292	60
-1
2	119	132	218
-1
4	117	288	260
-1
3	103	98	50
-1
3	104	96	134
96	13	134	
2	113	232	234
-1
3	116	169	44
-1
3	109	297	75
-1
4	110	281	280
-1
1	118	45	221
-1
2	118	125	264
-1
4	115	166	95
-1
4	106	86	135
-1
4	116	135	232
-1
3	101	139	79
-1
3	107	255	62
255	7	121	62	
4	102	268	282
-1
2	116	236	278
-1
2	115	78	257
-1
2	115	128	1
-1
2	118	238	178
-1
1	105	56	43
-1
2	119	143	180
-1
2	102	190	67
-1
3	100	38	257
38	257	
2	113	19	211
-1
3	114	286	230
-1
4	111	48	218
-1
2	119	237	295
-1
4	112	52	174
-1
4	109	140	111
-1
4	103	138	219
-1
1	115	35	61
-1
3	101	14	250
-1
2	117	276	39
-1
4	119	68	58
-1
1	108	221	95
-1
3	105	55	195
-1
3	111	218	131
-1
3	116	38	234
-1
4	119	210	73
-1
4	117	11	263
-1
2	109	206	297
206	14	297	
4	111	281	63
-1
4	109	174	90
-1
3	106	23	210
-1
3	113	82	130
82	26	130	
1	107	71	237
-1
1	109	28	206
-1
1	102	32	243
-1
2	107	208	204
-1
4	109	247	266
-1
3	117	256	172
-1
2	111	26	204
26	1	204	
3	101	149	78
149	6	55	78	
2	102	258	152
-1
4	111	177	234
-1
2	119	190	56
-1
3	117	149	83
-1
3	111	290	166
-1
2	115	64	74
-1
4	112	211	72
-1
2	115	72	80
-1
1	119	230	157
-1
4	108	201	5
-1
3	119	14	262
-1
3	104	36	138
36	18	138	
3	119	240	79
-1
4	114	131	279
131	11	279	
3	119	228	268
-1
2	104	20	32
-1
4	116	67	294
-1
3	107	79	66
79	5	66	
4	103	15	295
15	1	41	295	
2	119	206	247
-1
4	112	174	13
-1
1	110	45	48
-1
4	100	150	39
-1
2	119	61	170
-1
3	106	55	149
55	6	149	
1	109	215	168
-1
2	103	199	234
-1
3	108	7	65
-1
1	114	194	79
-1
1	100	289	284
-1
3	112	88	209
-1
4	112	201	5
-1
1	110	203	206
203	14	206	
1	111	35	267
-1
1	100	94	21
-1
3	107	173	287
-1
2	113	282	186
-1
2	117	85	244
-1
4	107	253	138
-1
3	102	219	178
-1
2	102	80	18
-1
4	106	4	270
-1
1	104	28	172
-1
2	110	91	206
-1
3	110	22	52
-1
4	117	154	224
-1
4	114	154	205
-1
3	117	139	42
-1
3	106	188	46
-1
4	104	15	265
-1
3	101	229	96
-1
1	102	51	151
-1
3	113	229	179
-1
2	110	13	21
13	134	21	
4	113	115	94
-1
4	116	186	248
-1
3	113	295	101
-1
1	106	289	239
-1
3	111	278	126
278	57	7	126	
4	115	105	192
-1
1	102	161	120
-1
1	113	234	222
-1
2	103	276	202
-1
2	103	241	267
-1
1	116	163	133
-1
1	103	137	70
-1
2	115	85	64
-1
3	105	290	104
-1
2	102	236	134
-1
3	113	228	238
-1
3	104	235	150
-1
3	117	38	83
-1
2	111	291	110
-1
4	109	174	50
-1
3	101	77	212
-1
2	111	125	100
-1
3	114	69	185
69	14	185	
1	110	216	226
-1
2	103	2	162
-1
1	112	264	89
-1
2	101	170	23
-1
4	115	246	112
-1
4	104	244	102
-1
4	105	247	27
-1
1	108	216	103
-1
4	100	17	280
-1
3	104	188	48
-1
1	101	175	15
-1
4	102	17	16
17	54	2	16	
3	102	240	32
-1
2	117	204	201
-1
4	108	17	146
-1
1	110	212	141
-1
4	108	268	87
-1
2	103	125	2
125	16	2	
1	102	193	71
-1
1	109	113	10
-1
4	103	269	184
-1
1	111	51	252
-1
1	102	45	243
-1
2	114	128	146
-1
4	119	285	162
-1
4	112	253	125
-1
3	118	75	92
-1
1	112	224	216
-1
4	102	227	161
-1
2	111	209	25
-1
3	107	290	46
-1
2	118	85	96
-1
1	101	248	192
-1
4	118	90	19
-1
2	100	236	55
236	6	55	
3	104	228	8
-1
4	108	60	134
-1
4	103	30	57
30	7	57	
2	115	2	35
-1
1	100	44	295
-1
3	105	148	284
-1
4	112	135	121
-1
3	103	73	68
-1
3	114	6	210
6	55	1	210	
2	108	85	145
-1
3	107	77	72
-1
2	101	141	183
-1
4	109	49	213
-1
4	116	225	214
-1
3	110	260	10
-1
2	106	72	157
-1
4	106	177	291
-1
4	105	181	115
-1
3	114	77	121
77	24	121	
2	111	291	257
-1
2	114	259	33
259	1	33	
3	117	39	225
-1
