1	108	351	548
-1
1	102	599	388
-1
3	114	522	196
-1
3	102	385	718
-1
3	119	702	308
-1
3	111	669	722
-1
2	117	839	582
-1
2	102	465	491
-1
1	100	451	150
-1
4	110	771	333
-1
2	109	38	683
38	683	
2	116	779	434
-1
2	103	53	55
-1
4	101	220	491
-1
4	108	562	292
-1
2	101	161	61
161	463	61	
1	103	233	899
-1
1	105	82	463
-1
1	106	224	65
-1
3	118	497	835
-1
3	101	579	25
-1
4	114	308	855
-1
1	100	476	7
-1
2	111	839	226
-1
3	102	120	787
-1
4	114	661	100
-1
1	112	122	384
-1
2	106	217	465
-1
1	103	854	741
-1
2	117	740	389
-1
1	113	59	67
59	281	144	67	
2	107	60	426
-1
3	114	546	53
-1
2	111	186	891
-1
3	110	317	163
-1
2	109	740	823
-1
1	104	374	96
-1
1	108	59	365
59	279	365	
4	100	257	318
257	332	318	
3	108	520	158
-1
2	106	770	216
-1
4	111	143	327
143	327	
1	103	371	872
-1
1	106	657	157
-1
4	108	268	474
-1
1	102	718	365
-1
2	117	419	790
-1
4	113	503	900
-1
2	111	204	257
-1
1	100	644	776
-1
4	115	625	645
-1
1	113	671	788
-1
1	104	295	310
295	198	310	
1	100	870	66
870	83	267	66	
3	105	536	385
-1
4	101	416	255
-1
2	111	218	673
-1
3	102	168	276
168	44	276	
3	118	481	479
-1
2	106	264	274
-1
2	110	204	898
-1
4	109	411	721
-1
2	110	96	115
-1
4	107	600	84
-1
2	112	413	620
-1
4	106	750	135
750	35	135	
1	118	552	405
-1
1	105	295	572
-1
1	115	37	204
-1
1	109	36	520
-1
3	118	862	775
-1
1	118	584	286
-1
1	112	246	381
-1
1	116	216	133
-1
1	107	304	545
304	339	83	545	
2	113	776	446
-1
3	117	654	97
-1
1	100	304	391
-1
1	116	230	480
230	369	269	480	
1	115	685	515
-1
3	109	566	528
-1
3	106	497	263
-1
4	107	195	508
-1
2	111	60	724
-1
1	107	856	179
856	53	400	179	
3	112	575	54
-1
4	109	428	759
-1
3	111	738	162
-1
1	110	718	443
-1
2	116	54	280
-1
4	115	861	845
-1
2	118	591	441
-1
1	117	657	688
-1
3	100	256	747
-1
3	118	887	754
-1
4	103	314	428
314	285	256	428	
3	101	239	7
-1
4	115	208	744
-1
1	117	671	614
-1
1	116	714	719
-1
2	101	422	680
-1
4	113	658	370
-1
4	100	308	178
-1
2	118	465	434
-1
4	111	498	472
-1
1	110	708	786
-1
3	117	72	124
-1
2	112	245	383
-1
2	117	580	205
-1
1	108	458	18
-1
2	107	666	440
-1
4	108	819	249
-1
4	105	513	556
-1
4	118	45	172
-1
4	102	376	669
-1
1	107	507	529
-1
3	102	270	600
-1
3	116	887	896
-1
4	100	551	628
-1
3	110	881	237
-1
3	101	129	2
-1
3	109	108	821
-1
3	116	456	485
-1
3	107	133	529
-1
4	108	244	4
-1
2	116	826	563
-1
1	107	445	832
-1
3	114	239	870
-1
3	101	415	572
-1
3	117	847	552
-1
3	111	397	732
-1
1	111	438	839
-1
2	107	779	446
-1
1	107	775	579
-1
1	103	95	874
-1
1	105	135	799
-1
3	108	703	343
-1
1	117	70	581
-1
1	100	436	147
-1
3	112	478	93
-1
3	115	807	542
-1
4	106	290	131
-1
1	111	593	10
-1
4	101	480	784
-1
2	114	48	30
-1
3	112	571	164
-1
1	106	756	866
-1
2	106	76	87
-1
4	112	213	523
-1
3	117	73	152
73	7	665	152	
4	118	537	110
-1
3	108	885	400
-1
4	117	271	144
-1
2	113	102	624
-1
2	102	616	671
-1
3	106	150	393
-1
3	103	535	300
-1
1	110	361	375
-1
3	104	768	639
-1
4	115	472	763
-1
2	116	269	400
-1
1	107	607	384
-1
4	111	176	706
176	234	706	
1	114	705	859
-1
2	116	218	574
-1
4	108	661	724
-1
2	107	419	358
-1
1	101	142	718
-1
4	119	4	637
-1
2	101	388	209
-1
1	112	75	477
-1
4	107	772	184
-1
2	112	119	411
-1
4	103	510	215
-1
3	116	624	485
-1
2	119	612	245
-1
3	108	40	715
-1
1	118	667	8
-1
1	114	820	12
-1
4	102	711	451
-1
2	111	465	526
-1
3	106	669	397
-1
4	108	357	567
-1
3	102	801	229
-1
1	106	304	852
-1
4	102	433	564
-1
2	108	332	655
-1
2	116	693	474
-1
3	119	871	393
-1
4	109	785	256
-1
2	106	60	720
-1
3	114	763	540
763	92	540	
1	101	749	48
-1
1	109	297	849
-1
3	112	111	304
-1
3	107	410	788
-1
3	102	104	220
-1
4	107	513	64
513	331	64	
3	119	81	34
-1
2	106	560	870
-1
4	117	641	81
-1
4	117	348	895
-1
4	104	554	743
-1
3	104	375	191
-1
1	100	476	354
-1
2	107	581	763
-1
4	118	348	18
-1
3	101	822	530
-1
3	114	869	662
-1
4	116	461	373
-1
1	108	359	166
-1
2	103	77	513
-1
3	117	334	218
-1
2	108	638	593
-1
1	113	43	220
-1
3	115	703	800
-1
1	104	402	300
-1
2	114	321	273
321	273	
3	107	302	242
-1
1	100	369	754
-1
1	105	457	212
-1
4	109	625	288
-1
1	106	788	673
-1
3	110	846	411
-1
1	110	246	505
-1
3	101	899	359
-1
3	100	566	760
-1
4	113	250	180
-1
2	106	516	534
-1
2	111	544	2
-1
2	114	96	458
-1
3	114	713	234
-1
3	106	42	122
-1
4	108	540	119
-1
1	112	783	364
-1
2	102	345	414
-1
1	102	706	131
-1
4	113	519	380
-1
3	106	604	48
-1
1	119	82	643
82	136	643	
3	108	313	738
-1
3	102	807	602
-1
3	103	741	695
-1
4	113	500	334
-1
1	116	668	268
668	290	268	
1	101	493	612
-1
3	111	727	470
-1
1	102	769	88
-1
4	109	195	743
-1
3	111	153	824
-1
3	100	113	288
-1
2	101	581	246
-1
2	115	435	139
-1
2	101	358	638
-1
4	108	503	457
-1
3	112	111	49
-1
3	101	132	776
-1
3	100	335	696
-1
1	102	18	42
-1
3	117	699	247
-1
4	116	223	359
223	312	359	
4	101	483	91
-1
3	119	497	578
-1
1	108	304	35
-1
1	105	445	590
-1
3	105	6	700
-1
1	112	178	832
-1
3	100	871	266
-1
3	101	751	335
-1
1	107	525	134
-1
1	117	274	356
-1
3	100	310	890
-1
2	117	591	486
-1
2	103	163	790
-1
1	112	371	386
-1
4	112	136	391
-1
2	115	54	620
-1
1	112	746	590
-1
3	107	386	492
-1
3	112	120	168
-1
3	107	99	441
99	79	441	
2	108	489	802
-1
4	114	121	493
-1
3	115	278	655
-1
2	100	573	177
-1
2	103	558	365
-1
3	114	342	418
342	318	418	
1	104	57	263
-1
3	107	141	701
-1
2	115	508	872
-1
2	107	212	122
-1
4	109	271	610
-1
1	101	320	782
-1
3	107	6	211
6	440	211	
3	115	481	784
-1
1	119	493	441
-1
2	116	48	834
-1
4	111	223	890
-1
2	103	139	182
139	430	2	182	
4	106	598	742
-1
3	107	273	53
-1
3	109	441	324
441	211	324	
4	110	510	643
-1
4	101	223	700
-1
4	116	642	280
-1
4	108	337	824
-1
3	101	397	24
-1
2	102	25	298
-1
3	103	868	436
-1
2	104	611	185
-1
4	117	377	458
-1
3	112	317	50
-1
3	106	866	559
-1
4	105	448	833
-1
3	116	189	574
-1
4	111	817	10
-1
2	114	85	458
-1
4	111	238	535
-1
4	118	380	502
-1
1	103	704	213
-1
2	112	20	641
-1
3	101	289	57
289	46	57	
3	111	881	74
-1
4	115	367	522
-1
3	108	604	762
-1
4	109	220	731
-1
1	119	764	815
-1
4	113	378	153
-1
3	114	342	584
-1
3	118	792	439
-1
2	119	527	459
-1
4	107	719	747
-1
3	113	112	780
112	34	780	
3	106	115	298
-1
4	107	50	2
-1
2	109	558	273
-1
3	116	280	136
-1
2	100	459	566
-1
1	103	272	59
272	279	59	
2	102	586	850
-1
3	112	317	477
-1
2	110	636	347
-1
3	101	215	459
-1
3	119	768	573
-1
4	112	94	623
-1
3	104	234	332
-1
3	112	203	611
-1
2	117	139	169
-1
3	107	279	492
-1
4	116	155	230
-1
2	112	469	546
-1
1	111	341	333
-1
2	109	163	547
-1
1	113	765	415
-1
1	115	764	560
-1
3	119	868	793
-1
4	109	292	148
-1
1	110	856	286
856	53	286	
1	113	185	617
-1
4	102	472	771
-1
4	119	709	339
-1
2	111	573	731
-1
1	110	784	45
-1
3	104	605	809
-1
3	115	99	724
-1
3	108	266	691
-1
1	115	765	135
765	50	135	
1	112	75	90
75	90	
3	108	557	275
-1
1	110	630	746
-1
2	100	85	606
-1
1	102	84	331
84	320	331	
1	107	468	266
-1
4	115	498	871
-1
4	111	94	121
-1
2	101	249	386
-1
1	115	349	251
-1
2	117	544	377
-1
4	111	229	85
-1
4	108	529	714
-1
2	106	700	850
-1
3	116	412	34
412	127	34	
3	101	855	501
-1
1	103	442	150
-1
1	103	837	243
-1
4	109	208	543
-1
2	111	322	892
-1
1	119	569	587
-1
3	103	6	815
-1
3	108	669	444
-1
3	118	278	295
-1
2	111	596	706
-1
4	103	292	712
-1
4	104	305	253
-1
3	106	289	242
-1
4	108	444	501
-1
4	111	33	822
-1
4	118	876	491
-1
1	104	295	548
-1
3	119	698	317
-1
