3	63	15	239
15	138	83	239	
4	82	119	233
119	233	
2	52	43	82
43	146	82	
3	65	8	60
8	128	157	60	
1	110	135	24
135	144	24	
2	81	243	248
243	11	248	
4	75	128	297
128	14	68	297	
3	115	104	287
104	237	68	287	
4	71	46	254
46	132	254	
1	79	64	116
64	243	116	
2	87	56	182
56	64	18	182	
3	89	219	300
219	66	104	300	
3	52	141	42
141	36	42	
2	64	216	49
216	164	49	
4	67	131	183
131	11	149	183	
3	74	294	177
-1
2	110	225	5
225	47	103	5	
4	109	120	160
120	137	160	
2	114	188	257
188	181	257	
2	89	89	20
89	18	20	
4	110	70	75
70	24	75	
4	80	237	46
237	104	206	46	
3	93	88	238
88	13	238	
3	94	73	153
73	15	103	153	
3	76	117	36
117	14	36	
3	105	184	29
184	55	29	
4	61	198	5
198	12	123	5	
1	100	260	176
260	66	176	
3	117	9	63
9	2	63	
1	88	116	203
116	136	203	
4	63	285	272
-1
1	90	36	260
36	34	260	
3	107	138	48
138	9	48	
3	60	33	120
33	164	120	
2	115	277	236
277	96	236	
1	65	156	171
156	122	70	171	
4	69	263	120
263	120	
1	106	74	79
74	63	36	79	
1	79	96	140
96	284	140	
1	113	75	255
75	99	255	
1	75	74	291
-1
4	106	199	78
199	49	78	
1	83	69	267
69	118	23	267	
4	114	176	300
176	149	186	300	
2	119	188	28
188	157	28	
3	81	183	235
183	46	235	
2	70	10	197
10	91	197	
2	101	89	22
89	285	22	
1	92	96	170
96	120	49	170	
1	108	217	244
217	84	244	
2	118	240	69
240	27	255	69	
3	56	287	267
287	60	11	267	
3	114	294	87
-1
4	115	99	15
99	103	15	
1	103	24	202
24	50	202	
4	57	235	137
235	2	246	137	
1	116	17	146
17	191	146	
1	67	269	287
269	122	287	
1	68	300	134
300	104	174	134	
1	92	222	50
222	135	144	50	
2	72	202	41
202	178	20	41	
3	69	121	80
121	80	
3	87	169	125
169	181	125	
3	91	183	223
183	46	122	223	
2	103	249	298
-1
4	71	94	233
94	213	233	
4	56	173	1
173	263	82	1	
3	114	149	269
149	147	269	
4	67	199	21
199	190	34	21	
3	108	117	294
117	210	6	294	
2	79	31	196
31	221	53	196	
3	110	14	68
14	68	
3	94	15	288
15	37	288	
3	88	102	170
102	58	129	170	
1	88	204	170
204	129	170	
4	92	259	15
259	134	15	
2	62	202	188
202	50	252	108	188	
2	112	290	36
290	41	14	36	
2	72	65	286
65	60	286	
4	78	272	103
272	3	153	103	
3	105	281	133
281	14	133	
3	82	82	198
82	198	
3	109	14	212
14	167	123	212	
4	110	70	14
70	36	14	
3	82	48	269
48	29	27	269	
4	76	128	279
128	14	68	279	
2	55	140	180
140	2	177	180	
2	73	152	169
152	105	220	169	
4	88	237	233
237	120	137	233	
2	62	41	257
41	15	257	
3	95	139	289
139	240	27	289	
3	92	184	70
184	53	70	
3	86	48	135
48	249	123	135	
2	89	147	204
147	269	128	204	
2	97	168	3
168	194	153	3	
3	117	162	131
162	124	131	
2	76	118	270
118	15	37	270	
1	86	66	174
66	104	174	
4	61	49	110
49	239	110	
1	87	17	150
17	220	150	
2	95	140	41
140	244	41	
2	56	147	224
147	16	68	224	
1	112	51	272
51	12	272	
4	85	167	170
167	14	129	170	
1	107	296	89
296	33	164	89	
4	77	145	250
145	251	209	250	
1	107	24	120
24	70	36	120	
3	80	30	185
30	232	185	
3	71	9	233
9	88	18	233	
2	90	220	1
220	148	64	1	
3	50	139	140
139	231	140	
4	76	46	38
46	264	109	38	
1	59	74	89
74	64	89	
3	58	236	255
236	7	255	
4	77	1	3
1	266	3	
4	88	120	199
120	49	199	
4	107	70	223
70	122	223	
4	93	237	4
237	104	252	4	
4	57	29	12
29	226	12	
4	108	230	283
230	133	61	283	
3	59	32	173
32	68	173	
2	97	175	218
175	65	218	
3	77	241	43
241	53	43	
3	93	30	278
30	229	12	278	
1	115	40	30
40	189	30	
3	86	139	202
139	237	120	202	
2	118	188	271
188	108	23	271	
3	51	107	259
107	144	126	259	
3	75	211	39
211	117	39	
2	59	298	20
298	16	18	20	
3	112	138	51
138	115	51	
2	91	118	225
118	78	225	
3	74	187	217
187	135	217	
4	63	44	246
44	92	2	246	
4	95	207	38
207	109	38	
3	98	73	176
73	156	176	
1	88	189	63
189	36	63	
4	76	279	170
279	5	9	170	
2	116	72	132
72	150	132	
3	65	177	129
177	189	36	129	
1	115	69	267
69	193	164	267	
1	82	81	136
81	128	269	136	
2	118	114	22
114	175	125	22	
2	106	190	65
190	147	60	65	
4	53	244	271
244	58	271	
4	68	131	95
131	108	61	95	
3	63	219	35
219	76	35	
4	82	29	13
29	198	13	
4	65	97	137
97	134	137	
4	65	203	65
203	57	97	65	
1	83	28	133
28	118	78	133	
2	58	255	265
255	27	265	
3	119	107	79
107	177	143	79	
3	95	228	268
228	159	97	268	
3	88	294	263
-1
3	104	149	145
149	183	145	
1	99	179	115
179	41	130	115	
4	93	272	143
272	7	33	122	143	
4	89	286	239
286	59	110	239	
4	54	131	193
131	157	146	193	
2	78	157	220
157	128	66	220	
3	73	200	227
200	11	60	227	
3	91	79	33
79	115	33	
3	110	30	12
30	229	12	
4	63	46	57
46	122	57	
1	99	136	205
136	269	27	205	
3	104	20	136
20	220	136	
4	68	239	107
239	49	151	107	
3	77	275	93
275	15	138	93	
2	91	146	223
146	193	100	223	
3	103	82	131
82	252	108	131	
1	119	151	31
151	136	31	
3	113	184	161
184	143	161	
1	85	47	190
47	151	29	190	
2	113	229	287
-1
1	50	74	122
74	223	122	
1	65	64	142
64	148	142	
2	101	168	132
168	54	132	
4	75	166	158
166	1	295	49	158	
3	118	155	56
155	208	56	
3	58	37	137
37	186	137	
2	70	242	39
242	141	39	
1	80	21	274
21	133	78	274	
3	100	236	20
236	6	20	
1	58	111	249
111	71	249	
2	110	147	22
147	264	125	22	
1	53	87	137
87	266	108	137	
3	76	162	4
162	13	4	
1	96	95	222
95	135	222	
3	81	121	76
121	93	76	
3	117	121	164
121	243	99	164	
4	106	199	157
199	188	157	
3	69	112	177
112	99	168	177	
3	61	132	165
132	176	165	
4	71	94	27
94	151	27	
2	54	43	173
43	10	173	
3	61	165	259
165	109	117	259	
4	74	128	172
128	204	172	
4	67	26	267
26	25	267	
3	55	82	87
82	263	113	87	
4	90	193	207
193	155	117	207	
3	87	141	157
141	128	157	
1	55	179	268
179	127	268	
2	59	190	152
190	76	152	
3	76	221	245
221	41	245	
4	98	252	287
252	67	68	287	
1	57	57	151
57	94	151	
2	60	298	30
298	22	14	30	
3	66	294	108
294	8	182	108	
1	54	212	189
212	123	177	189	
4	80	257	82
257	21	82	
1	119	217	274
217	8	78	274	
4	108	34	204
34	148	204	
3	79	132	93
132	1	82	93	
2	94	41	66
41	139	66	
2	102	277	17
277	83	220	17	
1	95	86	125
86	255	125	
3	86	205	174
205	27	253	174	
1	103	195	168
195	29	27	168	
1	52	204	131
204	131	
2	115	298	139
-1
1	80	51	55
51	107	55	
1	85	260	141
260	104	141	
2	67	188	272
188	199	7	272	
3	62	20	64
20	18	64	
4	91	44	41
44	51	41	
1	75	158	126
158	70	126	
3	51	123	82
123	20	82	
2	100	170	28
170	75	56	28	
1	100	23	231
23	118	75	231	
3	68	117	229
117	97	229	
4	114	44	279
44	287	68	279	
4	66	244	290
244	41	290	
4	69	99	229
99	138	9	229	
4	63	99	248
99	164	130	248	
1	73	111	43
111	245	43	
4	90	244	201
244	147	16	201	
2	63	202	23
202	50	23	
3	60	33	244
33	7	62	244	
2	111	83	19
83	206	19	
3	91	15	135
15	187	135	
3	101	85	231
85	231	
3	70	209	174
209	253	174	
4	68	278	25
278	12	123	25	
1	56	69	123
69	249	123	
1	88	172	285
-1
1	90	67	229
67	53	70	229	
3	95	139	182
139	41	108	182	
2	68	292	266
292	5	87	266	
4	88	173	48
173	263	31	48	
1	75	36	114
36	14	54	114	
2	105	127	198
127	82	198	
3	68	248	158
248	91	158	
1	94	110	135
110	77	99	135	
2	106	148	204
148	204	
1	71	186	127
186	37	127	
4	111	267	246
267	116	246	
1	54	247	84
247	5	84	
1	99	2	128
2	157	128	
4	86	53	52
53	70	52	
3	89	121	87
121	159	87	
1	68	76	265
76	33	265	
3	75	13	264
13	53	67	264	
2	82	124	73
124	70	122	73	
2	107	258	272
258	3	272	
3	105	215	210
215	251	117	210	
2	100	208	176
-1
3	86	181	174
181	209	253	174	
4	63	35	176
35	3	176	
4	54	154	280
-1
2	62	72	152
72	6	76	152	
2	116	103	280
103	52	280	
2	69	31	292
-1
2	81	168	115
168	99	138	115	
2	54	140	73
140	152	73	
1	53	67	39
67	14	117	39	
4	58	173	298
-1
3	64	275	178
275	15	100	20	178	
1	79	161	264
161	122	46	264	
3	100	226	117
226	209	251	117	
2	71	290	188
290	41	188	
2	100	192	42
192	83	42	
1	114	58	72
58	72	
4	118	239	291
239	22	291	
2	112	140	131
140	84	131	
3	70	117	249
117	14	54	249	
4	119	250	173
250	140	173	
2	86	11	148
11	148	
2	69	245	60
245	65	60	
3	117	106	286
106	99	75	286	
1	56	246	27
246	147	269	27	
2	77	289	219
289	7	155	219	
1	70	260	28
260	110	28	
2	61	274	267
274	32	109	267	
4	93	154	158
154	145	158	
3	71	107	26
107	177	143	26	
3	76	149	276
149	147	246	20	276	
1	75	189	286
189	30	286	
2	104	157	230
157	230	
3	61	37	35
37	189	35	
1	78	136	32
136	250	32	
3	108	123	20
123	20	
2	77	202	279
202	173	68	279	
3	75	105	4
105	18	4	
1	75	246	158
246	124	70	158	
1	80	21	16
21	192	16	
4	95	44	164
44	165	99	164	
2	82	240	104
240	81	206	104	
4	101	35	261
-1
2	77	242	49
242	156	120	49	
1	118	185	184
185	83	101	184	
3	118	155	58
155	193	58	
2	68	43	12
43	27	240	12	
2	104	63	116
63	130	116	
3	71	48	113
48	52	113	
3	68	295	133
295	32	133	
2	103	216	176
216	139	66	176	
4	107	163	116
163	43	116	
1	57	96	202
96	120	202	
3	55	9	195
9	195	
3	110	9	80
9	206	80	
3	78	287	234
287	68	234	
3	79	37	29
37	161	29	
1	76	66	143
66	231	143	
1	68	150	190
150	146	190	
4	110	143	237
143	16	68	237	
1	95	151	152
151	136	105	152	
1	62	74	66
74	139	66	
1	106	153	213
153	71	213	
2	70	140	222
140	132	222	
1	61	227	230
227	68	14	230	
4	95	198	268
198	125	268	
4	55	278	57
278	12	122	57	
1	97	69	122
69	57	122	
3	118	275	23
275	15	118	23	
2	74	45	217
45	96	217	
1	77	195	119
195	42	119	
4	103	272	244
272	7	62	244	
1	55	217	97
217	196	97	
2	68	63	288
63	130	157	60	288	
3	99	155	215
155	117	251	215	
2	89	27	164
27	168	267	164	
3	105	184	193
184	30	21	193	
3	108	121	13
121	73	128	13	
2	70	148	39
148	64	18	39	
2	118	168	83
168	99	138	83	
4	106	125	29
125	198	29	
3	111	232	300
232	185	300	
2	97	157	268
157	60	268	
3	95	295	30
295	53	184	30	
4	51	53	237
53	67	68	237	
4	96	145	263
145	154	120	263	
1	118	204	198
204	106	198	
4	112	19	18
19	247	18	
2	80	7	217
7	8	217	
1	64	69	84
69	255	27	84	
4	112	99	208
99	135	208	
1	83	195	192
195	1	129	192	
4	61	286	48
286	60	246	167	48	
3	100	226	42
226	83	42	
1	118	153	147
153	149	147	
3	90	294	291
-1
3	97	102	246
102	83	138	246	
3	86	102	16
102	27	16	
2	92	114	74
114	74	
2	56	216	142
216	164	33	142	
1	95	100	292
100	84	5	292	
1	86	64	186
64	148	186	
2	106	27	223
27	32	223	
2	89	258	200
258	45	200	
1	55	271	52
271	4	248	129	52	
3	77	219	97
219	125	97	
2	112	182	198
182	12	198	
2	87	41	299
41	117	3	299	
2	60	218	164
218	130	164	
2	63	10	79
10	91	234	79	
3	94	238	230
238	2	157	230	
3	81	126	293
126	138	15	41	293	
1	86	204	20
204	172	20	
3	85	30	29
30	158	29	
4	67	250	299
-1
1	55	67	270
67	14	129	270	
2	73	175	151
175	47	151	
1	83	227	191
227	60	157	130	191	
1	79	47	160
47	100	20	160	
3	77	187	222
187	135	222	
1	59	273	211
273	7	155	211	
4	73	49	36
49	239	36	
2	72	11	292
11	239	22	292	
3	103	299	21
-1
1	63	134	22
134	97	22	
3	92	73	89
73	144	104	89	
1	114	161	15
161	37	15	
4	107	94	241
94	118	241	
4	106	129	287
129	14	68	287	
1	109	28	226
28	12	226	
1	110	58	250
58	251	209	250	
1	107	17	298
17	239	22	298	
3	68	20	60
20	246	60	
1	61	95	58
95	1	129	58	
