3	82	8	49
8	18	49	
3	91	60	81
60	155	81	
4	96	50	67
50	56	67	
1	81	54	67
54	145	67	
1	84	177	49
177	108	49	
2	85	198	170
198	35	170	
2	92	48	6
48	173	6	
2	91	192	44
192	6	44	
4	89	50	161
50	56	161	
4	88	179	21
179	14	21	
2	89	132	29
132	129	29	
4	89	6	40
6	52	40	
2	87	197	89
-1
3	94	185	143
-1
4	94	38	119
38	76	119	
1	95	43	69
43	121	69	
2	80	148	68
148	33	68	
3	83	60	59
60	51	59	
3	96	83	60
83	104	60	
1	96	44	39
44	125	2	39	
1	96	93	122
-1
4	95	142	127
-1
2	84	23	75
23	29	11	75	
4	98	170	59
170	27	59	
2	96	136	96
136	2	177	96	
2	96	150	138
150	7	138	
1	84	85	37
85	61	37	
3	82	178	48
178	179	48	
1	94	161	83
161	82	83	
2	92	9	126
-1
4	85	126	170
126	69	170	
4	91	174	63
174	57	63	
1	97	110	85
110	85	
3	95	86	7
-1
4	82	4	94
4	171	94	
3	92	40	44
40	164	44	
3	80	49	80
49	108	80	
3	88	173	57
173	73	57	
1	82	107	170
107	14	170	
4	87	101	178
101	34	178	
1	97	85	55
85	114	55	
1	99	190	29
-1
3	96	173	90
173	33	90	
2	94	30	175
30	7	150	175	
2	87	97	178
97	178	
3	82	60	169
60	41	169	
1	94	64	17
64	17	
2	82	104	189
104	60	37	189	
4	91	144	48
144	82	104	48	
1	81	66	100
66	170	100	
1	87	114	185
-1
3	95	83	126
83	38	126	
1	96	114	99
114	72	99	
2	90	182	80
-1
2	99	56	177
56	41	177	
3	88	176	188
-1
2	96	90	51
90	107	51	
3	97	84	106
84	178	106	
4	84	87	50
87	147	56	50	
3	83	10	115
10	115	
1	99	63	180
-1
2	85	171	62
171	57	62	
1	95	58	176
58	154	57	176	
1	94	35	157
35	161	56	157	
2	82	137	165
-1
1	89	17	92
17	118	15	92	
2	91	65	181
-1
4	89	33	17
33	17	
1	98	190	55
-1
3	92	194	16
-1
4	92	50	79
50	130	79	
3	85	89	49
89	9	49	
4	92	6	58
6	157	58	
4	89	21	92
21	4	92	
3	85	68	29
68	72	161	29	
2	96	90	197
90	7	197	
2	88	52	13
52	113	13	
2	84	15	45
15	19	123	45	
3	98	84	35
84	129	35	
2	94	154	180
-1
2	92	187	29
187	11	29	
2	92	151	118
151	60	118	
1	89	128	123
128	70	123	
3	93	81	96
81	155	96	
4	93	142	163
142	76	163	
2	89	167	4
167	4	
1	93	35	7
35	129	138	7	
3	97	83	174
83	128	174	
2	83	148	57
148	66	73	57	
2	83	18	11
18	167	11	
4	91	152	149
152	41	15	149	
1	80	116	51
116	41	60	51	
2	95	80	130
80	130	
2	90	102	10
102	9	10	
2	84	167	151
167	128	2	151	
3	99	60	69
-1
4	86	101	103
101	78	154	103	
2	99	154	138
-1
1	87	3	85
3	26	85	
4	89	87	54
87	54	
2	89	102	158
102	46	158	
4	91	145	25
145	9	25	
2	81	106	105
106	125	93	105	
1	90	93	158
93	26	158	
2	93	23	124
23	67	91	124	
4	93	19	183
-1
2	96	18	35
18	173	35	
3	85	24	140
24	118	53	140	
4	81	155	142
155	60	56	142	
1	94	95	180
95	146	180	
4	91	196	33
-1
2	96	46	178
46	33	178	
3	92	49	35
49	173	35	
2	89	30	127
30	20	46	127	
3	92	173	101
173	49	101	
2	86	18	119
18	168	119	
2	80	131	136
131	154	20	136	
1	99	99	160
99	82	160	
4	92	4	66
4	39	66	
4	84	145	160
145	83	82	160	
1	96	140	108
140	87	108	
1	85	43	153
43	138	27	153	
2	99	171	153
171	15	153	
1	97	3	183
3	26	183	
2	97	192	107
-1
2	95	56	124
56	41	91	124	
2	91	102	54
102	87	54	
2	82	182	153
182	8	153	
4	87	153	108
-1
2	99	18	53
-1
4	86	62	144
62	155	82	144	
2	90	90	138
90	7	138	
2	82	48	109
48	73	109	
2	96	39	111
-1
1	82	157	55
157	55	
4	97	174	110
-1
4	83	62	12
62	155	12	
4	87	133	145
-1
4	94	67	98
67	98	
1	98	66	115
66	32	115	
2	81	25	128
25	167	128	
1	99	43	169
43	41	169	
4	87	165	16
165	60	104	16	
3	89	40	7
40	39	7	
2	83	48	163
48	173	18	163	
1	93	163	88
163	13	88	
3	84	200	149
200	149	
1	80	43	33
43	34	33	
1	97	190	99
-1
2	83	197	165
-1
4	82	55	141
55	60	141	
2	91	9	136
9	136	
2	98	100	52
100	192	6	52	
1	84	99	91
99	6	91	
3	98	8	91
8	124	91	
1	98	172	53
172	128	2	53	
2	86	197	4
-1
4	91	33	199
-1
3	89	13	140
13	118	53	140	
1	85	91	136
91	154	20	136	
4	86	186	143
186	6	99	143	
1	93	161	151
161	1	151	
2	84	104	50
104	60	56	50	
4	87	62	148
62	53	148	
4	97	179	107
179	14	107	
2	81	9	78
-1
3	96	127	26
127	26	
2	94	146	58
-1
2	94	197	71
-1
4	81	98	113
98	67	52	113	
4	83	164	50
164	64	50	
4	93	170	10
170	14	10	
2	94	15	113
15	54	113	
3	93	159	127
159	71	127	
4	80	98	105
98	79	164	105	
4	89	175	65
175	6	65	
3	95	8	192
8	150	192	
2	92	45	89
45	88	89	
1	94	79	85
79	46	20	85	
4	86	5	182
5	147	8	182	
4	96	67	145
67	145	
1	97	22	66
22	70	170	66	
1	90	128	80
128	150	7	80	
4	96	82	191
82	83	128	191	
2	92	136	88
136	45	88	
3	96	96	15
-1
1	99	85	22
85	89	22	
2	87	52	18
52	40	18	
4	91	125	49
125	101	49	
4	85	19	53
19	118	53	
3	81	178	71
178	97	71	
4	87	186	45
186	48	45	
1	98	3	172
3	172	
1	88	85	5
85	5	
4	88	141	140
141	43	140	
1	82	53	187
53	43	41	187	
2	95	182	24
-1
1	93	53	75
53	43	133	75	
2	81	61	151
61	58	151	
2	85	104	170
104	35	170	
3	88	81	99
81	155	82	99	
1	92	3	36
3	37	36	
1	83	190	38
-1
4	87	160	123
160	70	123	
4	99	121	15
121	27	15	
2	97	169	20
169	63	20	
1	80	183	153
183	26	153	
4	87	170	5
170	5	
4	97	175	65
175	6	65	
2	98	28	121
28	121	
1	96	134	1
134	103	1	
4	83	62	3
62	136	3	
4	81	186	144
-1
3	95	81	56
81	155	60	56	
1	81	180	176
180	167	176	
4	80	19	96
19	124	96	
1	84	149	78
149	78	
4	89	101	199
101	39	7	199	
1	85	128	174
128	174	
2	85	106	1
106	59	1	
4	98	4	86
4	123	70	86	
4	80	153	99
153	50	99	
2	96	136	84
136	45	84	
4	91	109	164
-1
3	86	156	144
156	128	144	
4	93	170	114
170	15	72	114	
2	82	2	14
2	128	14	
2	80	187	115
-1
3	93	176	42
176	166	42	
4	86	181	99
-1
1	91	107	55
107	55	
3	90	185	7
-1
1	93	17	94
17	34	171	94	
4	89	193	155
193	12	155	
3	84	176	62
176	57	62	
1	89	134	31
134	84	31	
2	83	187	33
187	36	110	33	
1	97	69	19
69	121	19	
2	90	150	146
150	146	
4	89	155	126
155	97	126	
1	83	161	184
-1
1	81	53	120
53	120	
1	86	43	89
43	133	89	
3	80	68	33
68	33	
3	94	57	9
57	116	9	
4	96	141	142
141	60	56	142	
1	88	91	81
91	163	81	
4	98	6	149
6	155	60	149	
3	95	83	50
83	153	50	
4	81	153	5
153	15	118	5	
2	96	74	117
74	16	117	
2	96	97	169
97	18	169	
3	96	78	163
-1
3	88	57	183
-1
2	96	189	39
189	13	39	
1	90	183	132
-1
4	90	160	174
160	138	174	
1	90	120	131
-1
4	92	51	13
51	13	
4	88	126	117
126	38	117	
1	84	79	143
79	46	143	
1	85	16	39
16	123	4	39	
3	99	24	69
24	73	69	
1	81	120	125
120	53	125	
2	92	48	113
48	47	113	
2	95	137	48
-1
3	80	119	159
119	168	71	159	
4	90	181	78
-1
2	94	191	80
-1
1	82	3	6
3	37	6	
4	84	123	84
123	19	84	
3	83	8	51
8	107	51	
3	83	13	74
13	175	74	
3	99	84	145
84	19	145	
4	91	186	193
-1
3	90	78	81
78	140	81	
4	88	5	199
5	66	199	
3	86	105	179
105	151	1	179	
3	97	135	121
135	27	121	
3	82	129	76
129	100	76	
2	98	191	198
-1
4	80	196	5
196	39	5	
2	94	191	169
-1
4	98	6	53
6	65	53	
4	82	145	190
-1
2	94	148	67
148	67	
4	92	199	71
-1
4	90	7	175
7	150	175	
2	83	45	61
45	95	61	
1	98	163	189
163	18	189	
2	95	37	131
37	84	131	
4	92	147	78
147	56	157	78	
1	80	108	20
108	177	20	
1	84	94	25
94	75	25	
3	93	24	121
24	27	121	
4	91	147	69
-1
1	81	53	19
53	118	19	
4	87	6	25
6	186	25	
3	99	88	22
88	103	22	
1	99	91	136
91	154	20	136	
2	82	169	124
169	41	91	124	
2	99	197	71
-1
1	91	29	130
29	1	130	
4	87	181	23
181	9	161	23	
4	88	186	46
-1
4	88	179	144
179	82	144	
2	86	191	197
-1
3	82	24	2
24	11	125	2	
4	83	184	41
-1
4	90	155	132
155	6	132	
4	94	115	52
115	52	
1	96	157	48
157	56	165	48	
2	85	28	76
28	100	76	
3	87	119	57
119	168	17	57	
2	84	187	194
-1
3	88	127	172
127	3	172	
4	84	87	114
87	55	114	
1	97	113	90
113	47	105	90	
4	89	67	25
67	108	25	
1	80	43	179
43	14	179	
4	92	153	93
153	26	93	
3	91	139	49
139	25	108	49	
1	87	195	29
195	82	161	29	
1	95	180	147
-1
3	88	139	85
-1
4	91	144	163
-1
4	97	92	49
92	27	49	
3	86	188	113
-1
2	90	37	180
37	61	180	
4	88	126	22
126	20	46	22	
1	93	99	174
99	50	174	
4	93	123	113
123	4	113	
3	81	194	59
-1
4	80	141	39
141	40	39	
2	84	48	177
48	173	6	177	
2	99	148	120
148	53	120	
2	87	20	163
20	163	
4	92	109	150
-1
3	91	135	138
135	27	138	
2	92	137	64
137	46	64	
3	97	117	114
-1
1	81	190	36
-1
1	80	16	29
16	123	29	
3	98	117	122
117	33	122	
3	86	117	169
-1
2	98	154	69
154	69	
4	80	153	88
153	26	88	
4	82	152	148
152	41	66	148	
1	99	64	82
-1
1	94	107	170
107	14	170	
4	87	19	38
19	117	38	
2	82	9	28
9	186	28	
1	83	110	195
110	36	195	
1	84	70	63
70	160	63	
2	84	20	132
20	177	6	132	
4	92	147	85
147	5	85	
2	91	97	189
97	189	
3	98	57	92
57	15	92	
3	91	119	108
119	34	171	108	
1	80	71	14
71	120	14	
1	98	85	185
-1
4	97	165	193
-1
1	91	79	102
79	46	102	
1	85	22	124
22	75	124	
3	96	86	143
86	70	143	
1	80	71	41
71	60	41	
4	80	123	137
123	34	137	
2	92	167	146
167	128	146	
4	91	5	64
5	46	64	
3	84	77	86
77	132	86	
1	88	69	171
69	34	171	
1	92	99	87
99	125	87	
3	94	156	165
156	48	165	
3	89	159	187
-1
2	83	25	72
25	82	72	
4	84	21	94
21	164	105	94	
1	92	54	169
54	169	
2	97	26	135
26	88	135	
2	93	90	139
90	25	139	
2	98	61	167
61	144	128	167	
2	80	198	36
-1
4	86	166	134
-1
1	83	79	42
79	34	42	
2	89	45	152
45	66	41	152	
1	80	134	128
134	65	2	128	
1	86	69	149
69	121	27	149	
1	94	93	154
93	154	
2	88	158	179
158	15	171	179	
2	98	167	21
167	21	
2	85	192	81
192	81	
4	92	103	78
103	154	78	
3	97	135	196
135	69	196	
1	90	54	26
54	153	26	
2	82	137	22
137	22	
4	89	6	107
6	155	14	107	
4	89	98	175
-1
3	94	84	20
84	45	20	
4	85	38	177
38	2	177	
3	85	78	95
78	148	95	
3	85	57	87
57	15	87	
