4	308	189	2
-1
2	314	18	132
18	132	
1	316	113	28
113	28	
4	305	54	113
-1
4	319	199	174
-1
3	306	122	102
-1
2	317	77	56
-1
4	304	156	195
-1
3	315	71	148
71	60	148	
2	313	4	129
4	171	129	
3	307	62	117
-1
4	318	182	86
-1
3	317	188	150
-1
1	301	164	3
164	3	
2	306	2	153
-1
2	307	33	27
-1
3	315	39	103
-1
4	309	148	10
148	17	10	
3	317	52	32
52	164	32	
3	305	39	35
-1
2	313	5	49
5	49	
2	311	172	182
-1
4	300	22	170
-1
2	315	51	85
-1
2	319	192	86
-1
2	305	59	118
-1
4	319	178	109
-1
2	308	153	8
153	70	8	
1	300	123	60
-1
2	306	192	50
192	2	50	
3	306	37	54
-1
1	308	102	177
-1
2	309	5	198
-1
4	305	106	48
-1
1	303	113	192
-1
1	300	72	50
72	88	50	
4	300	10	179
-1
2	308	49	132
-1
1	319	50	6
50	6	
3	308	130	197
-1
4	302	148	185
-1
3	318	15	38
-1
3	308	15	43
15	174	43	
4	307	136	148
-1
3	318	141	60
141	60	
4	319	184	83
-1
1	318	97	44
-1
1	301	117	93
-1
1	306	97	142
-1
4	314	136	23
-1
1	318	25	170
25	66	170	
1	315	119	136
-1
3	317	37	150
-1
1	316	57	85
57	105	85	
3	307	125	178
125	45	178	
1	302	183	161
-1
2	305	195	9
195	8	9	
2	309	33	126
-1
4	302	106	174
-1
1	304	32	110
-1
4	306	58	86
58	86	
1	313	116	4
116	4	
4	303	163	40
-1
4	319	53	49
53	121	49	
4	316	41	173
-1
3	309	89	107
89	30	107	
1	317	123	101
-1
2	314	48	85
48	14	85	
2	308	18	190
18	46	190	
3	309	80	173
-1
1	314	117	30
117	34	30	
3	317	75	97
-1
4	308	168	60
-1
4	316	163	64
163	29	64	
2	308	195	104
-1
1	307	3	144
3	53	144	
2	319	172	66
172	10	66	
1	304	102	114
-1
3	305	108	83
108	15	83	
4	318	136	114
-1
4	319	177	182
-1
2	316	151	56
-1
3	307	80	176
-1
2	310	49	90
49	90	
4	305	17	84
17	9	84	
4	309	158	87
-1
2	314	5	10
5	10	
4	319	104	63
-1
2	301	40	171
40	88	171	
1	315	166	58
166	72	58	
3	316	16	35
16	71	35	
4	304	95	137
95	34	137	
2	311	23	17
23	103	17	
4	300	10	65
10	138	65	
2	316	12	33
-1
4	314	70	190
-1
1	315	119	194
-1
2	318	33	50
-1
3	308	13	89
-1
2	317	26	6
-1
2	311	153	21
-1
1	308	110	68
-1
2	316	26	90
-1
1	312	117	52
-1
2	304	49	15
49	108	15	
4	314	65	84
65	158	84	
1	319	119	154
119	83	154	
2	308	135	187
-1
3	317	13	151
13	27	151	
3	302	13	128
-1
4	315	70	81
70	138	81	
2	302	114	142
114	122	142	
1	303	94	167
94	34	167	
4	306	90	35
90	93	35	
4	313	54	83
-1
1	316	98	148
-1
3	310	84	18
84	41	18	
2	308	64	152
-1
3	310	92	116
-1
2	309	161	80
161	123	80	
4	309	36	102
36	51	102	
1	310	131	167
131	34	167	
3	308	45	60
45	141	60	
2	302	200	101
200	7	101	
4	317	7	154
7	56	154	
1	304	180	3
180	3	
3	313	188	87
188	29	87	
4	317	150	102
150	15	102	
1	304	50	145
-1
3	304	52	106
-1
4	317	182	93
-1
3	303	191	23
-1
1	302	94	19
-1
2	314	114	18
114	120	18	
4	319	17	24
-1
4	301	106	155
106	100	155	
3	319	142	95
142	69	95	
2	312	195	196
-1
1	317	152	46
-1
4	314	177	49
177	49	
2	306	33	30
33	30	
2	300	190	173
190	49	173	
1	318	113	18
113	43	18	
1	315	47	131
-1
3	319	81	99
81	170	99	
1	305	20	4
-1
1	319	113	145
113	7	145	
3	307	45	140
-1
2	312	77	43
77	30	43	
1	312	6	171
6	171	
2	302	40	3
40	88	3	
4	306	118	192
118	2	192	
2	303	18	56
18	72	56	
4	313	136	102
-1
1	312	72	182
-1
1	307	183	153
-1
2	312	48	18
-1
1	303	160	62
-1
1	317	67	90
67	178	90	
1	308	171	48
-1
1	310	123	39
-1
1	314	57	157
57	54	157	
4	309	163	174
-1
1	311	38	62
-1
3	304	44	133
-1
4	317	148	67
148	73	67	
2	314	55	66
55	105	66	
2	307	59	25
59	25	
2	308	2	43
2	112	43	
2	315	140	165
-1
2	306	48	40
48	40	
1	302	110	48
110	19	48	
1	307	164	163
-1
1	308	74	200
-1
4	312	85	43
85	62	43	
3	318	181	190
-1
3	304	78	197
78	5	197	
4	300	144	55
-1
2	315	23	9
23	173	9	
2	311	192	100
-1
3	310	159	99
-1
4	310	165	8
165	70	8	
4	312	79	172
79	87	172	
1	303	119	197
-1
1	318	67	33
67	34	33	
3	319	52	13
-1
4	315	150	91
150	98	91	
1	302	66	186
66	10	186	
4	310	7	161
7	161	
1	309	94	104
94	79	104	
4	307	145	62
145	99	62	
3	306	188	179
-1
3	317	78	9
78	9	
1	305	82	127
-1
3	317	37	146
37	86	146	
2	310	35	197
35	100	197	
1	312	175	98
175	41	98	
3	309	62	164
62	32	164	
2	309	4	170
4	57	170	
2	312	154	15
154	83	15	
4	306	155	159
-1
4	304	54	98
54	157	98	
2	304	161	175
-1
2	311	190	8
-1
3	308	16	45
16	178	45	
1	304	73	79
73	104	79	
4	301	95	5
-1
4	304	7	67
7	178	67	
1	305	57	22
57	103	22	
2	319	18	128
18	46	128	
1	310	131	82
-1
1	307	57	136
57	54	136	
1	314	113	96
-1
4	301	177	85
177	69	85	
3	317	120	52
120	112	52	
4	308	8	125
8	18	125	
3	312	92	19
-1
2	310	26	178
-1
3	304	122	186
-1
3	311	188	3
-1
1	304	19	85
-1
4	319	9	141
-1
2	306	49	53
49	147	53	
3	303	63	182
-1
4	314	36	53
36	68	53	
4	310	54	61
54	136	61	
1	309	102	104
-1
4	318	106	81
106	85	81	
4	315	129	3
129	153	3	
4	317	173	190
173	49	190	
4	302	144	160
-1
4	314	148	121
148	126	121	
2	319	40	169
40	70	169	
4	312	178	183
-1
4	304	1	170
-1
2	304	28	175
-1
4	300	178	28
178	7	28	
3	300	99	134
99	170	134	
3	302	197	62
-1
4	303	184	186
-1
4	315	22	81
-1
1	315	96	180
-1
3	315	62	19
62	36	19	
3	317	81	149
-1
2	318	185	101
-1
2	313	190	128
-1
1	300	6	106
6	106	
4	305	126	4
126	1	4	
4	318	79	153
-1
3	303	81	136
-1
4	303	177	109
-1
1	303	32	156
32	70	156	
4	313	7	170
-1
4	313	54	2
54	157	2	
2	314	83	187
-1
3	301	81	176
-1
4	318	54	181
-1
4	314	7	107
-1
3	306	92	185
-1
3	313	191	17
191	9	17	
1	314	74	193
-1
2	301	190	176
-1
4	310	85	134
-1
4	312	150	187
-1
1	318	164	69
164	48	69	
3	305	78	150
78	98	150	
3	305	71	155
-1
2	303	170	161
170	134	161	
4	319	24	53
-1
4	308	182	43
-1
3	312	27	68
-1
3	308	181	57
181	50	57	
2	301	195	141
-1
4	300	177	91
-1
4	308	9	6
9	1	6	
3	309	179	83
179	15	83	
3	304	76	153
76	153	
2	316	2	74
2	110	74	
1	308	137	97
-1
1	302	57	78
-1
1	302	97	57
-1
4	318	129	189
-1
1	311	137	183
-1
2	313	31	160
-1
1	310	111	120
111	18	120	
3	312	11	51
11	51	
3	316	13	126
13	75	126	
4	302	169	79
169	135	79	
4	318	85	16
-1
1	308	6	24
6	111	24	
3	304	121	120
-1
1	312	102	48
-1
2	307	93	137
93	40	137	
3	318	176	119
176	83	119	
4	317	101	181
-1
2	319	31	191
31	20	191	
2	305	195	3
-1
3	303	63	123
63	1	123	
2	310	5	8
5	8	
3	313	44	13
44	168	13	
2	304	64	84
64	154	84	
2	312	140	186
-1
3	300	52	78
-1
2	318	51	5
-1
4	318	9	105
9	55	105	
3	300	87	135
87	161	135	
4	315	118	129
118	175	129	
1	317	123	191
123	12	191	
3	304	159	196
-1
2	308	161	191
-1
2	312	35	6
35	65	6	
3	309	179	145
179	51	145	
1	306	123	148
-1
4	310	155	199
-1
2	314	153	7
153	145	7	
1	300	131	45
131	45	
2	308	4	163
4	68	163	
4	310	79	37
79	104	37	
3	317	76	147
76	147	
2	319	33	108
-1
4	304	1	94
-1
2	300	5	24
5	75	24	
2	308	194	147
-1
2	318	12	53
12	138	53	
1	304	82	6
82	6	
4	301	8	88
8	50	88	
1	315	20	91
20	85	91	
1	303	160	169
-1
3	310	43	197
43	18	197	
3	309	120	29
120	18	29	
3	302	92	181
-1
2	305	68	186
68	21	186	
4	303	189	179
189	12	179	
4	316	9	191
9	191	
3	301	27	24
27	24	
1	300	3	184
-1
4	311	24	155
-1
1	311	111	115
111	62	115	
2	307	35	157
35	17	157	
1	315	57	28
-1
1	316	186	119
186	5	119	
4	313	8	187
8	187	
2	311	5	127
5	74	127	
2	313	149	87
-1
4	309	145	113
145	7	113	
1	304	98	67
-1
4	318	90	43
-1
2	312	21	153
-1
1	308	73	139
-1
1	308	72	195
-1
4	306	148	180
148	23	180	
4	304	156	139
156	94	139	
2	302	149	144
149	34	144	
1	308	72	92
72	18	92	
3	312	138	188
-1
3	319	27	37
27	37	
2	301	51	126
51	36	126	
2	313	29	99
-1
1	312	74	123
74	123	
1	318	74	194
-1
1	318	102	141
-1
4	316	1	48
-1
4	319	85	148
85	60	148	
2	302	200	20
-1
2	309	48	109
-1
1	317	113	135
-1
3	303	92	137
-1
1	313	113	117
-1
1	315	38	190
-1
1	308	102	16
102	71	16	
2	301	161	117
-1
4	308	199	117
-1
1	308	127	154
-1
4	307	199	153
-1
2	307	161	152
-1
3	301	63	64
-1
2	309	200	107
-1
3	317	15	19
15	83	19	
4	307	128	9
128	73	9	
4	314	163	110
-1
4	302	144	70
-1
4	311	65	20
-1
2	304	185	147
-1
4	308	53	97
53	83	97	
3	311	92	57
-1
3	307	39	119
-1
1	313	72	71
-1
4	304	41	85
-1
4	312	79	165
-1
4	301	58	79
58	79	
3	303	52	22
-1
1	302	66	86
-1
3	300	197	71
-1
3	316	81	123
-1
2	305	21	167
21	167	
1	303	113	5
113	26	5	
2	305	172	77
172	177	77	
2	310	185	69
-1
4	306	169	99
-1
1	304	113	156
113	70	156	
