3	317	75	97
-1
1	308	168	60
-1
3	316	163	64
-1
3	308	195	104
195	21	104	
3	307	3	144
-1
4	319	172	66
172	46	66	
1	304	102	114
-1
4	305	108	83
-1
3	318	136	114
-1
4	319	177	182
-1
4	316	151	56
-1
3	307	80	176
-1
3	310	49	90
49	103	90	
3	305	17	84
17	29	84	
2	309	158	87
158	101	87	
4	314	5	10
5	129	10	
2	319	104	63
104	23	63	
4	301	40	171
40	111	171	
3	315	166	58
-1
2	316	16	35
16	161	35	
3	304	95	137
-1
1	311	23	17
23	125	17	
1	300	10	65
-1
4	316	12	33
12	41	33	
1	314	70	190
70	32	190	
2	315	119	194
-1
2	318	33	50
33	99	50	
4	308	13	89
13	128	89	
4	317	26	6
-1
2	311	153	21
153	18	21	
4	308	110	68
-1
4	316	26	90
26	90	
1	312	117	52
-1
3	304	49	15
49	15	
1	314	65	84
-1
2	319	119	154
119	106	154	
1	308	135	187
-1
4	317	13	151
-1
4	302	13	128
13	128	
1	315	70	81
70	32	81	
1	302	114	142
-1
4	303	94	167
-1
3	306	90	35
90	137	35	
1	313	54	83
54	76	83	
1	316	98	148
98	87	148	
3	310	84	18
-1
3	308	64	152
64	152	
1	310	92	116
-1
2	309	161	80
-1
1	309	36	102
-1
1	310	131	167
131	6	167	
4	308	45	60
-1
4	302	200	101
-1
1	317	7	154
7	101	154	
3	304	180	3
-1
4	313	188	87
-1
3	317	150	102
150	44	102	
1	304	50	145
-1
2	304	52	106
-1
4	317	182	93
-1
4	303	191	23
-1
4	302	94	19
94	53	19	
1	314	114	18
-1
3	319	17	24
17	103	24	
1	301	106	155
-1
3	319	142	95
-1
3	312	195	196
-1
4	317	152	46
-1
4	314	177	49
-1
2	306	33	30
33	78	30	
1	300	190	173
190	32	173	
2	318	113	18
-1
3	315	47	131
47	120	131	
2	319	81	99
81	44	99	
3	305	20	4
20	119	4	
2	319	113	145
-1
4	307	45	140
-1
1	312	77	43
77	155	43	
2	312	6	171
6	45	171	
4	302	40	3
40	3	
2	306	118	192
118	38	192	
2	303	18	56
18	58	56	
3	313	136	102
136	7	102	
2	312	72	182
-1
3	307	183	153
183	2	153	
3	312	48	18
48	83	18	
4	303	160	62
-1
3	317	67	90
-1
4	308	171	48
171	70	48	
1	310	123	39
123	57	39	
4	314	57	157
57	158	157	
3	309	163	174
163	50	174	
2	311	38	62
38	62	
2	304	44	133
-1
4	317	148	67
148	78	67	
2	314	55	66
55	122	66	
2	307	59	25
59	109	25	
1	308	2	43
2	14	43	
4	315	140	165
140	105	165	
3	306	48	40
-1
4	302	110	48
110	175	48	
1	307	164	163
-1
4	308	74	200
-1
3	312	85	43
85	161	43	
4	318	181	190
-1
1	304	78	197
-1
2	300	144	55
-1
1	315	23	9
23	165	9	
3	311	192	100
-1
4	310	159	99
-1
2	310	165	8
165	99	8	
3	312	79	172
79	172	
2	303	119	197
-1
3	318	67	33
67	33	
2	319	52	13
52	168	13	
3	315	150	91
150	173	91	
3	302	66	186
-1
1	310	7	161
7	132	161	
4	309	94	104
-1
3	307	145	62
145	136	62	
4	306	188	179
-1
1	317	78	9
78	82	9	
3	305	82	127
82	1	127	
2	317	37	146
-1
2	310	35	197
-1
1	312	175	98
-1
4	309	62	164
62	38	164	
1	309	4	170
-1
4	312	154	15
154	74	15	
2	306	155	159
155	14	159	
1	304	54	98
54	149	98	
2	304	161	175
161	16	175	
1	311	190	8
190	32	8	
2	308	16	45
16	42	45	
1	304	73	79
73	123	79	
3	301	95	5
95	67	5	
1	304	7	67
-1
4	305	57	22
-1
2	319	18	128
-1
1	310	131	82
-1
4	307	57	136
-1
2	314	113	96
113	158	96	
4	301	177	85
-1
1	317	120	52
-1
2	308	8	125
8	125	
1	312	92	19
-1
4	310	26	178
26	20	178	
4	304	122	186
-1
4	311	188	3
-1
3	304	19	85
19	130	85	
2	319	9	141
9	37	141	
3	306	49	53
-1
2	303	63	182
-1
1	314	36	53
36	68	53	
1	310	54	61
-1
1	309	102	104
102	33	104	
1	318	106	81
106	95	81	
3	315	129	3
-1
4	317	173	190
-1
2	302	144	160
144	33	160	
4	314	148	121
148	90	121	
4	319	40	169
-1
2	312	178	183
-1
1	304	1	170
-1
4	304	28	175
-1
2	300	178	28
-1
4	300	99	134
99	134	
1	302	197	62
-1
1	303	184	186
-1
2	315	22	81
22	7	81	
3	315	96	180
-1
4	315	62	19
-1
2	317	81	149
-1
3	318	185	101
-1
1	313	190	128
-1
2	300	6	106
6	131	106	
3	305	126	4
-1
3	318	79	153
-1
2	303	81	136
81	136	
4	303	177	109
-1
2	303	32	156
-1
1	313	7	170
7	170	
1	313	54	2
-1
4	314	83	187
-1
2	301	81	176
81	52	176	
1	318	54	181
-1
1	314	7	107
7	107	
1	306	92	185
-1
4	313	191	17
191	9	17	
4	314	74	193
-1
1	301	190	176
190	17	176	
3	310	85	134
-1
3	312	150	187
-1
1	318	164	69
164	15	69	
1	305	78	150
78	12	150	
1	305	71	155
-1
1	303	170	161
-1
1	319	24	53
-1
4	308	182	43
182	52	43	
2	312	27	68
27	171	68	
4	308	181	57
-1
3	301	195	141
-1
4	300	177	91
177	120	91	
2	308	9	6
9	168	6	
1	309	179	83
179	19	83	
1	304	76	153
-1
1	316	2	74
-1
3	308	137	97
-1
4	302	57	78
57	12	78	
2	302	97	57
-1
3	318	129	189
129	48	189	
3	311	137	183
137	2	183	
3	313	31	160
31	160	
2	310	111	120
111	47	120	
4	312	11	51
11	118	51	
4	316	13	126
13	168	126	
4	302	169	79
-1
3	318	85	16
85	161	16	
2	308	6	24
6	39	24	
1	304	121	120
-1
1	312	102	48
102	48	
3	307	93	137
93	53	137	
2	318	176	119
176	11	119	
1	317	101	181
-1
3	319	31	191
-1
3	305	195	3
195	3	
2	303	63	123
63	41	123	
4	310	5	8
-1
2	313	44	13
44	13	
3	304	64	84
64	39	84	
4	312	140	186
-1
2	300	52	78
52	68	78	
1	318	51	5
51	133	5	
2	318	9	105
9	165	105	
2	300	87	135
87	113	135	
2	315	118	129
-1
1	317	123	191
-1
4	304	159	196
-1
2	308	161	191
-1
2	312	35	6
35	177	6	
1	309	179	145
-1
1	306	123	148
123	73	148	
2	310	155	199
-1
2	314	153	7
153	41	7	
1	300	131	45
131	6	45	
1	308	4	163
4	50	163	
3	310	79	37
79	125	37	
1	317	76	147
76	99	147	
2	319	33	108
-1
1	304	1	94
1	85	94	
4	300	5	24
5	24	
2	308	194	147
-1
4	318	12	53
12	57	53	
3	304	82	6
-1
2	301	8	88
8	139	88	
3	315	20	91
-1
4	303	160	169
-1
3	310	43	197
-1
1	309	120	29
120	47	29	
1	302	92	181
-1
2	305	68	186
-1
2	303	189	179
-1
2	316	9	191
9	191	
2	301	27	24
-1
3	300	3	184
3	184	
1	311	24	155
24	155	
2	311	111	115
111	165	115	
2	307	35	157
-1
4	315	57	28
57	154	28	
4	316	186	119
-1
2	313	8	187
-1
4	311	5	127
-1
4	313	149	87
149	87	
3	309	145	113
-1
1	304	98	67
98	87	67	
3	318	90	43
90	137	43	
4	312	21	153
21	18	153	
1	308	73	139
-1
2	308	72	195
72	21	195	
4	306	148	180
148	90	180	
1	304	156	139
-1
4	302	149	144
-1
2	308	72	92
72	138	92	
2	312	138	188
-1
2	319	27	37
27	171	37	
1	301	51	126
51	168	126	
1	313	29	99
29	99	
4	312	74	123
74	15	123	
4	318	74	194
-1
1	318	102	141
-1
1	316	1	48
-1
3	319	85	148
-1
4	302	200	20
-1
3	309	48	109
-1
2	317	113	135
113	135	
1	303	92	137
92	90	137	
2	313	113	117
113	33	117	
2	315	38	190
-1
1	308	102	16
102	46	16	
2	301	161	117
161	62	117	
2	308	199	117
-1
1	308	127	154
127	12	154	
2	307	199	153
-1
2	307	161	152
161	88	152	
2	301	63	64
63	64	
4	309	200	107
-1
3	317	15	19
-1
4	307	128	9
128	82	9	
3	314	163	110
163	147	110	
2	302	144	70
144	70	
1	311	65	20
-1
3	304	185	147
-1
2	308	53	97
53	189	97	
1	311	92	57
-1
2	307	39	119
39	4	119	
2	313	72	71
72	116	71	
3	304	41	85
-1
3	312	79	165
-1
4	301	58	79
58	56	79	
2	303	52	22
-1
3	302	66	86
66	146	86	
1	300	197	71
197	71	
2	316	81	123
-1
4	305	21	167
21	167	
2	303	113	5
-1
4	305	172	77
-1
3	310	185	69
-1
4	306	169	99
-1
2	304	113	156
-1
3	306	15	159
15	132	159	
3	311	90	25
90	4	25	
1	313	184	21
-1
2	308	25	54
-1
2	314	113	26
-1
4	318	58	90
-1
4	306	74	61
-1
4	315	159	198
159	16	198	
2	313	81	166
-1
4	301	167	79
167	50	79	
3	311	84	45
84	120	45	
1	307	70	134
-1
1	308	141	69
-1
1	313	187	93
187	63	93	
2	318	155	158
155	57	158	
4	300	89	167
-1
1	300	179	192
-1
3	317	146	103
-1
4	315	133	135
-1
2	305	18	54
-1
4	301	11	137
11	137	
3	306	163	6
-1
3	314	90	98
-1
1	319	190	84
-1
3	316	95	38
-1
4	314	26	78
-1
2	306	46	57
46	158	57	
3	308	126	154
-1
1	302	156	38
156	91	38	
4	307	151	7
151	7	
2	303	176	18
176	11	18	
1	308	197	132
-1
2	306	55	173
55	157	173	
1	301	29	115
-1
3	311	48	9
48	9	
1	308	24	34
24	154	34	
2	316	119	79
-1
2	301	158	157
158	157	
2	310	97	112
97	112	
4	317	171	14
171	70	14	
4	306	99	141
99	76	141	
4	309	162	89
162	146	89	
3	301	31	143
31	143	
4	315	149	171
149	78	171	
3	304	150	19
-1
3	309	93	194
-1
4	300	162	64
162	3	64	
1	316	190	20
190	17	20	
4	319	172	116
172	71	116	
3	304	142	87
142	47	87	
1	304	71	185
71	185	
4	312	169	98
169	68	98	
2	314	198	128
198	13	128	
4	316	152	28
-1
3	314	67	130
67	176	130	
2	300	143	22
143	7	22	
2	303	53	135
53	68	135	
3	315	145	125
-1
3	310	41	96
-1
4	308	152	189
-1
1	304	76	12
76	196	12	
1	302	92	132
92	132	
2	301	44	130
-1
3	309	90	81
-1
4	318	58	99
-1
4	311	45	42
45	42	
2	306	25	46
25	4	46	
2	310	68	190
68	3	190	
4	317	83	182
-1
3	317	166	85
166	1	85	
3	308	134	112
134	97	112	
