3	314	261	233
-1
3	306	115	277
-1
2	304	188	132
-1
2	301	294	74
-1
3	315	252	52
-1
2	307	231	230
-1
3	302	299	84
-1
1	306	60	260
-1
4	317	48	296
-1
2	304	231	207
-1
4	308	86	219
-1
1	304	212	33
-1
2	315	139	273
-1
1	301	163	266
-1
2	312	76	270
-1
1	301	191	200
-1
2	317	70	250
-1
1	308	224	9
-1
2	304	11	56
-1
4	302	240	287
240	8	287	
2	300	24	124
24	87	124	
3	304	144	87
-1
2	316	188	225
-1
2	314	116	139
-1
2	303	169	214
-1
3	314	221	157
-1
3	304	255	278
-1
2	312	124	202
-1
3	300	252	264
-1
4	318	128	203
-1
4	301	210	278
-1
4	307	210	121
-1
2	304	295	60
-1
2	302	103	175
-1
2	308	177	43
-1
3	316	272	16
-1
1	305	267	22
-1
1	306	263	145
-1
3	309	215	96
-1
3	303	27	276
27	276	
3	300	125	185
-1
3	312	98	147
-1
2	312	158	193
-1
4	318	142	295
-1
4	313	16	224
-1
2	308	156	195
-1
1	301	152	213
-1
1	305	178	175
-1
2	312	156	142
-1
3	307	98	220
-1
2	304	241	45
-1
3	310	114	142
-1
3	302	106	299
-1
4	316	210	192
-1
3	311	189	208
-1
3	306	262	63
-1
3	310	102	267
-1
1	317	263	196
-1
3	310	268	51
-1
3	309	172	200
-1
2	305	300	193
-1
4	307	64	6
-1
2	317	274	163
-1
4	309	128	73
-1
1	316	224	13
-1
4	310	296	274
-1
2	316	14	75
-1
4	311	296	37
-1
4	314	205	56
-1
3	313	255	227
-1
4	305	277	278
-1
4	302	42	93
-1
1	317	249	118
-1
4	301	207	245
-1
3	313	108	221
-1
4	306	164	268
-1
3	312	34	281
-1
2	308	223	28
-1
2	315	6	233
-1
1	301	140	239
-1
1	311	226	215
-1
3	303	151	9
-1
1	301	186	257
-1
2	305	83	215
-1
1	305	104	22
-1
2	304	137	237
-1
4	316	195	23
-1
3	304	27	245
-1
2	308	247	250
-1
4	306	222	142
-1
1	313	175	67
-1
3	301	106	269
-1
1	309	130	206
-1
2	316	23	288
-1
4	309	160	143
-1
3	306	218	31
-1
2	300	242	225
-1
3	304	299	3
-1
2	305	83	249
-1
3	318	151	222
-1
3	304	209	97
-1
3	305	182	254
-1
3	310	215	83
-1
4	310	205	157
-1
2	304	161	17
-1
1	315	190	234
-1
1	319	208	175
-1
1	314	248	173
-1
2	302	232	7
-1
2	316	270	209
-1
4	312	148	118
-1
2	317	145	51
-1
3	312	162	266
-1
1	308	84	170
-1
2	304	46	82
-1
3	317	151	271
-1
4	304	286	179
-1
2	316	97	178
-1
1	315	211	162
-1
3	303	26	131
-1
3	312	62	30
-1
3	303	246	226
-1
2	300	83	139
-1
2	309	107	223
-1
1	302	236	268
-1
4	304	80	170
-1
4	302	210	155
-1
4	312	214	4
-1
4	313	142	214
-1
1	303	77	291
-1
3	304	221	104
-1
2	302	233	101
-1
4	300	48	184
-1
4	302	128	290
-1
3	302	129	277
-1
1	311	211	57
-1
4	318	16	18
-1
4	301	50	231
-1
3	306	262	72
-1
2	317	35	149
-1
4	300	290	121
-1
3	301	275	53
-1
2	316	237	101
-1
4	317	37	228
-1
3	306	112	57
-1
3	302	206	19
-1
2	311	169	34
-1
3	301	287	84
-1
3	304	108	97
-1
2	312	247	132
-1
2	312	24	121
-1
4	317	256	147
-1
3	317	289	135
-1
1	316	257	224
-1
1	304	267	35
-1
4	303	253	292
-1
2	316	295	160
-1
3	311	106	147
-1
4	308	199	6
199	6	
4	311	63	252
-1
4	311	128	27
-1
3	310	12	35
-1
1	304	249	23
-1
3	307	38	32
-1
3	313	55	298
-1
2	304	231	250
-1
4	304	74	296
74	6	296	
2	302	3	153
-1
1	307	66	51
-1
2	311	174	165
-1
1	317	217	292
-1
4	303	81	56
-1
3	318	91	4
91	4	
4	309	235	94
-1
3	306	55	200
-1
4	315	260	130
-1
2	302	105	256
-1
2	314	161	258
-1
4	316	63	75
-1
2	300	270	1
-1
2	304	233	217
-1
2	319	223	297
-1
3	314	246	87
-1
4	319	44	74
-1
4	318	173	180
-1
4	308	51	139
-1
1	315	178	243
-1
2	304	300	155
-1
2	318	274	217
-1
4	318	50	239
-1
2	315	43	171
-1
1	303	79	145
-1
1	310	170	91
-1
1	315	264	186
-1
4	314	256	111
-1
2	304	94	161
-1
3	319	114	39
-1
1	313	89	38
-1
1	310	73	64
73	3	64	
3	300	184	165
-1
2	302	242	207
-1
2	307	269	37
-1
3	309	293	206
-1
2	314	155	222
-1
1	316	90	177
-1
4	317	256	270
-1
4	307	260	136
-1
2	316	259	224
-1
2	319	113	49
-1
4	316	235	232
235	10	232	
3	314	47	173
-1
2	311	29	194
-1
1	316	208	186
-1
2	309	177	40
-1
1	305	84	129
84	18	129	
4	307	100	136
-1
2	302	29	95
-1
4	317	296	54
-1
2	305	105	218
-1
4	308	276	204
-1
3	313	12	250
-1
2	306	7	278
-1
3	303	38	186
-1
3	302	26	114
26	114	
1	302	236	197
-1
1	317	73	49
73	106	49	
2	311	232	129
-1
2	316	174	125
-1
3	305	144	281
-1
2	308	161	256
-1
3	317	110	268
-1
2	315	35	274
-1
4	312	101	63
-1
1	317	104	88
-1
3	314	198	75
-1
3	314	120	148
-1
3	302	229	79
-1
2	318	132	5
-1
2	318	141	200
-1
1	306	66	60
-1
4	313	195	221
-1
3	318	272	255
-1
1	312	79	107
-1
3	319	71	262
-1
3	306	229	159
-1
2	305	35	30
-1
2	303	241	10
-1
2	319	223	142
-1
4	310	134	282
-1
2	310	24	47
-1
1	302	170	241
-1
2	309	283	265
-1
4	315	173	43
-1
3	309	125	166
-1
1	307	217	146
-1
2	309	83	232
-1
4	318	148	172
-1
2	311	43	146
-1
2	312	295	279
-1
2	311	145	3
-1
2	303	107	172
-1
4	307	42	207
-1
2	310	231	131
-1
4	315	278	256
-1
3	312	287	224
-1
4	303	207	6
-1
1	314	208	205
-1
3	311	166	247
-1
2	310	70	241
-1
3	304	202	138
-1
1	315	185	244
-1
3	313	109	285
-1
4	304	296	267
-1
4	311	278	245
-1
3	314	125	283
-1
3	311	117	241
-1
3	315	40	148
-1
1	301	186	66
-1
1	314	178	135
-1
4	311	200	88
-1
1	306	224	273
-1
4	311	171	133
-1
2	309	25	128
-1
1	313	61	106
-1
2	316	52	282
-1
3	308	18	99
-1
3	316	289	190
-1
4	301	164	76
-1
4	307	37	5
-1
3	314	151	204
-1
2	318	154	127
-1
4	310	153	297
-1
4	318	136	73
-1
4	315	85	185
-1
4	308	279	236
-1
4	306	207	5
-1
2	316	75	293
-1
3	303	143	208
-1
4	319	276	245
-1
4	302	243	147
-1
2	300	298	1
-1
4	308	128	153
-1
3	301	39	288
-1
3	305	129	124
129	18	124	
2	313	24	102
-1
3	309	4	60
-1
2	302	31	187
-1
3	309	299	29
-1
2	305	94	5
-1
3	312	193	299
-1
2	304	247	296
-1
1	308	127	124
-1
3	307	55	214
-1
3	310	108	42
-1
2	312	46	117
-1
2	303	271	120
-1
4	309	200	202
-1
2	310	122	200
-1
3	306	4	45
-1
3	304	129	237
-1
4	312	153	183
-1
2	307	177	61
-1
2	300	105	116
-1
3	301	72	275
-1
1	309	163	20
-1
2	308	107	290
-1
3	310	110	242
-1
2	301	52	63
-1
4	306	74	118
-1
4	302	100	299
-1
2	317	176	151
-1
1	317	248	28
-1
2	304	247	132
-1
2	311	107	204
-1
1	310	60	118
-1
3	312	129	224
-1
2	313	70	85
-1
4	307	160	188
-1
3	317	201	261
-1
3	315	39	112
-1
3	305	114	288
-1
3	312	71	287
-1
1	316	140	234
-1
1	311	77	92
77	30	92	
3	308	288	152
-1
2	311	270	32
-1
2	307	242	101
-1
4	315	207	12
-1
3	307	287	265
-1
3	319	184	3
-1
1	318	79	116
-1
2	316	124	238
-1
1	309	249	78
-1
4	313	205	154
-1
2	316	116	141
-1
1	307	196	110
196	17	110	
4	300	199	104
-1
4	303	286	62
-1
3	307	261	48
-1
2	310	1	231
-1
4	317	100	9
-1
3	315	238	185
-1
3	312	114	133
-1
4	317	276	89
-1
1	309	281	256
-1
2	310	137	151
-1
2	305	76	49
-1
4	307	168	86
-1
3	314	272	99
-1
3	305	39	99
-1
2	305	161	250
-1
4	309	99	239
99	8	239	
2	313	274	104
-1
4	301	278	79
-1
4	308	187	59
-1
1	310	236	247
-1
3	310	198	23
-1
1	316	264	190
-1
3	314	91	213
-1
2	304	265	252
-1
2	313	122	164
-1
3	311	288	262
-1
1	314	89	287
-1
2	305	23	16
-1
4	315	96	202
-1
2	302	177	189
-1
2	316	107	87
-1
4	317	138	50
-1
1	310	254	140
-1
3	313	220	156
-1
4	316	36	30
-1
4	310	49	69
49	120	69	
2	308	52	157
-1
3	316	106	231
-1
2	309	43	79
-1
3	318	39	255
-1
3	304	33	61
-1
4	305	101	198
-1
2	316	58	203
-1
4	303	280	174
-1
