3	53	176	206
176	53	206	
4	75	236	262
236	125	262	
4	73	276	250
276	18	1	250	
2	63	50	139
50	73	139	
3	94	233	77
233	182	235	77	
4	111	219	120
219	166	120	
2	82	26	141
26	50	73	141	
4	67	114	214
114	121	144	214	
4	83	161	284
161	95	229	41	284	
1	84	85	234
85	174	117	234	
2	111	230	109
230	60	109	
4	73	53	97
53	158	97	
3	102	280	72
280	93	72	
4	63	86	121
86	39	121	
4	79	29	105
29	105	
1	89	285	24
285	13	234	24	
2	101	68	49
68	58	49	
2	66	12	214
12	214	
4	110	29	74
29	246	108	74	
1	95	43	211
43	235	211	
1	115	107	140
107	139	140	
1	71	129	244
129	113	244	
1	95	164	276
164	62	83	276	
1	97	96	113
96	7	203	113	
4	72	271	141
271	41	46	157	141	
1	85	171	177
171	133	177	
4	105	242	244
242	16	244	
2	110	153	255
153	99	61	255	
2	115	30	36
30	104	36	
4	65	242	78
242	78	
4	76	139	184
139	184	
3	70	196	64
196	64	
4	107	298	227
298	103	135	227	
2	59	275	75
275	30	104	75	
1	91	72	45
72	22	45	
2	119	274	267
274	251	267	
3	52	251	208
251	162	208	
2	98	28	113
28	152	113	
3	53	18	194
18	77	194	
2	90	186	187
186	10	168	187	
3	116	211	25
211	51	25	
4	51	128	220
128	7	73	220	
4	118	40	269
40	20	269	
3	54	279	243
279	25	252	243	
2	58	278	67
278	27	2	36	67	
3	115	221	40
221	140	40	
4	64	40	291
40	206	27	291	
3	86	154	70
154	43	70	
4	81	222	140
222	137	91	140	
4	97	78	25
78	17	267	25	
3	63	10	235
10	211	235	
3	115	126	114
126	263	233	114	
3	63	58	205
58	79	205	
3	118	268	183
268	171	183	
4	104	252	160
252	68	268	160	
1	55	32	132
32	235	117	132	
4	77	27	171
27	209	171	
4	97	34	24
34	184	24	
4	116	152	298
152	98	298	
1	60	164	75
164	57	224	75	
4	96	113	84
113	242	84	
3	100	87	262
87	99	262	
1	56	32	19
32	157	19	
4	69	297	38
297	38	
4	100	257	289
257	178	122	289	
2	52	283	20
283	42	20	
1	62	49	99
49	179	99	
3	88	156	132
156	128	132	
1	95	85	35
85	45	41	35	
1	111	101	198
101	117	198	
2	94	193	63
193	75	63	
4	65	220	149
220	95	125	149	
2	95	112	232
112	232	
3	112	208	228
208	4	228	
2	50	187	237
187	12	104	237	
4	82	78	219
78	61	219	
4	50	152	267
152	94	176	267	
1	63	96	175
96	172	175	
3	87	64	259
64	171	267	259	
1	97	81	60
81	16	60	
3	69	172	4
172	33	4	
2	99	99	223
99	87	223	
2	100	234	86
234	117	71	86	
4	109	192	46
192	50	46	
3	55	134	232
134	225	83	232	
3	74	117	61
117	240	61	
1	112	119	264
119	137	91	264	
4	116	271	60
-1
1	75	6	175
6	48	247	175	
1	66	23	256
23	256	
1	99	42	179
42	3	179	
3	82	123	277
123	104	30	277	
1	99	52	263
52	263	
1	64	212	154
212	117	154	
4	78	104	39
104	254	39	
2	50	179	207
179	140	91	207	
2	54	225	77
225	77	
4	55	238	47
238	18	229	47	
3	79	124	52
124	147	52	
2	56	269	127
269	20	106	127	
2	105	225	168
225	77	5	168	
4	83	237	43
237	193	43	
1	65	171	94
171	165	94	
3	50	190	58
190	68	58	
3	101	255	161
255	1	161	
4	77	55	91
55	280	108	91	
4	94	215	16
215	173	82	16	
3	80	91	5
91	264	5	
2	74	26	128
26	256	128	
1	100	136	149
136	138	27	149	
4	89	252	125
252	168	129	125	
3	61	299	61
-1
1	77	23	231
23	130	73	231	
1	104	60	173
60	7	128	173	
3	86	251	179
251	49	179	
1	86	232	233
232	95	233	
1	83	171	199
171	165	18	199	
1	57	135	290
135	34	2	290	
2	87	198	15
198	117	106	15	
2	57	12	150
12	150	
4	111	4	154
4	37	154	
4	114	215	152
215	113	152	
3	84	169	174
169	116	174	
1	96	216	234
216	117	234	
1	94	72	236
72	28	125	236	
2	118	88	219
88	61	219	
1	87	246	89
246	91	89	
3	86	172	224
172	147	56	224	
1	50	101	121
101	162	121	
2	92	210	184
210	7	34	184	
2	65	167	239
167	133	171	239	
1	118	249	205
249	126	205	
1	52	195	73
195	60	73	
4	57	19	40
19	91	130	40	
2	52	68	111
68	5	111	
2	100	294	250
294	6	36	250	
2	88	153	248
153	94	248	
2	73	262	171
262	91	267	171	
1	85	8	271
8	125	229	41	271	
1	78	120	181
120	129	133	181	
4	68	82	99
82	262	99	
1	83	249	99
249	129	153	99	
3	87	268	293
268	75	293	
1	97	212	64
212	36	130	64	
3	119	89	131
89	47	206	131	
3	51	253	176
253	94	176	
4	80	35	80
35	78	54	80	
2	100	153	41
153	99	52	41	
3	72	299	100
-1
4	104	264	220
264	64	130	73	220	
2	63	165	53
165	18	138	53	
4	91	3	54
3	155	54	
3	56	98	73
98	181	73	
3	119	266	284
-1
2	59	225	124
225	83	276	124	
3	96	46	76
46	213	76	
3	66	117	110
117	71	110	
2	98	239	14
239	105	173	14	
2	78	179	12
179	104	12	
3	99	194	28
194	77	28	
2	63	88	192
88	54	192	
2	56	133	194
133	181	7	194	
2	88	277	44
277	14	78	44	
4	103	113	9
113	222	9	
2	108	12	285
12	26	6	285	
2	105	93	30
93	170	104	30	
1	86	49	147
49	108	161	147	
2	90	137	85
137	255	85	
3	93	266	16
266	81	16	
1	50	246	261
246	108	261	
1	71	145	48
145	6	48	
3	117	200	233
200	57	233	
4	80	257	209
257	178	69	209	
2	80	137	21
137	142	21	
4	94	53	84
53	258	84	
3	63	91	176
91	267	176	
4	71	257	276
257	94	276	
2	78	283	113
283	12	244	113	
2	75	75	130
75	63	108	130	
2	85	179	75
179	104	75	
1	104	61	271
61	255	4	271	
1	76	135	170
135	26	170	
3	66	154	178
154	101	178	
1	68	216	15
216	15	
4	81	286	67
286	74	287	67	
3	68	92	157
92	19	157	
2	64	227	113
227	85	174	113	
2	96	261	148
261	140	128	148	
2	85	131	222
131	175	5	222	
2	71	68	152
68	7	60	152	
2	91	214	213
214	111	213	
3	100	209	99
209	98	143	99	
1	118	138	252
138	238	252	
2	54	274	167
274	109	14	167	
4	102	235	204
235	183	204	
3	98	226	47
226	14	206	47	
1	53	197	25
197	143	25	
3	72	91	37
91	108	49	37	
3	113	97	167
97	166	167	
3	117	284	234
-1
1	71	245	198
245	266	198	
2	79	228	107
228	1	107	
1	92	80	244
80	264	12	244	
4	70	110	269
110	92	102	269	
3	113	154	203
154	105	203	
2	91	16	181
16	7	181	
3	87	87	77
87	68	5	77	
3	54	22	167
22	129	133	167	
4	100	104	15
104	201	15	
1	66	107	50
107	26	50	
4	113	14	46
14	66	1	46	
3	99	185	273
185	97	273	
3	74	206	52
206	47	52	
4	113	178	214
178	122	214	
2	117	68	119
68	7	60	119	
3	107	213	135
213	27	135	
3	55	156	273
156	125	149	273	
3	103	124	294
124	151	6	294	
4	99	128	97
128	7	68	97	
2	78	50	255
50	85	255	
3	85	206	21
206	115	21	
3	67	260	257
260	62	257	
1	111	119	163
119	154	73	163	
2	86	26	40
26	185	40	
4	54	149	160
149	100	160	
2	80	278	72
278	27	209	72	
4	72	288	280
288	170	108	280	
3	57	73	103
73	141	103	
4	103	77	230
77	107	104	230	
2	100	198	279
198	117	71	279	
4	90	69	185
69	100	185	
3	118	284	196
-1
3	50	172	66
172	91	133	66	
4	92	215	91
215	63	108	91	
1	53	171	291
171	268	68	291	
1	54	245	269
245	21	269	
1	115	258	256
258	86	256	
3	97	190	28
190	94	248	28	
3	98	168	156
168	129	125	156	
2	99	293	106
293	75	106	
3	115	73	174
73	154	117	174	
2	70	225	157
225	33	157	
4	95	34	80
34	132	80	
4	76	56	46
56	111	46	
3	86	118	268
118	21	268	
3	54	91	265
91	108	265	
4	61	188	222
188	67	141	222	
4	101	263	111
263	163	56	111	
2	98	193	278
193	263	33	27	278	
1	103	51	23
51	68	23	
2	86	292	95
292	55	95	
3	95	117	72
117	67	72	
2	64	137	105
137	6	174	105	
2	92	275	160
275	2	36	160	
4	119	151	30
151	26	30	
4	93	69	172
69	89	172	
1	114	256	59
-1
3	65	97	74
97	91	108	74	
3	104	70	18
70	199	18	
1	88	199	68
199	97	68	
2	113	132	112
132	128	173	112	
3	56	291	228
291	11	228	
3	90	58	65
58	189	57	65	
4	111	152	39
152	78	86	39	
2	80	44	241
44	164	57	241	
1	94	256	61
256	23	61	
4	74	79	16
79	82	16	
3	99	124	165
124	1	18	165	
4	76	31	234
31	219	234	
3	66	267	132
267	176	123	132	
3	117	226	16
226	7	16	
4	84	31	58
31	150	58	
1	70	207	115
207	91	19	115	
2	50	239	18
239	147	229	18	
4	62	130	62
130	36	62	
2	73	103	69
103	135	69	
3	98	299	147
-1
3	92	253	22
253	168	129	22	
3	106	33	52
33	263	52	
1	59	129	71
129	27	71	
4	64	45	48
45	227	48	
1	111	72	78
72	132	78	
4	105	79	36
79	149	2	36	
4	73	149	274
149	251	274	
4	56	62	155
62	83	105	155	
2	54	214	9
214	108	91	9	
3	52	127	7
127	263	128	7	
4	104	56	260
56	53	70	260	
3	107	200	292
-1
2	117	278	172
-1
4	56	188	217
188	46	217	
1	103	164	40
164	57	189	40	
1	90	146	170
146	45	170	
2	103	293	19
293	5	19	
4	100	158	80
158	47	237	80	
1	98	136	293
136	155	75	293	
1	85	182	172
182	70	175	172	
2	96	75	227
75	63	227	
2	99	41	178
41	96	34	178	
4	50	110	156
110	15	156	
2	118	198	95
198	229	95	
1	78	136	258
136	138	53	258	
2	57	100	155
100	54	155	
3	77	150	200
150	200	
3	68	226	57
226	14	189	57	
3	113	156	245
156	15	187	245	
1	94	146	126
146	11	126	
1	72	143	252
143	243	252	
2	89	99	44
99	153	44	
3	86	150	154
150	37	154	
1	60	21	103
21	115	103	
2	50	159	238
159	128	165	238	
3	104	90	89
90	89	
1	93	189	291
189	58	68	291	
3	52	58	216
58	68	216	
4	56	7	123
7	169	123	
1	63	300	20
300	6	174	20	
1	65	216	163
216	263	163	
3	80	58	13
58	249	129	13	
1	73	129	163
129	287	56	163	
3	65	108	235
108	43	235	
4	63	128	145
128	159	135	145	
2	73	210	286
210	7	95	286	
1	113	95	174
95	155	105	174	
2	108	230	231
230	10	231	
3	62	122	289
122	289	
3	82	10	40
10	189	40	
3	74	24	7
24	73	7	
2	108	41	64
41	130	64	
1	70	101	245
101	266	245	
3	66	15	52
15	163	263	52	
4	71	82	231
82	96	231	
3	66	87	141
87	90	141	
3	71	181	287
181	133	129	287	
4	113	264	216
264	17	216	
3	72	15	90
15	148	90	
2	103	239	99
-1
2	100	131	122
131	43	122	
4	95	237	162
237	145	162	
4	71	56	15
56	180	15	
2	52	88	29
88	246	29	
4	85	55	162
55	80	64	162	
1	87	218	249
218	249	
1	113	66	181
66	133	181	
3	90	87	196
87	23	196	
3	79	90	210
90	148	210	
3	110	134	149
134	176	149	
4	101	270	31
270	76	31	
1	105	60	268
60	21	268	
3	69	17	75
17	122	132	75	
4	99	219	162
219	145	162	
3	70	223	268
223	66	259	268	
4	90	158	237
158	47	237	
4	112	37	2
37	26	2	
1	118	202	88
202	20	88	
2	107	283	230
-1
3	117	204	63
204	159	92	63	
4	98	224	84
224	84	
3	97	118	143
118	149	143	
2	91	173	212
173	161	70	212	
2	54	294	130
294	6	36	130	
1	74	143	104
143	30	104	
2	100	205	14
205	122	189	14	
3	92	268	50
268	182	26	50	
2	81	210	252
210	76	252	
2	50	48	286
48	6	55	286	
4	115	148	189
148	125	189	
1	118	95	165
95	229	18	165	
2	53	125	282
125	229	198	282	
1	104	174	206
174	40	206	
1	95	245	199
245	71	199	
1	110	282	93
282	198	117	93	
4	103	286	297
-1
3	53	226	264
226	33	49	264	
4	116	220	174
220	85	174	
1	111	2	273
2	149	273	
2	91	12	120
12	150	120	
1	117	189	267
189	122	251	267	
3	100	150	143
150	157	143	
3	95	253	17
253	138	122	17	
4	75	19	13
19	5	13	
3	77	266	294
266	28	294	
2	76	16	279
16	290	44	279	
1	99	80	257
80	42	178	257	
1	94	245	176
245	112	62	176	
1	117	61	177
61	88	177	
2	96	214	241
214	14	109	241	
4	54	7	181
7	181	
3	97	17	30
17	146	30	
4	73	7	282
7	194	84	282	
3	105	255	52
255	36	104	52	
2	71	100	17
100	251	267	17	
3	51	90	33
90	27	33	
2	97	76	164
76	210	164	
4	65	77	108
77	242	108	
4	113	252	220
252	60	73	220	
4	103	151	185
151	26	185	
3	66	169	191
169	58	191	
3	115	154	207
154	54	129	207	
3	69	33	266
33	191	266	
