4	93	200	171
-1
1	85	78	160
78	47	34	160	
2	88	143	41
143	79	144	41	
4	85	14	56
14	86	56	
4	89	108	37
108	66	37	
4	85	74	169
74	81	169	
4	82	11	113
11	56	113	
1	80	101	128
101	53	128	
4	95	99	82
99	76	82	
2	85	63	143
63	65	143	
1	95	123	94
123	94	
2	94	189	123
189	26	123	
2	87	194	17
194	48	17	
4	82	154	31
154	151	31	
4	91	40	90
40	126	90	
4	99	181	163
181	59	163	
2	84	119	173
119	72	173	
4	83	173	25
173	78	25	
2	84	113	75
113	27	75	
4	98	28	90
28	101	90	
2	83	165	12
165	96	12	
1	86	120	200
-1
4	82	186	145
-1
3	84	93	99
93	20	99	
2	93	8	90
8	178	90	
4	88	159	22
159	10	22	
2	92	30	140
30	163	140	
4	89	14	112
14	2	57	112	
1	83	77	176
77	18	6	176	
4	92	173	155
173	41	155	
3	96	163	119
163	44	119	
3	87	47	38
47	83	102	38	
2	92	53	24
53	141	24	
2	82	27	68
27	91	121	68	
2	83	32	75
32	174	75	
3	84	125	185
125	90	185	
3	84	85	15
85	120	15	
2	87	18	28
18	6	174	28	
1	83	127	57
127	1	57	
4	97	110	29
110	63	29	
1	96	135	144
135	95	144	
4	85	171	142
171	99	142	
4	88	110	146
110	50	146	
2	88	194	172
-1
2	82	176	3
176	6	46	3	
4	87	151	80
151	111	80	
2	81	196	164
196	39	164	
4	80	132	133
132	11	33	133	
1	88	179	59
179	18	59	
1	97	2	169
2	119	169	
4	92	132	55
132	97	7	55	
4	93	28	177
28	177	
2	98	113	86
113	56	86	
2	81	174	80
174	60	80	
1	96	102	7
102	34	7	
3	95	56	158
56	116	158	
3	90	195	105
195	10	41	105	
4	83	148	36
148	35	36	
3	81	129	14
129	53	143	14	
1	81	117	168
117	16	168	
1	87	86	99
86	157	99	
3	83	150	78
150	45	78	
3	81	3	142
3	68	142	
2	92	153	67
153	5	67	
2	98	27	168
27	21	168	
3	87	103	176
-1
1	91	10	170
10	15	170	
2	98	32	118
32	43	118	
2	84	35	46
35	44	46	
3	91	49	114
49	103	114	
4	81	182	152
-1
1	90	170	101
170	56	101	
3	91	85	56
85	1	56	
1	98	86	160
86	14	160	
2	97	118	186
118	31	186	
2	92	109	40
109	126	40	
2	82	8	49
8	96	82	49	
1	91	60	81
60	28	81	
1	96	50	67
50	25	67	
1	81	54	67
54	117	67	
4	84	177	49
-1
2	85	198	170
198	35	170	
3	92	48	6
48	46	6	
3	91	192	44
192	12	44	
1	89	50	161
50	73	161	
1	88	179	21
179	27	21	
4	89	132	29
132	105	41	29	
2	89	6	40
6	40	
1	87	197	89
-1
3	94	185	143
185	53	143	
2	94	38	119
38	2	119	
3	95	43	69
43	118	69	
4	80	148	68
148	57	68	
1	83	60	59
60	82	59	
4	96	83	60
83	4	60	
2	96	44	39
44	49	39	
3	96	93	122
93	6	122	
3	95	142	127
142	68	15	127	
1	84	23	75
23	51	75	
1	98	170	59
170	29	82	59	
3	96	136	96
136	12	96	
3	96	150	138
150	48	138	
3	84	85	37
85	1	117	37	
2	82	178	48
178	48	
2	94	161	83
161	72	125	83	
2	92	9	126
9	19	18	126	
3	85	126	170
126	8	170	
2	91	174	63
174	75	63	
4	97	110	85
110	63	85	
1	95	86	7
86	97	7	
1	82	4	94
4	73	94	
4	92	40	44
40	12	44	
3	80	49	80
49	82	80	
4	88	173	57
173	78	57	
2	82	107	170
107	123	15	170	
1	87	101	178
101	90	178	
3	97	85	55
85	14	55	
1	99	190	29
190	4	128	29	
4	96	173	90
-1
2	94	30	175
30	158	175	
2	87	97	178
97	132	105	178	
1	82	60	169
60	43	169	
3	94	64	17
64	70	17	
2	82	104	189
104	50	18	189	
2	91	144	48
144	21	48	
3	81	66	100
66	139	100	
1	87	114	185
114	19	53	185	
4	95	83	126
83	47	126	
1	96	114	99
-1
4	90	182	80
-1
3	99	56	177
-1
2	88	176	188
-1
3	96	90	51
90	165	51	
3	97	84	106
84	14	106	
2	84	87	50
-1
1	83	10	115
10	41	115	
2	99	63	180
63	68	180	
4	85	171	62
171	23	91	62	
4	95	58	176
58	175	176	
2	94	35	157
35	85	157	
3	82	137	165
137	91	23	165	
3	89	17	92
17	173	92	
1	91	65	181
-1
2	89	33	17
33	11	17	
1	98	190	55
-1
2	92	194	16
194	48	16	
1	92	50	79
50	106	79	
4	85	89	49
89	103	49	
2	92	6	58
6	128	58	
4	89	21	92
21	144	92	
2	85	68	29
68	170	29	
3	96	90	197
-1
2	88	52	13
52	102	64	13	
3	84	15	45
15	170	45	
3	98	84	35
84	100	15	35	
4	94	154	180
154	97	180	
1	92	187	29
-1
4	92	151	118
151	87	118	
4	89	128	123
128	29	123	
2	93	81	96
81	171	96	
3	93	142	163
142	30	163	
4	89	167	4
167	164	46	4	
2	93	35	7
35	34	7	
4	97	83	174
83	4	6	174	
4	83	148	57
148	57	
2	83	18	11
18	6	11	
4	91	152	149
152	57	149	
4	80	116	51
116	56	170	51	
3	95	80	130
-1
1	90	102	10
102	55	14	10	
4	84	167	151
167	34	151	
1	99	60	69
60	174	69	
1	86	101	103
-1
4	99	154	138
154	61	138	
3	87	3	85
3	64	85	
2	89	87	54
87	118	54	
1	89	102	158
-1
3	91	145	25
145	18	78	25	
1	81	106	105
106	50	178	105	
3	90	93	158
93	53	154	158	
1	93	23	124
23	66	124	
3	93	19	183
-1
2	96	18	35
18	198	35	
1	85	24	140
24	161	140	
2	81	155	142
155	23	142	
3	94	95	180
95	180	
2	91	196	33
-1
2	96	46	178
46	48	178	
3	92	49	35
49	179	35	
2	89	30	127
30	15	127	
4	92	173	101
173	92	101	
2	86	18	119
18	166	119	
1	80	131	136
131	92	72	136	
4	99	99	160
99	20	160	
1	92	4	66
4	160	66	
3	84	145	160
145	82	60	160	
4	96	140	108
140	21	108	
3	85	43	153
-1
4	99	171	153
-1
3	97	3	183
3	40	183	
3	97	192	107
192	12	123	107	
3	95	56	124
56	86	124	
1	91	102	54
102	34	128	54	
4	82	182	153
-1
2	87	153	108
-1
2	99	18	53
18	6	53	
4	86	62	144
62	15	144	
3	90	90	138
90	4	138	
3	82	48	109
48	109	
2	96	39	111
39	70	76	111	
2	82	157	55
157	55	
2	97	174	110
-1
4	83	62	12
62	15	123	12	
4	87	133	145
133	100	15	145	
3	94	67	98
67	49	98	
3	98	66	115
-1
2	81	25	128
25	54	128	
3	99	43	169
43	169	
2	87	165	16
165	67	16	
4	89	40	7
40	97	7	
3	83	48	163
48	17	163	
3	93	163	88
163	44	88	
4	84	200	149
200	59	149	
3	80	43	33
43	133	33	
1	97	190	99
-1
1	83	197	165
-1
2	82	55	141
55	17	141	
2	91	9	136
9	67	57	136	
1	98	100	52
100	121	68	52	
4	84	99	91
99	70	27	91	
2	98	8	91
8	108	91	
4	98	172	53
172	19	53	
1	86	197	4
-1
2	91	33	199
-1
4	89	13	140
13	153	140	
3	85	91	136
91	25	136	
4	86	186	143
186	31	143	
2	93	161	151
161	151	
2	84	104	50
104	50	
4	87	62	148
62	148	
1	97	179	107
179	27	91	107	
2	81	9	78
9	118	78	
1	96	127	26
127	1	26	
3	94	146	58
146	58	
1	94	197	71
197	13	71	
1	81	98	113
98	130	55	113	
1	83	164	50
164	175	178	50	
1	93	170	10
170	15	10	
3	94	15	113
15	35	113	
4	93	159	127
159	61	127	
1	80	98	105
98	134	105	
1	89	175	65
175	177	65	
2	95	8	192
-1
4	92	45	89
45	174	60	89	
3	94	79	85
79	64	85	
4	86	5	182
5	174	11	182	
3	96	67	145
67	191	7	145	
2	97	22	66
22	112	66	
4	90	128	80
128	4	60	80	
3	96	82	191
82	49	191	
3	92	136	88
136	44	88	
3	96	96	15
96	92	144	15	
3	99	85	22
85	99	22	
2	87	52	18
52	144	18	
3	91	125	49
125	44	49	
3	85	19	53
19	53	
2	81	178	71
178	175	71	
4	87	186	45
-1
3	98	3	172
3	67	172	
3	88	85	5
85	7	5	
1	88	141	140
-1
2	82	53	187
53	107	187	
4	95	182	24
-1
2	93	53	75
53	4	75	
1	81	61	151
61	154	151	
2	85	104	170
104	50	170	
2	88	81	99
81	171	99	
3	92	3	36
-1
1	83	190	38
190	13	168	38	
4	87	160	123
160	60	11	123	
1	99	121	15
121	68	15	
4	97	169	20
169	154	20	
3	80	183	153
183	2	153	
1	87	170	5
170	45	5	
1	97	175	65
175	177	65	
4	98	28	121
28	81	121	
3	96	134	1
134	72	1	
4	83	62	3
62	15	68	3	
4	81	186	144
-1
2	95	81	56
81	113	56	
3	81	180	176
180	6	176	
3	80	19	96
19	76	96	
4	84	149	78
149	57	78	
1	89	101	199
-1
4	85	128	174
128	6	174	
1	85	106	1
106	169	1	
1	98	4	86
4	56	86	
2	80	153	99
153	76	99	
3	96	136	84
136	57	147	84	
2	91	109	164
109	178	175	164	
1	86	156	144
156	7	41	144	
1	93	170	114
170	68	114	
1	82	2	14
2	14	
1	80	187	115
-1
2	93	176	42
176	175	105	42	
4	86	181	99
181	76	99	
2	91	107	55
107	14	55	
3	90	185	7
185	53	120	7	
3	93	17	94
17	70	94	
4	89	193	155
-1
2	84	176	62
176	175	105	62	
3	89	134	31
134	87	118	31	
1	83	187	33
-1
4	97	69	19
69	71	19	
3	90	150	146
150	17	146	
2	89	155	126
-1
2	83	161	184
-1
2	81	53	120
53	120	
3	86	43	89
43	60	89	
2	80	68	33
68	73	82	33	
4	94	57	9
57	118	9	
1	96	141	142
-1
3	88	91	81
91	121	81	
2	98	6	149
6	4	149	
4	95	83	50
83	4	50	
2	81	153	5
153	5	
4	96	74	117
74	42	117	
2	96	97	169
97	169	
1	96	78	163
78	58	163	
4	88	57	183
57	2	183	
2	96	189	39
189	7	97	39	
3	90	183	132
183	2	132	
4	90	160	174
160	60	174	
1	90	120	131
120	7	29	131	
1	92	51	13
51	176	13	
3	88	126	117
126	27	103	117	
3	84	79	143
79	143	
2	85	16	39
16	27	70	39	
1	99	24	69
-1
1	81	120	125
120	85	157	125	
3	92	48	113
48	113	
3	95	137	48
137	2	14	48	
2	80	119	159
119	44	159	
4	90	181	78
181	76	70	78	
4	94	191	80
191	49	82	80	
3	82	3	6
3	46	6	
1	84	123	84
123	107	84	
2	83	8	51
8	170	51	
4	83	13	74
13	153	92	74	
3	99	84	145
84	8	145	
4	91	186	193
-1
1	90	78	81
78	171	81	
4	88	5	199
-1
4	86	105	179
105	134	6	179	
1	97	135	121
135	100	121	
3	82	129	76
129	34	76	
4	98	191	198
-1
2	80	196	5
196	5	
4	94	191	169
191	56	1	169	
2	98	6	53
6	53	
3	82	145	190
-1
4	94	148	67
148	57	67	
2	92	199	71
-1
1	90	7	175
7	41	105	175	
4	83	45	61
45	170	61	
3	98	163	189
163	16	189	
2	95	37	131
37	66	131	
1	92	147	78
147	57	78	
4	80	108	20
108	154	20	
4	84	94	25
94	67	25	
1	93	24	121
24	161	121	
1	91	147	69
147	69	
2	81	53	19
53	19	
2	87	6	25
6	4	25	
3	99	88	22
88	1	137	22	
3	99	91	136
91	25	136	
4	82	169	124
169	62	124	
1	99	197	71
197	13	71	
1	91	29	130
29	19	130	
4	87	181	23
-1
4	88	186	46
-1
1	88	179	144
179	18	144	
4	86	191	197
-1
1	82	24	2
24	38	2	
1	83	184	41
-1
2	90	155	132
155	41	105	132	
1	94	115	52
115	89	52	
2	96	157	48
-1
4	85	28	76
28	60	82	76	
2	87	119	57
119	2	57	
1	84	187	194
-1
1	88	127	172
127	15	19	172	
2	84	87	114
87	14	114	
2	97	113	90
113	80	90	
3	89	67	25
67	25	
3	80	43	179
43	133	27	179	
2	92	153	93
153	5	93	
2	91	139	49
139	100	91	49	
3	87	195	29
195	11	123	29	
3	95	180	147
-1
