1	96	98	148
-1
3	90	84	18
84	165	18	
2	88	64	152
64	151	152	
3	90	92	116
92	82	6	116	
2	89	161	80
161	77	80	
4	89	36	102
36	102	
1	90	131	167
131	37	108	167	
3	88	45	60
45	4	60	
2	82	200	101
200	7	101	
4	97	7	154
7	72	154	
1	84	180	3
180	3	
3	93	188	87
-1
4	97	150	102
150	70	102	
1	84	50	145
50	48	145	
3	84	52	106
52	106	
4	97	182	93
182	18	93	
3	83	191	23
191	56	165	23	
1	82	94	19
94	120	19	
2	94	114	18
114	83	157	18	
4	99	17	24
17	30	24	
4	81	106	155
106	52	155	
3	99	142	95
-1
2	92	195	196
-1
1	97	152	46
152	57	46	
4	94	177	49
177	94	49	
2	86	33	30
33	139	30	
2	80	190	173
190	9	173	
1	98	113	18
113	27	68	18	
1	95	47	131
47	131	
3	99	81	99
81	99	
1	85	20	4
20	91	4	
1	99	113	145
113	7	145	
3	87	45	140
45	138	175	140	
2	92	77	43
77	169	43	
1	92	6	171
6	171	
2	82	40	3
40	96	3	
4	86	118	192
118	2	192	
2	83	18	56
18	165	56	
4	93	136	102
-1
1	92	72	182
72	97	182	
1	87	183	153
-1
2	92	48	18
48	18	
1	83	160	62
160	13	62	
1	97	67	90
67	125	174	90	
1	88	171	48
171	43	138	48	
1	90	123	39
123	94	39	
1	94	57	157
57	157	
4	89	163	174
163	77	174	
1	91	38	62
38	15	62	
3	84	44	133
44	25	157	133	
4	97	148	67
148	39	67	
2	94	55	66
55	107	105	66	
2	87	59	25
59	100	25	
2	88	2	43
2	115	43	
2	95	140	165
140	68	165	
2	86	48	40
48	18	40	
1	82	110	48
110	50	48	
1	87	164	163
164	62	163	
1	88	74	200
74	54	20	200	
4	92	85	43
85	173	43	
3	98	181	190
181	2	157	190	
3	84	78	197
78	23	197	
4	80	144	55
144	9	55	
2	95	23	9
23	78	9	
2	91	192	100
-1
3	90	159	99
159	27	99	
4	90	165	8
165	18	8	
4	92	79	172
79	164	154	172	
1	83	119	197
119	5	197	
1	98	67	33
67	15	33	
3	99	52	13
52	13	
4	95	150	91
150	83	117	91	
1	82	66	186
66	15	46	186	
4	90	7	161
7	161	
1	89	94	104
94	41	104	
4	87	145	62
145	13	62	
3	86	188	179
-1
3	97	78	9
78	9	
1	85	82	127
82	123	27	127	
3	97	37	146
37	40	146	
2	90	35	197
-1
1	92	175	98
175	120	98	
3	89	62	164
62	164	
2	89	4	170
4	67	170	
2	92	154	15
154	65	15	
4	86	155	159
155	27	159	
4	84	54	98
54	20	98	
2	84	161	175
161	175	
2	91	190	8
190	82	8	
3	88	16	45
16	123	45	
1	84	73	79
73	143	79	
4	81	95	5
95	29	92	5	
4	84	7	67
7	39	67	
1	85	57	22
57	157	34	22	
2	99	18	128
18	34	162	128	
1	90	131	82
131	72	82	
1	87	57	136
57	157	18	136	
1	94	113	96
113	96	
4	81	177	85
-1
3	97	120	52
120	138	100	52	
4	88	8	125
8	67	125	
3	92	92	19
92	147	19	
2	90	26	178
26	69	178	
3	84	122	186
-1
3	91	188	3
188	27	68	3	
1	84	19	85
19	147	85	
4	99	9	141
9	73	141	
2	86	49	53
49	102	53	
3	83	63	182
63	58	41	182	
4	94	36	53
36	102	53	
4	90	54	61
54	102	61	
1	89	102	104
102	73	104	
4	98	106	81
106	15	81	
4	95	129	3
129	89	3	
4	97	173	190
173	9	190	
4	82	144	160
144	38	160	
4	94	148	121
148	56	76	121	
2	99	40	169
40	43	169	
4	92	178	183
-1
4	84	1	170
1	18	67	170	
2	84	28	175
28	7	161	175	
4	80	178	28
178	7	28	
3	80	99	134
99	29	134	
3	82	197	62
197	27	153	62	
4	83	184	186
-1
4	95	22	81
22	34	18	81	
1	95	96	180
96	3	180	
3	95	62	19
62	126	19	
3	97	81	149
81	25	149	
2	98	185	101
185	14	101	
2	93	190	128
-1
1	80	6	106
6	106	
4	85	126	4
126	68	4	
4	98	79	153
-1
3	83	81	136
81	18	136	
4	83	177	109
177	34	109	
1	83	32	156
32	156	
4	93	7	170
-1
4	93	54	2
54	102	2	
2	94	83	187
83	2	187	
3	81	81	176
81	104	176	
4	98	54	181
54	56	181	
4	94	7	107
7	117	107	
3	86	92	185
92	32	185	
3	93	191	17
191	56	76	17	
1	94	74	193
74	54	20	193	
2	81	190	176
190	110	176	
4	90	85	134
85	50	134	
4	92	150	187
150	83	2	187	
1	98	164	69
164	61	69	
3	85	78	150
78	58	150	
3	85	71	155
71	73	155	
2	83	170	161
170	67	125	161	
4	99	24	53
24	68	174	53	
4	88	182	43
182	43	
3	92	27	68
27	68	
3	88	181	57
181	57	
2	81	195	141
-1
4	80	177	91
177	69	91	
4	88	9	6
9	1	6	
3	89	179	83
179	58	83	
3	84	76	153
76	105	153	
2	96	2	74
2	132	74	
1	88	137	97
137	135	97	
1	82	57	78
57	117	78	
1	82	97	57
97	117	57	
4	98	129	189
129	41	189	
1	91	137	183
-1
2	93	31	160
31	55	160	
1	90	111	120
111	56	162	120	
3	92	11	51
11	100	51	
3	96	13	126
13	49	126	
4	82	169	79
169	77	79	
4	98	85	16
85	158	16	
1	88	6	24
6	198	24	
3	84	121	120
121	20	120	
1	92	102	48
102	49	48	
2	87	93	137
93	133	157	137	
3	98	176	119
176	53	119	
4	97	101	181
-1
2	99	31	191
31	96	191	
2	85	195	3
195	8	53	3	
3	83	63	123
63	123	
2	90	5	8
5	8	
3	93	44	13
44	64	13	
2	84	64	84
64	151	84	
2	92	140	186
-1
3	80	52	78
52	23	78	
2	98	51	5
51	108	5	
4	98	9	105
9	73	104	105	
3	80	87	135
87	167	135	
4	95	118	129
118	128	129	
1	97	123	191
123	82	191	
3	84	159	196
159	54	20	196	
2	88	161	191
161	96	191	
2	92	35	6
35	173	50	6	
3	89	179	145
179	54	145	
1	86	123	148
123	82	159	148	
4	90	155	199
155	67	199	
2	94	153	7
-1
1	80	131	45
131	94	123	45	
2	88	4	163
4	60	163	
4	90	79	37
79	24	108	37	
3	97	76	147
76	98	147	
2	99	33	108
33	88	108	
4	84	1	94
1	123	94	
2	80	5	24
5	108	24	
2	88	194	147
194	32	147	
2	98	12	53
12	46	53	
1	84	82	6
82	6	
4	81	8	88
8	70	88	
1	95	20	91
20	91	
1	83	160	169
160	6	169	
3	90	43	197
-1
3	89	120	29
120	64	29	
3	82	92	181
-1
2	85	68	186
68	9	186	
4	83	189	179
189	29	179	
4	96	9	191
9	14	191	
3	81	27	24
27	68	24	
1	80	3	184
3	88	184	
4	91	24	155
24	30	155	
1	91	111	115
111	135	2	115	
2	87	35	157
35	8	18	157	
1	95	57	28
57	66	28	
1	96	186	119
186	5	119	
4	93	8	187
8	187	
2	91	5	127
5	74	127	
2	93	149	87
-1
4	89	145	113
145	7	113	
1	84	98	67
98	19	18	67	
4	98	90	43
90	40	43	
2	92	21	153
21	105	153	
1	88	73	139
73	150	83	139	
1	88	72	195
-1
4	86	148	180
148	33	180	
4	84	156	139
-1
2	82	149	144
149	23	144	
1	88	72	92
72	82	92	
3	92	138	188
138	123	1	188	
3	99	27	37
27	101	7	37	
2	81	51	126
51	99	27	126	
2	93	29	99
29	99	
1	92	74	123
74	63	123	
1	98	74	194
74	54	20	194	
1	98	102	141
102	56	141	
4	96	1	48
1	78	48	
4	99	85	148
85	39	148	
2	82	200	20
200	20	
2	89	48	109
48	78	109	
1	97	113	135
113	96	135	
3	83	92	137
92	99	137	
1	93	113	117
113	7	117	
1	95	38	190
38	133	157	190	
1	88	102	16
102	36	16	
2	81	161	117
161	7	117	
4	88	199	117
199	69	91	117	
1	88	127	154
127	1	164	154	
4	87	199	153
-1
2	87	161	152
161	159	152	
3	81	63	64
63	1	18	64	
2	89	200	107
200	7	117	107	
3	97	15	19
15	106	19	
4	87	128	9
128	73	9	
4	94	163	110
163	60	12	110	
4	82	144	70
-1
4	91	65	20
65	120	20	
2	84	185	147
185	32	147	
4	88	53	97
53	119	97	
3	91	92	57
92	82	72	57	
3	87	39	119
39	11	119	
1	93	72	71
72	165	71	
4	84	41	85
41	58	85	
4	92	79	165
79	136	18	165	
4	81	58	79
58	179	79	
3	83	52	22
52	23	22	
1	82	66	86
66	15	46	86	
3	80	197	71
197	36	121	71	
3	96	81	123
81	97	123	
2	85	21	167
21	112	70	167	
1	83	113	5
113	74	5	
2	85	172	77
172	80	77	
2	90	185	69
185	61	69	
4	86	169	99
-1
1	84	113	156
113	121	156	
3	86	15	159
15	82	159	
4	91	90	25
90	174	125	25	
4	93	184	21
184	21	
1	88	25	54
25	102	54	
1	94	113	26
-1
4	98	58	90
58	158	90	
1	86	74	61
74	147	61	
3	95	159	198
159	6	198	
3	93	81	166
81	104	73	166	
4	81	167	79
167	12	60	79	
3	91	84	45
84	130	45	
4	87	70	134
-1
3	88	141	69
141	178	69	
4	93	187	93
-1
4	98	155	158
-1
3	80	89	167
89	135	167	
3	80	179	192
-1
3	97	146	103
146	53	174	103	
3	95	133	135
133	89	135	
2	85	18	54
18	165	54	
3	81	11	137
11	55	64	137	
4	86	163	6
163	95	6	
4	94	90	98
90	107	98	
2	99	190	84
190	82	84	
4	96	95	38
95	83	15	38	
2	94	26	78
26	109	78	
1	86	46	57
46	57	
4	88	126	154
126	1	164	154	
4	82	156	38
156	24	60	38	
2	87	151	7
151	37	7	
3	83	176	18
176	68	18	
3	88	197	132
197	31	132	
2	86	55	173
55	64	173	
2	81	29	115
29	88	115	
2	91	48	9
48	78	9	
4	88	24	34
24	123	162	34	
1	96	119	79
119	11	79	
4	81	158	157
158	57	157	
1	90	97	112
97	67	112	
1	97	171	14
171	4	14	
3	86	99	141
99	178	141	
3	89	162	89
162	2	118	89	
2	81	31	143
-1
2	95	149	171
-1
4	84	150	19
150	29	147	19	
2	89	93	194
93	90	194	
3	80	162	64
162	120	64	
2	96	190	20
190	54	20	
2	99	172	116
172	88	116	
3	84	142	87
142	52	87	
3	84	71	185
71	121	14	185	
4	92	169	98
169	175	120	98	
1	94	198	128
198	50	154	128	
1	96	152	28
-1
1	94	67	130
67	15	130	
1	80	143	22
143	23	22	
4	83	53	135
53	102	70	135	
4	95	145	125
145	68	174	125	
4	90	41	96
41	161	96	
1	88	152	189
-1
3	84	76	12
76	17	12	
3	82	92	132
92	147	132	
3	81	44	130
44	20	104	130	
4	89	90	81
90	93	81	
4	98	58	99
58	92	99	
3	91	45	42
45	137	42	
1	86	25	46
25	157	46	
2	90	68	190
68	9	190	
2	97	83	182
83	157	18	182	
1	97	166	85
166	154	164	85	
2	88	134	112
-1
3	80	39	3
39	11	174	3	
1	81	193	46
193	20	91	46	
1	93	74	87
74	34	87	
1	91	183	144
183	38	144	
4	84	173	188
173	9	1	188	
2	89	185	164
185	62	164	
2	90	83	32
83	105	32	
2	83	153	66
153	105	66	
4	87	22	183
22	37	183	
4	98	79	69
79	47	69	
2	92	100	59
100	59	
3	97	52	51
52	100	51	
3	95	133	124
133	75	124	
1	91	46	107
46	91	107	
4	98	9	31
9	68	31	
2	82	14	15
14	94	15	
3	85	15	49
15	94	49	
4	82	158	1
158	1	
3	97	81	22
81	18	34	22	
4	85	41	53
41	8	53	
1	83	111	152
111	6	82	152	
4	93	184	3
184	88	3	
4	96	53	87
53	46	118	87	
2	94	161	84
161	9	84	
2	85	12	92
12	32	92	
2	91	2	57
2	157	57	
4	80	156	24
156	24	
2	92	93	181
-1
1	86	96	13
96	146	13	
2	98	185	5
185	40	186	5	
2	89	190	116
190	82	6	116	
2	83	5	51
5	108	51	
4	89	118	55
118	2	55	
4	84	106	15
106	15	
2	87	153	26
153	52	26	
1	96	30	180
-1
1	99	73	135
73	128	135	
4	91	165	28
165	28	
4	83	58	75
58	75	
4	80	124	59
124	60	12	59	
2	87	42	48
42	5	78	48	
3	97	63	4
63	1	4	
1	91	38	121
38	36	121	
3	98	99	178
99	178	
