4	104	821	392
-1
4	103	749	889
-1
3	106	150	649
-1
2	107	723	348
-1
3	111	79	288
-1
1	112	209	578
-1
2	104	819	662
-1
4	100	305	600
-1
2	115	435	260
-1
4	116	423	888
-1
4	119	559	861
-1
1	107	23	709
-1
1	108	719	10
-1
3	115	577	732
-1
2	103	645	863
-1
1	112	848	171
-1
3	113	340	89
-1
3	105	157	445
-1
4	116	509	32
-1
3	115	197	506
-1
4	115	553	165
-1
2	115	452	187
-1
2	116	392	57
-1
2	100	132	634
-1
2	102	167	378
-1
3	104	542	377
-1
1	104	594	717
-1
4	109	408	25
408	209	25	
1	100	25	533
-1
4	105	801	729
-1
2	101	716	433
-1
4	108	644	37
-1
1	116	379	480
-1
2	109	228	611
-1
1	118	808	777
-1
2	115	450	419
-1
2	103	314	164
-1
1	119	318	571
-1
2	111	819	647
-1
1	112	399	547
-1
1	116	537	415
-1
4	112	838	158
-1
4	111	478	588
-1
4	113	175	815
-1
4	110	556	722
-1
3	100	415	323
-1
2	103	702	688
-1
3	106	857	106
-1
2	112	136	24
-1
3	111	899	475
-1
1	117	643	163
-1
1	106	820	100
-1
2	113	184	630
184	86	630	
3	100	28	856
-1
1	113	481	511
-1
4	116	811	77
-1
3	103	763	830
-1
1	100	827	786
-1
2	116	665	21
-1
1	102	249	72
-1
1	104	432	714
-1
3	115	129	685
-1
1	116	87	869
-1
1	111	633	896
-1
2	102	193	528
-1
2	110	526	439
-1
1	100	334	353
-1
1	105	830	331
-1
4	118	530	95
-1
4	101	358	396
-1
3	114	712	827
-1
1	111	328	108
-1
2	119	44	246
-1
3	106	440	878
-1
1	113	844	170
-1
2	103	806	748
-1
1	108	48	181
-1
2	118	68	110
-1
4	105	874	692
-1
3	100	4	201
-1
1	118	105	13
-1
4	117	71	340
-1
1	103	722	435
-1
4	100	493	27
-1
4	102	259	870
-1
3	109	605	827
-1
4	109	540	874
-1
2	111	828	42
-1
2	114	547	67
-1
4	106	412	70
-1
3	110	724	226
-1
1	110	114	348
-1
1	116	512	170
-1
1	102	307	662
-1
1	111	27	73
-1
2	117	869	729
-1
4	111	710	368
-1
3	104	732	348
732	49	348	
1	110	863	894
-1
2	111	889	457
-1
1	108	215	332
-1
1	115	506	445
-1
1	104	288	108
-1
4	118	556	414
-1
1	102	799	441
-1
3	110	162	461
-1
2	109	352	271
352	271	
4	116	463	102
-1
1	101	719	116
-1
1	109	89	104
-1
4	100	532	370
-1
3	117	300	27
-1
3	104	415	366
-1
2	118	752	22
752	66	386	22	
1	110	850	872
-1
1	110	224	133
-1
1	112	326	484
-1
4	105	847	98
-1
3	100	764	816
-1
1	115	777	56
-1
3	117	347	587
-1
2	103	299	38
-1
2	101	696	453
-1
4	102	353	356
-1
1	113	371	305
-1
4	117	33	580
-1
4	101	155	5
-1
3	110	548	851
-1
2	118	193	766
-1
1	113	6	695
-1
3	112	873	193
-1
3	109	310	491
-1
2	113	726	339
-1
2	108	607	691
-1
3	104	561	213
-1
3	103	486	245
-1
4	119	543	399
-1
3	102	236	98
-1
1	119	27	343
-1
1	113	685	348
-1
3	105	550	320
-1
3	108	102	682
-1
4	118	644	507
-1
4	108	737	265
-1
4	112	338	825
-1
2	116	242	462
-1
1	106	778	104
-1
2	104	417	340
417	83	340	
3	106	111	418
-1
2	105	571	202
-1
3	104	824	803
-1
4	117	422	5
-1
3	103	562	700
-1
3	119	140	588
-1
4	115	460	25
460	82	34	25	
3	116	92	319
-1
2	112	20	196
20	762	53	196	
4	111	346	664
-1
2	100	770	775
-1
4	101	688	445
-1
4	115	53	420
53	318	285	420	
2	119	690	893
-1
1	110	207	554
-1
4	118	283	745
-1
1	102	674	304
-1
2	100	90	447
-1
3	107	866	466
-1
3	111	898	864
-1
1	117	421	785
-1
1	101	361	573
-1
1	112	554	677
-1
4	105	650	466
650	255	82	466	
4	110	801	725
-1
2	115	752	159
-1
3	118	442	832
-1
4	117	104	21
-1
4	102	137	39
-1
3	105	364	88
-1
4	110	407	509
-1
3	114	324	21
-1
4	110	737	627
-1
1	108	670	376
-1
1	112	647	328
-1
4	110	277	231
277	537	231	
3	101	652	672
-1
2	114	483	828
-1
1	112	760	116
-1
3	119	654	531
-1
1	119	512	38
-1
1	100	254	413
-1
3	106	568	250
-1
4	113	710	71
-1
2	112	418	717
-1
3	103	2	93
-1
4	106	644	797
-1
4	113	266	379
-1
1	108	12	290
-1
4	119	644	43
-1
4	108	463	554
-1
4	100	843	807
-1
4	101	395	526
-1
2	111	573	336
-1
3	107	278	753
-1
3	112	310	807
-1
2	108	573	550
-1
3	118	712	867
-1
3	107	725	878
-1
1	109	6	673
-1
2	115	717	236
-1
4	101	617	230
-1
2	107	29	676
29	383	91	676	
4	114	591	348
-1
4	118	322	625
-1
3	104	822	86
-1
4	106	514	711
514	3	711	
1	112	154	522
-1
1	102	172	398
-1
4	114	531	403
-1
2	101	880	271
-1
1	102	87	887
-1
4	117	101	16
-1
3	116	640	658
-1
1	112	614	79
614	20	356	79	
3	118	492	52
-1
4	108	329	565
-1
1	109	715	770
-1
3	106	219	41
-1
3	101	601	571
-1
1	111	756	603
-1
4	110	349	689
-1
1	117	172	841
-1
2	106	669	580
-1
1	116	718	293
-1
2	108	490	837
-1
3	112	348	265
348	412	265	
1	114	16	131
-1
4	114	257	349
257	88	349	
1	117	844	102
-1
4	119	137	9
137	6	584	9	
2	119	600	357
-1
4	100	202	528
-1
1	111	719	349
-1
3	104	145	166
-1
2	112	602	707
-1
2	108	262	155
262	74	155	
3	118	486	222
-1
2	118	580	479
-1
1	119	715	474
-1
2	107	624	610
-1
3	116	183	309
-1
4	103	534	511
-1
4	103	826	381
-1
3	108	798	578
-1
2	107	214	331
-1
3	101	518	592
-1
3	114	186	229
-1
3	104	36	809
36	135	809	
2	117	234	675
-1
4	118	586	398
-1
2	119	45	632
-1
4	101	761	265
761	4	265	
1	101	205	243
205	426	268	243	
1	110	100	192
-1
4	112	161	457
-1
3	115	28	74
-1
4	104	101	259
-1
4	112	395	346
-1
4	106	320	579
-1
3	103	769	316
-1
3	114	28	361
28	361	
1	110	599	221
-1
4	104	780	477
-1
4	115	493	577
-1
1	111	784	737
-1
1	116	608	816
-1
4	106	124	16
124	410	16	
3	111	768	410
-1
1	110	472	781
-1
1	105	850	650
-1
3	117	725	729
-1
3	118	331	427
-1
4	106	253	306
253	471	7	306	
2	114	418	850
-1
3	102	825	733
-1
4	117	789	441
-1
3	112	825	616
-1
1	114	272	535
-1
4	106	63	106
-1
2	107	485	107
-1
3	107	323	831
-1
3	113	520	261
-1
2	110	90	565
-1
3	100	189	82
-1
1	104	863	7
-1
2	116	578	795
-1
4	111	155	771
-1
2	117	700	142
-1
2	114	806	257
-1
3	100	792	793
-1
4	102	632	215
632	22	215	
2	114	299	787
-1
3	119	445	28
-1
2	100	47	216
-1
2	118	499	231
-1
1	104	784	808
-1
3	115	712	62
-1
4	108	356	813
-1
4	116	533	718
-1
1	109	868	662
-1
4	103	460	393
-1
1	101	883	743
-1
3	109	769	287
-1
4	104	268	386
268	426	2	386	
4	106	801	884
-1
4	113	491	819
-1
3	115	76	631
-1
2	119	483	138
-1
3	117	183	670
-1
3	110	140	689
-1
3	114	41	301
-1
3	116	156	335
-1
1	115	158	203
-1
1	100	187	471
-1
2	115	483	423
-1
1	114	110	13
-1
4	116	543	140
-1
3	113	190	674
-1
2	114	702	857
-1
1	103	131	148
-1
4	115	221	188
-1
2	109	807	343
-1
4	111	283	552
-1
3	113	150	790
-1
1	115	402	425
-1
1	100	638	534
-1
3	119	792	228
-1
3	105	728	470
-1
4	101	801	271
801	30	271	
1	100	695	453
-1
3	119	430	673
-1
2	113	465	579
-1
1	105	886	13
-1
3	114	558	215
-1
4	118	751	616
-1
2	103	519	353
-1
2	103	299	244
-1
1	104	270	123
-1
3	114	15	75
-1
2	106	668	822
-1
3	110	568	351
-1
4	100	759	868
-1
1	104	393	853
-1
2	118	578	562
-1
2	114	704	413
-1
4	106	355	83
-1
2	102	590	433
-1
3	104	153	702
-1
1	119	237	769
-1
1	100	643	536
-1
3	102	601	256
-1
2	101	383	114
-1
1	114	795	506
-1
4	115	320	235
-1
1	119	110	91
-1
4	101	464	497
-1
3	105	323	186
-1
4	107	477	391
-1
3	115	753	679
-1
1	102	152	474
-1
1	117	424	174
-1
2	103	199	609
-1
1	100	840	503
-1
4	115	586	874
-1
1	117	894	84
-1
4	113	765	599
-1
1	118	719	73
-1
3	100	204	601
-1
1	119	391	454
-1
1	112	498	657
-1
3	117	241	181
241	11	181	
3	105	290	431
-1
4	100	505	370
-1
1	105	326	108
-1
1	100	381	101
-1
2	111	578	865
-1
1	103	371	683
-1
1	104	401	887
-1
3	109	822	429
-1
4	105	173	27
-1
4	105	845	319
-1
4	107	842	660
-1
2	117	600	265
-1
1	116	12	590
-1
1	116	297	122
-1
1	112	718	751
-1
2	107	889	273
-1
2	105	284	673
-1
4	113	280	646
-1
3	111	729	818
-1
2	101	35	814
-1
