3	253	35	119
35	17	119	
4	786	180	135
-1
2	500	29	13
29	13	
2	677	118	13
118	13	
4	630	123	70
-1
2	341	96	114
96	70	114	
3	516	163	94
-1
3	434	4	90
-1
4	332	7	54
-1
2	597	174	98
-1
4	67	57	84
57	75	84	
3	251	11	64
11	176	64	
2	365	149	92
-1
3	279	51	161
-1
2	351	130	36
-1
4	216	10	131
-1
4	159	151	45
151	8	45	
3	50	69	200
69	9	200	
3	53	103	7
103	36	108	7	
2	102	138	180
-1
2	286	85	188
-1
3	201	54	150
54	91	150	
2	694	158	50
158	50	
2	55	25	52
25	67	52	
2	542	105	182
-1
2	572	158	191
-1
4	368	124	94
-1
4	67	183	114
-1
3	173	35	17
35	17	
3	554	140	106
-1
2	644	143	142
-1
4	645	180	195
-1
2	545	33	152
-1
4	348	178	177
-1
3	729	35	33
35	33	
4	722	127	190
-1
4	617	101	113
-1
3	130	119	47
119	47	
3	748	136	81
-1
4	503	160	20
-1
2	294	66	113
66	56	113	
4	139	160	45
160	34	45	
4	192	108	77
-1
2	770	153	6
-1
2	602	153	40
-1
4	341	183	118
-1
3	505	107	18
-1
4	101	124	136
124	52	136	
3	231	54	72
54	91	72	
2	102	153	183
-1
4	517	108	48
-1
4	211	53	160
-1
3	789	144	67
-1
2	647	138	171
-1
2	538	109	123
-1
3	206	111	57
111	68	57	
2	523	55	163
-1
4	661	110	38
110	38	
4	682	12	44
12	44	
3	266	145	148
145	97	148	
3	315	98	55
-1
3	674	115	59
115	59	
3	392	128	2
-1
4	714	169	140
-1
2	439	16	48
-1
4	597	7	110
7	110	
3	362	163	164
-1
4	299	88	74
-1
2	92	149	85
-1
2	439	33	181
-1
2	646	99	78
99	78	
4	604	165	144
-1
4	358	141	23
141	23	
3	799	136	192
-1
3	398	52	159
-1
4	457	91	165
-1
4	121	91	79
91	150	79	
4	196	53	119
53	61	119	
3	382	4	67
4	128	67	
4	462	199	52
-1
3	490	140	150
-1
3	135	136	66
-1
2	310	143	7
-1
4	253	151	94
151	16	94	
4	561	50	145
-1
3	178	148	188
148	39	188	
3	758	107	78
-1
2	526	78	82
-1
2	445	26	37
26	78	37	
4	396	58	35
-1
3	197	71	175
-1
3	513	113	62
-1
4	69	50	4
50	143	4	
4	264	10	154
10	154	
3	308	113	155
-1
4	147	127	54
127	54	
2	374	105	161
-1
4	107	65	190
65	190	
3	744	192	16
-1
4	428	89	73
-1
2	254	85	95
85	43	95	
2	466	182	7
-1
3	71	145	57
145	7	124	57	
2	527	66	18
-1
3	331	80	131
-1
3	185	191	57
191	42	57	
4	495	88	113
-1
3	184	15	177
-1
4	501	22	120
-1
4	324	18	8
18	157	8	
4	768	49	92
-1
4	377	53	26
-1
3	735	71	122
-1
3	602	45	188
-1
2	534	172	19
-1
2	690	5	9
-1
3	402	140	49
140	168	49	
2	731	187	63
-1
3	652	24	36
-1
4	210	75	54
75	73	54	
4	453	151	102
-1
4	780	170	106
-1
2	552	99	129
-1
2	139	36	173
-1
2	459	38	144
-1
4	670	123	148
-1
3	118	15	40
15	39	40	
2	582	20	178
-1
2	619	153	1
-1
2	174	5	28
5	186	28	
4	727	65	178
-1
4	233	121	99
121	178	99	
3	561	1	197
-1
3	585	3	184
-1
3	430	144	22
-1
3	729	56	96
-1
4	118	176	62
176	37	62	
2	98	96	81
96	70	81	
2	450	78	185
-1
4	127	199	190
199	83	190	
2	505	174	6
-1
3	403	1	126
-1
2	502	86	79
86	125	79	
2	735	99	81
-1
2	508	84	177
-1
2	305	164	32
-1
3	369	144	7
-1
3	301	114	54
-1
4	386	14	83
14	83	
3	475	115	81
-1
3	330	42	54
42	176	54	
2	356	99	7
99	7	
2	134	55	92
55	92	
4	166	7	191
7	11	191	
3	542	94	74
-1
4	125	155	190
-1
4	683	62	85
-1
3	386	31	150
-1
2	118	33	164
-1
4	449	19	78
19	78	
3	354	146	71
-1
2	160	126	170
126	30	170	
4	402	184	24
-1
2	442	120	182
-1
4	417	89	27
89	27	
2	356	33	181
-1
4	540	9	195
-1
2	640	142	177
-1
2	305	81	9
81	82	9	
2	732	149	179
-1
4	452	50	76
-1
2	273	5	2
5	122	2	
3	196	117	137
-1
4	627	169	57
-1
3	706	163	97
-1
4	538	183	129
-1
4	732	39	137
-1
3	459	132	31
-1
2	719	174	111
-1
4	350	131	11
131	11	
4	525	14	13
14	1	13	
3	378	117	169
-1
2	215	143	85
143	43	85	
4	73	39	6
39	173	6	
3	69	69	120
69	25	120	
2	297	125	102
-1
3	436	113	93
-1
4	368	48	176
-1
2	430	159	101
-1
2	690	78	31
-1
3	752	80	195
-1
2	522	6	63
-1
2	157	84	5
84	5	
3	712	51	44
-1
4	283	74	64
74	64	
3	785	145	140
-1
3	227	193	52
193	32	52	
2	554	81	51
-1
4	504	199	9
-1
3	684	179	87
179	87	
4	628	121	118
-1
4	340	76	123
-1
2	795	198	159
-1
2	240	5	161
-1
4	355	169	35
169	171	35	
4	694	53	179
-1
3	597	190	123
-1
2	748	67	155
-1
3	406	71	153
-1
3	594	175	131
-1
3	112	61	4
61	163	4	
2	536	189	79
-1
4	696	131	76
-1
2	757	78	33
-1
2	343	20	1
-1
2	223	25	5
-1
4	646	121	194
-1
3	52	69	12
69	28	12	
4	705	19	82
-1
2	687	25	8
-1
4	640	22	20
-1
3	118	136	160
136	98	160	
4	696	124	43
-1
3	628	71	120
-1
2	530	130	92
-1
4	285	23	68
23	60	68	
3	228	46	189
-1
3	140	144	9
144	33	9	
2	523	197	27
-1
4	333	2	3
-1
2	554	41	24
-1
3	664	132	111
-1
3	156	52	35
52	168	35	
4	127	48	57
48	57	
4	768	76	186
-1
4	486	57	8
-1
4	276	194	5
-1
2	686	172	149
-1
3	562	114	145
-1
3	566	90	98
-1
2	142	25	90
25	116	90	
3	452	179	21
-1
2	438	93	73
-1
4	394	49	72
-1
2	629	29	148
-1
2	288	147	156
147	4	156	
2	693	85	149
-1
3	541	163	72
-1
4	187	49	138
49	88	138	
3	286	113	27
-1
4	725	180	51
-1
4	198	22	29
22	146	29	
2	272	174	74
-1
3	93	113	74
113	161	74	
4	240	59	102
-1
4	397	39	1
-1
4	447	177	85
-1
2	569	120	200
-1
3	408	163	48
163	48	
3	484	150	113
-1
2	636	138	92
-1
3	266	64	113
-1
3	739	114	38
-1
2	615	36	102
-1
2	766	29	161
-1
3	366	122	199
-1
4	203	169	127
-1
3	502	69	199
-1
4	751	88	161
-1
3	713	148	63
-1
4	506	82	200
-1
4	268	170	15
170	15	
2	708	38	128
-1
3	759	28	163
-1
3	369	195	144
-1
3	469	63	65
-1
3	196	132	185
-1
2	146	85	53
85	176	53	
2	106	189	92
-1
3	168	92	39
-1
4	170	108	72
108	7	72	
4	434	14	41
-1
2	314	185	79
185	7	79	
3	428	193	58
-1
3	71	102	52
102	60	52	
4	535	124	66
-1
2	270	143	197
-1
2	422	41	81
41	168	81	
3	716	137	21
-1
3	54	146	113
-1
3	326	64	172
64	108	172	
2	218	86	185
-1
2	698	171	169
171	169	
3	205	87	113
-1
4	758	165	15
-1
2	74	187	90
187	7	123	90	
3	320	72	184
-1
3	503	94	25
-1
4	675	169	113
-1
4	789	135	58
-1
2	360	139	74
139	64	74	
3	197	167	159
167	174	159	
2	165	36	81
36	187	81	
3	128	134	167
134	15	173	167	
3	794	42	84
42	84	
4	233	152	70
152	28	70	
3	318	128	141
-1
2	492	149	187
-1
4	407	154	155
154	34	155	
3	516	179	89
-1
4	541	21	179
-1
2	602	81	146
81	146	
2	684	78	133
-1
3	303	196	18
-1
2	586	26	11
-1
4	55	22	163
22	37	163	
3	297	107	90
107	90	
3	783	175	190
-1
2	737	20	95
-1
4	427	177	26
-1
2	256	95	46
95	50	46	
3	453	87	126
-1
2	437	189	156
-1
4	106	123	151
-1
3	367	128	176
-1
3	381	64	197
-1
3	172	69	55
69	173	55	
3	364	167	29
-1
4	658	2	48
-1
3	533	192	24
-1
3	728	69	119
-1
3	406	77	157
-1
2	111	182	97
-1
2	663	172	171
-1
4	640	178	99
178	99	
2	388	147	162
-1
4	442	30	31
-1
4	320	2	149
-1
3	68	116	150
116	79	150	
2	393	125	93
-1
4	263	110	162
-1
4	169	141	190
-1
3	265	97	172
-1
4	436	160	142
-1
2	184	125	71
125	117	71	
4	397	65	169
-1
2	377	153	198
-1
2	677	95	152
-1
3	179	17	67
17	18	67	
3	671	35	143
-1
3	634	181	53
-1
2	274	44	145
-1
2	345	16	41
-1
4	438	131	152
-1
4	611	169	76
-1
2	781	105	92
-1
3	179	3	44
3	125	44	
4	380	82	90
-1
4	198	110	58
110	116	58	
4	641	39	45
-1
4	645	12	25
-1
2	139	147	68
147	57	68	
3	581	71	83
-1
2	134	118	166
-1
4	161	58	134
58	17	134	
3	502	69	39
69	173	39	
3	745	1	193
-1
4	486	82	74
-1
3	393	114	183
-1
4	87	12	173
12	129	15	173	
2	263	5	185
5	185	
4	431	50	83
-1
3	265	191	153
191	11	153	
4	732	124	22
-1
2	718	8	79
-1
3	708	119	100
-1
3	300	73	52
-1
2	173	118	133
118	75	133	
3	206	156	46
156	46	
3	480	52	9
52	9	
4	164	39	14
39	84	14	
3	148	3	15
3	57	15	
4	350	186	158
-1
3	621	3	81
-1
2	202	138	41
138	66	41	
2	51	6	111
6	59	111	
3	502	64	184
-1
3	536	114	53
-1
2	483	37	161
-1
2	491	95	12
-1
2	356	126	2
126	41	2	
3	673	92	156
-1
4	780	141	93
-1
2	412	93	96
-1
2	404	67	185
-1
3	515	119	190
-1
2	400	70	5
-1
3	754	24	118
-1
4	514	110	106
-1
3	375	145	153
-1
