200	538
2	1
4	4
16	23
10	14
12	16
6	7
2	2
14	21
14	21
19	29
9	12
11	16
17	25
2	2
3	2
12	16
14	21
2	1
9	12
3	3
9	13
15	21
13	18
19	28
18	26
12	16
3	3
14	20
9	13
15	22
19	28
16	23
6	8
2	2
15	23
8	10
14	19
16	23
20	30
8	11
6	8
20	30
15	22
16	23
14	20
3	3
14	19
18	27
7	9
10	14
16	23
11	15
6	8
7	9
8	11
5	5
11	15
19	27
19	28
3	2
19	28
11	16
11	16
8	10
20	30
11	15
7	8
3	3
20	29
3	3
11	16
9	12
7	9
19	28
12	16
10	14
19	29
2	2
16	23
16	24
17	25
4	4
2	1
15	21
18	27
13	19
15	23
15	22
20	30
18	27
6	7
7	10
8	11
11	16
13	18
18	26
9	13
17	26
7	9
9	13
12	17
10	15
7	9
5	6
4	5
12	18
17	25
2	1
12	17
11	15
20	29
16	23
12	17
18	27
13	19
17	26
5	5
6	7
15	22
4	4
3	3
7	9
2	1
9	13
2	1
15	22
19	29
6	8
5	6
8	10
18	27
14	20
4	5
14	21
9	12
9	12
11	15
4	5
13	18
18	26
13	18
20	29
12	17
4	5
20	30
9	13
4	5
12	17
6	8
11	15
10	14
20	29
4	4
5	6
8	10
13	19
4	4
14	20
13	19
17	25
6	8
11	15
9	12
5	7
2	1
19	28
10	13
4	5
20	29
9	13
4	4
18	27
3	3
5	5
3	3
8	11
6	8
4	5
16	24
10	14
8	11
10	14
17	25
19	28
14	20
6	7
14	21
19	28
6	8
18	26
10	15
11	16
13	19
17	25
16	23
10	14
20	29
14	19
10	14
17	25
1	187	471
187	1	472
1	148	190
148	1	190
1	129	2725
129	1	2725
1	68	461
68	1	461
1	196	305
196	1	306
1	101	464
101	1	464
1	75	2096
75	1	2096
2	100	114
100	2	115
2	59	482
59	2	483
2	110	98
110	2	99
2	140	433
140	2	434
2	174	294
174	2	295
2	86	99
86	2	99
2	172	3355
172	2	3356
2	95	430
95	2	430
2	142	115
142	2	116
2	23	494
23	2	495
3	83	420
83	3	420
3	55	424
55	3	424
3	113	377
113	3	378
3	198	454
198	3	454
3	38	125
38	3	126
3	69	399
69	3	399
3	87	385
87	3	385
3	92	62
92	3	62
3	176	203
176	3	203
3	175	3537
175	3	3538
3	63	115
63	3	115
3	147	460
147	3	461
3	31	248
31	3	249
3	144	62
144	3	63
3	135	363
135	3	363
3	84	323
84	3	323
4	51	310
51	4	310
4	15	319
15	4	319
4	116	403
116	4	404
4	162	64
162	4	64
4	79	346
79	4	346
4	87	106
87	4	106
4	61	322
61	4	322
4	73	474
73	4	475
5	65	119
65	5	119
5	85	103
85	5	103
5	53	406
53	5	406
5	12	150
12	5	150
5	195	395
195	5	396
6	94	476
94	6	476
6	165	250
165	6	250
6	105	112
105	6	112
6	156	118
156	6	119
6	107	366
107	6	366
6	153	457
153	6	457
6	42	398
42	6	399
6	149	451
149	6	452
6	71	2480
71	6	2481
6	104	256
104	6	257
6	193	445
193	6	445
6	109	459
109	6	460
6	136	359
136	6	360
6	179	317
179	6	317
6	40	447
40	6	448
6	97	253
97	6	254
6	166	379
166	6	380
6	182	149
182	6	150
6	197	411
197	6	411
7	74	58
74	7	59
7	134	1821
134	7	1822
7	93	1396
93	7	1396
7	132	406
132	7	406
7	27	244
27	7	244
7	184	3421
184	7	3422
7	13	273
13	7	274
7	34	266
34	7	266
7	67	3138
67	7	3138
7	40	458
40	7	459
7	68	343
68	7	343
7	178	228
178	7	229
8	111	56
111	8	56
8	96	101
96	8	101
8	51	153
51	8	154
8	191	1829
191	8	1829
8	48	365
48	8	365
8	78	58
78	8	58
8	28	852
28	8	853
8	158	469
158	8	470
8	17	441
17	8	442
8	29	375
29	8	376
8	26	451
26	8	452
8	63	99
63	8	99
8	150	3559
150	8	3559
8	37	149
37	8	150
9	159	307
159	9	308
9	58	781
58	9	782
9	22	212
22	9	213
9	47	461
47	9	462
9	70	1866
70	9	1867
9	106	288
106	9	289
9	30	158
30	9	158
9	63	491
63	9	491
9	27	466
27	9	467
9	168	343
168	9	344
9	186	263
186	9	263
9	28	410
28	9	411
9	128	85
128	9	86
9	171	95
171	9	96
10	43	186
43	10	186
10	127	293
127	10	294
10	115	50
115	10	51
10	15	334
15	10	334
10	177	459
177	10	460
10	73	468
73	10	468
10	52	477
52	10	478
10	143	401
143	10	402
10	133	461
133	10	462
10	48	338
48	10	339
10	46	434
46	10	434
10	85	131
85	10	131
10	151	469
151	10	469
10	124	60
124	10	61
10	160	165
160	10	166
10	17	455
17	10	456
11	50	431
50	11	431
11	72	398
72	11	399
11	89	82
89	11	83
11	35	496
35	11	496
11	36	70
36	11	71
11	28	254
28	11	254
11	173	87
173	11	87
11	119	180
119	11	180
11	66	242
66	11	243
11	93	270
93	11	270
11	100	408
100	11	409
12	126	290
126	12	291
12	200	213
200	12	213
12	31	132
31	12	133
12	96	397
96	12	398
12	199	214
199	12	215
12	66	251
66	12	252
12	42	300
42	12	300
12	125	438
125	12	438
12	138	402
138	12	403
12	49	214
49	12	214
13	42	493
42	13	494
13	183	433
183	13	433
13	85	467
85	13	467
13	70	3320
70	13	3321
13	55	352
55	13	352
13	60	344
60	13	345
13	15	186
15	13	187
13	181	436
181	13	436
13	29	159
29	13	159
13	141	352
141	13	352
13	75	272
75	13	273
13	41	2028
41	13	2028
13	25	177
25	13	178
13	180	363
180	13	363
14	122	433
122	14	434
14	154	416
154	14	416
14	76	115
76	14	116
14	50	482
50	14	482
14	15	433
15	14	434
14	98	488
98	14	488
15	56	407
56	15	408
15	25	69
25	15	69
15	60	200
60	15	201
15	161	3654
161	15	3654
15	44	120
44	15	120
15	52	480
52	15	480
15	62	424
62	15	424
16	170	670
170	16	671
16	91	3443
91	16	3443
16	81	2750
81	16	2751
16	102	1857
102	16	1857
16	17	159
17	16	160
16	146	151
146	16	152
16	90	2946
90	16	2947
16	114	198
114	16	199
16	87	239
87	16	240
16	79	202
79	16	202
16	117	442
117	16	443
16	47	483
47	16	484
16	99	298
99	16	299
16	67	71
67	16	72
17	155	215
155	17	215
17	89	336
89	17	337
17	36	88
36	17	88
17	190	426
190	17	426
17	121	434
121	17	435
17	164	340
164	17	340
17	95	119
95	17	119
17	18	118
18	17	118
17	57	497
57	17	498
17	139	467
139	17	467
18	163	319
163	18	320
18	62	364
62	18	365
18	20	304
20	18	304
18	97	483
97	18	483
18	80	434
80	18	434
18	118	110
118	18	110
18	48	3340
48	18	3340
18	60	112
60	18	113
18	88	2713
88	18	2713
19	91	425
91	19	425
19	41	379
41	19	379
19	71	373
71	19	373
19	24	467
24	19	468
19	55	447
55	19	448
19	188	388
188	19	388
19	66	420
66	19	420
19	98	242
98	19	243
19	51	159
51	19	160
19	28	1444
28	19	1444
19	45	181
45	19	182
19	89	143
89	19	143
19	185	294
185	19	295
19	47	408
47	19	408
19	59	497
59	19	498
20	90	489
90	20	489
20	40	61
40	20	62
20	152	121
152	20	121
20	108	291
108	20	292
20	29	474
29	20	475
20	78	340
78	20	341
20	33	427
33	20	428
21	32	458
32	21	458
21	94	189
94	21	190
21	25	455
25	21	456
21	46	57
46	21	57
23	29	352
29	23	352
23	81	467
81	23	468
23	94	369
94	23	370
24	123	232
123	24	232
24	88	206
88	24	206
24	67	209
67	24	210
25	192	380
192	25	380
26	32	321
32	26	322
31	53	125
53	31	126
32	39	293
39	32	294
35	36	264
36	35	264
36	120	411
120	36	411
37	131	75
131	37	76
39	48	321
48	39	322
40	100	427
100	40	428
46	112	300
112	46	301
46	91	206
91	46	207
47	103	426
103	47	427
53	64	79
64	53	79
54	57	441
57	54	442
54	98	414
98	54	414
57	90	125
90	57	125
59	87	75
87	59	75
60	75	437
75	60	437
63	169	407
169	63	408
64	93	108
93	64	109
67	96	313
96	67	314
71	73	281
73	71	281
73	92	2602
92	73	2602
74	167	160
167	74	161
74	82	446
82	74	447
75	95	69
95	75	70
77	79	494
79	77	494
77	88	439
88	77	440
77	91	131
91	77	131
77	145	221
145	77	221
79	189	106
189	79	107
89	157	1530
157	89	1530
96	130	406
130	96	406
98	137	111
137	98	112
6	194	250
194	6	250
