150	378
2	1
4	4
16	23
10	14
12	16
6	7
2	2
14	21
14	21
19	29
9	12
11	16
17	25
2	2
3	2
12	16
14	21
2	1
9	12
3	3
9	13
15	21
13	18
19	28
18	26
12	16
3	3
14	20
9	13
15	22
19	28
16	23
6	8
2	2
15	23
8	10
14	19
16	23
20	30
8	11
6	8
20	30
15	22
16	23
14	20
3	3
14	19
18	27
7	9
10	14
16	23
11	15
6	8
7	9
8	11
5	5
11	15
19	27
19	28
3	2
19	28
11	16
11	16
8	10
20	30
11	15
7	8
3	3
20	29
3	3
11	16
9	12
7	9
19	28
12	16
10	14
19	29
2	2
16	23
16	24
17	25
4	4
2	1
15	21
18	27
13	19
15	23
15	22
20	30
18	27
6	7
7	10
8	11
11	16
13	18
18	26
9	13
17	26
7	9
9	13
12	17
10	15
7	9
5	6
4	5
12	18
17	25
2	1
12	17
11	15
20	29
16	23
12	17
18	27
13	19
17	26
5	5
6	7
15	22
4	4
3	3
7	9
2	1
9	13
2	1
15	22
19	29
6	8
5	6
8	10
18	27
14	20
4	5
14	21
9	12
9	12
11	15
4	5
13	18
18	26
13	18
20	29
12	17
4	5
20	30
9	13
4	5
12	17
6	8
11	15
1	142	449
142	1	449
1	59	466
59	1	466
1	26	3002
26	1	3003
1	47	371
47	1	372
1	11	319
11	1	320
1	65	404
65	1	404
1	5	2090
5	1	2090
2	75	451
75	2	452
2	48	275
48	2	275
2	92	358
92	2	358
2	144	467
144	2	467
2	69	417
69	2	418
2	108	356
108	2	356
2	140	1134
140	2	1135
2	137	429
137	2	429
3	134	86
134	3	86
3	129	409
129	3	410
3	138	279
138	3	279
3	26	159
26	3	159
3	64	486
64	3	486
3	71	297
71	3	298
4	63	480
63	4	480
4	55	385
55	4	386
4	69	354
69	4	354
4	80	138
80	4	138
4	60	172
60	4	172
4	6	2701
6	4	2702
4	105	94
105	4	94
4	67	450
67	4	450
4	99	144
99	4	145
4	40	448
40	4	449
4	110	493
110	4	494
4	16	98
16	4	99
4	82	477
82	4	477
4	112	113
112	4	114
4	116	492
116	4	493
4	41	378
41	4	378
5	7	414
7	5	414
5	11	272
11	5	273
5	46	92
46	5	92
5	85	357
85	5	358
5	106	135
106	5	136
5	136	121
136	5	121
5	73	447
73	5	448
5	35	50
35	5	50
5	39	316
39	5	316
5	104	432
104	5	432
5	51	250
51	5	250
5	58	79
58	5	80
5	22	90
22	5	90
5	87	165
87	5	166
5	62	107
62	5	108
5	102	192
102	5	193
5	84	387
84	5	388
5	42	3342
42	5	3343
6	51	139
51	6	139
6	53	460
53	6	461
6	95	437
95	6	438
6	16	126
16	6	126
6	29	499
29	6	499
6	146	166
146	6	166
6	101	279
101	6	279
6	111	430
111	6	431
6	64	256
64	6	257
6	128	469
128	6	469
6	67	57
67	6	57
7	33	851
33	7	852
7	147	372
147	7	372
7	96	291
96	7	292
7	64	2844
64	7	2844
7	48	2593
48	7	2594
7	49	244
49	7	244
7	141	330
141	7	331
7	100	408
100	7	409
7	15	427
15	7	427
7	124	330
124	7	330
7	114	114
114	7	115
7	98	100
98	7	101
7	19	155
19	7	156
7	61	429
61	7	430
7	148	1467
148	7	1467
7	9	464
9	7	465
7	27	494
27	7	494
7	91	3473
91	7	3474
8	17	400
17	8	401
8	78	479
78	8	480
8	11	377
11	8	378
8	76	353
76	8	353
8	83	275
83	8	276
9	11	1167
11	9	1168
9	135	120
135	9	121
9	38	98
38	9	99
9	79	3588
79	9	3589
9	49	313
49	9	313
9	90	249
90	9	249
10	86	1716
86	10	1717
10	67	199
67	10	200
10	37	308
37	10	308
10	13	329
13	10	329
10	50	183
50	10	184
10	39	54
39	10	54
10	31	181
31	10	181
11	89	251
89	11	252
11	36	295
36	11	295
11	42	488
42	11	489
11	74	253
74	11	254
11	60	120
60	11	120
11	15	3076
15	11	3076
11	64	115
64	11	116
12	32	383
32	12	384
12	143	417
143	12	418
12	121	492
121	12	493
12	115	355
115	12	356
12	45	404
45	12	404
12	21	273
21	12	274
13	19	401
19	13	401
13	97	75
97	13	75
13	70	493
70	13	494
13	125	429
125	13	429
14	67	117
67	14	118
14	35	154
35	14	155
14	113	269
113	14	269
14	123	485
123	14	486
14	145	397
145	14	398
15	46	195
46	15	196
15	122	210
122	15	211
15	21	125
21	15	126
15	54	155
54	15	155
15	65	178
65	15	178
15	56	1553
56	15	1554
15	150	801
150	15	801
15	68	356
68	15	356
15	41	269
41	15	270
15	149	333
149	15	333
15	52	145
52	15	146
15	107	350
107	15	350
15	126	459
126	15	460
15	66	83
66	15	83
16	139	239
139	16	239
16	44	313
44	16	313
18	42	365
42	18	365
19	27	343
27	19	344
19	24	310
24	19	311
20	37	134
37	20	135
20	44	442
44	20	442
20	30	529
30	20	530
22	70	376
70	22	376
22	130	261
130	22	261
23	118	346
118	23	347
24	68	292
68	24	293
25	27	273
27	25	274
25	81	222
81	25	222
25	41	77
41	25	77
27	39	447
39	27	447
28	51	338
51	28	338
28	103	216
103	28	216
28	57	136
57	28	137
28	72	320
72	28	321
30	94	209
94	30	209
31	36	418
36	31	418
32	133	429
133	32	429
32	60	473
60	32	473
33	88	121
88	33	121
34	117	374
117	34	375
34	120	309
120	34	310
36	132	804
132	36	804
36	127	88
127	36	89
37	46	493
46	37	494
41	54	491
54	41	491
42	109	1394
109	42	1394
43	69	2453
69	43	2453
43	73	445
73	43	446
43	74	385
74	43	385
43	119	238
119	43	238
48	71	256
71	48	257
55	77	462
77	55	462
55	68	95
68	55	95
55	73	86
73	55	87
57	59	287
59	57	288
57	74	194
74	57	194
57	131	488
131	57	488
59	63	331
63	59	332
59	93	458
93	59	459
61	71	160
71	61	160
61	69	285
69	61	286
5	23	250
23	5	250
7	118	250
118	7	250
23	34	250
34	23	250
118	117	250
117	118	250
