200	542
2	1
4	4
16	23
10	14
12	16
6	7
2	2
14	21
14	21
19	29
9	12
11	16
17	25
2	2
3	2
12	16
14	21
2	1
9	12
3	3
9	13
15	21
13	18
19	28
18	26
12	16
3	3
14	20
9	13
15	22
19	28
16	23
6	8
2	2
15	23
8	10
14	19
16	23
20	30
8	11
6	8
20	30
15	22
16	23
14	20
3	3
14	19
18	27
7	9
10	14
16	23
11	15
6	8
7	9
8	11
5	5
11	15
19	27
19	28
3	2
19	28
11	16
11	16
8	10
20	30
11	15
7	8
3	3
20	29
3	3
11	16
9	12
7	9
19	28
12	16
10	14
19	29
2	2
16	23
16	24
17	25
4	4
2	1
15	21
18	27
13	19
15	23
15	22
20	30
18	27
6	7
7	10
8	11
11	16
13	18
18	26
9	13
17	26
7	9
9	13
12	17
10	15
7	9
5	6
4	5
12	18
17	25
2	1
12	17
11	15
20	29
16	23
12	17
18	27
13	19
17	26
5	5
6	7
15	22
4	4
3	3
7	9
2	1
9	13
2	1
15	22
19	29
6	8
5	6
8	10
18	27
14	20
4	5
14	21
9	12
9	12
11	15
4	5
13	18
18	26
13	18
20	29
12	17
4	5
20	30
9	13
4	5
12	17
6	8
11	15
10	14
20	29
4	4
5	6
8	10
13	19
4	4
14	20
13	19
17	25
6	8
11	15
9	12
5	7
2	1
19	28
10	13
4	5
20	29
9	13
4	4
18	27
3	3
5	5
3	3
8	11
6	8
4	5
16	24
10	14
8	11
10	14
17	25
19	28
14	20
6	7
14	21
19	28
6	8
18	26
10	15
11	16
13	19
17	25
16	23
10	14
20	29
14	19
10	14
17	25
1	103	435
103	1	435
1	111	282
111	1	282
1	52	2833
52	1	2833
1	131	412
131	1	413
1	194	297
194	1	298
1	120	375
120	1	375
1	67	3076
67	1	3077
1	115	128
115	1	129
1	178	420
178	1	420
1	147	62
147	1	63
1	64	448
64	1	448
1	113	163
113	1	164
1	200	51
200	1	51
1	156	3528
156	1	3529
2	118	489
118	2	490
2	114	275
114	2	276
2	7	437
7	2	437
2	159	434
159	2	435
2	104	412
104	2	413
2	140	497
140	2	498
2	68	378
68	2	379
2	34	67
34	2	68
2	172	483
172	2	483
2	70	396
70	2	397
2	54	68
54	2	69
2	14	117
14	2	118
2	61	2012
61	2	2012
2	137	188
137	2	189
2	164	430
164	2	431
2	171	235
171	2	235
2	187	76
187	2	76
2	47	358
47	2	359
3	76	208
76	3	208
3	196	263
196	3	264
3	75	229
75	3	229
3	88	415
88	3	415
3	132	73
132	3	73
3	128	320
128	3	320
3	16	326
16	3	326
3	89	299
89	3	299
3	163	361
163	3	361
3	188	156
188	3	156
4	105	115
105	4	115
4	154	414
154	4	415
4	34	202
34	4	202
4	167	412
167	4	413
4	27	477
27	4	478
4	26	250
26	4	250
4	100	93
100	4	94
5	176	119
176	5	120
5	195	450
195	5	451
5	48	457
48	5	457
5	22	394
22	5	394
5	175	487
175	5	488
5	12	2213
12	5	2213
5	97	209
97	5	209
6	123	372
123	6	372
6	38	449
38	6	449
6	57	374
57	6	374
6	79	117
79	6	117
6	19	443
19	6	443
6	30	199
30	6	199
7	189	421
189	7	422
7	84	218
84	7	219
7	28	371
28	7	372
7	153	96
153	7	96
7	15	2087
15	7	2088
7	130	873
130	7	873
7	41	378
41	7	378
7	14	101
14	7	102
7	136	1343
136	7	1343
7	133	314
133	7	315
7	16	289
16	7	289
7	72	1267
72	7	1267
7	124	457
124	7	458
7	95	264
95	7	265
7	97	173
97	7	173
7	46	59
46	7	59
8	20	287
20	8	288
8	184	139
184	8	139
8	19	2025
19	8	2026
8	44	482
44	8	483
8	97	54
97	8	54
8	90	925
90	8	926
8	59	396
59	8	397
8	25	410
25	8	411
8	116	405
116	8	405
8	93	434
93	8	435
8	71	63
71	8	64
8	51	2920
51	8	2920
8	190	301
190	8	302
8	197	230
197	8	230
8	43	1895
43	8	1896
9	177	293
177	9	293
9	157	461
157	9	461
9	135	2187
135	9	2187
9	16	116
16	9	116
9	68	292
68	9	293
9	75	369
75	9	370
9	91	370
91	9	370
9	185	241
185	9	242
9	95	283
95	9	284
9	81	480
81	9	481
9	148	72
148	9	72
9	146	59
146	9	60
9	117	190
117	9	190
9	55	289
55	9	290
9	20	88
20	9	89
9	97	309
97	9	309
10	54	436
54	10	437
10	44	455
44	10	455
10	20	476
20	10	477
10	78	479
78	10	480
10	139	427
139	10	427
10	69	121
69	10	121
10	112	359
112	10	360
10	14	318
14	10	319
10	149	453
149	10	453
10	29	57
29	10	58
10	27	318
27	10	318
10	102	463
102	10	464
10	49	471
49	10	472
10	62	459
62	10	459
10	12	74
12	10	75
10	142	465
142	10	465
11	107	147
107	11	148
11	42	312
42	11	313
11	16	93
16	11	93
11	141	269
141	11	270
11	13	128
13	11	129
11	119	281
119	11	282
11	129	391
129	11	392
11	110	293
110	11	294
11	38	148
38	11	148
12	56	100
56	12	100
12	39	477
39	12	478
12	37	148
37	12	149
12	46	305
46	12	306
12	198	163
198	12	163
12	92	436
92	12	436
12	168	456
168	12	456
12	15	258
15	12	259
12	94	446
94	12	446
12	134	401
134	12	401
12	58	384
58	12	385
12	14	1934
14	12	1935
12	179	433
179	12	433
12	67	253
67	12	253
12	71	257
71	12	258
13	48	461
48	13	461
13	106	137
106	13	137
13	61	374
61	13	375
13	158	197
158	13	198
13	99	2297
99	13	2297
13	98	307
98	13	308
13	31	371
31	13	371
13	161	414
161	13	415
13	83	483
83	13	483
13	101	289
101	13	290
13	50	402
50	13	402
13	108	399
108	13	400
13	66	390
66	13	391
13	51	474
51	13	475
13	87	77
87	13	78
13	38	251
38	13	252
14	21	1387
21	14	1388
14	192	254
192	14	255
14	41	413
41	14	413
14	126	398
126	14	398
14	40	1885
40	14	1885
15	33	917
33	15	918
15	186	3125
186	15	3125
15	35	1962
35	15	1962
15	181	305
181	15	306
15	122	322
122	15	322
15	82	2034
82	15	2034
15	61	222
61	15	223
15	199	102
199	15	102
16	96	266
96	16	267
16	36	358
36	16	358
17	152	495
152	17	495
17	37	117
37	17	117
17	96	88
96	17	89
17	125	244
125	17	245
17	19	288
19	17	288
17	86	79
86	17	80
18	166	402
166	18	403
18	74	387
74	18	388
18	34	245
34	18	246
18	193	157
193	18	158
18	59	249
59	18	250
18	80	446
80	18	446
18	31	353
31	18	353
18	33	144
33	18	145
19	39	350
39	19	350
19	84	282
84	19	282
19	56	404
56	19	404
19	138	488
138	19	489
19	70	271
70	19	272
19	42	575
42	19	575
19	83	187
83	19	187
19	51	3089
51	19	3090
19	47	432
47	19	433
19	150	373
150	19	374
19	174	395
174	19	395
19	77	445
77	19	446
19	45	429
45	19	429
19	160	386
160	19	386
19	58	363
58	19	364
19	127	280
127	19	280
20	56	191
56	20	192
20	99	3012
99	20	3013
20	92	240
92	20	241
20	21	291
21	20	292
20	66	139
66	20	139
20	53	368
53	20	368
20	67	390
67	20	391
21	67	470
67	21	471
21	182	52
182	21	53
23	88	214
88	23	215
23	180	269
180	23	269
23	65	421
65	23	422
23	70	196
70	23	196
24	86	408
86	24	409
24	71	482
71	24	482
24	63	313
63	24	313
24	83	492
83	24	492
28	77	354
77	28	355
31	85	474
85	31	474
32	80	393
80	32	394
32	37	351
37	32	352
32	73	106
73	32	106
32	46	348
46	32	348
35	70	277
70	35	278
35	88	467
88	35	468
36	99	125
99	36	125
36	73	138
73	36	139
40	99	273
99	40	274
40	69	297
69	40	298
40	191	389
191	40	389
41	49	78
49	41	79
42	57	339
57	42	340
43	69	479
69	43	479
43	54	160
54	43	161
43	85	296
85	43	297
44	59	498
59	44	498
44	76	68
76	44	68
49	76	496
76	49	496
50	109	423
109	50	423
53	145	260
145	53	260
56	121	61
121	56	61
57	155	466
155	57	467
57	95	388
95	57	388
58	77	124
77	58	125
58	143	247
143	58	247
60	183	106
183	60	106
65	66	3002
66	65	3002
65	151	173
151	65	173
65	73	364
73	65	364
77	98	71
98	77	71
92	95	441
95	92	442
96	170	444
170	96	444
96	173	255
173	96	256
144	162	53
162	144	54
165	169	112
169	165	112
19	60	250
60	19	250
2	183	250
183	2	250
60	144	250
144	60	250
183	162	250
162	183	250
144	165	250
165	144	250
162	169	250
169	162	250
