200	518
2	1
4	4
16	23
10	14
12	16
6	7
2	2
14	21
14	21
19	29
9	12
11	16
17	25
2	2
3	2
12	16
14	21
2	1
9	12
3	3
9	13
15	21
13	18
19	28
18	26
12	16
3	3
14	20
9	13
15	22
19	28
16	23
6	8
2	2
15	23
8	10
14	19
16	23
20	30
8	11
6	8
20	30
15	22
16	23
14	20
3	3
14	19
18	27
7	9
10	14
16	23
11	15
6	8
7	9
8	11
5	5
11	15
19	27
19	28
3	2
19	28
11	16
11	16
8	10
20	30
11	15
7	8
3	3
20	29
3	3
11	16
9	12
7	9
19	28
12	16
10	14
19	29
2	2
16	23
16	24
17	25
4	4
2	1
15	21
18	27
13	19
15	23
15	22
20	30
18	27
6	7
7	10
8	11
11	16
13	18
18	26
9	13
17	26
7	9
9	13
12	17
10	15
7	9
5	6
4	5
12	18
17	25
2	1
12	17
11	15
20	29
16	23
12	17
18	27
13	19
17	26
5	5
6	7
15	22
4	4
3	3
7	9
2	1
9	13
2	1
15	22
19	29
6	8
5	6
8	10
18	27
14	20
4	5
14	21
9	12
9	12
11	15
4	5
13	18
18	26
13	18
20	29
12	17
4	5
20	30
9	13
4	5
12	17
6	8
11	15
10	14
20	29
4	4
5	6
8	10
13	19
4	4
14	20
13	19
17	25
6	8
11	15
9	12
5	7
2	1
19	28
10	13
4	5
20	29
9	13
4	4
18	27
3	3
5	5
3	3
8	11
6	8
4	5
16	24
10	14
8	11
10	14
17	25
19	28
14	20
6	7
14	21
19	28
6	8
18	26
10	15
11	16
13	19
17	25
16	23
10	14
20	29
14	19
10	14
17	25
1	12	363
12	1	363
1	187	347
187	1	347
1	92	1456
92	1	1457
1	20	462
20	1	463
1	102	292
102	1	292
1	24	408
24	1	409
2	196	2363
196	2	2364
2	43	178
43	2	178
2	53	404
53	2	405
2	140	77
140	2	77
2	4	393
4	2	393
2	58	200
58	2	200
2	65	459
65	2	460
2	6	2449
6	2	2449
2	7	495
7	2	495
3	138	199
138	3	199
3	12	361
12	3	362
3	170	389
170	3	389
3	80	434
80	3	435
3	126	366
126	3	366
3	172	367
172	3	368
3	79	79
79	3	79
3	173	467
173	3	467
3	61	476
61	3	476
3	74	81
74	3	81
3	109	325
109	3	325
3	84	2299
84	3	2299
3	115	310
115	3	311
3	146	397
146	3	397
3	66	335
66	3	335
3	83	91
83	3	91
4	174	428
174	4	429
4	121	233
121	4	233
4	177	207
177	4	207
4	76	253
76	4	254
5	85	363
85	5	363
5	155	74
155	5	75
5	81	70
81	5	70
5	200	114
200	5	115
5	66	259
66	5	259
5	167	400
167	5	400
6	101	328
101	6	329
6	35	134
35	6	135
6	97	356
97	6	356
6	191	210
191	6	210
6	74	465
74	6	465
7	122	419
122	7	420
7	95	250
95	7	250
7	184	59
184	7	60
7	112	259
112	7	259
7	168	173
168	7	174
7	26	365
26	7	366
7	56	387
56	7	387
8	57	450
57	8	450
8	82	3546
82	8	3546
8	32	316
32	8	316
8	61	456
61	8	456
8	59	496
59	8	496
8	164	484
164	8	485
8	136	239
136	8	240
8	144	472
144	8	473
8	117	152
117	8	153
8	179	366
179	8	366
8	118	104
118	8	105
8	94	406
94	8	406
9	53	96
53	9	96
9	192	2078
192	9	2078
9	116	636
116	9	636
9	199	429
199	9	429
9	31	267
31	9	267
9	161	841
161	9	842
9	52	212
52	9	213
9	93	268
93	9	269
9	120	2852
120	9	2852
9	15	453
15	9	454
9	166	314
166	9	314
9	72	344
72	9	344
9	62	90
62	9	90
9	123	336
123	9	336
9	24	145
24	9	146
9	149	2389
149	9	2390
10	163	483
163	10	484
10	71	67
71	10	67
10	41	1651
41	10	1652
10	50	411
50	10	411
10	44	448
44	10	449
10	79	358
79	10	358
10	86	384
86	10	384
10	22	69
22	10	70
10	18	1823
18	10	1823
10	39	168
39	10	168
10	25	183
25	10	184
10	24	2406
24	10	2406
10	156	312
156	10	313
10	29	395
29	10	395
11	188	1370
188	11	1371
11	64	127
64	11	128
11	129	338
129	11	339
11	26	465
26	11	465
11	63	381
63	11	382
11	19	264
19	11	265
11	151	175
151	11	175
11	171	328
171	11	328
11	80	59
80	11	59
12	189	73
189	12	73
12	142	220
142	12	220
12	36	321
36	12	321
12	150	95
150	12	95
12	145	292
145	12	292
12	40	485
40	12	485
12	180	359
180	12	360
12	130	445
130	12	445
12	159	435
159	12	436
12	197	389
197	12	389
12	185	103
185	12	103
12	137	494
137	12	495
12	21	326
21	12	327
13	141	460
141	13	460
13	38	74
38	13	75
13	198	326
198	13	327
13	190	440
190	13	440
13	90	442
90	13	443
13	37	484
37	13	485
13	111	71
111	13	71
14	100	384
100	14	384
14	143	163
143	14	163
14	46	163
46	14	163
14	125	88
125	14	89
14	98	196
98	14	196
14	87	111
87	14	111
14	89	184
89	14	185
14	124	459
124	14	459
14	135	234
135	14	234
14	110	112
110	14	113
14	154	244
154	14	244
14	86	386
86	14	386
14	97	139
97	14	140
14	58	191
58	14	191
14	32	213
32	14	214
14	113	459
113	14	460
14	114	405
114	14	406
14	28	253
28	14	253
15	134	285
134	15	286
15	132	427
132	15	427
15	104	369
104	15	369
15	77	1843
77	15	1844
15	162	408
162	15	409
16	30	222
30	16	222
16	178	235
178	16	236
16	99	411
99	16	412
16	94	124
94	16	125
16	103	394
103	16	395
16	47	338
47	16	339
16	55	1186
55	16	1187
16	95	255
95	16	255
16	106	412
106	16	413
16	26	412
26	16	412
16	93	366
93	16	366
17	55	211
55	17	211
17	165	420
165	17	420
17	34	396
34	17	396
17	70	474
70	17	475
17	32	464
32	17	465
17	68	82
68	17	83
17	76	289
76	17	290
17	96	887
96	17	888
17	46	349
46	17	350
17	95	391
95	17	392
17	53	385
53	17	385
18	119	1934
119	18	1935
18	60	597
60	18	598
18	195	2212
195	18	2212
18	48	1283
48	18	1283
18	21	179
21	18	180
18	64	121
64	18	122
18	169	361
169	18	361
18	96	319
96	18	320
18	54	276
54	18	277
18	76	203
76	18	203
18	181	457
181	18	458
18	49	434
49	18	434
19	147	306
147	19	307
19	183	87
183	19	87
19	160	287
160	19	287
19	36	252
36	19	253
19	139	78
139	19	78
19	25	417
25	19	418
19	95	396
95	19	396
19	35	252
35	19	253
19	38	314
38	19	315
19	128	266
128	19	266
19	96	468
96	19	469
19	79	456
79	19	457
19	176	157
176	19	158
19	76	387
76	19	388
19	59	171
59	19	171
19	80	408
80	19	408
19	28	404
28	19	404
20	105	284
105	20	285
20	45	1702
45	20	1703
20	86	178
86	20	178
20	63	1253
63	20	1253
20	60	371
60	20	371
20	193	380
193	20	381
20	153	449
153	20	449
20	54	420
54	20	420
20	48	373
48	20	373
20	88	381
88	20	381
20	56	496
56	20	497
20	23	339
23	20	339
20	100	293
100	20	293
20	59	2377
59	20	2378
20	21	342
21	20	343
20	61	278
61	20	278
21	37	181
37	21	181
22	69	367
69	22	367
23	148	433
148	23	433
23	133	418
133	23	418
25	83	188
83	25	188
25	50	75
50	25	76
26	152	291
152	26	291
27	108	391
108	27	391
27	42	223
42	27	224
28	83	493
83	28	493
28	58	424
58	28	424
30	88	294
88	30	294
30	127	484
127	30	484
33	68	390
68	33	391
33	55	356
55	33	357
33	96	412
96	33	412
34	78	481
78	34	482
34	59	294
59	34	295
36	91	268
91	36	268
37	73	246
73	37	246
37	91	488
91	37	489
39	91	195
91	39	196
42	68	317
68	42	318
42	131	104
131	42	105
44	88	349
88	44	349
44	87	442
87	44	443
46	194	207
194	46	207
49	107	303
107	49	304
50	91	489
91	50	489
50	80	188
80	50	189
51	158	331
158	51	331
51	56	389
56	51	390
51	186	62
186	51	63
51	182	385
182	51	385
55	63	417
63	55	418
62	78	257
78	62	257
65	98	59
98	65	59
65	69	455
69	65	456
65	89	459
89	65	460
67	73	94
73	67	95
73	75	229
75	73	229
78	175	194
175	78	195
79	87	3031
87	79	3032
98	99	289
99	98	289
99	157	431
157	99	432
