150	416
2	1
4	4
16	23
10	14
12	16
6	7
2	2
14	21
14	21
19	29
9	12
11	16
17	25
2	2
3	2
12	16
14	21
2	1
9	12
3	3
9	13
15	21
13	18
19	28
18	26
12	16
3	3
14	20
9	13
15	22
19	28
16	23
6	8
2	2
15	23
8	10
14	19
16	23
20	30
8	11
6	8
20	30
15	22
16	23
14	20
3	3
14	19
18	27
7	9
10	14
16	23
11	15
6	8
7	9
8	11
5	5
11	15
19	27
19	28
3	2
19	28
11	16
11	16
8	10
20	30
11	15
7	8
3	3
20	29
3	3
11	16
9	12
7	9
19	28
12	16
10	14
19	29
2	2
16	23
16	24
17	25
4	4
2	1
15	21
18	27
13	19
15	23
15	22
20	30
18	27
6	7
7	10
8	11
11	16
13	18
18	26
9	13
17	26
7	9
9	13
12	17
10	15
7	9
5	6
4	5
12	18
17	25
2	1
12	17
11	15
20	29
16	23
12	17
18	27
13	19
17	26
5	5
6	7
15	22
4	4
3	3
7	9
2	1
9	13
2	1
15	22
19	29
6	8
5	6
8	10
18	27
14	20
4	5
14	21
9	12
9	12
11	15
4	5
13	18
18	26
13	18
20	29
12	17
4	5
20	30
9	13
4	5
12	17
6	8
11	15
1	16	363
16	1	364
1	11	59
11	1	60
1	144	2650
144	1	2650
1	76	353
76	1	354
1	92	270
92	1	270
1	146	442
146	1	442
1	3	572
3	1	572
1	68	57
68	1	58
1	105	313
105	1	313
2	82	398
82	2	398
2	88	468
88	2	469
2	122	376
122	2	376
2	131	458
131	2	459
2	38	2945
38	2	2946
3	46	487
46	3	488
3	96	81
96	3	81
3	58	370
58	3	371
3	24	213
24	3	214
3	43	421
43	3	421
3	140	484
140	3	484
3	26	483
26	3	484
3	119	482
119	3	483
3	27	398
27	3	399
3	19	392
19	3	393
3	121	301
121	3	301
3	22	217
22	3	218
3	42	2004
42	3	2005
3	14	340
14	3	341
3	108	494
108	3	495
3	75	342
75	3	343
3	141	882
141	3	882
3	63	445
63	3	446
4	99	240
99	4	241
4	73	75
73	4	75
4	102	207
102	4	207
4	110	390
110	4	391
4	56	473
56	4	474
4	60	55
60	4	55
4	53	222
53	4	222
4	32	57
32	4	57
4	147	421
147	4	421
4	8	165
8	4	165
4	149	138
149	4	138
4	30	416
30	4	416
4	36	120
36	4	121
4	59	190
59	4	190
4	117	378
117	4	378
5	36	250
36	5	250
5	81	66
81	5	67
5	67	333
67	5	334
5	135	176
135	5	176
5	80	206
80	5	207
5	74	250
74	5	250
5	25	421
25	5	422
5	116	1082
116	5	1083
5	129	319
129	5	320
5	69	382
69	5	382
5	123	424
123	5	425
5	6	429
6	5	429
6	100	401
100	6	402
6	12	249
12	6	250
6	56	231
56	6	231
6	49	465
49	6	466
6	51	193
51	6	194
6	148	384
148	6	385
6	86	83
86	6	83
7	24	2231
24	7	2232
7	87	360
87	7	360
7	15	334
15	7	335
7	118	2412
118	7	2413
7	136	574
136	7	574
7	41	125
41	7	126
7	30	173
30	7	174
7	9	442
9	7	443
7	47	424
47	7	425
7	62	178
62	7	178
7	94	275
94	7	275
8	39	265
39	8	266
8	48	142
48	8	142
8	60	94
60	8	94
8	103	839
103	8	840
8	89	385
89	8	386
8	47	368
47	8	369
9	106	2249
106	9	2250
9	134	431
134	9	431
9	79	454
79	9	455
9	90	474
90	9	474
9	20	391
20	9	392
9	24	304
24	9	304
9	71	2664
71	9	2665
9	73	100
73	9	101
9	97	240
97	9	241
9	29	539
29	9	540
9	125	127
125	9	127
9	32	349
32	9	349
9	37	3593
37	9	3594
9	26	186
26	9	186
9	95	186
95	9	186
10	50	269
50	10	270
10	45	100
45	10	100
10	46	344
46	10	344
10	51	283
51	10	283
10	124	137
124	10	137
10	55	182
55	10	182
10	142	477
142	10	477
10	65	228
65	10	229
10	111	325
111	10	325
10	21	3746
21	10	3747
10	68	339
68	10	340
10	132	496
132	10	497
10	91	485
91	10	485
10	107	436
107	10	437
11	19	381
19	11	382
11	65	375
65	11	376
11	127	246
127	11	247
11	50	418
50	11	419
11	113	348
113	11	348
12	50	438
50	12	439
12	112	459
112	12	459
12	21	133
21	12	134
12	75	145
75	12	146
12	101	249
101	12	250
12	54	468
54	12	468
12	67	496
67	12	496
12	115	425
115	12	426
12	65	314
65	12	315
12	98	338
98	12	339
12	42	201
42	12	201
12	63	91
63	12	92
12	126	1672
126	12	1672
12	51	92
51	12	92
12	69	422
69	12	423
12	52	92
52	12	92
12	37	182
37	12	182
12	137	256
137	12	257
13	48	370
48	13	371
13	69	70
69	13	71
13	60	69
60	13	70
13	104	164
104	13	164
13	21	239
21	13	239
13	64	486
64	13	486
13	74	202
74	13	203
13	77	281
77	13	281
13	40	306
40	13	306
13	70	360
70	13	361
14	57	1447
57	14	1448
14	34	433
34	14	433
14	139	131
139	14	132
14	40	327
40	14	328
14	32	356
32	14	356
14	15	300
15	14	301
14	71	152
71	14	153
14	33	182
33	14	182
14	78	369
78	14	369
14	70	156
70	14	156
14	52	302
52	14	303
14	18	244
18	14	245
14	74	215
74	14	215
14	120	185
120	14	186
15	40	480
40	15	480
15	54	453
54	15	454
15	75	403
75	15	403
15	67	490
67	15	490
15	143	475
143	15	476
15	133	336
133	15	337
15	62	2033
62	15	2034
15	145	160
145	15	161
15	63	491
63	15	492
15	69	405
69	15	405
15	34	1529
34	15	1530
15	109	1115
109	15	1116
15	130	573
130	15	573
15	61	422
61	15	423
16	48	306
48	16	307
16	85	126
85	16	126
17	138	411
138	17	411
17	33	96
33	17	96
17	83	202
83	17	202
18	43	251
43	18	251
18	64	466
64	18	466
23	37	354
37	23	354
23	66	204
66	23	205
23	43	75
43	23	75
23	27	247
27	23	248
25	44	230
44	25	230
25	67	211
67	25	212
25	57	484
57	25	485
26	39	354
39	26	355
27	35	89
35	27	89
27	150	265
150	27	266
28	54	215
54	28	215
28	29	392
29	28	392
29	56	486
56	29	487
31	53	94
53	31	95
31	34	397
34	31	398
31	93	340
93	31	341
35	40	478
40	35	479
37	72	394
72	37	394
38	49	184
49	38	185
38	72	2251
72	38	2251
38	56	331
56	38	331
44	84	2447
84	44	2447
44	73	366
73	44	366
44	64	297
64	44	298
47	114	317
114	47	318
52	128	423
128	52	423
52	53	394
53	52	395
53	72	391
72	53	391
