200	520
2	1
4	4
16	23
10	14
12	16
6	7
2	2
14	21
14	21
19	29
9	12
11	16
17	25
2	2
3	2
12	16
14	21
2	1
9	12
3	3
9	13
15	21
13	18
19	28
18	26
12	16
3	3
14	20
9	13
15	22
19	28
16	23
6	8
2	2
15	23
8	10
14	19
16	23
20	30
8	11
6	8
20	30
15	22
16	23
14	20
3	3
14	19
18	27
7	9
10	14
16	23
11	15
6	8
7	9
8	11
5	5
11	15
19	27
19	28
3	2
19	28
11	16
11	16
8	10
20	30
11	15
7	8
3	3
20	29
3	3
11	16
9	12
7	9
19	28
12	16
10	14
19	29
2	2
16	23
16	24
17	25
4	4
2	1
15	21
18	27
13	19
15	23
15	22
20	30
18	27
6	7
7	10
8	11
11	16
13	18
18	26
9	13
17	26
7	9
9	13
12	17
10	15
7	9
5	6
4	5
12	18
17	25
2	1
12	17
11	15
20	29
16	23
12	17
18	27
13	19
17	26
5	5
6	7
15	22
4	4
3	3
7	9
2	1
9	13
2	1
15	22
19	29
6	8
5	6
8	10
18	27
14	20
4	5
14	21
9	12
9	12
11	15
4	5
13	18
18	26
13	18
20	29
12	17
4	5
20	30
9	13
4	5
12	17
6	8
11	15
10	14
20	29
4	4
5	6
8	10
13	19
4	4
14	20
13	19
17	25
6	8
11	15
9	12
5	7
2	1
19	28
10	13
4	5
20	29
9	13
4	4
18	27
3	3
5	5
3	3
8	11
6	8
4	5
16	24
10	14
8	11
10	14
17	25
19	28
14	20
6	7
14	21
19	28
6	8
18	26
10	15
11	16
13	19
17	25
16	23
10	14
20	29
14	19
10	14
17	25
1	88	350
88	1	350
1	192	262
192	1	262
1	95	2591
95	1	2592
1	135	487
135	1	488
1	42	256
42	1	257
1	13	471
13	1	472
1	29	3366
29	1	3366
1	56	172
56	1	172
1	136	416
136	1	417
1	31	56
31	1	56
1	154	497
154	1	498
2	19	311
19	2	312
2	3	417
3	2	418
2	13	3397
13	2	3397
2	190	356
190	2	357
2	93	248
93	2	249
2	4	417
4	2	417
2	24	444
24	2	445
2	182	486
182	2	486
2	121	351
121	2	351
2	148	383
148	2	384
2	157	90
157	2	90
2	102	419
102	2	420
2	39	491
39	2	491
2	21	65
21	2	66
2	176	305
176	2	305
2	130	2395
130	2	2395
2	160	240
160	2	241
3	94	430
94	3	430
3	164	272
164	3	273
3	90	89
90	3	89
3	88	388
88	3	388
3	193	107
193	3	108
3	72	109
72	3	110
3	123	224
123	3	224
4	159	385
159	4	385
4	198	81
198	4	81
4	11	53
11	4	54
4	48	103
48	4	104
4	128	182
128	4	182
4	169	396
169	4	397
4	75	199
75	4	200
4	32	313
32	4	313
4	143	483
143	4	484
4	68	348
68	4	349
5	9	397
9	5	398
5	17	431
17	5	432
5	79	250
79	5	250
5	168	96
168	5	96
5	186	244
186	5	245
5	163	253
163	5	254
5	20	413
20	5	413
5	118	383
118	5	384
6	124	412
124	6	412
6	129	3555
129	6	3556
6	44	128
44	6	129
6	88	467
88	6	468
6	115	499
115	6	499
6	64	457
64	6	458
6	165	327
165	6	327
6	96	448
96	6	448
6	184	261
184	6	261
6	113	364
113	6	365
6	104	218
104	6	218
7	197	458
197	7	459
7	58	90
58	7	91
7	22	2606
22	7	2606
7	67	2463
67	7	2463
7	131	486
131	7	486
7	111	141
111	7	142
7	99	1379
99	7	1380
7	72	307
72	7	307
7	156	309
156	7	309
7	37	2005
37	7	2005
7	87	425
87	7	426
7	57	296
57	7	296
7	68	314
68	7	314
7	49	87
49	7	88
7	75	238
75	7	239
7	142	259
142	7	259
8	106	2855
106	8	2855
8	141	351
141	8	351
8	67	92
67	8	93
8	33	2974
33	8	2974
8	173	445
173	8	445
8	162	479
162	8	479
8	188	409
188	8	410
8	191	369
191	8	370
8	167	92
167	8	92
8	59	2888
59	8	2889
8	73	107
73	8	107
8	116	170
116	8	170
8	36	3264
36	8	3265
8	146	303
146	8	304
8	147	390
147	8	391
8	108	3151
108	8	3152
8	69	213
69	8	214
9	16	323
16	9	323
9	183	369
183	9	370
9	139	468
139	9	469
9	63	286
63	9	286
9	127	257
127	9	257
10	94	179
94	10	180
10	120	62
120	10	62
10	97	76
97	10	76
10	187	266
187	10	267
10	151	226
151	10	226
10	30	58
30	10	58
10	174	133
174	10	134
10	59	463
59	10	464
10	112	373
112	10	374
10	185	417
185	10	417
11	78	451
78	11	451
11	29	444
29	11	445
11	138	222
138	11	222
11	66	396
66	11	397
11	25	229
25	11	229
11	88	469
88	11	470
11	60	80
60	11	81
11	42	326
42	11	327
11	45	499
45	11	499
11	27	434
27	11	435
11	199	496
199	11	496
11	16	89
16	11	90
11	81	464
81	11	465
11	80	236
80	11	237
11	84	107
84	11	108
11	24	52
24	11	53
11	18	192
18	11	192
11	75	129
75	11	129
12	166	227
166	12	227
12	34	472
34	12	473
12	117	299
117	12	300
12	15	308
15	12	309
12	150	199
150	12	200
12	194	436
194	12	437
12	74	139
74	12	140
12	98	255
98	12	255
13	97	304
97	13	305
13	180	416
180	13	416
13	38	366
38	13	366
13	200	106
200	13	106
13	189	319
189	13	319
13	46	478
46	13	478
13	15	401
15	13	402
13	158	2363
158	13	2364
13	134	453
134	13	454
13	50	275
50	13	275
13	114	238
114	13	238
13	177	459
177	13	460
13	23	270
23	13	270
13	107	375
107	13	376
13	27	317
27	13	317
14	86	2958
86	14	2959
14	28	330
28	14	330
14	92	413
92	14	413
14	55	435
55	14	435
14	69	413
69	14	414
14	93	133
93	14	134
14	37	421
37	14	421
14	16	435
16	14	436
14	153	369
153	14	369
14	132	479
132	14	479
14	195	97
195	14	98
14	41	256
41	14	257
15	77	856
77	15	856
15	79	318
79	15	319
15	171	459
171	15	460
16	97	411
97	16	411
16	140	1399
140	16	1399
16	70	3587
70	16	3587
16	85	3743
85	16	3743
17	109	2733
109	17	2733
17	31	254
31	17	254
17	50	211
50	17	211
17	43	395
43	17	395
17	179	327
179	17	327
17	119	223
119	17	224
17	62	141
62	17	141
17	196	490
196	17	490
17	144	377
144	17	378
17	133	281
133	17	281
18	50	57
50	18	57
18	181	213
181	18	214
18	72	311
72	18	311
18	122	73
122	18	74
18	26	455
26	18	455
18	36	452
36	18	453
18	125	130
125	18	130
18	103	311
103	18	311
18	137	115
137	18	116
18	89	399
89	18	399
18	25	386
25	18	386
18	54	116
54	18	117
18	65	494
65	18	495
18	61	204
61	18	204
18	78	484
78	18	484
18	63	464
63	18	464
19	73	221
73	19	222
19	170	2699
170	19	2700
19	81	171
81	19	171
19	54	2953
54	19	2953
19	90	404
90	19	404
19	126	388
126	19	388
19	28	422
28	19	422
19	105	350
105	19	351
19	87	366
87	19	367
19	145	406
145	19	407
20	96	482
96	20	482
20	54	152
54	20	153
20	25	209
25	20	209
20	74	2554
74	20	2554
20	71	165
71	20	165
20	82	320
82	20	321
20	40	337
40	20	338
20	149	467
149	20	468
20	155	414
155	20	414
20	65	428
65	20	429
20	55	71
55	20	71
21	35	63
35	21	64
21	40	243
40	21	243
21	86	389
86	21	390
24	28	137
28	24	137
25	80	360
80	25	360
33	62	377
62	33	378
33	178	207
178	33	208
33	34	432
34	33	432
34	98	458
98	34	459
34	110	456
110	34	457
35	97	424
97	35	425
35	85	399
85	35	400
37	175	160
175	37	160
41	83	320
83	41	321
41	80	221
80	41	221
46	71	481
71	46	481
47	60	135
60	47	136
48	101	192
101	48	192
48	152	163
152	48	164
48	83	215
83	48	216
51	77	404
77	51	405
51	79	297
79	51	298
51	80	156
80	51	156
52	172	426
172	52	426
52	83	170
83	52	171
52	85	218
85	52	218
52	93	483
93	52	484
53	71	59
71	53	60
53	72	399
72	53	399
53	60	381
60	53	382
55	100	217
100	55	218
58	98	73
98	58	73
58	71	392
71	58	392
58	86	464
86	58	464
60	100	311
100	60	311
61	76	114
76	61	115
76	91	262
91	76	262
85	161	1921
161	85	1921
87	98	325
98	87	326
87	96	487
96	87	488
93	100	65
100	93	66
