200	498
2	1
4	4
16	23
10	14
12	16
6	7
2	2
14	21
14	21
19	29
9	12
11	16
17	25
2	2
3	2
12	16
14	21
2	1
9	12
3	3
9	13
15	21
13	18
19	28
18	26
12	16
3	3
14	20
9	13
15	22
19	28
16	23
6	8
2	2
15	23
8	10
14	19
16	23
20	30
8	11
6	8
20	30
15	22
16	23
14	20
3	3
14	19
18	27
7	9
10	14
16	23
11	15
6	8
7	9
8	11
5	5
11	15
19	27
19	28
3	2
19	28
11	16
11	16
8	10
20	30
11	15
7	8
3	3
20	29
3	3
11	16
9	12
7	9
19	28
12	16
10	14
19	29
2	2
16	23
16	24
17	25
4	4
2	1
15	21
18	27
13	19
15	23
15	22
20	30
18	27
6	7
7	10
8	11
11	16
13	18
18	26
9	13
17	26
7	9
9	13
12	17
10	15
7	9
5	6
4	5
12	18
17	25
2	1
12	17
11	15
20	29
16	23
12	17
18	27
13	19
17	26
5	5
6	7
15	22
4	4
3	3
7	9
2	1
9	13
2	1
15	22
19	29
6	8
5	6
8	10
18	27
14	20
4	5
14	21
9	12
9	12
11	15
4	5
13	18
18	26
13	18
20	29
12	17
4	5
20	30
9	13
4	5
12	17
6	8
11	15
10	14
20	29
4	4
5	6
8	10
13	19
4	4
14	20
13	19
17	25
6	8
11	15
9	12
5	7
2	1
19	28
10	13
4	5
20	29
9	13
4	4
18	27
3	3
5	5
3	3
8	11
6	8
4	5
16	24
10	14
8	11
10	14
17	25
19	28
14	20
6	7
14	21
19	28
6	8
18	26
10	15
11	16
13	19
17	25
16	23
10	14
20	29
14	19
10	14
17	25
1	135	377
135	1	377
1	9	205
9	1	205
1	133	3044
133	1	3044
1	54	440
54	1	440
1	170	100
170	1	101
1	164	427
164	1	427
2	187	2269
187	2	2269
2	145	343
145	2	343
2	161	405
161	2	405
2	188	389
188	2	390
2	167	396
167	2	397
2	134	51
134	2	51
2	25	494
25	2	495
2	114	1772
114	2	1773
2	26	438
26	2	438
2	18	192
18	2	193
2	199	474
199	2	474
2	21	454
21	2	454
2	41	460
41	2	460
2	13	441
13	2	442
2	103	364
103	2	364
2	75	66
75	2	66
2	136	433
136	2	433
3	119	376
119	3	377
3	38	386
38	3	386
3	142	336
142	3	336
3	84	1448
84	3	1448
3	76	269
76	3	270
3	200	432
200	3	432
3	175	314
175	3	315
3	64	2545
64	3	2545
3	110	472
110	3	473
3	82	189
82	3	190
3	44	171
44	3	171
3	102	125
102	3	125
3	34	453
34	3	453
3	156	67
156	3	67
3	120	82
120	3	83
3	165	291
165	3	291
3	80	321
80	3	322
3	86	407
86	3	408
3	65	205
65	3	206
4	109	346
109	4	347
4	157	462
157	4	463
4	35	300
35	4	301
4	171	323
171	4	323
4	27	434
27	4	435
4	26	250
26	4	250
4	106	69
106	4	70
4	172	193
172	4	193
4	148	144
148	4	144
4	63	435
63	4	435
4	162	467
162	4	467
5	29	428
29	5	429
5	131	3668
131	5	3668
5	183	120
183	5	120
5	92	484
92	5	484
5	32	492
32	5	492
5	181	432
181	5	433
5	130	70
130	5	70
5	78	480
78	5	480
6	56	210
56	6	211
6	155	415
155	6	416
6	60	169
60	6	169
6	116	389
116	6	389
6	46	198
46	6	199
6	113	690
113	6	691
6	86	3351
86	6	3351
6	35	446
35	6	446
6	57	253
57	6	254
6	48	2623
48	6	2623
6	55	345
55	6	345
6	71	144
71	6	144
6	90	2650
90	6	2651
6	173	451
173	6	452
7	147	311
147	7	311
7	185	296
185	7	296
7	100	316
100	7	317
7	60	204
60	7	205
7	111	313
111	7	313
7	118	2916
118	7	2916
7	18	459
18	7	460
8	138	98
138	8	99
8	61	868
61	8	869
8	153	484
153	8	484
8	13	360
13	8	361
8	184	419
184	8	420
8	177	389
177	8	390
9	25	74
25	9	75
9	55	530
55	9	531
9	163	241
163	9	241
9	124	167
124	9	167
9	62	2324
62	9	2324
9	14	288
14	9	289
9	179	373
179	9	373
9	191	2806
191	9	2807
9	96	111
96	9	111
9	195	139
195	9	140
9	158	364
158	9	365
9	38	256
38	9	257
9	122	287
122	9	287
9	125	131
125	9	131
9	168	336
168	9	337
9	94	78
94	9	78
9	69	96
69	9	97
9	151	106
151	9	107
10	144	169
144	10	169
10	178	63
178	10	64
10	160	109
160	10	109
10	127	458
127	10	459
10	88	408
88	10	408
10	28	390
28	10	390
10	47	481
47	10	481
10	98	487
98	10	488
11	101	333
101	11	334
11	31	384
31	11	384
11	129	227
129	11	228
11	70	389
70	11	389
11	14	383
14	11	383
11	198	310
198	11	311
11	85	383
85	11	383
11	72	407
72	11	407
11	159	445
159	11	446
11	154	51
154	11	51
11	189	384
189	11	385
12	89	333
89	12	333
12	141	134
141	12	134
12	37	80
37	12	80
12	123	117
123	12	118
12	56	252
56	12	253
12	49	114
49	12	115
12	149	478
149	12	479
12	59	342
59	12	343
12	94	160
94	12	161
13	139	101
139	13	101
13	126	370
126	13	370
13	15	231
15	13	231
13	36	291
36	13	292
13	112	347
112	13	348
14	196	488
196	14	488
14	77	404
77	14	405
14	21	310
21	14	311
14	96	176
96	14	176
14	19	450
19	14	451
14	190	433
190	14	434
15	176	2590
176	15	2591
15	92	417
92	15	418
15	78	153
78	15	154
15	23	328
23	15	329
15	186	487
186	15	487
15	68	226
68	15	226
15	193	382
193	15	383
15	59	101
59	15	102
15	150	3110
150	15	3111
15	73	314
73	15	315
15	86	416
86	15	417
15	20	477
20	15	477
16	62	191
62	16	192
16	19	185
19	16	186
16	72	485
72	16	485
16	108	395
108	16	395
16	117	478
117	16	478
16	38	407
38	16	408
16	68	399
68	16	400
16	115	282
115	16	282
16	95	3045
95	16	3046
17	39	120
39	17	120
17	180	379
180	17	380
17	26	430
26	17	430
17	22	2764
22	17	2765
17	60	1869
60	17	1869
17	107	644
107	17	645
18	89	2515
89	18	2516
18	37	106
37	18	107
18	174	294
174	18	295
19	40	376
40	19	377
19	28	99
28	19	100
19	43	177
43	19	178
19	83	158
83	19	159
19	78	430
78	19	430
19	74	411
74	19	411
19	57	246
57	19	247
19	72	98
72	19	99
20	50	205
50	20	206
20	66	220
66	20	221
20	104	57
104	20	58
20	95	466
95	20	467
20	37	356
37	20	357
20	49	124
49	20	124
20	21	345
21	20	345
20	52	318
52	20	319
20	87	434
87	20	435
20	56	487
56	20	488
22	128	156
128	22	157
22	90	466
90	22	467
22	77	208
77	22	208
24	80	389
80	24	390
24	58	474
58	24	474
29	166	308
166	29	309
29	42	1504
42	29	1505
29	97	324
97	29	324
30	44	3114
44	30	3115
30	33	457
33	30	457
30	41	100
41	30	101
30	59	436
59	30	436
31	146	436
146	31	437
31	105	396
105	31	397
35	137	401
137	35	401
35	91	418
91	35	418
37	61	104
61	37	105
38	68	267
68	38	267
40	94	3455
94	40	3455
41	46	267
46	41	267
42	79	308
79	42	309
42	60	176
60	42	177
42	93	485
93	42	485
44	74	462
74	44	463
44	79	494
79	44	495
45	66	179
66	45	180
46	90	69
90	46	70
46	73	348
73	46	348
49	50	369
50	49	369
51	93	157
93	51	158
51	86	461
86	51	462
51	74	452
74	51	452
51	121	317
121	51	318
53	169	378
169	53	379
53	71	485
71	53	486
53	72	445
72	53	445
58	71	471
71	58	471
58	132	425
132	58	426
58	194	232
194	58	233
61	81	295
81	61	295
64	95	311
95	64	311
64	89	494
89	64	495
64	192	311
192	64	311
66	67	282
67	66	283
67	99	167
99	67	167
68	81	235
81	68	235
71	91	412
91	71	412
74	97	286
97	74	287
80	87	168
87	80	169
87	95	440
95	87	441
87	152	102
152	87	102
89	182	103
182	89	104
91	99	403
99	91	404
91	197	50
197	91	51
94	140	361
140	94	361
97	143	441
143	97	441
