4	123	82	1
-1
2	14	21	47
21	7	48	47	
4	65	7	30
7	2	6	20	25	30	
2	51	79	125
79	13	19	125	
2	195	49	95
49	2	95	
1	5	119	73
119	7	73	
3	68	73	148
73	8	34	15	62	4	148	
2	194	40	70
40	32	14	6	70	
3	55	60	99
60	6	2	9	99	
2	51	71	79
71	13	79	
1	151	106	10
-1
2	149	80	82
80	8	2	7	48	47	61	35	82	
1	178	93	89
-1
4	155	7	69
7	21	11	69	
1	99	9	20
9	2	6	20	
1	71	104	138
104	7	2	8	10	138	
1	70	8	112
-1
2	41	127	54
127	7	2	54	
4	89	22	15
22	8	34	15	
4	17	77	137
77	1	55	8	67	5	137	
2	28	127	92
127	7	2	8	55	1	92	
2	60	79	73
79	13	66	7	73	
4	200	77	16
77	1	55	8	2	54	12	16	
2	168	105	74
-1
1	89	9	83
9	2	83	
1	77	59	88
59	4	38	12	54	14	88	
2	40	31	95
31	14	6	2	95	
4	43	52	123
52	14	6	2	8	123	
1	107	143	145
143	2	6	14	145	
2	94	31	123
31	14	6	2	8	123	
2	187	50	99
-1
3	110	129	27
-1
4	27	88	103
88	14	31	75	44	103	
1	50	89	109
89	8	2	54	13	109	
1	182	9	19
9	19	
1	121	97	129
-1
1	15	75	9
75	43	55	40	9	
3	140	15	113
15	9	51	14	113	
4	136	7	105
-1
4	58	66	135
66	13	135	
3	108	111	86
111	5	67	33	2	7	86	
1	84	97	65
97	3	27	14	65	
3	38	6	54
6	14	54	
3	149	34	143
34	15	9	66	7	2	143	
2	169	84	1
84	6	2	8	55	1	
1	150	117	97
117	9	66	7	2	3	97	
4	160	88	22
-1
3	22	54	88
54	14	88	
1	176	143	94
143	2	7	66	9	94	
1	63	128	61
128	47	61	
1	98	137	21
-1
2	62	94	118
94	9	118	
3	118	129	25
-1
1	160	117	59
-1
3	60	17	44
17	10	8	34	15	62	29	44	
1	58	137	10
-1
3	31	86	97
86	7	2	3	97	
1	18	96	53
96	1	55	8	2	7	53	
3	14	67	97
67	33	2	3	97	
1	124	143	75
143	2	6	14	31	75	
4	195	7	61
7	48	47	61	
3	164	54	57
54	2	6	57	
1	140	68	35
68	32	14	65	61	35	
2	150	135	53
135	13	54	2	6	53	
1	43	44	69
44	29	62	15	34	8	11	69	
4	105	5	56
5	67	33	2	56	
3	103	114	43
114	3	43	
3	5	95	138
95	2	8	10	138	
2	102	12	107
12	54	2	7	107	
2	128	127	99
127	7	2	9	99	
3	140	101	105
-1
1	46	147	60
147	7	2	6	60	
2	81	62	127
62	15	9	2	7	127	
1	33	53	13
53	7	2	54	13	
1	4	103	108
103	44	29	13	36	5	108	
1	161	97	112
-1
3	53	101	128
101	6	48	47	128	
1	41	104	72
104	7	2	8	72	
1	49	8	135
8	2	54	13	135	
2	149	61	112
-1
1	155	38	114
38	13	54	2	3	114	
1	164	128	12
128	47	48	7	2	54	12	
2	143	25	125
25	20	6	14	52	19	125	
3	55	55	27
55	40	32	14	27	
2	165	40	129
-1
1	178	93	76
-1
1	105	103	78
103	44	75	31	14	27	3	78	
4	176	5	31
5	67	33	2	6	14	31	
1	161	97	91
97	3	27	14	6	2	8	55	1	91	
3	24	145	1
145	14	6	2	8	55	1	
3	89	43	91
43	3	2	8	55	1	91	
1	150	97	120
97	3	27	14	51	5	120	
4	26	113	144
113	14	6	144	
2	152	105	49
-1
4	183	11	88
-1
2	160	25	30
25	30	
1	187	53	34
53	6	2	7	66	9	15	34	
3	168	57	38
57	6	2	54	12	38	
1	10	35	37
35	38	12	54	14	37	
1	110	147	31
147	7	2	6	14	31	
