3	159	127	89
127	2	89	
1	69	50	9
50	67	9	
2	29	132	97
132	6	68	15	45	97	
2	59	121	75
121	14	34	15	75	
3	63	65	15
65	15	
2	155	90	7
-1
1	135	136	66
136	7	56	6	68	15	75	66	
1	36	108	111
108	11	6	111	
1	165	108	97
108	11	6	68	15	45	97	
3	104	134	6
134	5	68	6	
4	43	138	34
138	4	11	6	68	15	34	
4	101	149	84
149	64	84	
1	47	69	117
69	15	68	5	117	
3	22	100	88
100	11	4	88	
4	188	10	54
10	22	54	
1	44	122	143
122	5	68	6	11	4	143	
2	111	76	128
76	5	68	6	11	128	
2	71	113	137
113	6	13	4	137	
3	18	48	94
48	2	94	
4	25	112	129
112	2	12	7	129	
4	59	68	117
68	5	117	
3	94	60	17
-1
3	110	60	137
-1
1	47	58	86
58	6	56	7	86	
2	103	131	96
-1
4	97	68	67
68	15	34	14	9	67	
1	75	64	143
64	66	75	15	48	4	143	
1	61	124	7
124	3	1	21	7	
2	107	145	54
-1
1	35	14	68
14	34	15	68	
2	153	90	135
-1
1	19	50	44
50	53	68	15	44	
4	6	93	5
93	5	
3	93	5	114
5	68	6	13	114	
1	188	3	95
3	1	53	68	15	45	95	
2	57	55	12
55	2	12	
3	149	2	127
2	127	
4	55	128	101
128	11	6	68	15	34	14	101	
2	10	90	147
90	8	50	53	14	147	
1	27	146	62
146	3	1	21	7	62	
1	113	31	53
31	2	48	15	68	53	
1	158	83	103
83	32	10	41	14	103	
2	62	54	97
54	4	48	15	45	97	
3	128	11	101
11	6	68	15	34	14	101	
3	72	53	104
53	1	5	104	
3	185	41	8
41	14	34	15	65	8	
1	112	49	61
49	8	50	53	1	61	
1	114	49	38
49	8	35	5	38	
2	62	55	128
55	2	12	7	11	128	
2	125	114	25
114	13	6	56	7	12	2	25	
1	127	143	55
143	4	48	2	55	
3	79	5	40
5	68	15	48	40	
1	26	15	93
15	68	5	93	
4	28	28	103
28	6	68	15	34	14	103	
1	181	6	5
6	68	5	
2	91	76	97
76	5	68	15	45	97	
2	101	61	145
-1
4	191	74	43
74	1	53	68	6	43	
2	20	89	97
89	2	71	15	45	97	
3	94	100	113
100	11	6	113	
2	49	126	105
126	10	33	7	11	27	105	
3	188	2	11
2	12	7	11	
4	130	33	25
33	7	12	2	25	
4	184	10	53
10	41	14	53	
4	138	87	57
87	1	57	
4	37	118	35
118	2	71	15	68	5	35	
2	31	110	147
110	7	12	15	34	14	147	
2	126	110	70
110	7	70	
1	174	102	8
102	7	56	6	68	15	65	8	
4	186	71	9
71	2	48	15	34	14	9	
3	140	65	134
65	15	68	5	134	
1	53	15	37
15	12	37	
1	177	4	69
4	48	15	69	
4	31	33	78
33	7	78	
4	38	118	67
118	2	71	50	67	
3	172	5	34
5	68	15	34	
4	18	93	45
93	5	68	15	45	
2	39	26	56
26	1	21	7	56	
1	148	1	8
1	5	35	8	
1	158	124	78
124	3	1	21	7	78	
3	193	60	44
-1
1	179	1	58
1	53	68	15	58	
2	148	103	61
103	14	61	
2	27	132	145
132	6	21	1	3	145	
3	93	62	112
62	7	12	2	112	
1	78	49	19
49	8	13	4	19	
1	72	122	111
122	5	68	6	111	
3	80	41	38
41	14	9	38	
3	187	81	38
81	3	1	5	38	
2	164	30	64
30	7	56	6	68	15	75	66	64	
1	10	137	25
137	4	46	25	
2	67	129	25
129	7	12	2	25	
3	28	60	30
60	1	21	7	30	
3	172	59	11
59	12	7	11	
2	36	135	124
135	2	71	3	124	
2	4	30	75
30	7	12	15	75	
1	16	9	46
9	14	34	15	48	4	46	
4	104	33	139
33	7	12	139	
4	143	112	69
112	2	48	15	69	
3	156	48	1
48	15	68	53	1	
