3	138	112	49
-1
1	78	114	55
114	6	54	15	20	2	55	
1	75	12	114
12	25	6	114	
3	155	125	143
125	10	62	2	20	67	34	14	12	143	
4	140	27	5
27	13	5	
3	143	129	15
129	4	46	15	
1	103	76	28
76	11	20	67	28	
3	155	78	5
78	1	60	13	5	
1	147	31	76
31	8	11	76	
2	195	91	61
91	2	20	11	8	61	
1	143	1	74
1	29	6	54	15	74	
2	97	91	89
91	2	89	
2	13	120	100
120	2	46	15	100	
4	155	144	126
144	8	27	13	60	1	69	51	70	126	
1	161	49	2
49	15	20	2	
4	125	88	33
88	9	56	15	20	2	33	
2	103	30	10
30	1	29	6	54	15	20	2	62	10	
4	7	34	87
34	14	64	13	87	
4	135	38	118
-1
1	47	37	110
37	5	56	15	71	3	110	
1	70	31	110
-1
1	158	126	102
126	70	51	69	1	102	
4	59	124	71
124	13	44	15	71	
1	84	86	65
86	2	67	34	75	7	65	
1	187	40	15
40	2	46	15	
3	169	103	4
103	2	46	4	
2	128	127	33
-1
2	67	81	118
81	6	54	15	118	
2	34	138	5
138	14	34	75	7	5	
4	195	22	93
22	2	20	11	8	93	
4	56	18	26
18	15	56	5	26	
1	108	139	1
139	1	
1	178	48	124
48	6	19	13	124	
1	94	108	60
-1
1	58	143	1
143	12	23	32	1	
2	161	29	103
29	6	54	15	20	2	103	
3	145	98	132
98	10	62	2	20	11	132	
4	112	77	62
77	7	75	34	67	2	62	
1	169	143	49
-1
3	61	78	122
78	1	29	6	54	15	20	2	62	10	122	
3	88	122	41
-1
4	88	80	81
80	15	54	6	81	
3	14	87	30
87	13	60	1	30	
2	125	14	137
14	34	67	20	15	137	
1	175	110	129
-1
3	30	17	60
17	73	15	54	6	29	1	60	
3	61	78	59
78	1	60	13	5	59	
2	74	72	135
72	12	135	
1	125	86	30
86	2	46	15	54	6	29	1	30	
1	146	104	9
104	2	46	15	56	9	
2	89	116	33
116	5	56	15	20	2	33	
3	69	4	112
4	46	15	49	57	53	112	
4	101	93	48
93	8	27	9	48	
1	137	6	113
6	29	1	113	
2	118	82	72
-1
1	77	9	89
9	56	15	20	2	89	
4	135	38	68
38	9	56	15	46	4	68	
1	171	100	41
-1
2	52	73	28
73	15	49	28	
2	11	147	33
147	10	62	2	33	
2	193	95	149
-1
1	54	83	54
83	6	54	
2	53	53	48
-1
2	15	105	106
105	5	56	15	71	3	106	
2	139	92	37
92	6	54	15	56	5	37	
3	129	11	45
11	45	
1	146	139	134
139	1	29	6	134	
3	38	123	135
123	9	56	15	20	67	34	14	12	135	
3	166	45	58
45	11	20	15	56	5	58	
2	48	147	106
147	10	62	71	3	106	
1	98	107	50
107	5	56	15	20	11	8	50	
1	3	1	34
1	60	13	64	14	34	
1	51	104	139
104	2	46	15	54	6	29	1	139	
1	6	6	93
6	42	8	93	
2	192	72	86
72	8	11	20	2	86	
3	89	112	96
-1
2	124	90	84
-1
1	159	37	108
-1
4	66	77	3
77	7	57	49	15	71	3	
2	121	92	51
92	6	54	15	70	51	
4	23	41	59
41	3	71	15	56	5	59	
1	58	139	59
139	1	60	13	5	59	
4	96	41	12
-1
2	141	141	69
141	8	27	13	60	1	69	
3	176	98	42
98	10	62	2	46	15	54	6	42	
2	24	92	4
92	6	54	15	46	4	
1	159	130	145
130	5	56	15	20	11	8	145	
2	117	53	84
-1
1	171	111	10
-1
1	173	128	101
128	1	29	6	101	
3	181	101	141
101	6	54	15	20	11	8	141	
3	139	25	31
25	11	8	31	
2	100	132	72
132	11	8	72	
1	20	130	114
130	5	56	15	54	6	114	
1	113	70	62
70	15	20	2	62	
2	118	147	55
147	10	62	2	55	
1	163	20	34
20	67	34	
2	96	29	138
29	6	54	15	20	67	34	14	138	
3	155	47	1
47	2	46	15	54	6	29	1	
2	57	67	30
67	20	15	54	6	29	1	30	
