1	65	91	22
91	51	66	15	75	22	
2	187	39	77
39	6	68	14	16	15	77	
2	142	117	127
117	4	21	11	127	
1	123	28	79
28	79	
3	166	110	77
110	9	24	15	77	
3	24	100	105
100	2	8	18	105	
1	133	18	9
18	8	15	24	9	
2	188	89	59
-1
4	95	77	31
77	15	16	14	31	
4	173	90	52
-1
2	45	144	143
144	8	15	143	
1	123	7	31
7	2	68	14	31	
2	99	144	50
144	8	2	68	14	33	13	50	
3	177	137	129
137	2	1	5	129	
4	3	60	88
60	23	34	15	88	
1	159	127	89
-1
2	69	50	9
50	13	9	
2	29	132	97
132	8	12	3	97	
4	59	121	75
121	2	8	15	75	
3	63	65	15
65	15	
4	155	90	7
90	12	33	14	68	2	7	
1	135	136	66
136	14	16	15	66	
1	36	108	111
-1
1	165	108	97
-1
2	104	134	6
-1
2	43	138	34
138	7	67	20	4	34	
1	101	149	84
149	28	79	2	84	
2	47	69	117
69	6	21	4	117	
3	22	100	88
100	2	8	15	88	
4	188	10	54
10	13	9	54	
3	44	122	143
122	2	8	15	143	
1	111	76	128
-1
2	71	113	137
113	13	49	2	137	
2	18	48	94
48	11	21	4	94	
1	25	112	129
112	48	8	2	1	5	129	
3	59	68	117
68	6	21	4	117	
4	94	60	17
60	23	34	15	8	17	
4	110	60	137
-1
2	47	58	86
58	15	86	
4	103	131	96
131	4	20	67	7	2	1	5	96	
3	97	68	67
68	2	7	67	
2	75	64	143
64	4	34	15	143	
2	61	124	7
124	14	68	2	7	
1	107	145	54
145	9	54	
3	35	14	68
14	68	
4	153	90	135
90	12	33	14	68	6	30	135	
2	19	50	44
50	13	49	2	44	
2	6	93	5
93	2	1	5	
3	93	5	114
5	1	2	8	18	114	
1	188	3	95
-1
1	57	55	12
55	15	75	12	
3	149	2	127
2	68	6	21	11	127	
2	55	128	101
128	19	70	1	2	7	67	20	4	101	
4	10	90	147
90	12	33	14	68	6	147	
1	27	146	62
146	16	15	62	
4	113	31	53
31	14	33	13	53	
1	158	83	103
-1
1	62	54	97
54	9	13	3	97	
2	128	11	101
11	21	4	101	
1	72	53	104
53	4	20	104	
4	185	41	8
41	8	
1	112	49	61
49	13	33	14	68	2	1	61	
1	114	49	38
49	13	9	38	
1	62	55	128
55	15	8	2	1	70	19	128	
1	125	114	25
114	18	8	25	
2	127	143	55
143	15	55	
3	79	5	40
5	1	40	
4	26	15	93
15	8	2	93	
1	28	28	103
28	4	21	6	103	
1	181	6	5
6	68	2	1	5	
1	91	76	97
-1
1	101	61	145
61	1	2	68	14	33	13	9	145	
4	191	74	43
-1
2	20	89	97
89	15	75	3	97	
3	94	100	113
100	2	68	14	33	13	113	
3	49	126	105
126	10	49	2	8	18	105	
3	188	2	11
2	68	6	21	11	
2	130	33	25
33	14	68	2	8	25	
4	184	10	53
-1
2	138	87	57
87	6	57	
1	37	118	35
118	2	8	15	55	35	
3	31	110	147
110	9	72	2	68	6	147	
3	126	110	70
110	9	13	33	14	68	2	1	70	
2	174	102	8
102	3	12	8	
4	186	71	9
71	20	4	23	33	13	9	
3	140	65	134
-1
4	53	15	37
15	34	4	53	13	37	
1	177	4	69
4	21	6	69	
2	31	33	78
33	14	16	15	78	
1	38	118	67
118	2	7	67	
3	172	5	34
5	1	2	68	14	33	23	34	
2	18	93	45
93	2	49	13	45	
2	39	26	56
26	18	8	15	55	35	56	
3	148	1	8
1	2	8	
2	158	124	78
-1
4	193	60	44
-1
3	179	1	58
1	2	68	14	58	
3	148	103	61
-1
2	27	132	145
132	8	72	9	145	
3	93	62	112
-1
