1	185	87	127
87	2	127	
4	39	22	10
22	1	64	6	10	
4	140	1	135
1	64	6	41	2	135	
1	176	41	86
41	6	29	15	86	
3	127	51	32
51	15	6	64	1	32	
4	29	1	113
1	63	7	113	
2	180	79	15
79	2	41	6	29	15	
1	145	109	4
-1
1	112	35	20
35	2	41	6	15	20	
1	58	128	56
128	8	62	7	14	56	
1	35	87	143
87	2	41	6	7	14	143	
3	196	123	66
-1
3	33	61	66
61	1	3	66	
1	68	100	8
100	4	28	8	
4	2	27	59
27	11	59	
1	164	53	111
53	5	111	
1	28	83	39
83	15	54	39	
2	34	15	147
15	6	7	147	
3	155	9	31
9	6	29	15	31	
2	60	120	8
120	8	
3	2	28	146
28	4	68	11	19	1	146	
2	119	114	118
-1
1	136	111	80
-1
1	44	93	82
93	9	6	15	82	
4	154	63	108
63	7	40	5	108	
2	114	64	63
64	1	63	
2	152	79	47
79	2	41	6	29	15	47	
4	100	57	61
57	14	7	63	1	61	
3	82	142	70
-1
3	90	96	91
96	4	28	8	91	
3	137	105	20
105	4	42	7	6	15	20	
3	105	9	133
9	6	7	42	4	133	
4	134	127	146
127	2	41	6	64	1	146	
2	165	115	88
-1
1	125	58	52
58	39	11	20	15	6	52	
1	139	111	115
111	5	55	39	58	115	
2	35	124	44
124	13	14	44	
1	146	77	2
-1
1	167	26	45
26	2	41	6	45	
4	57	57	140
57	36	4	140	
3	27	148	146
148	14	7	63	1	146	
3	61	85	4
85	14	56	15	36	4	
1	156	41	33
41	6	33	
4	96	24	49
-1
1	147	141	106
-1
4	64	117	118
117	2	41	6	15	118	
4	9	5	91
5	53	8	91	
1	162	141	69
-1
1	156	136	94
136	3	1	64	6	9	94	
2	145	102	52
102	7	52	
3	92	61	102
61	1	63	7	102	
1	48	39	36
39	54	15	36	
1	82	149	76
149	8	62	7	6	10	76	
1	130	7	1
7	63	1	
2	35	102	43
102	7	6	43	
4	102	150	61
-1
1	44	66	65
66	3	1	63	7	65	
1	12	23	56
23	15	56	
2	57	34	93
34	9	93	
1	60	141	97
141	5	40	12	3	97	
1	111	87	59
87	2	73	5	59	
1	98	29	97
-1
1	125	26	95
26	2	41	6	95	
4	126	107	101
-1
3	120	86	104
86	15	13	104	
1	81	72	6
72	1	64	6	
2	97	25	70
25	5	70	
4	4	68	145
68	4	145	
3	147	81	80
-1
3	195	37	71
-1
3	53	96	59
96	4	68	11	59	
3	99	9	87
9	6	41	2	87	
3	145	106	14
106	7	14	
1	148	31	22
31	15	20	11	19	1	22	
3	1	8	9
8	62	7	6	9	
2	108	79	80
-1
3	180	9	104
-1
3	176	108	73
108	5	73	
1	105	111	3
111	5	40	12	3	
1	27	109	91
109	12	11	27	8	91	
1	86	53	37
53	5	73	2	37	
4	124	107	97
-1
2	38	55	52
55	5	40	7	52	
3	11	52	134
52	6	134	
1	70	149	43
-1
4	151	101	122
101	5	122	
1	157	59	32
59	1	32	
4	129	138	139
138	1	63	7	14	18	139	
1	184	113	2
113	7	6	41	2	
1	24	69	110
69	4	28	8	110	
3	62	96	65
96	4	42	7	65	
1	8	83	73
83	15	6	41	2	73	
1	112	58	30
58	39	11	20	15	30	
4	145	145	81
-1
1	138	58	79
58	39	55	5	73	2	79	
1	161	77	29
-1
2	142	129	87
-1
1	83	135	126
135	2	73	8	126	
3	34	116	140
116	22	1	19	11	68	4	140	
2	45	99	59
99	2	73	5	59	
