3	58	106	100
106	10	14	9	100	
4	139	47	17
47	20	72	2	17	
1	80	82	9
82	7	3	14	9	
2	26	3	50
3	7	50	
3	73	125	97
125	12	45	15	97	
1	48	148	117
148	21	56	10	14	22	8	117	
3	52	62	28
62	7	60	2	6	56	21	28	
2	99	119	117
-1
2	169	141	138
-1
1	150	18	17
18	34	13	6	2	17	
4	149	147	122
147	2	60	7	70	10	122	
4	67	6	70
6	2	60	7	70	
4	178	47	2
47	20	72	2	
2	27	26	56
26	15	10	56	
1	173	4	31
4	8	68	12	31	
3	89	126	80
126	10	15	18	5	80	
1	119	23	44
23	6	2	72	20	16	51	4	44	
1	87	27	12
27	42	8	68	12	
4	124	127	2
127	1	15	45	7	60	2	
2	90	95	71
95	70	7	60	2	6	13	71	
4	63	47	119
47	20	72	2	6	119	
1	133	97	125
-1
3	36	14	21
14	10	56	21	
2	193	141	98
-1
3	23	69	101
69	43	70	7	60	2	6	101	
2	5	94	76
94	10	70	7	76	
2	48	84	1
84	9	14	10	15	1	
4	109	102	79
-1
2	163	138	55
-1
2	33	63	52
63	19	34	18	15	33	61	52	
4	103	102	98
-1
1	127	67	44
-1
3	99	101	109
101	6	56	10	109	
4	99	38	1
38	64	47	15	1	
4	199	30	70
30	2	60	7	70	
3	177	105	13
-1
3	79	109	148
109	10	56	21	148	
4	109	6	100
6	2	37	14	9	100	
2	165	64	87
64	47	20	72	2	6	87	
1	16	78	52
78	6	2	61	52	
1	115	110	55
110	10	14	9	55	
1	11	13	121
13	34	18	5	121	
4	169	91	71
91	64	47	15	18	34	13	71	
1	72	92	108
92	5	18	15	47	4	8	108	
4	41	41	40
41	15	45	7	60	2	61	52	40	
2	105	140	144
140	14	144	
3	152	68	4
68	8	4	
3	53	48	9
48	6	13	14	9	
3	142	106	124
106	10	15	124	
1	93	23	52
23	6	2	61	52	
2	147	140	63
-1
1	120	55	127
55	9	14	10	15	1	127	
1	190	117	120
117	8	68	12	31	6	120	
2	50	85	61
85	15	33	61	
3	91	106	2
106	10	70	7	60	2	
2	184	98	43
-1
1	189	4	13
4	8	22	14	13	
1	97	58	112
-1
2	72	112	120
-1
1	125	103	142
-1
4	88	47	131
47	20	16	14	131	
2	166	144	87
144	14	13	6	87	
1	135	113	53
113	5	18	15	10	11	53	
2	197	54	40
54	16	20	72	2	61	52	40	
3	98	5	47
5	18	15	47	
1	93	145	47
-1
4	157	30	50
30	2	60	7	50	
3	168	68	9
68	54	16	14	9	
4	187	16	23
16	20	72	2	6	23	
4	178	88	125
-1
2	109	112	22
-1
3	197	101	67
-1
1	150	67	81
-1
4	39	1	36
1	15	36	
3	135	48	41
48	6	13	71	39	41	
4	31	147	87
147	2	6	87	
4	183	41	117
-1
1	93	97	86
-1
3	15	115	102
115	2	6	102	
2	42	3	91
3	75	1	15	47	64	91	
1	65	131	104
-1
2	31	141	55
141	3	14	9	55	
3	163	87	23
87	6	23	
2	98	138	23
-1
2	190	26	122
-1
1	177	111	21
111	34	13	6	56	21	
3	193	143	61
-1
2	130	75	60
75	3	7	60	
1	181	120	76
120	6	2	60	7	76	
2	121	134	78
-1
4	75	25	110
25	3	14	10	110	
4	81	139	100
139	2	37	14	9	100	
3	153	71	89
71	13	34	18	15	36	77	89	
4	177	83	76
-1
2	199	33	102
-1
1	171	22	114
22	14	114	
2	33	98	8
98	14	22	8	
4	142	42	135
-1
3	17	72	104
72	2	6	104	
3	197	104	139
-1
