2	61	78	101
78	6	70	20	26	101	
2	39	47	98
47	18	50	91	98	
2	101	25	155
25	5	20	21	15	55	2	155	
4	32	72	190
72	10	190	
3	105	179	82
179	11	16	19	71	82	
1	28	180	192
180	15	55	2	73	14	192	
3	112	80	108
80	11	108	
4	3	95	55
95	15	55	
1	130	89	115
89	19	53	1	115	
1	109	104	80
104	16	11	80	
3	161	164	157
164	2	55	15	72	16	157	
1	11	176	155
176	9	30	2	155	
3	165	15	179
15	72	16	11	179	
3	154	115	51
115	1	53	18	64	14	73	5	51	
3	188	99	181
99	10	31	4	181	
4	179	155	160
155	2	55	15	21	20	40	6	70	12	94	4	160	
2	38	134	39
-1
2	45	46	85
46	10	9	85	
3	159	200	174
-1
2	38	129	29
129	1	2	73	14	29	
3	147	190	192
190	10	1	53	18	64	14	192	
3	101	150	119
150	8	21	15	49	4	119	
3	80	160	133
160	4	49	15	21	8	133	
2	130	124	200
-1
1	110	30	98
30	9	20	86	50	91	98	
1	21	17	4
17	15	49	4	
3	59	147	137
147	20	86	1	60	3	137	
1	96	184	134
-1
2	21	28	133
28	18	64	14	29	8	133	
3	49	138	14
138	19	53	18	64	14	
4	192	128	3
128	6	41	19	53	1	60	3	
3	110	74	104
74	3	49	15	72	16	104	
2	43	126	64
126	9	64	
2	194	5	139
5	20	9	139	
1	43	86	120
86	1	2	120	
3	46	147	88
147	20	62	18	88	
3	182	167	34
-1
3	116	178	170
178	14	73	5	170	
4	200	73	149
73	14	64	9	10	3	149	
2	13	93	39
93	12	16	39	
1	15	141	166
141	5	166	
3	71	132	191
132	8	21	15	49	1	191	
2	134	193	116
193	11	16	72	15	55	2	116	
2	24	187	73
187	3	60	1	2	73	
1	96	180	158
180	15	49	4	158	
3	183	22	105
22	18	77	6	105	
1	169	19	23
19	16	23	
4	90	153	200
-1
1	190	20	72
20	21	15	72	
1	28	19	116
19	53	1	2	116	
1	145	184	56
184	16	19	53	1	60	3	56	
3	135	150	139
150	8	21	20	9	139	
1	3	20	84
20	21	8	84	
1	75	105	70
105	6	70	
2	184	129	50
129	1	60	3	71	82	50	
1	40	24	23
24	19	16	23	
4	63	158	194
158	4	49	15	17	194	
2	14	126	146
126	9	20	5	146	
3	38	167	165
167	87	91	92	6	70	20	165	
2	153	157	135
-1
1	161	184	118
184	16	11	5	20	9	118	
4	51	81	68
81	7	71	19	68	
3	134	167	87
167	87	
2	4	169	192
169	3	60	1	2	73	14	192	
2	5	195	72
195	16	72	
3	179	179	47
179	11	5	20	47	
2	172	18	156
18	64	14	73	5	156	
3	69	80	34
80	11	16	94	4	34	
2	185	94	200
-1
4	120	83	156
83	12	93	5	156	
1	189	35	92
35	18	77	6	92	
2	8	195	172
195	16	94	4	172	
4	95	198	90
-1
3	38	131	59
131	20	26	97	75	59	
1	61	86	5
86	20	5	
2	59	90	183
90	3	49	15	183	
3	14	21	1
21	15	49	1	
4	47	192	32
192	14	29	8	32	
1	47	13	77
13	14	64	18	77	
2	154	197	159
197	8	21	15	159	
3	45	68	146
68	19	41	6	70	20	5	146	
1	168	57	92
57	18	77	6	92	
4	10	64	89
64	18	53	19	89	
3	20	110	20
110	4	40	20	
3	24	99	57
99	10	1	53	18	57	
1	7	159	99
159	15	72	10	99	
1	159	17	119
17	13	12	94	4	119	
3	142	183	62
183	15	57	18	62	
2	19	29	74
29	14	73	2	1	60	3	74	
4	129	27	71
27	33	19	71	
1	74	181	138
181	4	7	71	19	138	
3	166	177	146
177	4	94	12	93	5	146	
2	54	97	10
97	19	41	10	
4	25	106	71
106	9	20	40	4	7	71	
3	34	125	170
125	9	20	5	170	
2	132	148	128
-1
4	50	106	97
106	9	26	97	
4	111	64	79
64	18	62	6	79	
4	137	158	59
-1
1	159	176	86
176	9	20	86	
