1	199	76	12
76	4	14	54	18	12	
1	107	2	128
2	76	4	29	5	128	
2	175	19	143
19	34	15	93	17	143	
1	154	168	48
168	19	34	15	18	12	48	
3	168	124	104
124	4	14	54	18	15	93	11	104	
4	70	78	19
78	1	58	12	18	15	34	19	
1	47	27	95
27	18	54	14	95	
4	125	165	106
165	6	97	5	106	
1	180	173	61
173	20	53	14	21	61	
2	126	128	138
-1
1	137	65	165
65	4	14	54	6	165	
4	16	16	167
16	7	10	167	
1	110	122	185
-1
4	158	96	153
96	5	100	12	37	10	153	
1	61	2	28
2	76	4	14	16	28	
4	32	121	57
121	12	57	
3	126	191	83
191	6	33	81	83	
4	184	189	47
-1
3	44	113	171
113	1	58	12	18	13	171	
2	133	92	50
92	12	18	15	50	
1	98	17	67
17	99	67	
2	64	105	82
105	7	94	18	54	6	82	
1	200	72	155
72	15	52	10	155	
2	152	182	2
182	6	54	14	4	76	2	
1	132	91	3
91	14	54	6	82	3	
1	188	103	76
-1
2	71	134	66
134	1	66	
1	69	12	6
12	92	6	
1	192	147	118
-1
1	193	190	161
190	4	161	
2	59	74	130
74	1	58	12	11	130	
2	92	171	34
171	13	18	15	34	
2	198	186	58
186	5	100	12	58	
2	200	138	191
-1
1	154	89	81
89	17	64	14	54	6	33	81	
4	29	172	135
172	13	61	2	135	
1	46	160	21
160	1	58	12	21	
2	51	182	184
182	6	92	30	184	
1	120	2	130
2	61	21	12	11	130	
3	81	193	71
-1
2	10	138	144
138	1	58	12	100	5	144	
2	195	148	67
-1
1	4	40	4
40	33	6	4	
4	194	189	141
-1
2	26	188	182
188	14	54	6	182	
4	113	142	153
142	15	52	10	153	
1	133	122	64
122	13	91	14	64	
1	116	168	45
168	19	11	9	55	70	45	
2	45	170	47
170	6	54	14	47	
4	115	90	191
90	14	54	6	191	
1	10	122	128
122	13	6	97	5	128	
2	76	131	76
131	14	4	76	
1	32	77	67
77	9	17	99	67	
1	172	81	55
81	33	6	92	9	55	
3	105	26	43
26	9	92	12	58	1	43	
2	58	4	136
4	14	54	18	12	58	1	136	
2	73	116	57
116	14	72	15	57	
3	118	48	176
48	12	21	14	4	176	
2	164	115	146
115	1	58	12	18	54	14	4	146	
1	154	159	187
-1
3	82	25	108
-1
1	109	34	190
34	15	18	54	14	4	190	
1	175	62	18
62	3	82	6	54	18	
4	29	93	50
93	15	50	
4	23	16	76
16	14	4	76	
3	158	73	31
73	61	21	14	8	31	
3	167	82	146
82	6	54	14	4	146	
3	142	154	193
-1
1	39	71	59
71	14	64	17	59	
2	25	186	17
186	5	29	4	14	64	17	
2	84	140	193
140	17	93	15	52	10	193	
1	73	173	178
173	20	53	14	4	29	5	178	
1	43	33	39
33	57	19	39	
3	92	7	83
7	16	14	47	81	83	
1	119	187	51
-1
3	149	10	123
10	37	12	58	1	123	
1	46	119	156
119	1	58	12	100	3	156	
4	190	85	109
85	52	15	49	12	109	
1	48	179	180
179	5	100	12	58	1	180	
1	16	17	165
17	64	14	54	6	165	
1	8	194	56
194	19	34	42	2	56	
1	186	77	180
77	9	20	53	14	21	12	58	1	180	
4	176	102	12
102	7	94	18	12	
4	11	96	170
96	5	97	6	170	
1	13	187	157
187	9	72	14	22	157	
2	87	58	118
58	12	18	94	7	118	
3	42	158	36
158	6	92	9	36	
2	150	4	73
4	14	21	61	73	
3	81	193	51
-1
4	198	41	19
-1
3	5	56	12
56	2	42	34	15	18	12	
4	185	16	41
-1
3	148	1	94
1	58	12	18	94	
2	118	128	189
-1
2	74	138	175
-1
4	191	102	184
-1
2	178	188	142
188	14	54	18	15	142	
3	2	29	97
29	5	97	
2	4	131	89
131	14	64	17	89	
4	23	11	81
11	19	57	33	81	
