4	71	101	56
101	15	20	56	
3	59	48	183
48	15	20	56	9	183	
3	186	165	73
-1
3	169	38	174
-1
3	62	180	162
180	7	39	62	17	162	
2	158	110	190
-1
4	47	111	120
111	16	2	120	
1	79	67	83
67	18	83	
4	167	89	42
89	64	20	18	92	5	42	
3	70	26	158
26	56	20	18	67	8	158	
1	125	4	58
4	58	
3	108	26	106
26	56	20	18	55	7	106	
3	132	85	70
-1
1	105	70	60
-1
2	66	190	191
190	11	40	6	19	191	
1	8	53	52
53	3	1	14	78	18	20	52	
3	79	9	163
9	11	163	
2	161	7	29
7	76	18	78	14	1	29	
2	155	86	69
86	6	20	69	
2	112	52	46
52	15	20	18	55	46	
4	170	122	1
122	6	20	18	78	14	1	
1	27	46	27
46	100	11	2	27	
1	96	105	63
105	3	1	14	78	18	63	
1	107	36	132
-1
3	50	141	121
-1
3	101	158	124
158	8	67	18	20	15	124	
2	15	117	133
117	2	40	6	20	18	78	14	1	133	
1	43	196	91
196	8	67	18	20	15	91	
1	63	108	176
108	12	4	2	16	176	
1	61	14	180
14	78	18	55	7	180	
1	61	78	101
78	18	20	15	101	
3	39	47	98
47	10	14	78	18	55	7	98	
1	101	25	155
25	20	15	73	13	155	
2	32	72	190
72	34	4	11	190	
1	105	179	82
179	7	76	18	24	16	82	
3	28	180	192
180	7	55	18	78	14	10	192	
4	112	80	108
80	18	20	12	108	
4	3	95	55
95	20	18	55	
4	130	89	115
89	64	20	6	86	17	115	
4	109	104	80
104	1	14	78	18	80	
2	161	164	157
-1
3	11	176	155
176	16	68	11	73	13	155	
2	165	15	179
15	20	18	76	7	179	
3	154	115	51
-1
4	188	99	181
-1
1	179	155	160
-1
3	38	134	39
134	10	14	78	18	55	7	39	
1	45	46	85
46	55	18	20	12	85	
1	159	200	174
-1
2	38	129	29
129	64	20	18	78	14	1	29	
2	147	190	192
190	11	22	14	10	192	
2	101	150	119
150	17	86	6	20	56	26	119	
3	80	160	133
160	10	14	1	133	
1	130	124	200
-1
2	110	30	98
30	11	4	12	98	
2	21	17	4
17	86	6	20	64	4	
3	59	147	137
147	36	26	56	20	18	78	14	1	3	137	
2	96	184	134
184	69	20	18	78	14	10	134	
3	21	28	133
28	6	20	18	78	14	1	133	
2	49	138	14
138	3	1	14	
1	192	128	3
128	20	18	78	14	1	3	
1	110	74	104
74	58	91	15	20	18	78	14	1	104	
3	43	126	64
126	1	14	78	18	20	64	
4	194	5	139
5	92	18	20	6	40	2	139	
2	43	86	120
86	6	40	2	120	
3	46	147	88
147	36	26	56	20	88	
4	182	167	34
167	7	69	34	
4	116	178	170
178	5	92	9	170	
1	200	73	149
73	11	4	149	
1	13	93	39
93	18	55	7	39	
3	15	141	166
141	33	71	6	20	18	55	7	166	
1	71	132	191
-1
3	134	193	116
193	4	64	20	6	19	116	
4	24	187	73
187	3	1	14	78	18	20	15	73	
3	96	180	158
180	7	76	18	67	8	158	
3	183	22	105
22	14	1	3	105	
1	169	19	23
19	6	23	
2	90	153	200
-1
2	190	20	72
20	18	55	46	72	
1	28	19	116
19	116	
2	145	184	56
184	69	20	56	
2	135	150	139
150	17	86	6	40	2	139	
2	3	20	84
20	56	9	84	
1	75	105	70
105	3	1	67	8	70	
2	184	129	50
129	64	20	18	78	14	1	3	50	
4	40	24	23
24	18	20	6	23	
3	63	158	194
158	8	67	18	55	7	13	194	
3	14	126	146
126	1	14	78	18	20	12	146	
4	38	167	165
167	7	55	18	92	9	165	
1	153	157	135
-1
2	161	184	118
-1
3	51	81	68
81	1	14	22	11	68	
4	134	167	87
167	7	76	18	20	12	87	
4	4	169	192
169	6	20	18	78	14	10	192	
3	5	195	72
195	51	95	20	18	55	46	72	
1	179	179	47
179	7	76	18	78	14	10	47	
4	172	18	156
18	20	15	156	
4	69	80	34
80	4	34	
2	185	94	200
-1
1	120	83	156
83	20	15	156	
