2	92	171	44
171	15	11	1	78	19	10	44	
2	17	50	133
50	15	53	14	36	12	133	
4	105	67	98
67	49	14	20	62	27	1	98	
4	72	82	64
82	2	3	68	4	64	
3	182	155	200
-1
2	91	2	152
2	3	70	8	152	
2	103	3	132
3	132	
4	134	76	188
-1
1	12	66	71
66	6	15	91	71	
1	147	6	69
-1
3	190	118	192
118	1	192	
4	74	161	193
161	31	8	70	3	193	
1	171	130	59
130	4	59	
3	186	34	92
-1
2	138	58	198
58	20	100	7	198	
4	89	191	200
191	2	3	70	1	78	19	200	
2	172	81	154
81	2	3	154	
3	160	135	29
-1
2	182	21	46
21	16	53	14	23	46	
1	2	184	51
184	3	2	51	
1	193	130	120
-1
3	138	71	81
71	85	18	51	2	81	
1	148	144	10
144	16	64	7	42	19	10	
4	40	67	195
67	49	14	91	15	78	1	70	8	195	
4	189	5	4
5	33	20	14	49	4	
3	188	141	194
141	3	54	13	6	194	
3	142	182	26
-1
3	122	153	113
153	2	3	70	1	78	19	113	
1	168	64	133
64	4	40	12	133	
3	170	45	116
45	46	23	14	20	116	
2	90	47	45
47	6	45	
4	122	191	115
-1
3	131	128	10
128	3	70	1	78	19	10	
3	77	77	76
-1
4	81	67	32
67	49	14	20	73	17	32	
1	26	55	172
55	5	8	172	
2	4	43	105
43	15	53	14	20	105	
1	116	136	58
136	9	6	15	53	14	20	58	
1	48	57	73
57	8	5	33	20	73	
1	115	176	118
176	8	70	1	118	
3	159	146	164
-1
1	25	187	154
187	13	54	3	154	
1	34	108	82
108	8	5	60	2	82	
2	62	190	109
190	10	19	78	15	91	109	
3	93	18	175
18	60	5	83	11	175	
2	16	50	29
50	15	6	29	
4	73	76	23
-1
2	82	31	158
31	8	158	
3	154	146	167
146	8	5	33	20	73	17	167	
3	71	193	142
193	3	68	4	142	
2	186	59	39
59	6	45	12	39	
2	140	17	25
17	25	
3	173	193	84
-1
4	33	178	73
178	6	15	53	14	20	73	
2	7	39	43
39	1	78	15	43	
3	187	83	92
83	5	33	20	73	17	92	
1	10	51	119
51	20	100	7	119	
2	119	123	149
-1
4	85	156	46
-1
4	179	109	190
-1
3	17	180	48
180	10	68	4	48	
4	194	165	16
165	16	
4	77	56	8
56	79	1	70	8	
3	102	180	186
-1
1	96	12	176
12	40	11	83	8	176	
3	187	170	11
170	8	83	11	
1	58	157	13
157	1	78	15	6	13	
3	158	118	87
118	1	98	13	87	
4	4	36	42
36	14	20	100	7	42	
2	193	73	150
73	16	41	13	54	19	10	150	
1	41	51	81
51	2	81	
1	56	19	198
19	78	15	100	7	198	
1	16	12	5
12	40	11	83	5	
3	1	41	185
41	16	73	17	30	185	
2	128	94	148
94	2	148	
2	138	189	118
189	11	1	118	
2	102	175	74
175	11	1	74	
1	188	184	191
-1
1	29	142	178
142	4	68	11	6	178	
2	131	97	2
-1
1	11	89	4
89	17	99	4	
2	160	81	23
81	2	51	20	14	23	
2	165	137	186
137	16	73	20	51	2	186	
2	101	104	178
104	11	6	178	
4	48	56	71
56	16	15	91	71	
1	165	183	59
183	16	11	6	59	
2	38	73	186
73	20	51	2	186	
4	180	174	169
174	18	60	5	55	16	169	
1	110	162	62
-1
2	111	190	158
190	10	19	78	1	70	8	158	
2	67	120	47
120	20	14	91	15	6	47	
3	89	83	79
83	11	1	79	
1	26	42	167
42	7	100	20	73	17	167	
4	4	158	70
158	8	70	
2	26	58	125
58	20	100	7	125	
4	85	106	108
106	5	8	108	
1	70	70	132
70	3	132	
1	190	60	105
60	5	33	20	105	
4	52	191	66
191	2	94	9	66	
3	9	52	8
52	5	8	
