4	125	86	30
86	6	14	68	12	72	30	
1	146	104	9
104	10	52	14	9	
3	89	116	33
-1
3	69	4	112
4	60	3	112	
1	101	93	48
93	1	13	48	
4	137	6	113
6	14	52	5	113	
1	118	82	72
82	7	30	72	
4	77	9	89
9	14	52	15	89	
3	135	38	68
38	1	13	44	14	68	
1	171	100	41
100	13	54	15	67	11	41	
4	52	73	28
73	15	41	10	28	
1	11	147	33
147	10	5	33	
3	193	95	149
-1
2	54	83	54
83	4	60	13	54	
2	53	53	48
53	15	73	48	
3	15	105	106
105	3	60	13	106	
4	139	92	37
92	12	68	14	37	
4	129	11	45
11	67	5	31	45	
2	146	139	134
139	45	31	5	67	15	53	8	134	
1	38	123	135
123	5	52	14	135	
1	166	45	58
45	31	5	20	58	
1	48	147	106
147	10	41	15	54	13	106	
1	98	107	50
107	3	60	72	12	50	
3	3	1	34
1	9	46	49	34	
1	51	104	139
104	10	52	5	31	45	139	
4	6	6	93
6	9	1	93	
1	192	72	86
72	60	13	44	6	86	
2	89	112	96
-1
3	124	90	84
90	1	13	60	72	30	7	84	
4	159	37	108
37	14	52	5	108	
3	66	77	3
77	10	70	4	60	3	
4	121	92	51
92	12	68	14	6	51	
1	23	41	59
41	15	29	59	
2	58	139	59
139	45	31	59	
1	96	41	12
41	15	52	14	68	12	
1	141	141	69
141	1	13	44	6	40	34	69	
2	176	98	42
-1
4	24	92	4
92	12	72	60	4	
2	159	130	145
130	1	13	5	145	
2	117	53	84
53	15	29	59	7	84	
4	171	111	10
111	8	56	27	11	41	10	
2	173	128	101
-1
1	181	101	141
101	1	141	
2	139	25	31
25	11	67	5	31	
1	100	132	72
132	6	14	68	12	72	
2	20	130	114
130	1	9	14	68	12	114	
4	113	70	62
70	6	62	
1	118	147	55
-1
4	163	20	34
20	12	68	14	6	40	34	
2	96	29	138
29	54	13	60	3	138	
3	155	47	1
47	15	54	13	1	
4	57	67	30
67	5	7	30	
1	97	39	130
39	3	60	13	1	130	
1	30	69	56
69	34	40	10	56	
3	1	59	38
59	7	5	13	1	38	
1	116	8	69
8	51	6	40	34	69	
4	29	129	138
-1
1	83	141	36
141	1	13	5	20	66	36	
3	118	59	56
59	29	15	41	11	27	56	
2	58	23	136
23	53	15	54	13	60	3	136	
4	108	70	32
70	6	14	52	15	32	
2	37	74	150
74	8	51	6	150	
3	119	80	90
80	6	44	13	1	90	
2	174	128	8
-1
1	13	57	66
57	72	12	20	66	
2	131	109	125
109	6	14	68	12	72	60	4	2	125	
4	20	27	5
27	11	67	5	
1	56	57	47
57	10	41	15	47	
3	13	90	7
90	1	13	5	7	
2	98	109	29
109	6	14	52	15	29	
3	131	116	98
116	14	44	13	98	
1	130	123	73
123	5	73	
3	19	62	54
62	6	14	52	15	54	
4	178	32	84
32	30	7	84	
1	145	57	42
-1
2	171	120	53
120	12	68	14	52	15	53	
1	27	2	79
2	3	79	
2	73	74	135
74	8	53	15	52	14	135	
4	180	31	126
31	5	52	14	6	126	
3	60	95	85
95	47	15	52	14	9	24	85	
4	10	92	50
92	12	50	
2	182	74	75
74	8	53	15	29	75	
1	138	3	136
3	136	
4	21	73	17
73	5	16	17	
3	12	52	125
52	14	6	70	4	2	125	
3	16	96	94
96	1	13	60	4	2	94	
1	44	68	148
68	14	52	15	53	8	148	
2	181	44	123
44	14	52	5	123	
3	108	118	55
-1
1	192	147	149
-1
4	194	9	90
9	14	44	13	1	90	
3	68	118	13
118	9	1	13	
1	155	51	67
51	6	14	52	15	67	
3	173	38	41
-1
3	47	10	92
10	70	6	14	68	12	92	
1	143	24	89
24	9	14	52	15	89	
2	190	89	6
89	15	67	5	52	14	6	
2	64	83	101
83	4	60	13	1	101	
4	68	15	68
15	52	14	68	
1	166	72	117
-1
