4	125	14	137
14	7	41	137	
3	175	110	129
-1
1	30	17	60
17	1	20	7	14	34	60	
4	61	78	59
78	6	4	33	59	
4	74	72	135
72	10	6	4	135	
4	125	86	30
86	1	20	7	14	6	10	30	
3	146	104	9
104	5	56	9	
4	89	116	33
116	59	33	
1	69	4	112
-1
2	101	93	48
93	7	48	
3	137	6	113
6	14	7	113	
3	118	82	72
82	6	10	72	
3	77	9	89
9	14	7	20	1	89	
1	135	38	68
38	1	20	7	14	9	56	5	68	
3	171	100	41
100	6	14	7	41	
1	52	73	28
73	7	27	5	28	
1	11	147	33
147	43	64	33	
3	193	95	149
-1
4	54	83	54
83	8	10	54	
1	53	53	48
53	14	48	
1	15	105	106
105	2	69	6	14	106	
1	139	92	37
92	34	14	37	
4	129	11	45
11	14	6	45	
2	146	139	134
-1
3	38	123	135
123	7	14	6	4	135	
3	166	45	58
45	6	19	40	25	12	75	58	
1	48	147	106
-1
2	98	107	50
-1
4	3	1	34
1	20	7	14	34	
3	51	104	139
104	5	139	
3	6	6	93
6	14	7	93	
4	192	72	86
72	10	53	14	7	20	1	86	
1	89	112	96
-1
2	124	90	84
90	11	14	7	41	67	23	84	
4	159	37	108
37	14	9	56	5	108	
1	66	77	3
77	7	14	3	
1	121	92	51
-1
1	23	41	59
41	7	65	59	
2	58	139	59
-1
1	96	41	12
41	7	14	34	15	44	12	
1	141	141	69
141	46	60	34	14	6	69	
1	176	98	42
98	1	20	7	14	42	
1	24	92	4
92	34	14	6	4	
2	159	130	145
130	8	145	
1	117	53	84
53	14	7	41	67	23	84	
3	171	111	10
111	12	44	15	34	14	6	10	
1	173	128	101
-1
3	181	101	141
-1
4	139	25	31
25	8	146	31	
4	100	132	72
132	11	14	53	10	72	
2	20	130	114
130	8	10	6	4	114	
2	113	70	62
70	7	62	
1	118	147	55
-1
4	163	20	34
20	7	14	34	
1	96	29	138
-1
1	155	47	1
47	55	8	17	1	
3	57	67	30
67	41	7	14	6	10	30	
4	97	39	130
-1
3	30	69	56
69	6	14	9	56	
2	1	59	38
59	33	9	7	20	1	38	
1	116	8	69
8	10	6	69	
2	29	129	138
129	6	14	11	138	
1	83	141	36
141	46	60	34	14	6	36	
2	118	59	56
59	33	9	56	
3	58	23	136
23	67	41	7	27	5	136	
2	108	70	32
70	7	20	1	32	
1	37	74	150
74	6	14	7	150	
2	119	80	90
80	10	6	14	11	90	
1	174	128	8
128	10	8	
3	13	57	66
57	9	14	34	15	66	
1	131	109	125
109	8	17	1	20	7	125	
2	20	27	5
27	5	
3	56	57	47
57	9	56	55	47	
2	13	90	7
90	11	14	7	
1	98	109	29
109	8	29	
4	131	116	98
116	59	33	9	14	7	20	1	98	
3	130	123	73
123	7	73	
1	19	62	54
62	7	14	6	10	54	
4	178	32	84
32	1	20	7	41	67	23	84	
3	145	57	42
57	9	14	42	
3	171	120	53
-1
3	27	2	79
2	69	13	79	
1	73	74	135
74	6	4	135	
4	180	31	126
31	7	41	67	23	126	
3	60	95	85
95	8	17	1	20	7	14	85	
1	10	92	50
92	34	14	7	27	5	50	
1	182	74	75
74	6	19	40	25	12	75	
3	138	3	136
3	5	136	
1	21	73	17
73	7	20	1	17	
3	12	52	125
52	13	6	14	7	125	
3	16	96	94
96	35	8	94	
1	44	68	148
68	5	56	9	33	64	43	148	
1	181	44	123
44	15	60	46	9	14	7	123	
2	108	118	55
118	3	14	7	16	55	
1	192	147	149
-1
3	194	9	90
9	14	6	36	11	90	
2	68	118	13
118	3	14	6	13	
2	155	51	67
51	8	17	1	20	7	41	67	
1	173	38	41
38	1	20	7	41	
1	47	10	92
10	53	14	34	92	
