1	151	116	154
116	17	62	10	19	154	
1	84	110	117
110	10	78	18	92	3	117	
4	79	165	62
165	18	78	10	62	
1	75	70	11
70	4	22	53	11	
2	190	125	200
-1
1	149	145	35
145	5	35	
2	136	2	97
2	16	73	18	34	1	97	
3	156	61	62
61	78	10	62	
3	191	159	97
159	2	16	53	11	52	56	1	97	
1	98	32	31
32	10	78	18	34	1	58	5	31	
3	51	122	98
122	55	12	64	15	85	98	
3	119	24	160
24	14	21	16	53	22	160	
4	132	107	76
107	60	5	13	76	
1	142	185	146
185	12	65	83	50	146	
2	141	11	70
11	53	22	4	70	
4	127	1	166
1	58	5	166	
1	175	101	167
101	1	56	52	11	61	78	18	167	
1	188	36	28
-1
3	84	143	138
143	2	16	53	11	138	
4	66	133	169
133	41	33	46	11	169	
2	164	30	42
30	18	81	14	85	15	80	42	
1	123	32	65
32	10	78	18	34	20	65	
3	150	150	171
150	50	19	34	18	73	16	2	171	
2	95	82	108
82	20	1	108	
3	116	23	118
-1
1	82	116	118
116	17	56	20	118	
2	48	194	18
194	19	34	18	
2	27	169	6
169	11	52	12	6	
3	165	156	148
-1
1	85	192	33
-1
4	79	57	62
57	16	41	10	62	
3	143	172	46
-1
3	66	46	195
46	33	41	10	195	
1	173	196	28
-1
2	90	90	3
90	19	34	18	92	3	
4	160	6	118
6	12	65	20	118	
1	129	87	111
87	9	57	16	2	111	
3	86	86	31
86	13	5	31	
4	186	65	187
65	12	187	
2	18	181	178
181	42	80	54	83	13	178	
4	31	65	186
65	20	81	14	186	
3	76	143	110
143	2	16	41	10	110	
1	23	38	155
38	77	5	155	
2	50	103	102
103	7	53	16	21	14	40	102	
3	52	27	192
27	15	77	5	192	
2	121	68	149
68	37	18	78	10	149	
3	184	27	187
27	15	64	12	187	
4	14	108	72
108	1	20	93	68	72	
1	152	193	88
-1
3	81	130	68
130	17	56	20	93	68	
3	67	147	133
147	3	92	18	73	16	41	133	
4	128	178	27
178	13	5	77	15	27	
3	82	5	64
5	77	15	64	
3	136	27	118
27	15	17	56	20	118	
1	79	29	144
29	9	82	20	34	18	78	10	144	
1	27	32	12
32	10	78	61	12	
2	13	105	190
105	4	70	5	35	6	190	
4	36	88	97
88	18	34	1	97	
2	76	53	42
53	16	42	
3	143	5	171
5	60	72	14	21	16	2	171	
4	75	85	118
85	14	81	20	118	
2	54	103	47
103	7	59	10	47	
2	117	30	51
30	20	56	17	51	
1	187	64	30
64	15	85	14	81	18	30	
2	130	199	58
199	37	18	34	1	58	
3	141	77	89
77	15	85	14	89	
4	131	55	193
-1
3	179	19	32
19	10	32	
4	20	6	85
6	12	64	15	85	
3	143	81	41
81	18	73	16	41	
3	60	24	77
24	14	85	15	77	
3	58	50	132
50	83	13	70	4	132	
2	60	103	161
103	7	71	13	161	
3	89	172	176
-1
1	146	158	174
-1
4	187	39	2
-1
2	131	132	56
132	4	51	17	56	
4	163	14	74
14	21	16	53	7	74	
1	199	192	80
-1
3	191	164	160
164	16	53	22	160	
2	67	106	183
-1
1	198	117	185
-1
4	111	174	87
-1
1	86	185	10
185	47	10	
1	12	74	119
74	7	8	66	12	119	
1	13	171	158
171	2	16	53	11	158	
2	69	109	89
109	3	92	18	81	14	89	
2	94	40	102
40	102	
3	125	154	45
154	19	34	1	56	17	15	45	
3	85	152	160
152	38	77	5	70	4	22	160	
4	19	94	65
94	18	34	20	65	
2	3	160	133
160	22	53	16	41	133	
1	42	110	58
110	10	78	18	34	1	58	
4	3	20	43
20	73	11	43	
4	122	57	116
57	9	82	20	56	17	116	
2	31	68	38
68	93	18	30	76	38	
3	119	33	147
-1
2	172	53	186
53	16	21	14	186	
2	168	146	91
146	50	19	10	62	17	15	91	
3	128	71	42
71	13	5	77	15	80	42	
