4	107	77	80
77	3	2	14	92	5	80	
4	78	86	73
86	20	73	
1	87	128	75
-1
3	154	195	148
195	5	20	56	7	148	
3	138	33	178
33	82	16	178	
3	190	131	48
131	18	71	56	7	48	
3	88	116	171
116	9	36	5	20	171	
2	110	6	139
6	11	83	7	1	94	139	
4	16	199	18
199	2	14	16	18	
3	92	85	113
85	16	14	92	5	113	
4	123	82	141
82	16	141	
3	147	141	27
141	16	14	40	1	7	83	11	27	
1	22	18	106
18	71	56	7	1	106	
2	169	56	101
56	71	18	101	
1	99	10	85
10	5	92	14	16	85	
1	146	99	15
99	11	27	17	15	
4	117	89	82
89	8	68	1	94	82	
1	7	128	39
128	3	2	75	39	
2	176	37	189
37	12	70	2	75	39	79	189	
1	88	4	25
4	16	82	33	25	
2	29	47	58
47	7	13	58	
2	55	170	198
170	39	75	2	13	198	
1	112	68	168
-1
4	12	89	23
89	8	27	17	23	
1	48	10	184
10	5	36	9	184	
4	14	108	83
108	8	68	1	7	83	
2	95	5	123
-1
2	85	121	2
121	11	83	7	1	41	2	
2	73	79	38
79	39	75	2	41	1	7	38	
4	97	54	193
54	74	19	18	5	193	
1	155	142	39
142	14	40	1	41	2	75	39	
4	152	122	160
122	4	20	5	10	160	
1	71	128	28
-1
3	94	39	68
39	75	2	41	1	68	
4	29	3	29
3	70	12	93	15	29	
3	111	50	136
50	55	12	70	2	136	
3	185	16	93
16	85	15	93	
2	186	110	165
110	17	78	56	20	5	165	
1	175	147	44
-1
2	167	19	49
19	94	1	49	
3	158	116	142
116	9	36	12	70	2	14	142	
3	69	22	63
22	20	86	12	63	
2	96	125	142
125	14	142	
2	116	196	181
196	7	56	78	17	181	
2	144	41	183
41	1	7	56	20	183	
3	32	69	184
69	7	56	78	6	9	184	
3	124	132	199
132	19	94	1	41	2	199	
1	40	68	61
68	8	34	61	
4	83	54	7
54	74	13	7	
4	132	28	25
28	6	11	83	7	1	62	33	25	
1	25	147	92
147	11	83	7	1	40	14	92	
4	88	104	65
104	15	17	78	56	20	4	65	
2	29	124	190
124	1	7	56	20	5	10	190	
4	161	172	137
172	14	40	1	62	12	137	
1	143	87	177
-1
1	79	182	197
182	1	7	56	20	5	10	197	
3	77	165	80
165	5	80	
1	137	40	148
40	1	7	148	
4	95	80	153
80	19	73	8	34	153	
3	120	162	132
162	25	33	62	19	132	
2	163	45	78
45	1	7	56	78	
3	28	70	133
70	2	41	1	7	133	
1	169	109	57
109	1	7	57	
4	105	89	28
89	8	34	6	28	
3	33	50	66
50	9	6	38	91	66	
3	181	144	47
-1
1	61	174	12
174	16	14	2	70	12	
1	160	52	51
52	16	14	51	
3	112	139	130
139	94	1	130	
4	195	34	44
34	6	11	83	7	13	2	3	44	
1	25	105	40
105	16	14	40	
2	157	19	61
19	26	8	34	61	
2	165	198	169
-1
1	144	166	10
-1
3	161	70	59
70	2	41	1	7	83	11	59	
2	160	102	154
-1
3	123	35	128
-1
2	125	47	130
47	20	56	7	1	130	
2	55	6	20
6	11	83	7	56	20	
3	50	69	5
69	7	56	20	5	
1	41	63	61
63	12	93	15	29	61	
1	102	87	80
87	17	80	
2	70	196	77
196	7	1	41	2	3	77	
3	31	112	43
112	6	11	43	
3	41	8	64
8	2	14	64	
3	195	168	118
-1
2	74	79	152
79	39	75	2	41	1	152	
2	3	1	198
1	7	13	198	
3	174	126	3
-1
3	179	132	23
132	19	73	20	56	78	17	23	
1	39	181	37
181	17	97	37	
1	118	21	124
21	5	20	56	7	1	124	
4	147	122	71
122	4	20	56	71	
3	141	144	134
-1
3	4	126	141
126	46	81	92	14	16	141	
4	121	167	61
167	6	34	61	
1	24	113	139
113	5	18	19	94	139	
2	21	186	140
186	61	34	6	28	10	140	
1	175	140	17
140	10	5	20	56	78	17	
1	197	113	148
-1
