2	71	19	27
19	95	7	6	27	
4	138	129	181
-1
4	146	74	177
-1
2	10	166	97
166	32	31	165	19	16	9	97	
2	71	54	106
54	15	71	106	
3	170	25	125
25	5	36	1	82	10	125	
2	128	34	148
-1
4	97	132	106
132	12	15	71	106	
3	79	50	64
50	15	56	7	64	
4	59	111	158
111	171	12	15	56	7	11	158	
1	86	137	176
137	2	38	17	46	19	20	176	
3	66	159	104
159	2	38	17	44	5	104	
1	42	48	130
48	8	55	3	130	
1	138	194	95
194	3	18	95	
2	195	155	100
-1
3	119	25	77
25	5	44	17	77	
2	19	146	110
146	19	50	15	12	110	
4	124	26	193
26	12	193	
2	140	122	42
122	17	46	42	
2	97	152	104
152	14	64	7	6	58	5	104	
2	24	10	192
10	82	1	16	18	95	7	192	
1	79	95	150
95	18	150	
4	160	112	198
112	17	46	19	83	73	198	
3	54	154	191
154	53	43	17	46	13	191	
2	106	43	97
43	17	8	97	
3	134	190	73
190	9	16	19	83	73	
4	195	108	19
-1
3	187	78	44
78	3	12	15	37	44	
3	180	154	117
-1
4	83	93	68
-1
1	75	141	29
141	3	14	64	7	6	29	
4	176	116	124
-1
2	173	146	35
146	19	50	15	35	
1	115	106	140
-1
4	11	111	135
111	171	12	15	56	7	135	
3	36	16	124
16	18	3	14	124	
4	54	101	183
101	2	38	17	6	183	
1	97	95	61
95	18	3	61	
2	13	33	14
33	1	16	18	3	14	
4	32	12	58
12	15	56	7	6	58	
1	60	95	150
95	18	150	
1	135	121	17
121	9	8	17	
1	122	96	162
96	6	21	13	46	42	162	
1	13	21	67
21	6	17	38	2	67	
1	147	87	178
87	15	50	19	92	34	178	
3	22	50	145
50	19	145	
2	157	85	46
85	2	24	3	18	16	19	46	
2	17	138	92
138	2	92	
2	182	186	125
186	20	19	36	1	82	10	125	
4	191	150	88
150	18	16	19	20	88	
3	92	181	182
181	6	7	64	14	3	24	2	182	
1	108	192	54
192	7	56	15	54	
1	69	127	102
-1
1	88	48	74
48	8	74	
4	65	12	160
12	15	56	160	
4	161	111	9
111	171	12	3	55	9	
4	158	132	45
132	12	15	56	7	11	45	
3	50	88	134
88	20	19	134	
4	126	56	119
56	7	6	58	5	119	
3	13	189	68
189	2	92	19	68	
3	147	179	200
-1
2	152	70	192
-1
4	5	129	70
129	12	15	50	19	70	
2	78	198	69
198	73	83	19	36	1	69	
2	190	85	80
-1
4	150	101	190
101	2	24	3	55	9	190	
3	195	61	74
61	3	55	8	74	
2	128	19	113
19	46	17	8	113	
2	47	20	121
20	19	16	9	121	
3	66	97	109
97	8	17	41	109	
3	18	61	40
61	3	12	40	
3	9	7	61
7	64	14	3	61	
4	30	111	190
111	171	12	66	9	190	
1	98	115	139
-1
3	129	193	175
193	12	15	56	7	175	
4	119	182	75
182	2	24	3	18	16	19	75	
2	144	131	87
-1
1	56	77	57
77	17	6	7	64	14	57	
2	128	5	28
5	36	19	20	4	28	
3	37	3	76
3	12	76	
2	28	20	137
20	19	92	2	137	
4	88	37	95
37	15	56	7	95	
1	77	45	5
45	4	20	19	36	5	
4	167	74	120
74	8	55	3	24	2	120	
2	141	123	64
-1
1	167	52	197
-1
2	6	122	79
122	17	79	
2	62	65	156
65	3	78	4	156	
4	42	72	112
72	8	17	112	
4	117	200	114
200	9	16	1	82	10	114	
1	5	188	133
188	17	71	15	133	
4	100	15	122
15	71	17	122	
4	56	102	166
102	4	20	19	165	31	32	166	
2	127	131	192
-1
3	190	97	66
97	8	66	
1	138	38	117
-1
3	17	4	190
4	20	19	16	9	190	
3	124	9	6
9	13	21	6	
4	187	23	78
23	17	71	15	12	78	
3	52	16	29
16	9	29	
