1	57	43	3
43	10	73	92	3	
3	68	116	122
116	4	15	14	122	
3	33	38	31
38	3	31	
3	53	147	119
147	3	55	19	66	11	119	
2	146	186	172
186	9	27	7	40	6	94	23	2	172	
3	71	91	168
91	19	28	9	168	
2	107	42	128
-1
2	77	87	144
-1
2	80	46	77
46	91	77	
2	73	107	86
107	6	40	100	2	86	
1	75	78	128
78	20	29	13	70	9	128	
2	148	87	195
-1
2	178	154	33
154	14	15	62	18	20	33	
4	48	138	131
138	12	96	8	37	131	
1	171	190	116
190	17	10	15	4	116	
4	139	88	6
88	18	97	6	
2	18	110	199
110	2	100	11	66	12	199	
2	113	16	85
16	91	46	10	85	
1	141	92	82
-1
4	27	123	141
123	24	67	7	13	141	
3	106	147	18
147	3	55	13	60	18	
2	101	22	56
22	9	70	13	15	56	
3	85	169	10
169	63	9	70	13	15	10	
4	15	100	99
100	40	7	67	16	99	
2	82	146	89
146	16	17	89	
4	39	117	128
117	16	67	7	27	9	128	
2	189	7	37
-1
1	25	176	4
176	3	92	73	4	
4	58	88	47
88	18	17	16	47	
3	198	29	170
29	20	90	16	170	
3	168	55	68
55	13	7	68	
4	23	112	89
112	46	91	19	89	
1	184	12	10
12	66	19	91	46	10	
3	83	48	108
48	18	20	108	
4	123	14	5
14	50	11	66	12	5	
2	2	95	121
95	17	121	
3	38	85	79
85	13	15	4	79	
2	193	73	54
73	4	15	14	98	54	
3	39	97	142
97	18	20	40	100	2	142	
3	160	155	122
155	17	10	15	14	122	
3	28	152	128
152	20	40	7	27	9	128	
1	68	71	39
71	6	97	18	48	39	
1	29	94	3
94	6	71	73	92	3	
3	136	29	50
29	20	18	62	15	14	50	
2	93	111	16
-1
2	165	185	110
-1
2	44	186	147
186	9	63	3	147	
4	49	175	19
175	3	55	19	
3	142	167	116
-1
1	63	158	22
158	8	63	9	22	
1	142	69	125
69	3	55	19	66	12	125	
4	181	96	196
96	67	7	68	1	196	
3	183	116	41
116	4	73	71	19	41	
1	184	144	69
-1
3	199	32	132
32	26	8	28	9	27	7	132	
4	61	124	68
-1
1	7	40	54
40	20	18	17	57	54	
1	25	83	28
83	3	55	19	28	
3	92	132	147
132	7	13	55	3	147	
4	65	25	104
25	21	94	6	104	
4	190	88	124
-1
3	137	29	172
29	23	2	172	
3	177	161	87
161	15	4	79	16	87	
2	197	143	182
-1
1	80	79	165
79	4	15	60	18	97	6	165	
2	148	77	40
77	88	18	97	6	40	
2	153	137	80
-1
2	132	95	162
-1
4	78	120	45
120	36	35	11	66	19	45	
1	133	163	70
163	18	20	29	13	70	
3	57	28	109
28	19	71	6	109	
3	28	169	89
169	63	8	17	89	
4	66	105	50
105	6	97	18	60	15	14	50	
1	47	33	144
33	20	18	60	13	55	3	144	
3	12	181	174
181	13	7	40	100	2	174	
2	51	61	51
61	4	51	
3	130	160	139
-1
4	44	112	34
112	46	91	16	67	7	34	
3	40	195	105
195	5	53	64	93	7	40	6	105	
4	61	25	19
25	13	41	19	
3	169	157	198
157	89	17	8	28	19	55	3	198	
2	10	165	166
165	6	166	
1	59	144	70
-1
3	154	161	102
161	15	4	79	16	102	
3	128	160	35
-1
4	130	123	47
123	24	19	47	
1	20	125	6
125	12	42	6	
3	5	55	69
55	3	69	
4	61	50	63
50	14	15	60	18	20	29	8	63	
1	80	41	87
41	19	91	16	87	
4	77	102	196
102	16	17	18	60	75	1	196	
4	43	70	112
70	13	41	19	91	46	112	
2	64	31	8
31	3	63	8	
1	118	41	168
41	13	70	9	168	
3	152	195	79
-1
1	198	74	1
-1
4	3	3	126
3	31	12	126	
2	23	174	132
174	2	100	40	7	132	
4	37	179	181
179	6	40	7	13	181	
3	124	39	21
39	32	21	
