4	108	150	82
-1
4	118	95	23
95	20	23	
4	118	117	116
-1
2	18	82	194
82	14	4	194	
1	6	48	169
48	6	34	11	169	
2	148	27	156
27	29	18	12	156	
3	33	165	192
165	13	34	20	95	42	192	
1	62	85	57
85	3	18	12	57	
1	46	79	172
79	10	70	7	29	18	172	
4	195	143	46
-1
2	28	66	196
66	81	16	11	15	93	28	32	196	
4	3	173	90
173	77	15	19	90	
3	118	90	6
90	1	48	6	
3	111	160	87
160	8	78	15	91	17	87	
4	31	129	86
129	1	67	15	93	28	86	
4	187	86	65
-1
3	178	186	181
186	2	5	181	
3	186	18	65
18	37	19	65	
1	110	31	143
31	6	48	1	44	143	
1	155	76	38
76	33	23	20	2	38	
2	102	23	103
23	14	82	68	12	103	
2	192	50	27
50	6	34	11	16	29	27	
1	149	52	68
52	93	15	78	5	68	
3	187	121	27
121	19	15	11	16	29	27	
4	72	184	108
184	1	67	15	108	
1	88	14	193
14	23	10	193	
3	68	152	130
152	12	30	15	130	
3	133	81	147
-1
4	27	67	178
67	15	11	34	20	9	47	178	
4	64	128	5
128	1	4	5	
2	118	82	27
82	100	16	29	27	
2	144	136	29
136	10	20	34	11	16	29	
1	12	79	32
79	10	20	34	11	15	93	28	32	
2	190	27	105
27	29	16	11	5	4	105	
2	97	13	88
13	68	5	88	
2	42	36	53
36	19	15	11	14	53	
1	171	76	5
76	33	23	20	2	5	
4	118	143	85
143	44	1	57	12	18	3	85	
4	47	75	103
75	5	68	12	103	
3	51	54	30
54	65	19	15	30	
4	30	117	64
117	1	90	6	64	
1	58	187	199
187	14	23	10	199	
1	89	130	77
130	15	77	
1	193	141	55
141	4	14	55	
2	32	131	19
131	3	76	15	19	
2	85	179	6
179	13	34	6	
1	41	20	81
20	34	11	16	81	
4	77	143	24
143	44	1	57	12	24	
3	132	60	50
60	17	20	34	6	50	
2	161	58	103
58	8	78	5	68	12	103	
3	176	60	172
60	1	57	12	18	172	
1	174	89	158
89	9	49	11	34	20	23	14	158	
2	2	146	39
146	10	20	95	62	39	
1	56	187	132
187	14	82	68	13	132	
2	74	131	14
131	3	18	12	68	82	14	
1	80	163	192
163	1	60	17	20	95	42	192	
3	160	199	164
199	10	9	164	
2	183	191	106
-1
4	185	67	117
-1
1	87	198	174
198	14	55	1	174	
1	10	111	185
111	1	55	14	65	54	185	
4	119	86	74
-1
2	158	12	171
12	68	5	2	20	23	10	171	
2	89	13	109
13	109	
2	102	69	40
69	76	15	40	
4	45	94	154
94	1	57	12	18	154	
4	160	125	152
-1
1	65	85	94
85	3	76	15	67	1	94	
4	133	19	160
19	15	78	8	160	
2	58	3	110
3	18	29	7	110	
1	43	42	20
42	95	20	
2	116	3	57
3	18	12	57	
4	38	122	68
122	54	65	14	82	68	
1	147	31	33
31	6	34	20	23	33	
2	186	119	53
-1
3	91	172	146
-1
1	42	168	71
168	72	71	
4	87	128	107
128	1	4	5	107	
2	46	144	77
144	9	20	34	11	14	77	
2	107	77	80
77	15	91	13	80	
4	78	86	73
86	45	64	6	34	20	73	
4	87	128	75
128	1	4	5	75	
1	154	195	148
195	15	91	17	148	
3	138	33	178
33	23	20	9	47	178	
2	190	131	48
131	3	75	5	48	
2	88	116	171
-1
1	110	6	139
6	34	20	139	
3	16	199	18
199	10	70	7	29	18	
1	92	85	113
85	3	75	5	113	
2	123	82	141
82	14	4	141	
1	147	141	27
141	4	5	68	12	18	29	27	
3	22	18	106
18	12	57	2	106	
3	169	56	101
-1
1	99	10	85
10	70	33	76	3	85	
1	146	99	15
99	4	1	67	15	
1	117	89	82
89	9	20	23	14	82	
4	7	128	39
128	1	57	12	62	39	
3	176	37	189
-1
2	88	4	25
4	5	25	
2	29	47	58
47	9	20	2	5	58	
