2	17	60	121
60	27	20	16	14	121	
2	162	135	96
-1
2	67	122	21
122	4	25	7	56	21	
2	178	13	87
13	29	15	20	16	2	87	
2	145	147	50
147	100	19	18	41	17	50	
1	46	22	85
22	7	75	18	85	
3	92	157	138
157	8	71	7	75	18	41	17	138	
2	125	17	186
-1
2	88	182	150
182	6	14	51	4	150	
3	182	191	181
-1
4	54	92	192
92	11	192	
4	102	108	127
-1
2	74	69	48
69	19	40	7	48	
1	160	88	12
88	7	56	12	
1	9	65	111
65	7	25	2	111	
2	45	161	132
161	6	54	5	132	
1	134	158	88
-1
1	119	50	56
50	17	41	18	75	7	56	
2	68	126	189
-1
2	200	13	179
13	77	18	45	14	179	
2	192	147	70
147	100	19	18	45	14	51	9	70	
1	70	152	129
152	13	20	51	4	129	
1	69	5	198
5	7	22	1	198	
3	80	78	85
78	19	18	85	
3	190	190	101
190	15	20	16	14	51	9	101	
2	74	150	61
150	4	51	14	62	50	61	
2	113	195	19
195	7	75	18	19	
3	121	128	20
-1
3	109	47	97
-1
4	40	66	61
66	7	40	19	50	61	
2	61	18	7
18	75	7	
3	190	9	111
-1
1	139	30	115
-1
4	175	98	193
98	11	39	14	193	
1	75	129	182
129	4	51	14	6	182	
4	87	119	131
119	20	16	14	131	
3	57	144	77
144	1	22	7	75	18	77	
4	28	56	5
56	7	5	
3	76	128	3
-1
1	137	37	20
37	14	16	20	
3	95	28	37
28	17	41	18	33	6	14	37	
1	5	88	45
88	7	75	14	45	
4	120	77	74
77	13	74	
1	64	167	123
167	18	19	23	9	123	
4	197	141	52
141	7	5	55	52	
1	79	167	122
167	18	77	4	122	
3	156	6	65
6	38	7	65	
3	112	62	72
-1
2	114	42	200
42	20	78	19	18	200	
1	133	117	188
117	20	16	14	6	38	8	188	
1	122	5	15
5	55	19	78	20	15	
4	166	100	102
100	19	78	20	51	4	102	
4	192	56	131
56	21	86	14	131	
2	66	127	97
127	19	18	75	7	71	11	92	10	97	
3	117	190	38
190	15	20	16	14	6	38	
3	190	138	4
138	17	39	14	51	4	
2	6	17	9
17	47	9	
3	78	124	23
124	18	19	23	
2	29	187	16
187	20	16	
1	16	52	84
52	75	14	16	2	49	44	84	
4	30	184	89
184	8	35	18	89	
2	83	57	140
57	7	75	18	41	17	140	
3	13	23	195
23	19	40	7	195	
4	110	166	122
-1
3	147	183	63
183	20	78	19	73	63	
1	102	52	1
52	75	7	22	1	
2	63	41	169
41	18	19	78	20	42	169	
3	37	47	44
47	17	41	16	2	49	44	
1	4	76	30
76	17	31	30	
2	87	104	81
-1
4	127	119	16
119	20	16	
4	66	100	73
100	19	73	
2	61	182	47
182	6	33	18	41	17	47	
2	182	195	164
195	7	25	4	77	13	164	
4	44	56	146
56	21	16	20	146	
1	196	154	197
154	4	25	2	197	
3	164	55	190
55	19	78	20	15	190	
2	159	69	36
69	19	36	
2	188	57	111
-1
2	68	60	166
60	27	20	13	3	166	
2	84	147	84
147	100	19	78	20	16	2	49	44	84	
2	108	73	135
73	19	33	6	14	135	
2	154	139	116
-1
3	117	151	110
151	14	75	18	41	17	110	
4	62	84	165
84	44	49	2	16	13	3	165	
1	11	79	70
79	20	51	9	70	
1	200	75	125
75	14	6	53	2	125	
3	35	190	145
190	15	20	13	145	
1	97	149	2
149	19	78	20	16	2	
2	62	136	61
-1
3	97	156	159
156	7	22	1	159	
3	31	191	32
191	10	92	11	71	7	66	32	
4	98	98	122
98	12	56	7	25	4	122	
3	160	51	24
51	9	70	1	24	
4	76	119	107
119	20	51	9	107	
1	146	132	185
132	5	55	19	78	20	15	29	13	3	185	
2	70	142	11
142	8	71	11	
4	166	141	1
141	7	88	9	70	1	
2	167	127	101
127	19	18	45	14	51	9	101	
4	28	175	36
175	18	19	36	
