2	132	2	187
2	6	92	1	187	
1	14	56	131
56	8	93	17	131	
1	192	74	163
-1
1	164	80	199
80	17	67	19	199	
2	106	160	191
160	13	61	36	59	191	
2	117	183	67
183	13	27	100	18	88	19	67	
1	174	185	198
185	15	83	20	1	92	6	2	198	
1	185	87	111
87	18	33	20	1	92	6	77	21	14	111	
1	74	10	86
10	26	1	20	18	86	
2	171	119	12
119	7	2	6	92	1	12	
3	109	158	13
158	1	20	33	18	27	13	
1	40	89	69
89	3	93	17	69	
4	154	102	94
102	1	20	33	18	94	
1	152	45	125
-1
2	94	160	85
160	13	94	18	66	16	85	
1	160	65	19
65	2	6	60	11	78	19	
4	110	133	3
133	12	1	30	13	71	3	
3	20	58	42
58	73	20	42	
1	57	43	3
43	44	20	18	87	3	
2	68	116	122
116	6	92	9	122	
3	33	38	31
38	14	20	1	92	6	2	4	31	
4	53	147	119
147	16	14	20	1	92	6	2	7	119	
3	146	186	172
186	10	26	1	20	46	5	172	
3	71	91	168
91	19	12	168	
1	107	42	128
42	20	73	128	
1	77	87	144
87	18	144	
1	80	46	77
46	20	18	19	77	
4	73	107	86
107	5	27	18	86	
1	75	78	128
78	19	18	20	73	128	
1	148	87	195
87	5	195	
4	178	154	33
154	4	2	6	92	1	20	33	
1	48	138	131
138	12	19	67	17	131	
3	171	190	116
-1
1	139	88	6
88	18	33	20	1	92	6	
3	18	110	199
110	4	2	6	92	1	20	18	19	199	
2	113	16	85
16	85	
1	141	92	82
92	5	82	
2	27	123	141
-1
4	106	147	18
147	16	66	18	
3	101	22	56
22	20	1	92	6	2	7	45	56	
3	85	169	10
169	10	
3	15	100	99
100	68	16	99	
2	82	146	89
146	9	46	5	27	13	71	3	89	
2	39	117	128
117	17	67	19	18	20	73	128	
2	189	7	37
7	2	6	60	37	
3	25	176	4
176	4	
1	58	88	47
88	18	20	1	92	6	47	
1	198	29	170
-1
2	168	55	68
55	16	68	
1	23	112	89
112	96	91	19	18	87	3	89	
4	184	12	10
12	26	10	
3	83	48	108
48	4	2	6	92	9	108	
1	123	14	5
14	16	81	5	
3	2	95	121
95	18	20	1	92	6	2	4	121	
3	38	85	79
85	16	14	20	18	27	13	79	
2	193	73	54
73	20	54	
4	39	97	142
97	7	45	56	8	142	
2	160	155	122
155	3	71	13	27	5	46	9	122	
2	28	152	128
152	6	92	1	20	73	128	
4	68	71	39
71	13	27	18	20	39	
3	29	94	3
94	18	87	3	
1	136	29	50
-1
4	93	111	16
111	14	16	
1	165	185	110
-1
3	44	186	147
186	10	26	1	20	14	16	147	
3	49	175	19
175	17	67	19	
1	142	167	116
-1
3	63	158	22
158	1	20	22	
4	142	69	125
-1
2	181	96	196
96	91	19	88	18	94	13	196	
2	183	116	41
116	6	77	17	41	
3	184	144	69
144	18	33	20	1	12	69	
3	199	32	132
-1
1	61	124	68
124	18	20	14	16	68	
2	7	40	54
40	5	46	20	54	
1	25	83	28
83	20	18	100	28	
4	92	132	147
132	17	85	16	147	
2	65	25	104
25	192	20	14	104	
1	190	88	124
88	18	124	
1	137	29	172
-1
3	177	161	87
-1
2	197	143	182
-1
4	80	79	165
-1
1	148	77	40
77	6	40	
3	153	137	80
137	6	77	17	80	
3	132	95	162
95	18	94	13	162	
2	78	120	45
-1
2	133	163	70
-1
4	57	28	109
28	100	18	19	67	17	109	
3	28	169	89
169	10	26	1	20	18	87	3	89	
4	66	105	50
105	19	18	20	50	
3	47	33	144
33	18	144	
4	12	181	174
181	96	91	19	78	55	76	174	
1	51	61	51
61	13	51	
2	130	160	139
160	13	27	5	97	7	2	139	
1	44	112	34
112	96	91	19	18	20	1	30	34	
2	40	195	105
195	5	27	18	19	105	
2	61	25	19
25	192	20	18	19	
3	169	157	198
-1
1	10	165	166
165	6	60	11	166	
