2	163	98	55
98	1	7	63	3	55	
1	103	95	11
95	2	27	7	14	15	56	11	
1	41	108	33
108	1	7	27	2	33	
4	172	102	137
102	13	50	6	18	8	137	
2	90	50	5
50	7	27	2	5	
3	140	90	47
90	12	15	34	4	47	
1	51	85	133
85	6	18	11	12	133	
2	187	73	44
73	13	50	7	44	
2	193	69	120
-1
4	58	19	77
19	6	18	11	12	77	
1	64	104	76
-1
4	126	66	20
66	15	12	20	
2	110	20	128
20	12	1	7	128	
2	196	110	131
-1
4	101	133	82
-1
2	47	73	21
73	13	21	
2	30	14	7
14	7	
3	25	65	79
65	5	2	27	7	50	6	79	
3	145	101	49
101	10	29	49	
1	173	95	119
-1
4	48	55	73
55	5	37	13	73	
2	20	68	40
68	6	40	
1	49	144	60
-1
4	129	55	71
55	3	18	8	71	
2	60	51	106
51	23	15	34	9	106	
2	32	51	80
51	23	15	14	80	
3	189	149	93
149	13	50	6	18	8	93	
3	169	28	7
28	50	7	
4	170	55	9
55	3	4	34	9	
3	188	149	104
149	13	20	12	58	2	104	
4	12	71	8
71	8	
1	4	120	127
120	9	34	8	18	6	127	
3	65	91	22
91	12	15	14	22	
2	187	39	77
39	14	15	12	77	
1	142	117	127
117	14	16	6	127	
3	123	28	79
28	50	6	79	
2	166	110	77
-1
3	24	100	105
100	12	11	18	6	105	
1	133	18	9
18	8	34	9	
1	188	89	59
-1
4	95	77	31
77	12	11	31	
3	173	90	52
90	12	15	14	52	
1	45	144	143
-1
2	123	7	31
7	27	2	5	31	
1	99	144	50
-1
3	177	137	129
-1
2	3	60	88
60	15	56	11	88	
1	159	127	89
127	6	18	11	89	
2	69	50	9
50	7	14	15	34	9	
1	29	132	97
132	8	18	3	97	
1	59	121	75
121	5	2	43	24	75	
3	63	65	15
65	5	2	27	7	14	15	
3	155	90	7
90	12	1	7	
1	135	136	66
136	15	66	
1	36	108	111
108	1	111	
1	165	108	97
-1
3	104	134	6
134	43	2	27	7	50	6	
3	43	138	34
138	5	2	27	7	14	15	34	
3	101	149	84
149	13	20	10	84	
2	47	69	117
69	5	2	27	7	14	117	
3	22	100	88
100	12	11	88	
2	188	10	54
-1
4	44	122	143
122	3	18	11	143	
3	111	76	128
-1
2	71	113	137
113	8	137	
1	18	48	94
48	1	7	14	15	34	9	21	94	
4	25	112	129
112	5	129	
2	59	68	117
68	6	16	14	117	
2	94	60	17
60	15	14	7	27	2	17	
2	110	60	137
60	15	34	8	137	
4	47	58	86
58	2	27	7	1	48	86	
1	103	131	96
131	8	18	6	50	28	96	
2	97	68	67
68	8	34	15	67	
1	75	64	143
64	14	15	56	11	143	
2	61	124	7
124	7	
4	107	145	54
145	1	7	14	15	34	4	54	
2	35	14	68
14	7	50	6	68	
3	153	90	135
90	12	20	13	135	
2	19	50	44
50	7	44	
1	6	93	5
93	8	34	15	14	7	27	2	5	
4	93	5	114
-1
3	188	3	95
3	18	8	58	2	95	
4	57	55	12
55	5	2	27	7	1	12	
1	149	2	127
2	27	7	50	6	127	
3	55	128	101
128	7	10	101	
3	10	90	147
90	12	11	18	3	147	
1	27	146	62
146	6	16	14	62	
2	113	31	53
31	11	56	15	14	53	
2	158	83	103
-1
1	62	54	97
54	4	3	97	
4	128	11	101
11	20	10	101	
1	72	53	104
53	14	7	27	2	104	
4	185	41	8
41	56	15	34	8	
3	112	49	61
49	29	14	52	13	61	
3	114	49	38
49	29	38	
4	62	55	128
55	5	2	27	7	128	
4	125	114	25
-1
3	127	143	55
143	11	18	3	55	
4	79	5	40
5	2	27	7	14	64	40	
1	26	15	93
15	34	8	93	
