2	143	25	125
25	6	13	10	125	
3	55	55	27
55	6	19	27	
4	165	40	129
40	2	129	
3	178	93	76
-1
1	105	103	78
103	3	78	
1	176	5	31
5	21	15	14	31	
3	161	97	91
97	3	14	11	9	16	75	1	91	
1	24	145	1
145	47	5	2	75	1	
3	89	43	91
43	8	41	10	1	91	
3	150	97	120
97	3	21	5	2	40	120	
1	26	113	144
113	14	11	40	2	144	
2	152	105	49
105	6	19	3	7	49	
1	183	11	88
11	72	7	88	
2	160	25	30
25	14	3	7	59	30	
1	187	53	34
53	30	59	8	9	71	34	
2	168	57	38
57	5	60	9	8	38	
4	10	35	37
35	15	37	
2	110	147	31
-1
4	52	70	126
70	8	9	126	
1	71	8	124
-1
4	165	9	86
-1
2	165	134	40
-1
4	104	37	103
37	15	14	3	103	
2	33	69	127
69	68	48	46	2	127	
2	168	78	81
78	3	7	81	
3	105	67	138
67	58	5	138	
4	93	34	22
34	15	14	31	22	
1	76	45	18
45	14	18	
2	1	56	139
56	15	139	
1	174	8	48
8	9	60	5	2	46	48	
2	160	78	108
78	29	5	2	108	
1	51	44	143
44	11	6	28	2	143	
3	103	58	29
58	5	29	
3	32	61	98
61	15	14	45	98	
1	62	145	77
145	47	6	11	4	77	
2	99	112	143
112	5	2	143	
2	22	19	78
19	3	78	
1	191	111	122
-1
2	181	38	80
-1
2	80	38	87
38	15	87	
3	37	64	14
64	17	68	48	45	14	
2	29	25	110
25	14	11	40	2	75	1	110	
2	160	25	17
25	6	28	2	46	48	68	17	
4	59	30	78
30	36	14	3	78	
1	85	11	72
11	72	
1	130	124	86
-1
1	159	75	104
-1
3	183	46	116
-1
1	62	139	4
139	15	56	4	
2	48	69	93
69	68	48	46	2	75	1	93	
3	163	1	6
-1
2	172	137	82
-1
4	39	18	9
18	14	36	9	
2	18	77	38
77	4	56	15	38	
1	141	135	100
135	3	14	11	100	
3	128	21	73
21	15	14	25	6	73	
3	83	102	147
-1
1	99	111	95
-1
2	154	143	83
143	2	5	21	3	7	83	
1	48	104	53
-1
1	156	53	105
53	30	59	8	27	19	6	105	
1	187	15	92
-1
1	145	139	11
139	15	14	11	
3	84	129	139
129	2	5	21	15	139	
3	35	46	123
46	2	75	1	123	
1	108	138	45
138	5	21	15	14	45	
1	56	16	147
16	75	2	5	147	
1	150	48	107
48	46	2	5	107	
3	84	98	1
98	45	14	15	21	5	2	75	1	
1	39	53	104
53	49	7	72	11	6	104	
2	93	101	6
-1
2	36	56	72
56	11	72	
2	96	92	112
-1
1	184	39	90
-1
3	158	74	37
-1
4	103	59	77
59	7	50	4	77	
2	51	116	92
116	1	10	41	8	92	
1	9	71	41
71	9	8	41	
4	159	23	139
-1
3	162	108	41
108	2	5	60	9	8	41	
1	169	96	141
-1
2	142	91	98
-1
2	54	26	92
26	9	8	92	
3	45	24	130
24	14	11	130	
4	134	9	53
9	36	30	53	
1	60	117	111
117	4	50	7	52	75	1	111	
3	151	21	128
21	15	34	128	
2	41	123	101
123	1	75	52	7	3	101	
4	181	31	25
31	14	25	
4	172	89	132
89	8	27	19	4	132	
1	164	100	130
100	11	130	
1	162	71	70
71	9	8	70	
3	55	13	147
13	6	47	5	147	
2	84	68	20
68	48	46	2	5	21	15	14	20	
2	188	63	29
63	6	19	3	78	29	
3	51	146	47
146	3	11	6	47	
1	130	5	67
5	58	67	
3	130	7	39
7	3	19	6	39	
2	56	147	69
-1
3	88	80	59
80	5	21	3	7	59	
