2	118	129	25
129	6	28	13	25	
1	160	117	59
117	16	6	11	20	14	59	
3	60	17	44
17	3	64	56	44	
2	58	137	10
137	3	2	18	27	1	10	
2	31	86	97
86	5	2	18	27	1	97	
2	18	96	53
96	54	27	1	15	53	
1	14	67	97
67	5	2	18	27	1	97	
1	124	143	75
143	1	15	46	14	75	
4	195	7	61
-1
4	164	54	57
-1
4	140	68	35
68	26	9	20	14	48	34	35	
4	150	135	53
135	9	20	14	46	15	53	
2	43	44	69
44	56	64	14	20	11	69	
2	105	5	56
5	75	14	64	56	
3	103	114	43
114	54	72	56	44	43	
1	5	95	138
95	13	46	15	1	10	138	
1	102	12	107
-1
4	128	127	99
127	3	2	18	27	1	99	
1	140	101	105
-1
3	46	147	60
147	7	5	75	14	60	
3	81	62	127
62	53	15	46	14	60	3	127	
3	33	53	13
53	15	46	13	
3	4	103	108
103	13	46	15	1	10	108	
3	161	97	112
-1
1	53	101	128
101	1	15	46	14	20	11	8	128	
3	41	104	72
104	3	64	56	72	
3	49	8	135
8	11	20	9	135	
1	149	61	112
-1
3	155	38	114
38	11	20	14	46	15	1	27	54	114	
2	164	128	12
128	8	11	20	14	46	15	1	27	18	2	5	12	
4	143	25	125
25	13	4	125	
1	55	55	27
55	3	2	18	27	
1	165	40	129
40	4	18	27	1	15	46	14	20	11	6	129	
3	178	93	76
-1
3	105	103	78
-1
2	176	5	31
-1
3	161	97	91
-1
1	24	145	1
145	7	10	1	
1	89	43	91
-1
3	150	97	120
97	1	10	120	
3	26	113	144
113	46	14	20	11	8	144	
1	152	105	49
-1
1	183	11	88
-1
4	160	25	30
-1
3	187	53	34
53	15	48	34	
3	168	57	38
-1
4	10	35	37
35	34	48	14	37	
3	110	147	31
147	7	31	
1	52	70	126
70	4	15	46	14	126	
3	71	8	124
8	11	20	14	46	15	1	27	18	2	124	
4	165	9	86
9	4	18	2	5	86	
1	165	134	40
134	6	11	20	14	46	15	1	27	18	4	40	
1	104	37	103
37	14	46	13	103	
3	33	69	127
69	11	20	14	60	3	127	
3	168	78	81
78	62	53	15	1	27	18	4	81	
1	105	67	138
67	5	7	10	138	
1	93	34	22
34	48	15	22	
3	76	45	18
45	6	11	20	14	46	15	1	27	18	
3	1	56	139
56	64	14	46	15	4	139	
3	174	8	48
8	11	20	14	48	
3	160	78	108
-1
2	51	44	143
44	56	64	14	46	15	1	143	
2	103	58	29
58	6	11	20	14	46	15	29	
1	32	61	98
61	4	18	2	3	98	
1	62	145	77
145	7	10	11	77	
1	99	112	143
112	6	11	20	14	46	15	1	143	
3	22	19	78
19	29	15	53	62	78	
2	191	111	122
111	2	18	27	1	15	46	14	20	11	6	122	
3	181	38	80
38	11	20	14	46	15	80	
3	80	38	87
38	11	87	
2	37	64	14
64	14	
4	29	25	110
25	13	4	18	2	110	
4	160	25	17
-1
4	59	30	78
30	14	20	11	62	78	
1	85	11	72
11	63	72	
3	130	124	86
-1
3	159	75	104
-1
1	183	46	116
-1
1	62	139	4
139	4	
3	48	69	93
69	11	20	14	48	34	93	
1	163	1	6
1	15	46	14	20	11	6	
2	172	137	82
-1
4	39	18	9
18	4	9	
1	18	77	38
77	11	38	
4	141	135	100
135	9	100	
2	128	21	73
21	6	11	73	
1	83	102	147
102	7	147	
2	99	111	95
-1
1	154	143	83
143	1	15	83	
3	48	104	53
104	3	60	14	46	15	53	
3	156	53	105
-1
1	187	15	92
15	1	10	92	
1	145	139	11
-1
2	84	129	139
-1
1	35	46	123
46	15	4	123	
2	108	138	45
138	10	11	6	45	
3	56	16	147
16	6	11	10	7	147	
1	150	48	107
-1
1	84	98	1
98	3	2	18	27	1	
3	39	53	104
53	15	46	14	60	3	104	
