1	29	59	11
59	14	4	11	
1	76	97	98
97	6	63	14	18	15	129	1	98	
3	157	95	75
95	2	8	75	
3	86	101	76
101	13	75	8	76	
1	72	104	20
104	4	40	9	20	
3	125	6	81
6	2	8	81	
2	168	70	47
70	4	14	47	
3	131	145	4
-1
2	187	80	97
-1
2	46	71	95
71	15	52	49	2	95	
1	109	59	3
59	14	17	3	
3	6	87	99
87	13	18	15	52	12	99	
3	131	14	95
14	37	7	2	95	
4	8	22	98
22	15	129	1	98	
1	79	9	51
9	47	14	51	
2	159	80	108
80	5	31	12	9	108	
1	8	104	80
104	4	14	47	12	31	5	80	
3	11	73	126
73	5	31	12	47	14	4	126	
2	109	3	55
3	9	1	55	
3	103	91	27
91	1	9	27	
1	107	37	86
-1
1	5	97	74
97	6	63	14	18	15	21	74	
4	102	52	88
52	15	18	14	88	
1	49	134	11
134	2	7	11	
3	1	43	20
43	12	9	20	
3	109	122	1
122	8	2	7	11	9	1	
1	88	32	7
32	15	18	14	37	7	
3	63	139	79
139	8	2	7	37	14	79	
4	119	2	134
2	134	
1	146	110	74
110	12	64	10	74	
1	183	65	12
65	10	64	12	
3	58	73	108
73	5	31	12	9	108	
4	95	30	62
30	15	62	
2	58	81	45
81	8	44	15	45	
2	127	79	88
79	14	88	
1	29	29	111
29	10	17	14	63	6	111	
3	185	87	142
-1
2	66	126	33
126	4	11	7	2	33	
2	49	140	34
140	4	40	9	34	
1	24	59	45
59	15	45	
2	86	56	11
56	48	15	18	14	4	11	
2	45	40	84
40	4	11	7	2	84	
1	156	97	113
97	6	2	3	113	
4	101	144	43
144	14	43	
3	190	51	121
-1
1	150	29	51
29	10	17	14	51	
4	43	7	138
7	2	8	138	
1	125	142	15
142	11	4	14	18	15	
1	110	9	5
9	12	31	5	
1	155	9	115
9	11	7	2	8	115	
4	17	82	20
82	2	7	11	9	20	
4	100	69	111
69	18	14	63	6	111	
3	64	14	57
14	18	15	46	57	
2	106	19	50
19	6	2	7	11	9	50	
2	178	121	2
-1
2	129	62	30
62	15	30	
4	18	113	37
113	3	2	7	37	
3	84	6	80
6	2	49	12	31	5	80	
2	38	80	140
80	5	31	12	47	14	4	140	
3	54	90	148
90	12	49	2	7	148	
1	125	46	131
46	15	52	12	9	131	
2	185	12	50
12	9	50	
2	44	62	115
62	15	44	8	115	
4	43	27	35
27	9	12	35	
4	97	133	58
133	8	2	49	52	15	58	
2	26	12	119
12	9	119	
3	164	92	82
-1
2	95	61	87
-1
1	36	45	68
45	15	129	1	9	68	
2	83	84	59
84	2	7	37	14	59	
4	116	88	104
88	14	4	104	
1	115	64	18
64	12	52	15	18	
1	181	99	131
99	12	9	131	
3	165	92	7
-1
3	24	36	139
36	4	11	7	2	8	139	
1	43	132	53
132	3	53	
1	26	10	46
10	71	15	46	
4	64	125	107
125	10	17	14	63	6	107	
1	81	72	53
72	5	31	12	9	53	
4	92	7	136
7	2	49	12	31	5	136	
3	145	90	125
90	12	64	10	125	
4	162	107	39
-1
2	42	121	39
121	27	9	11	7	2	39	
1	49	53	130
53	9	36	4	130	
2	39	19	67
19	6	2	67	
3	143	43	101
43	14	37	13	101	
1	89	35	110
35	12	110	
2	197	62	136
62	15	52	12	31	5	136	
2	199	25	57
-1
4	36	107	64
107	6	2	49	12	64	
2	163	98	55
98	1	55	
3	103	95	11
95	2	7	11	
2	41	108	33
108	9	11	7	2	33	
3	172	102	137
-1
2	90	50	5
50	9	12	31	5	
3	140	90	47
90	12	47	
2	51	85	133
85	7	2	8	133	
3	187	73	44
73	5	31	12	52	49	2	8	44	
4	193	69	120
-1
2	58	19	77
19	6	63	14	18	15	129	1	77	
