3	45	40	84
40	14	71	3	84	
3	156	97	113
-1
4	101	144	43
144	2	33	1	56	7	43	
1	190	51	121
-1
1	150	29	51
-1
4	43	7	138
7	54	5	138	
4	125	142	15
142	13	68	15	
1	110	9	5
9	4	27	5	
1	155	9	115
9	62	10	115	
1	17	82	20
82	6	53	14	40	20	
3	100	69	111
-1
2	64	14	57
14	68	15	35	57	
3	106	19	50
-1
1	178	121	2
121	16	7	74	2	
2	129	62	30
62	6	53	14	30	
2	18	113	37
113	10	18	37	
4	84	6	80
6	62	10	80	
1	38	80	140
80	10	62	11	2	21	140	
4	54	90	148
90	10	62	6	8	148	
4	125	46	131
46	12	2	131	
1	185	12	50
-1
2	44	62	115
62	10	115	
1	43	27	35
27	15	35	
2	97	133	58
-1
1	26	12	119
12	14	40	8	119	
2	164	92	82
92	15	27	6	82	
1	95	61	87
61	2	11	87	
2	36	45	68
45	6	27	15	68	
3	83	84	59
84	3	11	62	10	59	
2	116	88	104
88	8	6	27	4	104	
2	115	64	18
64	1	37	18	
2	181	99	131
99	2	131	
2	165	92	7
92	15	68	14	70	7	
1	24	36	139
36	7	139	
3	43	132	53
132	4	70	14	53	
4	26	10	46
10	73	15	12	46	
1	64	125	107
125	15	12	2	107	
1	81	72	53
72	12	14	53	
4	92	7	136
7	36	6	136	
4	145	90	125
90	10	28	14	68	15	125	
2	162	107	39
-1
1	42	121	39
121	16	7	39	
2	49	53	130
53	14	12	130	
3	39	19	67
19	14	67	
3	143	43	101
43	7	39	3	101	
4	89	35	110
35	15	68	5	110	
2	197	62	136
62	6	136	
2	199	25	57
-1
2	36	107	64
107	2	33	1	64	
1	163	98	55
-1
3	103	95	11
95	13	4	11	
4	41	108	33
108	5	54	7	56	1	33	
1	172	102	137
102	5	27	6	137	
3	90	50	5
-1
4	140	90	47
90	10	62	6	47	
3	51	85	133
85	1	133	
3	187	73	44
73	15	44	
3	193	69	120
69	15	27	6	120	
3	58	19	77
19	14	70	7	77	
2	64	104	76
104	4	70	7	54	10	76	
1	126	66	20
66	1	35	20	
1	110	20	128
20	40	14	12	2	128	
2	196	110	131
110	5	27	15	12	2	131	
2	101	133	82
-1
3	47	73	21
73	15	12	2	21	
2	30	14	7
14	70	7	
4	25	65	79
65	7	56	1	79	
3	145	101	49
101	3	12	15	49	
3	173	95	119
95	13	49	8	119	
1	48	55	73
55	12	15	73	
2	20	68	40
68	14	40	
4	49	144	60
144	2	33	1	60	
1	129	55	71
55	1	56	7	70	14	71	
1	60	51	106
51	14	30	24	106	
1	32	51	80
51	10	80	
1	189	149	93
-1
1	169	28	7
28	14	70	7	
1	170	55	9
55	13	12	9	
1	188	149	104
-1
4	12	71	8
71	14	40	8	
1	4	120	127
120	6	36	7	56	1	127	
2	65	91	22
91	2	11	4	22	
2	187	39	77
39	7	77	
1	142	117	127
117	1	127	
1	123	28	79
28	14	70	7	56	1	79	
2	166	110	77
110	5	54	7	77	
1	24	100	105
100	10	73	15	12	105	
1	133	18	9
18	40	14	12	9	
1	188	89	59
89	3	39	7	36	6	62	10	59	
2	95	77	31
77	7	70	14	40	18	31	
4	173	90	52
90	10	62	11	2	33	1	52	
4	45	144	143
144	2	33	1	56	7	58	143	
4	123	7	31
7	70	14	40	18	31	
4	99	144	50
-1
3	177	137	129
-1
4	3	60	88
60	1	56	7	70	14	40	8	88	
4	159	127	89
127	1	33	2	12	3	89	
3	69	50	9
-1
3	29	132	97
132	4	27	6	97	
1	59	121	75
121	16	7	70	4	75	
