4	157	85	46
85	14	16	20	11	46	
3	17	138	92
138	10	92	
4	182	186	125
186	4	54	14	16	9	125	
3	191	150	88
-1
3	92	181	182
-1
3	108	192	54
192	16	14	54	
2	69	127	102
127	1	45	3	10	18	27	7	40	6	102	
2	88	48	74
48	69	7	16	74	
2	65	12	160
12	61	20	160	
2	161	111	9
111	10	18	36	9	
2	158	132	45
132	13	75	20	11	46	3	45	
2	50	88	134
88	15	16	20	11	134	
1	126	56	119
56	4	54	14	16	9	119	
2	13	189	68
189	48	69	7	68	
1	147	179	200
-1
4	152	70	192
70	2	29	16	192	
3	5	129	70
129	7	27	14	52	2	70	
3	78	198	69
198	6	40	7	69	
4	190	85	80
85	14	16	20	80	
4	150	101	190
101	4	54	17	72	3	45	1	190	
1	195	61	74
61	20	16	74	
3	128	19	113
-1
3	47	20	121
20	59	121	
3	66	97	109
97	91	72	17	109	
1	18	61	40
61	20	16	7	40	
1	9	7	61
7	16	20	61	
2	30	111	190
111	10	18	27	14	54	4	56	1	190	
2	98	115	139
115	41	57	17	33	19	26	12	139	
2	129	193	175
193	3	46	11	20	16	175	
1	119	182	75
182	18	16	20	75	
1	144	131	87
-1
4	56	77	57
77	10	18	17	57	
3	128	5	28
5	54	14	16	28	
2	37	3	76
3	46	11	92	7	76	
3	28	20	137
20	16	7	40	6	137	
1	88	37	95
37	15	78	29	2	95	
2	77	45	5
45	3	10	82	5	
4	167	74	120
74	16	7	27	18	10	39	21	120	
3	141	123	64
123	16	18	64	
1	167	52	197
52	14	16	20	61	12	197	
2	6	122	79
122	49	19	23	20	79	
1	62	65	156
65	14	16	9	31	8	156	
3	42	72	112
72	91	19	4	56	1	112	
3	117	200	114
-1
3	5	188	133
188	7	133	
1	100	15	122
15	32	49	122	
1	56	102	166
102	6	40	7	16	9	31	8	166	
1	127	131	192
-1
3	190	97	66
-1
2	138	38	117
38	64	18	27	7	13	117	
3	17	4	190
4	56	1	190	
3	124	9	6
-1
2	187	23	78
23	2	29	78	
2	52	16	29
16	29	
1	184	84	16
84	55	11	20	16	
2	57	89	30
89	12	26	19	95	2	30	
3	23	140	83
140	17	27	14	83	
2	166	195	13
-1
2	183	122	110
-1
3	52	63	147
63	9	36	18	64	19	147	
1	41	1	102
1	45	3	10	18	27	7	40	6	102	
4	47	169	63
169	8	31	9	63	
2	76	44	37
44	10	78	15	37	
3	104	30	4
-1
4	119	81	87
81	10	18	16	87	
2	100	16	127
16	20	11	46	3	45	1	127	
1	182	73	66
-1
3	195	47	61
47	11	20	61	
4	56	164	182
164	13	7	27	18	182	
2	154	146	44
146	16	14	54	4	44	
4	55	197	196
197	12	61	9	13	196	
4	69	190	164
190	1	45	3	10	92	13	164	
3	57	36	159
36	18	27	7	40	6	159	
2	60	111	188
111	10	18	27	7	188	
2	147	166	68
-1
4	73	85	84
85	14	16	7	13	84	
2	139	135	108
135	4	59	108	
3	151	116	154
-1
1	84	110	117
110	2	28	13	117	
3	79	165	62
165	2	23	20	62	
4	75	70	11
70	2	23	20	11	
1	190	125	200
-1
3	149	145	35
145	2	29	16	7	35	
2	136	2	97
2	23	19	91	97	
1	156	61	62
61	20	62	
3	191	159	97
-1
3	98	32	31
32	15	16	9	31	
2	51	122	98
122	49	19	98	
1	119	24	160
24	13	75	20	160	
2	132	107	76
107	2	29	78	15	67	17	76	
2	142	185	146
185	14	16	146	
1	141	11	70
11	20	23	2	70	
1	127	1	166
1	45	3	10	18	36	9	31	8	166	
4	175	101	167
-1
3	188	36	28
36	9	16	28	
1	84	143	138
143	16	18	10	138	
3	66	133	169
133	7	16	9	31	8	169	
3	164	30	42
-1
3	123	32	65
32	15	16	14	65	
3	150	150	171
-1
