3	17	22	104
22	40	14	104	
3	197	154	139
-1
1	106	27	64
27	11	15	12	64	
4	158	53	4
53	8	14	4	
2	196	133	127
133	7	20	82	14	8	127	
4	121	37	59
37	82	14	4	87	1	59	
1	124	13	193
13	98	11	193	
4	139	163	165
-1
2	149	133	64
133	7	11	15	12	64	
2	183	166	108
166	67	20	3	108	
3	38	59	129
59	1	18	16	129	
2	176	28	34
28	36	20	82	14	34	
2	191	24	60
24	13	3	20	93	2	60	
1	147	129	112
129	16	18	17	112	
4	73	86	196
86	16	18	196	
1	83	33	32
33	96	20	7	32	
4	76	106	197
106	10	97	26	2	197	
1	40	29	159
29	14	34	44	17	159	
3	55	120	44
120	3	20	44	
1	162	68	161
-1
1	42	2	171
2	15	12	171	
2	76	39	198
-1
2	87	14	21
14	21	
3	199	157	102
157	14	38	5	102	
2	146	103	139
103	5	10	1	18	139	
1	130	175	124
175	1	87	4	2	124	
2	126	57	29
57	7	20	82	14	29	
2	36	132	9
132	28	60	2	4	46	9	
2	31	123	80
123	5	10	1	80	
2	191	178	147
178	34	44	20	93	2	62	16	147	
4	114	91	148
-1
2	111	133	138
133	7	11	138	
1	84	8	152
8	14	19	152	
3	137	94	108
-1
3	27	44	10
44	20	97	10	
1	150	190	136
-1
2	178	119	192
119	16	97	26	17	192	
2	139	196	124
196	18	16	62	2	124	
3	18	31	198
31	4	87	1	18	198	
2	117	14	175
14	4	87	1	175	
1	16	156	66
156	5	52	8	66	
3	154	69	150
69	6	13	3	20	82	37	150	
3	57	180	157
180	17	44	34	14	157	
2	116	15	2
15	2	
1	77	151	198
-1
3	12	177	139
177	6	2	62	16	18	139	
2	3	127	9
127	8	52	9	
2	78	56	4
56	8	14	4	
1	76	194	186
194	2	6	186	
4	2	12	199
12	15	2	199	
3	19	128	107
128	12	100	10	107	
1	168	143	175
-1
3	124	48	154
48	70	14	82	20	154	
2	78	104	168
104	14	99	11	168	
1	27	19	70
19	14	70	
4	165	95	47
95	3	20	7	71	17	47	
4	173	106	125
106	10	41	36	20	7	32	125	
1	128	61	180
61	1	18	17	180	
4	65	138	126
138	11	66	17	126	
4	16	165	137
165	9	71	7	20	79	137	
2	122	167	16
167	10	1	18	16	
4	96	185	110
-1
3	2	153	158
153	2	62	16	18	1	158	
2	121	28	61
28	36	20	3	61	
2	191	57	32
57	7	32	
4	189	83	126
-1
1	113	47	184
47	17	66	11	19	184	
3	92	171	44
171	12	15	11	7	20	44	
2	17	50	133
50	12	15	11	7	133	
1	105	67	98
67	20	7	11	98	
4	72	82	64
82	20	7	11	15	12	64	
1	182	155	200
155	9	89	13	6	200	
1	91	2	152
2	93	19	152	
3	103	3	132
-1
1	134	76	188
-1
2	12	66	71
66	11	7	71	
3	147	6	69
6	69	
1	190	118	192
118	8	14	82	20	7	57	17	192	
4	74	161	193
161	9	71	7	11	193	
2	171	130	59
130	12	58	1	59	
1	186	34	92
-1
1	138	58	198
-1
1	89	191	200
191	7	20	93	2	6	200	
4	172	81	154
81	33	96	20	154	
3	160	135	29
135	14	38	5	29	
3	182	21	46
21	14	4	46	
2	2	184	51
184	19	20	7	51	
2	193	130	120
130	12	75	3	120	
1	138	71	81
71	9	81	
2	148	144	10
144	2	26	97	10	
1	40	67	195
67	20	7	195	
1	189	5	4
5	38	14	4	
3	188	141	194
141	3	20	93	2	194	
2	142	182	26
182	5	10	97	26	
3	122	153	113
153	2	15	12	50	5	113	
1	168	64	133
64	12	15	11	7	133	
1	170	45	116
45	11	7	116	
1	90	47	45
47	17	66	11	45	
1	122	191	115
191	7	115	
3	131	128	10
128	12	100	10	
