1	24	187	73
187	2	12	91	73	
1	96	180	158
180	7	19	21	4	158	
3	183	22	105
22	16	18	54	6	34	9	105	
3	169	19	23
19	23	
1	90	153	200
153	16	12	200	
1	190	20	72
20	34	9	77	72	
3	28	19	116
19	7	6	116	
3	145	184	56
184	2	70	40	12	8	56	
3	135	150	139
150	16	26	19	139	
1	3	20	84
20	34	6	7	84	
1	75	105	70
105	9	70	
2	184	129	50
-1
1	40	24	23
24	8	7	6	23	
4	63	158	194
158	4	21	19	194	
1	14	126	146
126	12	2	146	
3	38	167	165
167	82	91	12	2	70	1	165	
3	153	157	135
157	2	70	9	34	6	135	
3	161	184	118
184	2	4	118	
3	51	81	68
81	17	21	4	2	68	
3	134	167	87
167	82	91	12	3	15	87	
4	4	169	192
169	16	192	
4	5	195	72
195	6	34	20	61	72	
2	179	179	47
-1
3	172	18	156
-1
4	69	80	34
80	20	34	
4	185	94	200
94	16	75	12	200	
4	120	83	156
83	13	20	34	6	156	
2	189	35	92
35	18	16	57	1	92	
4	8	195	172
195	6	34	9	172	
2	95	198	90
198	5	20	11	41	12	90	
2	38	131	59
131	17	18	5	59	
4	61	86	5
86	10	15	20	5	
4	59	90	183
90	12	2	4	183	
2	14	21	1
21	4	2	70	1	
2	47	192	32
192	16	46	3	32	
3	47	13	77
13	20	34	9	77	
3	154	197	159
-1
1	45	68	146
68	2	146	
2	168	57	92
57	1	92	
1	10	64	89
64	15	20	34	9	70	40	89	
4	20	110	20
110	3	15	20	
1	24	99	57
99	8	60	1	57	
3	7	159	99
159	4	2	70	1	60	8	99	
3	159	17	119
17	119	
1	142	183	62
183	4	2	70	9	62	
3	19	29	74
29	18	16	74	
1	129	27	71
27	63	19	7	11	71	
2	74	181	138
181	11	41	12	2	138	
3	166	177	146
-1
2	54	97	10
97	13	20	15	10	
3	25	106	71
106	6	7	11	71	
3	34	125	170
125	15	20	5	18	170	
1	132	148	128
-1
3	50	106	97
106	6	7	19	97	
1	111	64	79
64	15	20	11	41	79	
4	137	158	59
158	4	2	53	5	59	
2	159	176	86
176	20	15	10	86	
2	48	104	66
104	5	19	66	
2	194	130	42
-1
4	155	95	138
95	7	6	34	9	70	2	138	
2	25	100	195
100	10	15	20	34	6	195	
2	146	77	119
77	9	34	6	54	18	17	119	
4	26	110	19
110	3	15	20	34	6	7	19	
2	122	193	124
193	7	124	
1	152	42	140
42	3	15	10	140	
2	10	104	97
104	5	19	97	
2	95	192	24
192	16	18	56	8	24	
3	112	150	79
150	16	18	79	
2	154	198	160
198	5	20	37	18	17	160	
1	43	191	54
191	12	16	18	54	
2	190	97	106
97	19	7	6	106	
1	108	73	134
73	17	21	4	134	
3	78	19	195
19	7	6	195	
1	154	44	187
-1
3	93	117	180
117	10	15	20	34	6	7	180	
1	141	68	83
68	2	53	5	20	13	83	
3	116	29	75
29	18	16	75	
2	146	124	176
124	7	6	34	20	176	
2	106	35	173
35	18	37	20	5	173	
1	111	140	115
140	10	15	20	34	6	7	115	
4	16	135	11
135	6	7	11	
2	101	124	36
124	7	8	60	1	14	36	
1	95	183	54
183	4	21	19	7	6	54	
1	33	61	97
61	20	13	97	
3	12	14	13
14	9	34	20	13	
1	95	58	32
58	7	6	34	20	15	3	32	
3	121	150	60
150	16	57	1	60	
3	96	17	135
17	18	54	6	135	
4	21	162	122
162	12	91	73	17	122	
2	87	67	13
67	31	16	37	20	13	
4	50	178	147
178	17	18	16	46	3	147	
3	85	145	22
145	10	86	22	
1	138	46	157
46	16	57	1	70	2	157	
4	186	92	17
92	1	70	2	4	21	17	
3	150	125	182
-1
4	181	88	191
-1
4	192	182	92
-1
2	127	54	108
54	6	34	20	108	
4	48	102	69
102	17	69	
1	12	74	88
74	16	18	54	6	88	
