3	195	92	189
92	19	55	14	189	
3	198	172	8
-1
2	131	90	95
90	60	15	1	20	18	41	13	95	
2	86	59	38
59	70	64	20	93	38	
3	90	5	61
5	11	20	3	61	
4	21	183	59
183	3	20	64	70	59	
4	192	1	14
1	56	14	
1	13	32	47
32	15	73	10	47	
3	197	77	47
-1
3	68	159	154
159	10	73	18	76	12	154	
2	57	146	45
-1
3	64	92	168
92	19	168	
1	110	89	10
89	18	73	10	
1	99	21	20
21	20	
4	159	57	24
57	17	15	1	24	
4	17	99	7
99	11	20	1	15	17	7	
4	183	119	159
119	5	70	64	20	18	73	10	159	
2	29	62	142
62	19	53	9	142	
1	27	74	19
74	16	92	19	
3	181	71	129
-1
2	177	138	74
138	14	49	4	74	
2	97	146	166
-1
1	106	10	54
10	73	18	33	8	54	
3	125	71	25
-1
4	148	170	34
170	16	57	17	15	1	34	
1	106	128	132
128	8	33	18	21	132	
4	64	97	50
97	1	20	50	
1	158	79	111
79	13	41	18	3	111	
2	176	59	137
59	70	64	20	1	137	
3	104	86	159
86	7	17	10	159	
1	130	66	48
66	20	11	5	48	
1	95	42	194
42	18	49	6	194	
2	100	138	155
138	14	56	15	155	
3	77	195	25
-1
4	110	119	146
-1
3	193	19	26
19	55	14	33	18	26	
1	42	124	122
124	5	11	20	1	15	122	
4	104	140	152
140	1	20	11	152	
4	192	97	10
97	1	56	15	73	10	
3	150	24	95
24	1	20	18	41	13	95	
1	198	79	112
79	13	41	18	20	112	
2	191	160	154
-1
3	97	54	43
54	8	91	43	
2	73	106	190
-1
2	19	134	108
134	11	20	1	108	
3	44	195	78
195	43	93	20	18	76	12	78	
4	117	187	154
187	5	11	28	12	154	
2	68	180	93
-1
4	29	83	141
83	96	18	20	1	15	25	141	
1	124	75	116
75	9	56	1	116	
3	35	176	146
176	11	20	18	33	8	146	
3	140	173	106
173	81	14	33	18	106	
4	135	115	111
115	2	85	5	70	64	20	3	111	
2	124	11	16
11	5	80	16	
1	183	36	101
36	77	5	70	64	20	1	101	
3	61	54	95
54	8	33	18	41	13	95	
4	14	97	33
97	1	20	18	33	
2	58	13	12
13	28	12	
1	150	32	95
32	14	41	13	95	
1	17	60	121
60	15	1	121	
2	162	135	96
-1
3	67	122	21
122	15	21	
2	178	13	87
13	41	14	49	4	12	87	
3	145	147	50
147	11	20	50	
3	46	22	85
-1
1	92	157	138
-1
2	125	17	186
17	15	1	20	3	186	
3	88	182	150
182	1	20	18	33	8	150	
3	182	191	181
-1
3	54	92	192
92	12	76	18	20	192	
4	102	108	127
108	1	20	18	33	8	127	
1	74	69	48
69	96	18	41	13	48	
4	160	88	12
88	15	1	20	18	76	12	
4	9	65	111
65	63	3	111	
3	45	161	132
161	10	73	18	21	132	
1	134	158	88
-1
3	119	50	56
50	14	56	
2	68	126	189
126	3	18	41	14	189	
2	200	13	179
13	41	18	3	179	
3	192	147	70
147	11	5	70	
3	70	152	129
152	11	5	129	
3	69	5	198
5	11	20	1	56	14	198	
1	80	78	85
-1
3	190	190	101
-1
3	74	150	61
150	8	33	18	3	61	
3	113	195	19
195	43	91	14	55	19	
1	121	128	20
128	8	33	18	20	
1	109	47	97
-1
1	40	66	61
66	18	3	61	
3	61	18	7
18	20	1	15	17	7	
4	190	9	111
-1
2	139	30	115
30	3	20	64	70	5	85	2	115	
1	175	98	193
98	83	85	5	70	64	20	1	56	14	193	
2	75	129	182
129	5	11	20	1	182	
4	87	119	131
119	5	11	20	1	15	131	
3	57	144	77
144	81	14	56	1	20	11	5	77	
2	28	56	5
56	1	20	11	5	
1	76	128	3
128	8	33	18	3	
2	137	37	20
37	16	57	17	15	1	20	
1	95	28	37
28	12	92	16	37	
