200	2830
2	2
2	3
5	8
3	6
4	6
2	3
2	2
4	8
4	8
5	10
3	5
4	6
5	9
2	2
2	2
4	6
4	8
2	2
3	5
2	2
3	5
4	8
4	7
5	10
5	9
4	6
2	2
4	7
3	5
4	8
5	10
5	8
3	4
2	2
4	8
3	4
4	7
5	8
5	10
3	5
2	4
5	10
4	8
5	8
4	7
2	2
4	7
5	9
3	4
3	5
5	8
3	6
2	4
3	4
3	5
2	3
3	6
5	10
5	10
2	2
5	10
4	6
4	6
3	4
5	10
3	6
3	4
2	2
5	10
2	2
4	6
3	5
3	4
5	10
4	6
3	6
5	10
2	2
5	8
5	8
5	9
2	3
2	2
4	8
5	9
4	7
4	8
4	8
5	10
5	9
2	4
3	4
3	5
4	6
4	7
5	9
3	5
5	9
3	4
3	5
4	6
3	6
3	4
2	3
2	3
4	7
5	9
2	2
4	6
3	6
5	10
4	8
4	6
5	10
4	7
5	9
2	3
2	3
4	8
2	3
2	2
3	4
2	2
3	5
2	2
4	8
5	10
2	4
2	3
3	4
5	9
4	7
2	3
4	8
3	5
3	5
3	6
2	3
4	7
5	9
4	7
5	10
4	7
2	3
5	10
3	5
2	3
4	7
3	4
3	6
3	6
5	10
2	3
2	3
3	4
4	7
2	3
4	7
4	7
5	9
2	4
3	6
3	5
2	3
2	2
5	10
3	5
2	3
5	10
3	5
2	3
5	9
2	2
2	3
2	2
3	5
3	4
2	3
5	9
3	6
3	5
3	6
5	9
5	10
4	7
2	3
4	8
5	10
3	4
5	9
3	6
4	6
4	7
5	9
5	8
3	6
5	10
4	7
3	5
5	9
1	24	1265
24	1	1266
1	76	1132
76	1	1133
1	69	4142
69	1	4143
1	59	322
59	1	322
1	17	2266
17	1	2266
1	181	4444
181	1	4444
1	200	4487
200	1	4488
1	27	2840
27	1	2841
1	165	4562
165	1	4562
1	139	2832
139	1	2833
1	146	1688
146	1	1689
1	145	3033
145	1	3033
1	45	4588
45	1	4589
1	148	4985
148	1	4986
1	44	2476
44	1	2476
1	150	1274
150	1	1275
1	180	121
180	1	121
1	162	2306
162	1	2307
1	56	4798
56	1	4799
1	53	4067
53	1	4068
2	47	4127
47	2	4128
2	99	2516
99	2	2516
2	94	3644
94	2	3645
2	153	4723
153	2	4723
2	148	1344
148	2	1344
2	156	4473
156	2	4474
2	126	4290
126	2	4290
2	33	294
33	2	295
2	31	3384
31	2	3385
2	51	987
51	2	988
2	130	3899
130	2	3900
2	25	2073
25	2	2074
2	6	4493
6	2	4493
2	163	4031
163	2	4031
2	89	213
89	2	214
2	191	3774
191	2	3775
2	155	4025
155	2	4026
2	77	3067
77	2	3068
2	23	4576
23	2	4576
2	175	4747
175	2	4747
3	52	4847
52	3	4847
3	75	3862
75	3	3862
3	83	2065
83	3	2066
3	47	3464
47	3	3465
3	55	2271
55	3	2272
3	80	753
80	3	754
3	173	3909
173	3	3910
3	22	2032
22	3	2032
3	81	1327
81	3	1327
3	10	4169
10	3	4170
3	194	1827
194	3	1828
3	97	2713
97	3	2713
3	104	4424
104	3	4424
3	163	4333
163	3	4334
3	130	3681
130	3	3682
3	181	4637
181	3	4638
3	86	781
86	3	781
3	53	856
53	3	857
3	156	217
156	3	217
3	199	4077
199	3	4077
4	14	4870
14	4	4870
4	77	3611
77	4	3612
4	10	4315
10	4	4316
4	101	4564
101	4	4564
4	121	3622
121	4	3622
4	19	4192
19	4	4193
4	193	4586
193	4	4586
4	136	4416
136	4	4416
4	168	4881
168	4	4882
4	163	3700
163	4	3700
4	97	4879
97	4	4879
4	41	3310
41	4	3310
4	79	4245
79	4	4245
4	35	3319
35	4	3319
4	88	4410
88	4	4410
4	146	3508
146	4	3509
4	37	3539
37	4	3539
4	42	4684
42	4	4685
4	33	4133
33	4	4133
4	151	1632
151	4	1633
5	149	2421
149	5	2422
5	142	2831
142	5	2832
5	52	2194
52	5	2194
5	18	3927
18	5	3927
5	175	2321
175	5	2321
5	136	4353
136	5	4353
5	71	4159
71	5	4159
5	127	4544
127	5	4545
5	189	3408
189	5	3409
5	98	528
98	5	529
5	32	4365
32	5	4366
5	163	4339
163	5	4340
5	95	2285
95	5	2286
5	116	196
116	5	196
5	194	3862
194	5	3863
5	199	4591
199	5	4592
5	61	4998
61	5	4999
5	62	175
62	5	176
5	94	1223
94	5	1223
5	161	2374
161	5	2374
6	18	4308
18	6	4308
6	192	4312
192	6	4313
6	107	485
107	6	485
6	187	1258
187	6	1259
6	61	4772
61	6	4773
6	160	4990
160	6	4990
6	125	4423
125	6	4424
6	165	4665
165	6	4665
6	38	3597
38	6	3597
6	171	831
171	6	832
6	7	3410
7	6	3411
6	11	4109
11	6	4109
6	10	4749
10	6	4750
6	96	3602
96	6	3602
6	195	4648
195	6	4649
6	141	4685
141	6	4686
6	94	1337
94	6	1337
6	16	4668
16	6	4668
6	184	2181
184	6	2181
7	142	2579
142	7	2580
7	56	4746
56	7	4747
7	63	2468
63	7	2469
7	101	448
101	7	449
7	37	1078
37	7	1078
7	178	4828
178	7	4829
7	28	747
28	7	748
7	42	746
42	7	747
7	117	4644
117	7	4644
7	10	4321
10	7	4321
7	73	3455
73	7	3455
7	72	2887
72	7	2887
7	145	1701
145	7	1701
7	104	2910
104	7	2911
7	103	3571
103	7	3572
7	161	4066
161	7	4067
7	113	3346
113	7	3346
7	14	1191
14	7	1192
7	141	82
141	7	82
8	137	2089
137	8	2089
8	115	2356
115	8	2356
8	147	889
147	8	889
8	72	3574
72	8	3574
8	15	3892
15	8	3893
8	31	2805
31	8	2806
8	179	1816
179	8	1816
8	194	4591
194	8	4591
8	120	3406
120	8	3407
8	64	1709
64	8	1709
8	75	4634
75	8	4635
8	42	1764
42	8	1765
8	22	966
22	8	967
8	10	1620
10	8	1621
8	103	4047
103	8	4047
8	185	3538
185	8	3539
8	49	3924
49	8	3925
8	171	4520
171	8	4521
8	26	2605
26	8	2606
8	169	1825
169	8	1825
9	79	579
79	9	580
9	144	4240
144	9	4240
9	164	4872
164	9	4872
9	67	3846
67	9	3847
9	86	3600
86	9	3601
9	19	3835
19	9	3835
9	125	3328
125	9	3328
9	77	3632
77	9	3632
9	54	3990
54	9	3991
9	128	2939
128	9	2940
9	162	4012
162	9	4013
9	66	3305
66	9	3306
9	92	4502
92	9	4502
9	118	4141
118	9	4141
9	28	2574
28	9	2574
9	117	2746
117	9	2747
9	179	3722
179	9	3723
9	14	2146
14	9	2147
9	163	1028
163	9	1028
9	94	3659
94	9	3660
10	186	3163
186	10	3163
10	86	4094
86	10	4095
10	95	1039
95	10	1039
10	38	78
38	10	78
10	121	4926
121	10	4927
10	46	4872
46	10	4872
10	145	4447
145	10	4447
10	141	3380
141	10	3381
10	190	4181
190	10	4181
10	138	3453
138	10	3453
10	169	553
169	10	554
10	135	4725
135	10	4726
10	87	4626
87	10	4627
10	68	4513
68	10	4513
10	50	3147
50	10	3148
11	33	4012
33	11	4013
11	103	1225
103	11	1225
11	82	4791
82	11	4791
11	37	4628
37	11	4628
11	59	3686
59	11	3687
11	126	3571
126	11	3572
11	74	1499
74	11	1499
11	200	2813
200	11	2814
11	15	372
15	11	372
11	133	3993
133	11	3994
11	127	1354
127	11	1355
11	26	4095
26	11	4096
11	81	1516
81	11	1517
11	137	4957
137	11	4958
11	138	904
138	11	905
11	113	1031
113	11	1031
11	44	3327
44	11	3328
11	66	4842
66	11	4842
11	116	1400
116	11	1401
12	107	3633
107	12	3633
12	118	3771
118	12	3772
12	194	2019
194	12	2020
12	14	4984
14	12	4984
12	69	4054
69	12	4055
12	77	4740
77	12	4740
12	32	1702
32	12	1702
12	13	1042
13	12	1043
12	168	4965
168	12	4965
12	120	501
120	12	501
12	42	1065
42	12	1066
12	72	4833
72	12	4833
12	50	3683
50	12	3684
12	130	511
130	12	511
12	30	3889
30	12	3889
12	152	3651
152	12	3651
12	197	4751
197	12	4752
12	184	3593
184	12	3593
12	59	4297
59	12	4298
12	175	4764
175	12	4764
13	79	3996
79	13	3996
13	133	3093
133	13	3093
13	51	1008
51	13	1009
13	39	4345
39	13	4346
13	199	4263
199	13	4264
13	77	4952
77	13	4953
13	158	4268
158	13	4269
13	151	1112
151	13	1113
13	105	4136
105	13	4137
13	87	2047
87	13	2047
13	65	1433
65	13	1434
13	30	3836
30	13	3837
13	194	4253
194	13	4254
13	160	4700
160	13	4701
13	70	4835
70	13	4835
13	159	3332
159	13	3333
13	46	571
46	13	572
13	155	2096
155	13	2096
13	115	592
115	13	592
14	167	1176
167	14	1176
14	98	1471
98	14	1471
14	175	1022
175	14	1023
14	176	1535
176	14	1536
14	51	2272
51	14	2273
14	68	151
68	14	152
14	43	3844
43	14	3845
14	47	3939
47	14	3940
14	125	2929
125	14	2930
14	170	479
170	14	480
14	165	4686
165	14	4686
14	163	2374
163	14	2374
14	94	4372
94	14	4372
14	160	1094
160	14	1094
14	131	3790
131	14	3791
14	97	4793
97	14	4794
15	75	2121
75	15	2122
15	164	629
164	15	629
15	43	1273
43	15	1274
15	110	2110
110	15	2110
15	40	4736
40	15	4737
15	70	4443
70	15	4444
15	186	1469
186	15	1470
15	56	2524
56	15	2525
15	119	3032
119	15	3033
15	134	1290
134	15	1290
15	93	4952
93	15	4953
15	121	4449
121	15	4449
15	84	4885
84	15	4886
15	130	2509
130	15	2509
15	74	3949
74	15	3949
15	136	1317
136	15	1318
15	177	3272
177	15	3272
15	118	4131
118	15	4132
16	159	3202
159	16	3203
16	35	3438
35	16	3438
16	147	1107
147	16	1108
16	172	3890
172	16	3890
16	166	2331
166	16	2331
16	76	4887
76	16	4888
16	64	4875
64	16	4876
16	41	2609
41	16	2609
16	55	4509
55	16	4510
16	126	1331
126	16	1331
16	152	4504
152	16	4504
16	170	2234
170	16	2234
16	158	186
158	16	186
16	131	1990
131	16	1990
16	132	4661
132	16	4662
16	23	2154
23	16	2154
16	56	3700
56	16	3701
16	33	4625
33	16	4626
16	148	2127
148	16	2127
17	179	840
179	17	840
17	91	3035
91	17	3036
17	75	3757
75	17	3757
17	178	4703
178	17	4703
17	50	3977
50	17	3977
17	138	3022
138	17	3023
17	19	1015
19	17	1015
17	158	4023
158	17	4023
17	109	3537
109	17	3538
17	46	3811
46	17	3812
17	22	1899
22	17	1899
17	34	3987
34	17	3988
17	39	2625
39	17	2626
17	111	4290
111	17	4291
17	44	4757
44	17	4758
17	162	1032
162	17	1033
17	147	3939
147	17	3940
17	118	4789
118	17	4790
17	166	4758
166	17	4759
18	175	3093
175	18	3093
18	77	4292
77	18	4293
18	186	3311
186	18	3311
18	110	2934
110	18	2935
18	152	2090
152	18	2090
18	93	3569
93	18	3569
18	103	4311
103	18	4311
18	123	4289
123	18	4290
18	95	3942
95	18	3943
18	195	2476
195	18	2477
18	36	3805
36	18	3805
18	84	4685
84	18	4685
18	187	4699
187	18	4700
18	50	1641
50	18	1642
18	26	4330
26	18	4331
18	49	1534
49	18	1534
18	185	4248
185	18	4249
18	164	4654
164	18	4655
19	78	1141
78	19	1142
19	145	3643
145	19	3644
19	25	3777
25	19	3777
19	129	2049
129	19	2050
19	99	3110
99	19	3111
19	150	2326
150	19	2327
19	47	2081
47	19	2082
19	139	958
139	19	958
19	32	4315
32	19	4316
19	144	304
144	19	304
19	118	806
118	19	807
19	147	3715
147	19	3715
19	38	3631
38	19	3631
19	94	4358
94	19	4358
19	30	2869
30	19	2869
19	172	2752
172	19	2752
19	49	4573
49	19	4573
20	195	3851
195	20	3852
20	146	1560
146	20	1561
20	178	4614
178	20	4615
20	150	1120
150	20	1121
20	174	1392
174	20	1392
20	31	3046
31	20	3047
20	140	4937
140	20	4937
20	48	4974
48	20	4974
20	24	761
24	20	761
20	190	1002
190	20	1002
20	143	4541
143	20	4541
20	142	1456
142	20	1457
20	51	3738
51	20	3739
20	172	3637
172	20	3637
20	99	3811
99	20	3812
20	156	4042
156	20	4042
20	154	4958
154	20	4958
20	82	3224
82	20	3225
20	197	1735
197	20	1735
20	164	3876
164	20	3876
21	105	126
105	21	126
21	149	1806
149	21	1806
21	132	204
132	21	205
21	119	2538
119	21	2538
21	151	410
151	21	410
21	170	2967
170	21	2967
21	79	1570
79	21	1571
21	113	4635
113	21	4635
21	138	3591
138	21	3592
21	87	4272
87	21	4273
21	48	1067
48	21	1067
21	177	544
177	21	544
21	157	3984
157	21	3984
21	60	4554
60	21	4555
21	47	3740
47	21	3740
21	90	4942
90	21	4943
21	73	1580
73	21	1581
22	93	3498
93	22	3498
22	139	3851
139	22	3851
22	175	2456
175	22	2457
22	43	3401
43	22	3402
22	147	274
147	22	275
22	80	4678
80	22	4678
22	66	1987
66	22	1988
22	28	4296
28	22	4296
22	153	1673
153	22	1673
22	67	3560
67	22	3560
22	138	1687
138	22	1687
22	181	683
181	22	684
23	34	2084
34	23	2084
23	179	480
179	23	481
23	170	2458
170	23	2459
23	122	3569
122	23	3569
23	200	1909
200	23	1909
23	147	4091
147	23	4092
23	55	3291
55	23	3291
23	190	4596
190	23	4596
23	32	4282
32	23	4283
23	193	4304
193	23	4305
23	62	4786
62	23	4787
23	91	4519
91	23	4519
23	182	4007
182	23	4007
23	150	556
150	23	556
23	174	271
174	23	272
23	188	1151
188	23	1151
24	100	1408
100	24	1408
24	190	4470
190	24	4471
24	79	2897
79	24	2898
24	159	4688
159	24	4688
24	187	4162
187	24	4162
24	158	2085
158	24	2086
24	47	3038
47	24	3038
24	98	272
98	24	272
24	112	4419
112	24	4419
24	66	3639
66	24	3640
24	97	490
97	24	491
24	110	4764
110	24	4765
24	180	3075
180	24	3075
24	142	936
142	24	936
25	79	4616
79	25	4616
25	75	4087
75	25	4087
25	137	611
137	25	612
25	53	387
53	25	387
25	159	3819
159	25	3820
25	91	4141
91	25	4142
25	33	3509
33	25	3509
25	178	4846
178	25	4846
25	190	821
190	25	821
25	45	2237
45	25	2238
25	72	4833
72	25	4834
25	179	4458
179	25	4459
25	52	1257
52	25	1257
25	85	3904
85	25	3905
25	183	4533
183	25	4533
26	73	3032
73	26	3033
26	72	1316
72	26	1316
26	79	4519
79	26	4520
26	122	1077
122	26	1078
26	132	2746
132	26	2746
26	92	2849
92	26	2849
26	70	4599
70	26	4600
26	28	3729
28	26	3730
26	137	2873
137	26	2874
26	121	4387
121	26	4388
26	173	3868
173	26	3868
26	32	920
32	26	920
26	152	1487
152	26	1487
26	149	3188
149	26	3189
26	107	1697
107	26	1697
26	146	4109
146	26	4110
27	169	2872
169	27	2873
27	124	2405
124	27	2405
27	61	2125
61	27	2125
27	57	4100
57	27	4101
27	76	4420
76	27	4421
27	60	4091
60	27	4092
27	106	2661
106	27	2662
27	37	2211
37	27	2212
27	166	3559
166	27	3559
27	164	3810
164	27	3810
27	134	2528
134	27	2528
27	91	2876
91	27	2876
27	147	4761
147	27	4762
27	132	4389
132	27	4390
28	32	3054
32	28	3054
28	179	3646
179	28	3647
28	45	4174
45	28	4175
28	174	660
174	28	660
28	117	749
117	28	750
28	54	4806
54	28	4807
28	95	62
95	28	62
28	67	4671
67	28	4672
28	58	4995
58	28	4995
28	176	352
176	28	352
28	148	4161
148	28	4161
28	110	3253
110	28	3253
28	92	3202
92	28	3203
28	169	589
169	28	589
28	194	4456
194	28	4457
29	82	2884
82	29	2884
29	139	2974
139	29	2974
29	62	253
62	29	254
29	50	4144
50	29	4145
29	160	143
160	29	143
29	37	3530
37	29	3531
29	119	2144
119	29	2144
29	85	1403
85	29	1404
29	61	3123
61	29	3124
29	40	1340
40	29	1341
29	172	4336
172	29	4336
29	142	4852
142	29	4852
29	83	2572
83	29	2573
29	159	3678
159	29	3678
29	30	4802
30	29	4802
29	99	1417
99	29	1418
30	131	4624
131	30	4624
30	113	4228
113	30	4229
30	166	1617
166	30	1617
30	162	2466
162	30	2466
30	36	1877
36	30	1878
30	142	3553
142	30	3554
30	169	3305
169	30	3305
30	31	4023
31	30	4024
30	153	3248
153	30	3248
30	40	4398
40	30	4399
30	197	4056
197	30	4057
31	140	3780
140	31	3781
31	88	4113
88	31	4113
31	130	491
130	31	491
31	160	4037
160	31	4038
31	58	4014
58	31	4014
31	139	2568
139	31	2569
31	200	2541
200	31	2542
31	90	2283
90	31	2284
31	156	2403
156	31	2403
31	116	1042
116	31	1042
31	167	2090
167	31	2090
31	42	2985
42	31	2986
31	190	4500
190	31	4500
32	165	4590
165	32	4591
32	107	1721
107	32	1721
32	87	4454
87	32	4455
32	65	2697
65	32	2697
32	67	4240
67	32	4241
32	76	4878
76	32	4879
32	157	1444
157	32	1445
32	48	1786
48	32	1787
32	59	3957
59	32	3957
33	161	4868
161	33	4868
33	49	3828
49	33	3829
33	152	2667
152	33	2668
33	137	4456
137	33	4457
33	71	2282
71	33	2283
33	80	2699
80	33	2699
33	97	1774
97	33	1774
33	122	1698
122	33	1699
33	156	3634
156	33	3634
33	56	4698
56	33	4698
33	192	1976
192	33	1976
33	57	2459
57	33	2460
33	168	4958
168	33	4959
34	61	2959
61	34	2960
34	194	2050
194	34	2050
34	198	3233
198	34	3233
34	101	4067
101	34	4067
34	87	3713
87	34	3713
34	131	4762
131	34	4763
34	161	2344
161	34	2344
34	63	3831
63	34	3831
34	37	3786
37	34	3787
34	126	3442
126	34	3442
34	36	1011
36	34	1011
34	175	4103
175	34	4104
34	42	1643
42	34	1644
34	64	4075
64	34	4076
34	162	3229
162	34	3229
34	148	4305
148	34	4306
34	120	2862
120	34	2863
35	141	2046
141	35	2046
35	102	4202
102	35	4202
35	87	2568
87	35	2569
35	152	4987
152	35	4987
35	38	4612
38	35	4612
35	63	3645
63	35	3646
35	139	4613
139	35	4613
35	58	4540
58	35	4541
35	113	4015
113	35	4015
35	44	1612
44	35	1612
35	106	3539
106	35	3540
35	180	4190
180	35	4190
35	122	1866
122	35	1866
35	71	4103
71	35	4103
36	163	1543
163	36	1543
36	57	3796
57	36	3796
36	118	1663
118	36	1664
36	187	3877
187	36	3877
36	167	2760
167	36	2760
36	164	1540
164	36	1540
36	176	802
176	36	802
36	159	3836
159	36	3837
36	127	3872
127	36	3872
36	108	4359
108	36	4360
36	165	962
165	36	962
36	181	4607
181	36	4607
36	106	3659
106	36	3659
36	145	506
145	36	506
37	65	4356
65	37	4356
37	96	4723
96	37	4723
37	68	1657
68	37	1657
37	41	969
41	37	969
37	170	4223
170	37	4223
37	142	3576
142	37	3577
37	94	1430
94	37	1431
37	77	80
77	37	80
37	122	1160
122	37	1160
37	184	3146
184	37	3146
37	73	4988
73	37	4989
37	154	4472
154	37	4473
37	85	2861
85	37	2861
38	155	3916
155	38	3916
38	69	2708
69	38	2708
38	68	4519
68	38	4519
38	50	4443
50	38	4443
38	132	3803
132	38	3803
38	194	961
194	38	961
38	66	3589
66	38	3590
38	136	4994
136	38	4994
38	188	1065
188	38	1066
38	176	1465
176	38	1466
38	51	373
51	38	373
38	107	2163
107	38	2163
38	91	3313
91	38	3314
39	93	1283
93	39	1284
39	130	4835
130	39	4836
39	151	4146
151	39	4146
39	165	646
165	39	646
39	62	4733
62	39	4734
39	92	4589
92	39	4590
39	45	3680
45	39	3680
39	139	4366
139	39	4367
39	132	2213
132	39	2214
39	88	2025
88	39	2025
39	49	1332
49	39	1332
39	188	3923
188	39	3923
39	83	1265
83	39	1265
40	72	886
72	40	887
40	79	4523
79	40	4524
40	92	3094
92	40	3094
40	87	709
87	40	709
40	89	3055
89	40	3055
40	105	3438
105	40	3438
40	130	76
130	40	76
40	54	2534
54	40	2534
40	197	3841
197	40	3842
40	70	3498
70	40	3498
40	76	816
76	40	817
40	184	4376
184	40	4376
41	52	910
52	41	910
41	105	3776
105	41	3777
41	172	2033
172	41	2033
41	134	3533
134	41	3534
41	95	4501
95	41	4502
41	71	3851
71	41	3851
41	119	2717
119	41	2718
41	150	3926
150	41	3927
41	117	1760
117	41	1760
41	156	2218
156	41	2219
41	197	999
197	41	999
41	154	4365
154	41	4366
42	84	4248
84	42	4249
42	45	3891
45	42	3891
42	144	1709
144	42	1710
42	180	3814
180	42	3815
42	93	4592
93	42	4592
42	74	4048
74	42	4049
42	122	4505
122	42	4505
42	98	3314
98	42	3315
42	124	4994
124	42	4994
42	141	4690
141	42	4690
42	54	3675
54	42	3676
43	106	1072
106	43	1072
43	133	164
133	43	165
43	114	931
114	43	932
43	71	1153
71	43	1153
43	80	3860
80	43	3861
43	83	1305
83	43	1306
43	183	2003
183	43	2003
43	162	3962
162	43	3962
43	60	1616
60	43	1617
43	76	4964
76	43	4964
43	174	451
174	43	452
43	87	1563
87	43	1564
43	139	1775
139	43	1776
43	153	3511
153	43	3511
43	172	4234
172	43	4234
44	91	4765
91	44	4766
44	71	3732
71	44	3732
44	59	4555
59	44	4555
44	95	2262
95	44	2262
44	170	3945
170	44	3946
44	146	4975
146	44	4976
44	80	3677
80	44	3677
44	163	3420
163	44	3421
44	78	1758
78	44	1758
44	173	1356
173	44	1356
44	190	4195
190	44	4195
44	100	2278
100	44	2279
44	76	4373
76	44	4374
44	123	3102
123	44	3102
45	107	4922
107	45	4923
45	116	3137
116	45	3137
45	154	3551
154	45	3552
45	63	4435
63	45	4436
45	47	3982
47	45	3983
45	87	4331
87	45	4332
45	162	3376
162	45	3376
45	101	4203
101	45	4203
45	69	1908
69	45	1908
45	71	4473
71	45	4474
45	200	3773
200	45	3774
45	66	4748
66	45	4748
46	106	4149
106	46	4150
46	190	671
190	46	671
46	148	4235
148	46	4235
46	84	4906
84	46	4907
46	99	4057
99	46	4058
46	52	3388
52	46	3388
46	130	2853
130	46	2853
46	187	1319
187	46	1320
46	112	1223
112	46	1224
46	133	4781
133	46	4781
46	97	4305
97	46	4305
46	115	3156
115	46	3157
46	129	2467
129	46	2468
46	158	3685
158	46	3686
46	79	218
79	46	218
46	175	4481
175	46	4481
47	172	1146
172	47	1146
47	160	2654
160	47	2655
47	57	2421
57	47	2421
47	133	584
133	47	584
47	118	3377
118	47	3378
47	96	2566
96	47	2567
47	102	2704
102	47	2704
47	52	1836
52	47	1836
47	114	2745
114	47	2746
48	148	4559
148	48	4559
48	181	2146
181	48	2147
48	90	3978
90	48	3978
48	121	3936
121	48	3936
48	135	3625
135	48	3626
48	59	3304
59	48	3305
48	111	4326
111	48	4327
48	64	1674
64	48	1674
48	192	4176
192	48	4176
48	110	4851
110	48	4851
48	72	2083
72	48	2083
48	140	4704
140	48	4705
48	125	2302
125	48	2303
49	112	3824
112	49	3824
49	166	4761
166	49	4761
49	148	4420
148	49	4421
49	105	2572
105	49	2572
49	90	4759
90	49	4759
49	177	3848
177	49	3849
49	119	4094
119	49	4094
49	131	4462
131	49	4463
49	200	4898
200	49	4898
49	101	4948
101	49	4949
49	97	4495
97	49	4495
49	65	1764
65	49	1764
49	173	4161
173	49	4161
50	123	2180
123	50	2180
50	148	4619
148	50	4619
50	180	4445
180	50	4446
50	154	1919
154	50	1919
50	91	748
91	50	749
50	98	3110
98	50	3110
50	147	3812
147	50	3812
50	162	2407
162	50	2408
50	168	3299
168	50	3299
50	108	3880
108	50	3880
50	99	4435
99	50	4435
51	75	4271
75	51	4271
51	162	4808
162	51	4808
51	157	4395
157	51	4395
51	182	2560
182	51	2561
51	154	602
154	51	602
51	111	3262
111	51	3263
51	171	4811
171	51	4812
51	132	4338
132	51	4339
51	164	4596
164	51	4597
51	155	2787
155	51	2788
51	129	2375
129	51	2375
51	62	3191
62	51	3191
51	83	1559
83	51	1560
52	74	3740
74	52	3741
52	59	1126
59	52	1126
52	193	4825
193	52	4826
52	160	4329
160	52	4329
52	132	3324
132	52	3325
52	76	3829
76	52	3830
52	118	2027
118	52	2027
52	57	2083
57	52	2083
52	135	3413
135	52	3414
52	153	4447
153	52	4448
52	98	3540
98	52	3541
53	196	3865
196	53	3865
53	84	3969
84	53	3969
53	100	3778
100	53	3778
53	173	3023
173	53	3023
53	108	3307
108	53	3308
53	115	1254
115	53	1254
53	113	3836
113	53	3836
53	198	3801
198	53	3802
53	57	3752
57	53	3753
53	172	4609
172	53	4609
53	97	1428
97	53	1428
53	60	3073
60	53	3074
53	99	1234
99	53	1234
54	95	4563
95	54	4564
54	97	3830
97	54	3831
54	136	3319
136	54	3319
54	176	1874
176	54	1874
54	89	2625
89	54	2625
54	127	3028
127	54	3029
54	64	4042
64	54	4043
54	93	4855
93	54	4856
54	101	3704
101	54	3704
54	125	271
125	54	272
54	162	3849
162	54	3850
54	116	488
116	54	489
54	78	3594
78	54	3594
54	160	543
160	54	544
54	65	1124
65	54	1125
55	88	4843
88	55	4843
55	69	4269
69	55	4269
55	159	4395
159	55	4395
55	181	1297
181	55	1298
55	183	2291
183	55	2292
55	176	4015
176	55	4016
55	124	1350
124	55	1350
55	107	3712
107	55	3713
55	122	1786
122	55	1786
55	179	4384
179	55	4385
55	85	4774
85	55	4774
55	81	1879
81	55	1880
55	97	4232
97	55	4232
56	127	4566
127	56	4567
56	165	1957
165	56	1957
56	57	3875
57	56	3875
56	81	3196
81	56	3196
56	130	4346
130	56	4347
56	148	1289
148	56	1290
56	177	605
177	56	606
56	94	4519
94	56	4519
56	109	1738
109	56	1738
56	84	2054
84	56	2054
56	174	1384
174	56	1385
56	168	4668
168	56	4669
57	103	1791
103	57	1791
57	75	1636
75	57	1637
57	82	4353
82	57	4353
57	150	3886
150	57	3886
57	101	290
101	57	290
57	192	582
192	57	583
57	61	4292
61	57	4293
57	66	4703
66	57	4704
57	100	4229
100	57	4229
57	86	3684
86	57	3685
57	73	4058
73	57	4058
57	91	2131
91	57	2131
58	176	2184
176	58	2185
58	116	3038
116	58	3039
58	180	2500
180	58	2500
58	133	3744
133	58	3744
58	106	2428
106	58	2428
58	148	4006
148	58	4007
58	166	4975
166	58	4975
58	113	3602
113	58	3602
58	175	599
175	58	600
58	112	4963
112	58	4963
58	144	3144
144	58	3145
58	134	3808
134	58	3809
58	118	4377
118	58	4377
58	170	3954
170	58	3954
58	77	4450
77	58	4450
59	96	4481
96	59	4481
59	73	3824
73	59	3824
59	163	1938
163	59	1939
59	115	4776
115	59	4776
59	77	4512
77	59	4512
59	160	4202
160	59	4203
59	63	1242
63	59	1242
59	60	3707
60	59	3708
59	167	3974
167	59	3975
60	126	2522
126	60	2523
60	106	3972
106	60	3972
60	158	702
158	60	702
60	112	4769
112	60	4770
60	118	1260
118	60	1261
60	174	4183
174	60	4184
60	91	2105
91	60	2105
60	136	3798
136	60	3798
60	89	2886
89	60	2886
60	109	3758
109	60	3758
60	144	1115
144	60	1116
60	114	3641
114	60	3641
60	184	4419
184	60	4420
61	69	4923
69	61	4924
61	188	1017
188	61	1017
61	70	4548
70	61	4549
61	127	4124
127	61	4124
61	90	3913
90	61	3914
61	80	3685
80	61	3686
61	182	675
182	61	675
61	151	2542
151	61	2542
61	178	1517
178	61	1517
61	67	3934
67	61	3935
61	193	535
193	61	535
61	97	2942
97	61	2943
62	130	1962
130	62	1963
62	102	4940
102	62	4941
62	145	3967
145	62	3967
62	87	864
87	62	865
62	66	1397
66	62	1398
62	138	1862
138	62	1863
62	146	4826
146	62	4826
62	93	4254
93	62	4255
62	161	1410
161	62	1411
62	129	3093
129	62	3093
62	116	2560
116	62	2561
62	95	3738
95	62	3738
62	69	414
69	62	414
63	142	1584
142	63	1584
63	157	4801
157	63	4801
63	83	1020
83	63	1020
63	180	3771
180	63	3772
63	106	3710
106	63	3711
63	87	2454
87	63	2455
63	79	3933
79	63	3933
63	172	530
172	63	530
63	181	4747
181	63	4747
63	169	3809
169	63	3810
63	125	4467
125	63	4467
64	120	4178
120	64	4179
64	160	3620
160	64	3620
64	193	877
193	64	878
64	127	4817
127	64	4818
64	137	2026
137	64	2027
64	173	4749
173	64	4750
64	177	4273
177	64	4273
64	69	449
69	64	449
64	112	3039
112	64	3040
64	148	407
148	64	407
64	151	2145
151	64	2146
64	110	131
110	64	131
65	138	1614
138	65	1615
65	140	4494
140	65	4495
65	110	3685
110	65	3685
65	68	2124
68	65	2125
65	74	1229
74	65	1230
65	112	3186
112	65	3186
65	158	4310
158	65	4310
65	84	3448
84	65	3448
65	183	2986
183	65	2987
65	142	4224
142	65	4225
65	87	2933
87	65	2933
66	143	529
143	66	530
66	111	3076
111	66	3077
66	116	3802
116	66	3802
66	131	2211
131	66	2212
66	123	2921
123	66	2921
66	75	3810
75	66	3810
66	181	778
181	66	778
66	91	2221
91	66	2222
66	159	4703
159	66	4703
67	89	334
89	67	334
67	168	1411
168	67	1411
67	117	3509
117	67	3510
67	74	4512
74	67	4513
67	75	2881
75	67	2882
67	100	3619
100	67	3620
67	177	1893
177	67	1894
67	166	2074
166	67	2074
67	140	3795
140	67	3795
67	126	1911
126	67	1912
67	104	1818
104	67	1819
67	108	4362
108	67	4362
67	145	2651
145	67	2651
67	141	2640
141	67	2641
68	138	4976
138	68	4976
68	147	4946
147	68	4946
68	93	4918
93	68	4919
68	169	3817
169	68	3817
68	181	3654
181	68	3654
68	174	3456
174	68	3456
68	168	4634
168	68	4635
68	130	4548
130	68	4548
68	178	2472
178	68	2473
68	171	4730
171	68	4731
68	103	1822
103	68	1822
68	132	2342
132	68	2342
69	95	4846
95	69	4847
69	119	4794
119	69	4795
69	101	4424
101	69	4425
69	122	3151
122	69	3152
69	193	3727
193	69	3728
69	100	4811
100	69	4811
69	137	4952
137	69	4953
69	177	1952
177	69	1953
69	165	1614
165	69	1615
69	97	4029
97	69	4029
70	151	1009
151	70	1010
70	101	2700
101	70	2700
70	94	3514
94	70	3515
70	115	2988
115	70	2988
70	153	4919
153	70	4920
70	145	1036
145	70	1037
70	169	1461
169	70	1462
70	164	4173
164	70	4173
70	187	4786
187	70	4786
70	111	4102
111	70	4103
70	158	4261
158	70	4262
70	173	3273
173	70	3273
70	72	3945
72	70	3946
71	82	3729
82	71	3729
71	170	3383
170	71	3384
71	94	3567
94	71	3567
71	138	2717
138	71	2718
71	147	3839
147	71	3840
71	142	309
142	71	310
71	75	3885
75	71	3886
71	180	4660
180	71	4660
71	89	3769
89	71	3769
72	93	3531
93	72	3532
72	138	2758
138	72	2758
72	113	4646
113	72	4647
72	149	3591
149	72	3591
72	141	3924
141	72	3925
72	177	4707
177	72	4708
72	188	3974
188	72	3974
72	169	504
169	72	504
72	119	249
119	72	250
72	139	1333
139	72	1334
72	140	4959
140	72	4959
73	95	4678
95	73	4678
73	144	4837
144	73	4837
73	93	3549
93	73	3549
73	149	4009
149	73	4009
73	143	4977
143	73	4977
73	85	1643
85	73	1644
73	157	3523
157	73	3523
73	179	2757
179	73	2757
73	80	2254
80	73	2254
73	170	1929
170	73	1929
74	165	1688
165	74	1688
74	92	4378
92	74	4378
74	102	4095
102	74	4095
74	84	464
84	74	465
74	156	4066
156	74	4067
74	145	4917
145	74	4917
74	88	4387
88	74	4387
74	99	3491
99	74	3491
74	75	4935
75	74	4936
74	172	4136
172	74	4136
74	185	1560
185	74	1560
74	143	2666
143	74	2666
75	92	2866
92	75	2866
75	157	4616
157	75	4616
75	113	4029
113	75	4029
75	85	1601
85	75	1601
75	147	3972
147	75	3972
75	103	1816
103	75	1816
75	90	3930
90	75	3931
76	91	1020
91	76	1021
76	77	3768
77	76	3769
76	150	4160
150	76	4160
76	127	3815
127	76	3815
76	149	4163
149	76	4164
76	180	3699
180	76	3700
76	162	3269
162	76	3270
77	185	4951
185	77	4951
77	111	2506
111	77	2506
77	89	4966
89	77	4967
77	86	2485
86	77	2485
77	141	3785
141	77	3786
77	135	1498
135	77	1498
78	110	3570
110	78	3571
78	176	415
176	78	415
78	152	1526
152	78	1526
78	103	1539
103	78	1540
78	149	3387
149	78	3387
78	117	4805
117	78	4805
78	184	2846
184	78	2846
78	161	3441
161	78	3441
78	111	1184
111	78	1184
78	114	3473
114	78	3474
78	124	1714
124	78	1715
78	146	2236
146	78	2237
78	160	2492
160	78	2493
79	163	4456
163	79	4456
79	97	3799
97	79	3799
79	200	4189
200	79	4189
79	173	1389
173	79	1389
79	171	536
171	79	536
79	135	4127
135	79	4127
79	108	2890
108	79	2890
79	178	3941
178	79	3941
80	98	4074
98	80	4075
80	174	3753
174	80	3753
80	138	3862
138	80	3863
80	88	1616
88	80	1616
80	97	2275
97	80	2275
80	116	4036
116	80	4036
80	164	4704
164	80	4705
80	85	3880
85	80	3881
80	135	516
135	80	517
80	165	4240
165	80	4240
80	99	1695
99	80	1696
80	158	2125
158	80	2126
81	180	4138
180	81	4138
81	174	1321
174	81	1321
81	128	4796
128	81	4797
81	155	1139
155	81	1139
81	182	4389
182	81	4390
81	127	4374
127	81	4374
81	164	563
164	81	563
81	169	4075
169	81	4075
81	171	4593
171	81	4593
81	126	4849
126	81	4850
81	102	2240
102	81	2240
82	84	4930
84	82	4931
82	167	1495
167	82	1495
82	168	749
168	82	750
82	144	2277
144	82	2278
82	120	4627
120	82	4628
82	107	3900
107	82	3900
82	155	1080
155	82	1081
82	161	4782
161	82	4782
82	154	4771
154	82	4771
82	171	1782
171	82	1782
82	126	4926
126	82	4926
82	172	2936
172	82	2937
83	172	1111
172	83	1112
83	110	3580
110	83	3580
83	188	75
188	83	75
83	107	2771
107	83	2771
83	156	2332
156	83	2332
83	179	1431
179	83	1432
83	165	4102
165	83	4102
83	108	1967
108	83	1968
83	143	4086
143	83	4087
83	168	4446
168	83	4446
83	187	3841
187	83	3842
83	137	3356
137	83	3357
84	165	4562
165	84	4563
84	173	3409
173	84	3409
84	86	3389
86	84	3390
84	124	1681
124	84	1682
84	117	4610
117	84	4610
84	188	3167
188	84	3167
85	104	3903
104	85	3903
85	101	3136
101	85	3137
85	100	4385
100	85	4386
85	156	3993
156	85	3993
85	86	3626
86	85	3626
85	90	991
90	85	992
85	115	3742
115	85	3742
85	106	3397
106	85	3397
86	153	4723
153	86	4723
86	125	4126
125	86	4127
86	135	3905
135	86	3906
86	165	3580
165	86	3581
86	141	4306
141	86	4307
86	115	2010
115	86	2010
86	107	4035
107	86	4035
86	87	4213
87	86	4214
86	95	4847
95	86	4847
86	150	1729
150	86	1729
86	176	4444
176	86	4445
87	99	1619
99	87	1620
87	168	1934
168	87	1934
87	185	4544
185	87	4545
87	118	3892
118	87	3892
88	91	2874
91	88	2874
88	171	2934
171	88	2935
88	103	571
103	88	572
88	140	2156
140	88	2156
88	157	1747
157	88	1748
88	176	3900
176	88	3901
88	152	4924
152	88	4925
88	155	3069
155	88	3069
88	110	3829
110	88	3829
89	122	2120
122	89	2121
89	159	2980
159	89	2980
89	128	193
128	89	193
89	91	1546
91	89	1546
89	123	1738
123	89	1738
89	100	1774
100	89	1775
89	143	594
143	89	595
89	112	598
112	89	599
89	177	4292
177	89	4293
89	149	4776
149	89	4776
90	137	3228
137	90	3229
90	192	2946
192	90	2946
90	126	4672
126	90	4673
90	129	1408
129	90	1408
90	99	3992
99	90	3993
90	114	4567
114	90	4568
90	111	4852
111	90	4853
90	115	2189
115	90	2189
90	103	1341
103	90	1342
90	149	1286
149	90	1287
90	180	4975
180	90	4975
91	178	3083
178	91	3084
91	95	2729
95	91	2730
91	152	1611
152	91	1612
91	161	3776
161	91	3777
91	119	2481
119	91	2482
92	127	1865
127	92	1865
92	114	3941
114	92	3941
92	178	4002
178	92	4003
92	146	4103
146	92	4104
92	141	4042
141	92	4042
92	168	1132
168	92	1132
92	116	4589
116	92	4590
92	200	4564
200	92	4564
93	162	2299
162	93	2299
93	175	3035
175	93	3036
93	159	4879
159	93	4880
93	104	3044
104	93	3045
93	99	2583
99	93	2584
94	119	468
119	94	468
94	123	59
123	94	60
94	114	4519
114	94	4520
94	104	4173
104	94	4173
94	173	431
173	94	431
94	188	4748
188	94	4749
94	137	3781
137	94	3781
94	95	2405
95	94	2406
94	174	1045
174	94	1046
95	137	1364
137	95	1365
95	150	2804
150	95	2804
95	116	4743
116	95	4744
95	156	3397
156	95	3397
96	179	3832
179	96	3833
96	113	3125
113	96	3126
96	127	1619
127	96	1619
96	115	433
115	96	433
96	116	222
116	96	223
96	117	2188
117	96	2188
96	125	1436
125	96	1437
96	150	4177
150	96	4177
96	144	741
144	96	741
96	110	4867
110	96	4867
96	99	4172
99	96	4172
97	133	4896
133	97	4896
97	137	120
137	97	121
98	116	4270
116	98	4271
98	161	4281
161	98	4282
98	102	2918
102	98	2919
98	135	2441
135	98	2442
98	124	4609
124	98	4610
98	132	1906
132	98	1906
98	171	1213
171	98	1213
98	142	3593
142	98	3594
98	168	4180
168	98	4180
98	140	1345
140	98	1346
98	182	858
182	98	859
99	167	2831
167	99	2832
99	107	2125
107	99	2125
99	134	3049
134	99	3049
99	175	3160
175	99	3160
100	139	391
139	100	391
100	121	1251
121	100	1251
100	161	2679
161	100	2680
100	107	4798
107	100	4798
100	149	1280
149	100	1281
100	158	3223
158	100	3224
100	166	234
166	100	234
102	162	3256
162	102	3256
102	166	4897
166	102	4897
102	131	4698
131	102	4698
102	180	2117
180	102	2117
102	140	3257
140	102	3258
102	158	4865
158	102	4865
102	192	2505
192	102	2505
102	105	4157
105	102	4158
104	156	2422
156	104	2422
104	124	2794
124	104	2795
104	187	4501
187	104	4501
104	135	4361
135	104	4361
104	111	2193
111	104	2194
104	185	4552
185	104	4552
105	110	4309
110	105	4310
105	178	798
178	105	799
105	161	508
161	105	509
105	200	3550
200	105	3550
105	171	4003
171	105	4003
105	140	1386
140	105	1387
105	174	2279
174	105	2280
106	168	4599
168	106	4600
106	115	2925
115	106	2926
106	134	2554
134	106	2555
106	192	4515
192	106	4516
106	122	4680
122	106	4680
107	109	3504
109	107	3505
107	171	3096
171	107	3096
108	128	3974
128	108	3975
108	143	2391
143	108	2392
108	121	4642
121	108	4643
108	192	4287
192	108	4288
108	184	256
184	108	257
108	140	3506
140	108	3507
109	143	3816
143	109	3817
109	144	104
144	109	105
109	157	3882
157	109	3882
109	179	4460
179	109	4460
109	122	279
122	109	279
109	146	2745
146	109	2745
111	153	4370
153	111	4370
111	113	3743
113	111	3744
111	117	1514
117	111	1515
111	151	4863
151	111	4863
111	166	4390
166	111	4390
112	167	4655
167	112	4656
112	153	3355
153	112	3355
113	157	1094
157	113	1095
113	168	4145
168	113	4146
114	117	3623
117	114	3624
114	134	2102
134	114	2102
114	122	2802
122	114	2803
114	135	3075
135	114	3075
115	136	2710
136	115	2711
115	134	1040
134	115	1040
115	116	1778
116	115	1778
117	167	4591
167	117	4592
117	140	1647
140	117	1648
117	118	4627
118	117	4628
117	149	772
149	117	772
119	141	4106
141	119	4106
119	153	3563
153	119	3563
119	157	2714
157	119	2715
120	185	3391
185	120	3392
120	149	1365
149	120	1366
120	128	3118
128	120	3118
120	136	3584
136	120	3584
120	152	4494
152	120	4494
120	156	3595
156	120	3595
121	153	3669
153	121	3669
121	177	4869
177	121	4869
121	170	3837
170	121	3838
121	173	4874
173	121	4875
121	175	3643
175	121	3643
121	129	4579
129	121	4579
122	133	4238
133	122	4239
123	126	458
126	123	458
123	175	953
175	123	954
123	144	2455
144	123	2455
123	153	3417
153	123	3417
123	139	3596
139	123	3596
123	149	1455
149	123	1456
123	163	2728
163	123	2728
123	143	4187
143	123	4187
124	136	3676
136	124	3677
124	131	3258
131	124	3258
124	133	2301
133	124	2301
125	128	2939
128	125	2940
125	155	3586
155	125	3586
126	167	2597
167	126	2598
126	143	2324
143	126	2325
126	171	98
171	126	99
126	129	2414
129	126	2415
128	157	1970
157	128	1970
128	129	4111
129	128	4111
128	134	810
134	128	810
128	182	3198
182	128	3198
128	158	2044
158	128	2044
128	187	2439
187	128	2440
128	170	4010
170	128	4010
129	163	4451
163	129	4451
129	170	2162
170	129	2163
129	145	3510
145	129	3511
129	166	407
166	129	407
129	131	661
131	129	662
129	144	4925
144	129	4926
131	154	3996
154	131	3997
131	146	1618
146	131	1618
131	173	4387
173	131	4388
132	178	4893
178	132	4893
133	143	3096
143	133	3097
134	178	3342
178	134	3343
134	170	929
170	134	929
134	142	171
142	134	172
134	166	4854
166	134	4855
136	155	2450
155	136	2451
136	177	2904
177	136	2905
136	157	1070
157	136	1070
141	173	4955
173	141	4956
141	143	3731
143	141	3731
142	145	3598
145	142	3598
143	151	4456
151	143	4456
144	173	1785
173	144	1785
144	145	2111
145	144	2111
145	146	3436
146	145	3436
146	151	4953
151	146	4953
151	167	1954
167	151	1954
151	182	4481
182	151	4481
151	155	4434
155	151	4435
151	170	3756
170	151	3757
154	182	2316
182	154	2316
154	184	4945
184	154	4946
155	167	3069
167	155	3069
157	182	3295
182	157	3296
166	167	1253
167	166	1253
167	184	4649
184	167	4650
