200	2818
2	2
2	3
5	8
3	6
4	6
2	3
2	2
4	8
4	8
5	10
3	5
4	6
5	9
2	2
2	2
4	6
4	8
2	2
3	5
2	2
3	5
4	8
4	7
5	10
5	9
4	6
2	2
4	7
3	5
4	8
5	10
5	8
3	4
2	2
4	8
3	4
4	7
5	8
5	10
3	5
2	4
5	10
4	8
5	8
4	7
2	2
4	7
5	9
3	4
3	5
5	8
3	6
2	4
3	4
3	5
2	3
3	6
5	10
5	10
2	2
5	10
4	6
4	6
3	4
5	10
3	6
3	4
2	2
5	10
2	2
4	6
3	5
3	4
5	10
4	6
3	6
5	10
2	2
5	8
5	8
5	9
2	3
2	2
4	8
5	9
4	7
4	8
4	8
5	10
5	9
2	4
3	4
3	5
4	6
4	7
5	9
3	5
5	9
3	4
3	5
4	6
3	6
3	4
2	3
2	3
4	7
5	9
2	2
4	6
3	6
5	10
4	8
4	6
5	10
4	7
5	9
2	3
2	3
4	8
2	3
2	2
3	4
2	2
3	5
2	2
4	8
5	10
2	4
2	3
3	4
5	9
4	7
2	3
4	8
3	5
3	5
3	6
2	3
4	7
5	9
4	7
5	10
4	7
2	3
5	10
3	5
2	3
4	7
3	4
3	6
3	6
5	10
2	3
2	3
3	4
4	7
2	3
4	7
4	7
5	9
2	4
3	6
3	5
2	3
2	2
5	10
3	5
2	3
5	10
3	5
2	3
5	9
2	2
2	3
2	2
3	5
3	4
2	3
5	9
3	6
3	5
3	6
5	9
5	10
4	7
2	3
4	8
5	10
3	4
5	9
3	6
4	6
4	7
5	9
5	8
3	6
5	10
4	7
3	5
5	9
1	6	2257
6	1	2257
1	4	3336
4	1	3337
1	189	4140
189	1	4140
1	164	389
164	1	389
1	126	2957
126	1	2957
1	63	3576
63	1	3576
1	11	4450
11	1	4450
1	188	1568
188	1	1568
1	123	4612
123	1	4613
1	78	2877
78	1	2877
1	158	2224
158	1	2225
1	144	2148
144	1	2149
1	116	3913
116	1	3914
1	127	3860
127	1	3860
1	9	1353
9	1	1353
1	18	3192
18	1	3192
1	124	81
124	1	82
1	187	2957
187	1	2957
1	28	3988
28	1	3988
1	159	4008
159	1	4009
2	17	4237
17	2	4237
2	132	1047
132	2	1047
2	162	3630
162	2	3630
2	118	4733
118	2	4733
2	192	2600
192	2	2600
2	50	4482
50	2	4483
2	112	4895
112	2	4895
2	55	127
55	2	127
2	157	1640
157	2	1640
2	70	618
70	2	618
2	181	4193
181	2	4193
2	107	2777
107	2	2777
2	62	4106
62	2	4106
2	135	4362
135	2	4363
2	187	501
187	2	501
2	110	3872
110	2	3872
2	102	4683
102	2	4683
2	115	1987
115	2	1988
2	83	4871
83	2	4872
2	159	3762
159	2	3762
3	46	4300
46	3	4300
3	164	3761
164	3	3762
3	99	2633
99	3	2634
3	68	3493
68	3	3493
3	180	1932
180	3	1933
3	51	578
51	3	578
3	153	4605
153	3	4605
3	88	3182
88	3	3183
3	48	1559
48	3	1559
3	53	4165
53	3	4165
3	89	3334
89	3	3335
3	174	3409
174	3	3409
3	17	4568
17	3	4568
3	22	3831
22	3	3831
3	126	4172
126	3	4172
3	96	4403
96	3	4403
3	181	657
181	3	658
3	125	203
125	3	203
3	112	744
112	3	745
3	98	4479
98	3	4480
4	107	3943
107	4	3944
4	26	4664
26	4	4665
4	57	4950
57	4	4950
4	160	4911
160	4	4911
4	117	4266
117	4	4266
4	91	4720
91	4	4720
4	116	4878
116	4	4879
4	60	4434
60	4	4435
4	14	4927
14	4	4928
4	171	4990
171	4	4991
4	67	4492
67	4	4493
4	45	2434
45	4	2435
4	103	4975
103	4	4975
4	49	1748
49	4	1749
4	8	3882
8	4	3882
4	68	4828
68	4	4828
4	71	3852
71	4	3852
4	119	4840
119	4	4841
4	139	3525
139	4	3525
5	49	2412
49	5	2412
5	78	2190
78	5	2190
5	75	2238
75	5	2239
5	10	2947
10	5	2948
5	108	4492
108	5	4492
5	16	3138
16	5	3138
5	9	3784
9	5	3785
5	81	4778
81	5	4779
5	186	3904
186	5	3905
5	11	1252
11	5	1252
5	146	221
146	5	221
5	65	3708
65	5	3709
5	74	4850
74	5	4850
5	119	1067
119	5	1067
5	8	72
8	5	72
5	42	4756
42	5	4756
5	160	4723
160	5	4724
5	26	3812
26	5	3812
5	197	1576
197	5	1576
5	92	1863
92	5	1863
6	168	3244
168	6	3245
6	198	3571
198	6	3572
6	106	4482
106	6	4483
6	169	485
169	6	485
6	160	1375
160	6	1376
6	150	4455
150	6	4455
6	50	4829
50	6	4830
6	74	4228
74	6	4229
6	183	4159
183	6	4159
6	65	3652
65	6	3652
6	116	508
116	6	509
6	180	2549
180	6	2549
6	12	4348
12	6	4349
6	82	4954
82	6	4955
6	159	4897
159	6	4897
6	171	4501
171	6	4501
6	111	3910
111	6	3911
6	110	1422
110	6	1422
6	95	4983
95	6	4983
7	142	1594
142	7	1595
7	56	2127
56	7	2128
7	63	4913
63	7	4914
7	101	1800
101	7	1800
7	37	249
37	7	250
7	178	1840
178	7	1840
7	28	3698
28	7	3699
7	200	1481
200	7	1481
7	117	280
117	7	281
7	10	3597
10	7	3597
7	73	3728
73	7	3729
7	72	2854
72	7	2855
7	145	2689
145	7	2689
7	104	3498
104	7	3499
7	103	2635
103	7	2635
7	161	4865
161	7	4865
7	113	4355
113	7	4356
7	14	1835
14	7	1836
7	141	1186
141	7	1186
7	39	264
39	7	265
8	170	2927
170	8	2927
8	188	2326
188	8	2326
8	67	682
67	8	683
8	35	4559
35	8	4560
8	183	3666
183	8	3666
8	96	2706
96	8	2707
8	82	1875
82	8	1876
8	130	3718
130	8	3719
8	41	3436
41	8	3436
8	50	1073
50	8	1074
8	18	4052
18	8	4053
8	70	1549
70	8	1549
8	9	292
9	8	293
8	187	2055
187	8	2056
8	186	3569
186	8	3570
8	195	4266
195	8	4267
8	58	4600
58	8	4601
8	53	4084
53	8	4085
9	14	2174
14	9	2174
9	136	1380
136	9	1380
9	175	157
175	9	157
9	73	4496
73	9	4496
9	115	4153
115	9	4153
9	78	4423
78	9	4423
9	190	4839
190	9	4839
9	186	4953
186	9	4953
9	55	1244
55	9	1244
9	68	4037
68	9	4038
9	173	4651
173	9	4652
9	161	2652
161	9	2652
9	17	4323
17	9	4324
9	144	2585
144	9	2586
9	37	4495
37	9	4496
9	84	4284
84	9	4285
9	134	2618
134	9	2618
10	133	1160
133	10	1160
10	174	3781
174	10	3782
10	184	1103
184	10	1104
10	59	1638
59	10	1639
10	167	4577
167	10	4578
10	79	2705
79	10	2706
10	129	4153
129	10	4153
10	87	1303
87	10	1304
10	27	896
27	10	897
10	29	4110
29	10	4110
10	136	3704
136	10	3705
10	47	4939
47	10	4940
10	142	1590
142	10	1590
10	200	3972
200	10	3972
10	148	1968
148	10	1969
10	194	812
194	10	813
10	30	4903
30	10	4903
10	64	4187
64	10	4187
11	157	4856
157	11	4856
11	188	3282
188	11	3282
11	97	4957
97	11	4957
11	113	2534
113	11	2535
11	144	3888
144	11	3889
11	44	3978
44	11	3978
11	76	4535
76	11	4536
11	54	4847
54	11	4847
11	56	2295
56	11	2295
11	156	3114
156	11	3115
11	136	804
136	11	805
11	112	4575
112	11	4576
11	105	1190
105	11	1190
11	173	4901
173	11	4902
11	196	1872
196	11	1873
11	161	3539
161	11	3540
11	169	3553
169	11	3554
11	73	2561
73	11	2561
12	20	2969
20	12	2970
12	172	3707
172	12	3708
12	24	2288
24	12	2288
12	64	3907
64	12	3908
12	171	4387
171	12	4388
12	104	2184
104	12	2185
12	195	4529
195	12	4529
12	122	4466
122	12	4466
12	120	4129
120	12	4129
12	142	2431
142	12	2431
12	61	2745
61	12	2746
12	17	4373
17	12	4373
12	177	773
177	12	773
12	105	3363
105	12	3363
12	130	4115
130	12	4115
12	26	4169
26	12	4169
12	161	164
161	12	165
12	180	3809
180	12	3809
12	191	3596
191	12	3596
13	183	4312
183	13	4312
13	144	4883
144	13	4884
13	114	3819
114	13	3819
13	106	4258
106	13	4259
13	146	4243
146	13	4244
13	17	1398
17	13	1398
13	29	3186
29	13	3187
13	151	4631
151	13	4632
13	96	3667
96	13	3667
13	123	4104
123	13	4105
13	103	3846
103	13	3847
13	104	3249
104	13	3249
13	19	3614
19	13	3614
13	91	3403
91	13	3403
13	64	1712
64	13	1712
13	105	4439
105	13	4440
13	39	4984
39	13	4985
13	145	3845
145	13	3845
13	73	4087
73	13	4088
13	148	2754
148	13	2755
14	178	424
178	14	425
14	16	1656
16	14	1656
14	109	100
109	14	100
14	168	2808
168	14	2808
14	111	3357
111	14	3357
14	116	2331
116	14	2331
14	167	2552
167	14	2552
14	101	2472
101	14	2472
14	24	950
24	14	950
14	114	4269
114	14	4270
14	193	4905
193	14	4905
14	129	1776
129	14	1777
14	76	989
76	14	990
14	169	3954
169	14	3955
14	66	3393
66	14	3394
14	189	3503
189	14	3503
14	27	1701
27	14	1701
15	44	4644
44	15	4645
15	125	3829
125	15	3830
15	126	1931
126	15	1931
15	32	825
32	15	825
15	194	2971
194	15	2972
15	49	1443
49	15	1443
15	167	4975
167	15	4975
15	145	4728
145	15	4729
15	68	2864
68	15	2864
15	116	2839
116	15	2839
15	74	1478
74	15	1479
15	69	3220
69	15	3221
15	27	3951
27	15	3952
15	139	4552
139	15	4552
15	144	4618
144	15	4618
15	123	2825
123	15	2826
15	192	4427
192	15	4428
15	153	1290
153	15	1290
15	85	1498
85	15	1498
15	83	4706
83	15	4707
16	132	2596
132	16	2596
16	33	3394
33	16	3395
16	107	2476
107	16	2476
16	69	4732
69	16	4733
16	129	1809
129	16	1810
16	133	4659
133	16	4660
16	109	4197
109	16	4198
16	96	2824
96	16	2824
16	111	4428
111	16	4429
16	123	1889
123	16	1890
16	169	4900
169	16	4900
16	42	3098
42	16	3099
16	200	816
200	16	816
16	45	1260
45	16	1260
16	85	3920
85	16	3921
16	31	2444
31	16	2445
16	50	4610
50	16	4611
16	82	3986
82	16	3987
17	161	2295
161	17	2296
17	185	998
185	17	998
17	104	2961
104	17	2961
17	164	4852
164	17	4852
17	79	4509
79	17	4510
17	139	4246
139	17	4247
17	68	2239
68	17	2240
17	147	2155
147	17	2155
17	160	3973
160	17	3973
17	187	4508
187	17	4509
17	18	4535
18	17	4535
17	64	2316
64	17	2316
17	94	3615
94	17	3615
17	102	1431
102	17	1431
17	135	3698
135	17	3699
18	104	3977
104	18	3977
18	98	1561
98	18	1562
18	43	4534
43	18	4535
18	74	4029
74	18	4029
18	110	4053
110	18	4053
18	66	2185
66	18	2185
18	84	3859
84	18	3859
18	86	1541
86	18	1542
18	95	3402
95	18	3403
18	67	2197
67	18	2198
18	148	3568
148	18	3569
18	146	4019
146	18	4019
18	124	4924
124	18	4925
18	41	4845
41	18	4845
18	153	1007
153	18	1007
18	160	4592
160	18	4593
18	183	3999
183	18	4000
19	65	4740
65	19	4740
19	83	1233
83	19	1233
19	40	4833
40	19	4834
19	132	2576
132	19	2577
19	170	4776
170	19	4776
19	117	4670
117	19	4671
19	142	3454
142	19	3454
19	23	3673
23	19	3674
19	190	4202
190	19	4202
19	193	2793
193	19	2793
19	89	1155
89	19	1156
19	61	1938
61	19	1939
19	179	2785
179	19	2786
19	137	621
137	19	621
19	177	4672
177	19	4672
19	152	457
152	19	458
19	25	579
25	19	580
19	95	4044
95	19	4044
19	27	3684
27	19	3685
20	77	4352
77	20	4353
20	176	2603
176	20	2604
20	174	2332
174	20	2333
20	175	4136
175	20	4137
20	50	4791
50	20	4791
20	22	2355
22	20	2355
20	45	4776
45	20	4776
20	121	1079
121	20	1080
20	99	1529
99	20	1530
20	24	1807
24	20	1807
20	192	3582
192	20	3582
20	147	3669
147	20	3670
20	90	288
90	20	289
20	141	2931
141	20	2932
20	168	3833
168	20	3833
20	133	2379
133	20	2379
20	107	4221
107	20	4221
20	144	3882
144	20	3883
20	117	3600
117	20	3601
21	105	4454
105	21	4455
21	149	4389
149	21	4389
21	132	3197
132	21	3198
21	119	2358
119	21	2359
21	151	3506
151	21	3506
21	170	854
170	21	855
21	79	2620
79	21	2620
21	113	841
113	21	842
21	138	2271
138	21	2272
21	87	230
87	21	231
21	48	2320
48	21	2321
21	177	2668
177	21	2669
21	157	4522
157	21	4523
21	60	3856
60	21	3857
21	47	4442
47	21	4443
21	90	3328
90	21	3329
22	93	71
93	22	72
22	139	4398
139	22	4399
22	175	4933
175	22	4934
22	43	3766
43	22	3767
22	147	3763
147	22	3764
22	80	2366
80	22	2366
22	66	2340
66	22	2340
22	28	4830
28	22	4831
22	153	3033
153	22	3034
22	67	2810
67	22	2810
22	138	265
138	22	265
22	181	4715
181	22	4715
22	118	1289
118	22	1289
22	54	4895
54	22	4895
22	179	2925
179	22	2925
22	69	4033
69	22	4033
22	44	3449
44	22	3450
23	34	455
34	23	456
23	179	1758
179	23	1758
23	170	171
170	23	171
23	122	1809
122	23	1809
23	199	3973
199	23	3973
23	147	2000
147	23	2001
23	55	3610
55	23	3610
23	190	2541
190	23	2541
23	32	4243
32	23	4243
23	193	3695
193	23	3696
23	62	4656
62	23	4657
23	91	4749
91	23	4749
23	182	3663
182	23	3664
23	150	3746
150	23	3746
23	174	346
174	23	346
24	100	91
100	24	92
24	192	1662
192	24	1662
24	79	1067
79	24	1067
24	159	4610
159	24	4610
24	187	1548
187	24	1549
24	158	4700
158	24	4700
24	47	4602
47	24	4603
24	98	1922
98	24	1922
24	112	2812
112	24	2813
24	66	962
66	24	962
24	97	4187
97	24	4187
24	110	4152
110	24	4152
24	180	874
180	24	874
24	142	4977
142	24	4978
24	53	2088
53	24	2088
25	43	610
43	25	610
25	53	3963
53	25	3964
25	110	4530
110	25	4531
25	137	145
137	25	145
25	178	192
178	25	192
25	94	4518
94	25	4518
25	51	4373
51	25	4374
25	70	4888
70	25	4888
25	80	4663
80	25	4664
25	161	707
161	25	707
25	81	2782
81	25	2783
25	123	3670
123	25	3671
25	116	3757
116	25	3758
25	38	3466
38	25	3466
26	180	4236
180	26	4237
26	34	4748
34	26	4748
26	158	1927
158	26	1927
26	90	1114
90	26	1114
26	159	4570
159	26	4571
26	187	3498
187	26	3498
26	84	2352
84	26	2352
26	192	2681
192	26	2682
26	123	4211
123	26	4211
26	45	4923
45	26	4924
26	50	1731
50	26	1731
26	96	3983
96	26	3984
26	48	4170
48	26	4170
26	124	921
124	26	922
27	33	1135
33	27	1136
27	159	3498
159	27	3498
27	151	2286
151	27	2286
27	187	4935
187	27	4935
27	131	2842
131	27	2842
27	37	2260
37	27	2260
27	88	1672
88	27	1673
27	130	4268
130	27	4269
27	146	4173
146	27	4173
27	172	4988
172	27	4989
27	181	3402
181	27	3403
28	74	2527
74	28	2527
28	167	4980
167	28	4980
28	36	4965
36	28	4965
28	91	1693
91	28	1693
28	97	2393
97	28	2393
28	87	3748
87	28	3749
28	129	4233
129	28	4234
28	174	2717
174	28	2717
28	173	4510
173	28	4510
28	108	4270
108	28	4270
28	166	258
166	28	259
28	56	670
56	28	670
28	155	4077
155	28	4078
29	115	159
115	29	159
29	132	4176
132	29	4177
29	134	4202
134	29	4203
29	62	677
62	29	677
29	139	4973
139	29	4974
29	100	1101
100	29	1101
29	101	1665
101	29	1665
29	182	804
182	29	804
29	83	4065
83	29	4065
29	57	2912
57	29	2912
29	156	2684
156	29	2684
29	73	85
73	29	85
29	114	4017
114	29	4017
30	47	802
47	30	802
30	147	4878
147	30	4879
30	88	2084
88	30	2084
30	160	1939
160	30	1940
30	112	2976
112	30	2976
30	165	1703
165	30	1704
30	38	3916
38	30	3917
30	129	4344
129	30	4345
30	31	3313
31	30	3314
30	181	4166
181	30	4166
30	57	3980
57	30	3980
30	162	3260
162	30	3261
30	169	4633
169	30	4633
30	139	4737
139	30	4738
30	48	2973
48	30	2974
31	82	1481
82	31	1482
31	80	1197
80	31	1198
31	138	4249
138	31	4250
31	37	1800
37	31	1801
31	57	3705
57	31	3705
31	150	1109
150	31	1109
31	73	3829
73	31	3830
31	74	4996
74	31	4997
31	158	4727
158	31	4727
31	42	4544
42	31	4545
31	100	757
100	31	758
31	139	4673
139	31	4673
31	125	3812
125	31	3812
31	34	3095
34	31	3096
32	115	1134
115	32	1135
32	86	1896
86	32	1897
32	63	3356
63	32	3356
32	149	1371
149	32	1371
32	166	2164
166	32	2164
32	37	2726
37	32	2727
32	158	4718
158	32	4719
32	176	4985
176	32	4986
32	73	2472
73	32	2472
32	177	4503
177	32	4504
32	90	1023
90	32	1024
32	119	4010
119	32	4010
32	108	3668
108	32	3669
33	132	1879
132	33	1879
33	88	2204
88	33	2205
33	156	4927
156	33	4927
33	111	3627
111	33	3627
33	177	4979
177	33	4979
33	79	3457
79	33	3458
33	51	4367
51	33	4368
33	175	1548
175	33	1548
33	105	1094
105	33	1095
33	178	2456
178	33	2456
33	130	1966
130	33	1967
33	133	4840
133	33	4841
33	53	4240
53	33	4240
33	113	1248
113	33	1248
33	183	3423
183	33	3424
33	180	4625
180	33	4625
34	177	1084
177	34	1084
34	170	1317
170	34	1317
34	83	3017
83	34	3017
34	143	3786
143	34	3787
34	180	3674
180	34	3675
34	113	3931
113	34	3931
34	102	1677
102	34	1678
34	56	3777
56	34	3778
34	176	4672
176	34	4673
34	166	2943
166	34	2944
34	67	2857
67	34	2858
34	73	4515
73	34	4516
34	173	2469
173	34	2470
35	102	3890
102	35	3891
35	91	1863
91	35	1864
35	50	4579
50	35	4580
35	57	3027
57	35	3027
35	77	1559
77	35	1560
35	185	4712
185	35	4713
35	38	1234
38	35	1234
35	101	3941
101	35	3942
35	177	3977
177	35	3978
35	72	4990
72	35	4991
35	66	4456
66	35	4457
35	84	3875
84	35	3875
35	142	3735
142	35	3735
35	188	2528
188	35	2528
35	105	3728
105	35	3728
35	94	4192
94	35	4193
35	170	2023
170	35	2024
35	130	4082
130	35	4083
36	132	1405
132	36	1405
36	99	4190
99	36	4190
36	167	2176
167	36	2177
36	176	3848
176	36	3848
36	62	2324
62	36	2324
36	111	1506
111	36	1506
36	57	727
57	36	728
36	164	4922
164	36	4922
36	198	4140
198	36	4140
36	54	4155
54	36	4156
36	48	404
48	36	405
36	76	4816
76	36	4816
36	158	4436
158	36	4436
36	61	401
61	36	401
36	55	4065
55	36	4066
36	120	4404
120	36	4404
36	114	1862
114	36	1862
37	137	213
137	37	213
37	89	4140
89	37	4140
37	135	3632
135	37	3632
37	85	1174
85	37	1175
37	95	626
95	37	627
37	182	2180
182	37	2180
37	176	576
176	37	577
37	47	4871
47	37	4871
37	158	4772
158	37	4773
37	101	2028
101	37	2029
37	144	3724
144	37	3724
37	143	1455
143	37	1455
37	38	3954
38	37	3955
37	58	3987
58	37	3987
38	49	4842
49	38	4843
38	51	346
51	38	347
38	106	4995
106	38	4996
38	123	4318
123	38	4318
38	193	2874
193	38	2875
38	84	3240
84	38	3240
38	199	938
199	38	938
38	101	2133
101	38	2134
38	171	2222
171	38	2223
38	127	1700
127	38	1700
38	110	4223
110	38	4224
38	73	4211
73	38	4212
38	81	98
81	38	98
39	96	4962
96	39	4963
39	61	4966
61	39	4967
39	109	4046
109	39	4047
39	120	3840
120	39	3840
39	52	2285
52	39	2286
39	193	2307
193	39	2307
39	46	2707
46	39	2708
39	130	4699
130	39	4700
39	56	1691
56	39	1692
39	137	990
137	39	991
39	75	3608
75	39	3608
39	132	1935
132	39	1936
39	54	290
54	39	290
39	45	1597
45	39	1598
39	172	2681
172	39	2682
39	125	80
125	39	80
40	53	2241
53	40	2242
40	64	4786
64	40	4786
40	118	3148
118	40	3149
40	165	241
165	40	242
40	85	3998
85	40	3998
40	135	922
135	40	923
40	101	4224
101	40	4224
40	137	1611
137	40	1612
40	44	4389
44	40	4390
40	61	4651
61	40	4651
40	154	4856
154	40	4857
40	87	2238
87	40	2239
40	72	4709
72	40	4709
40	46	1781
46	40	1782
40	160	2238
160	40	2239
40	116	736
116	40	737
40	59	3389
59	40	3389
41	138	4913
138	41	4914
41	135	4312
135	41	4312
41	49	2181
49	41	2182
41	64	3503
64	41	3503
41	55	4310
55	41	4311
41	92	4705
92	41	4705
41	72	3767
72	41	3768
41	155	1556
155	41	1556
41	198	4331
198	41	4332
41	167	4197
167	41	4197
41	118	3824
118	41	3824
41	125	3113
125	41	3114
41	133	819
133	41	819
41	70	670
70	41	671
41	126	2301
126	41	2301
42	131	3881
131	42	3882
42	165	3101
165	42	3101
42	180	2986
180	42	2987
42	102	4027
102	42	4028
42	64	2451
64	42	2452
42	123	4536
123	42	4537
42	91	57
91	42	57
42	118	3337
118	42	3337
42	80	1408
80	42	1409
42	184	3976
184	42	3976
42	48	3636
48	42	3636
42	100	4018
100	42	4018
42	51	4845
51	42	4846
42	170	3817
170	42	3817
42	136	2573
136	42	2574
42	47	4611
47	42	4611
43	104	4035
104	43	4036
43	180	3629
180	43	3629
43	193	1881
193	43	1882
43	149	2694
149	43	2694
43	144	2713
144	43	2713
43	62	3770
62	43	3771
43	146	3141
146	43	3142
43	170	3826
170	43	3827
43	172	3209
172	43	3210
43	159	4465
159	43	4466
43	145	2452
145	43	2453
43	76	4821
76	43	4822
44	88	3525
88	44	3525
44	63	3646
63	44	3646
44	106	3658
106	44	3659
44	142	1332
142	44	1333
44	199	4519
199	44	4519
44	140	3214
140	44	3214
44	48	3568
48	44	3569
44	115	3873
115	44	3874
44	110	3659
110	44	3659
44	177	4138
177	44	4138
44	134	109
134	44	110
44	96	4484
96	44	4485
45	54	4869
54	45	4869
45	152	4867
152	45	4868
45	95	2417
95	45	2418
45	61	2731
61	45	2731
45	71	2011
71	45	2012
45	123	2270
123	45	2270
45	52	4577
52	45	4578
45	143	3517
143	45	3517
45	79	3256
79	45	3256
45	97	2205
97	45	2205
45	116	3866
116	45	3866
45	90	201
90	45	201
46	161	4075
161	46	4076
46	174	1580
174	46	1581
46	72	3340
72	46	3341
46	49	1484
49	46	1484
46	119	106
119	46	107
46	172	3184
172	46	3184
46	86	1401
86	46	1401
46	176	3368
176	46	3368
46	149	2941
149	46	2942
46	95	1194
95	46	1195
46	120	4505
120	46	4505
46	142	1456
142	46	1457
46	101	4626
101	46	4626
46	169	4308
169	46	4308
46	138	4477
138	46	4477
46	90	2340
90	46	2341
47	133	3779
133	47	3779
47	53	2640
53	47	2641
47	179	3878
179	47	3878
47	130	4383
130	47	4384
47	140	2316
140	47	2316
47	85	4762
85	47	4762
47	146	3047
146	47	3047
47	159	4263
159	47	4263
47	60	4785
60	47	4785
47	110	4086
110	47	4086
47	109	2357
109	47	2358
47	169	3776
169	47	3777
48	103	4444
103	48	4444
48	130	4890
130	48	4890
48	104	4352
104	48	4353
48	184	3765
184	48	3765
48	98	3688
98	48	3689
48	173	4701
173	48	4702
48	159	2122
159	48	2123
48	119	4113
119	48	4114
49	109	1716
109	49	1717
49	127	4296
127	49	4296
49	172	4658
172	49	4659
49	194	3428
194	49	3429
49	156	327
156	49	328
49	122	3380
122	49	3381
49	75	4725
75	49	4726
49	108	2684
108	49	2685
49	155	2422
155	49	2422
49	104	4081
104	49	4081
49	60	3805
60	49	3806
50	147	4646
147	50	4647
50	146	4581
146	50	4582
50	130	3612
130	50	3613
50	60	2322
60	50	2322
50	165	124
165	50	124
50	156	2078
156	50	2078
50	80	4757
80	50	4757
50	153	3605
153	50	3605
50	68	4902
68	50	4903
50	109	1464
109	50	1465
50	166	2557
166	50	2557
50	116	1628
116	50	1629
51	89	1572
89	51	1573
51	86	3828
86	51	3828
51	72	2445
72	51	2446
51	134	4649
134	51	4649
51	108	4917
108	51	4918
51	146	1008
146	51	1008
51	115	4946
115	51	4947
51	101	3009
101	51	3010
51	67	2406
67	51	2407
51	62	3083
62	51	3083
51	169	3858
169	51	3859
51	75	4707
75	51	4708
51	110	3814
110	51	3814
51	99	4983
99	51	4983
52	80	4129
80	52	4130
52	62	2326
62	52	2326
52	60	3025
60	52	3026
52	198	2711
198	52	2711
52	139	4418
139	52	4418
52	98	4774
98	52	4775
52	112	3984
112	52	3985
52	99	4178
99	52	4178
52	101	2062
101	52	2062
52	168	2772
168	52	2773
52	158	2075
158	52	2076
52	136	4556
136	52	4556
52	102	3657
102	52	3658
52	132	2900
132	52	2901
52	119	2959
119	52	2960
52	78	2598
78	52	2599
52	72	1259
72	52	1260
53	79	3537
79	53	3538
53	162	4883
162	53	4883
53	92	4232
92	53	4233
53	123	267
123	53	268
53	94	3922
94	53	3923
53	199	673
199	53	674
53	128	4824
128	53	4825
53	78	4379
78	53	4380
53	113	2364
113	53	2364
54	178	4245
178	54	4245
54	153	3915
153	54	3916
54	118	4851
118	54	4852
54	136	2694
136	54	2694
54	163	2410
163	54	2411
54	74	4800
74	54	4800
54	93	1638
93	54	1638
54	147	4353
147	54	4353
54	109	2822
109	54	2822
54	165	4477
165	54	4478
54	99	3846
99	54	3846
55	196	1212
196	55	1213
55	74	4075
74	55	4075
55	105	4958
105	55	4958
55	126	3322
126	55	3323
55	59	4354
59	55	4355
55	142	1457
142	55	1457
55	64	3936
64	55	3936
55	193	1967
193	55	1968
55	156	760
156	55	761
55	147	4948
147	55	4949
56	95	1456
95	56	1456
56	86	3420
86	56	3421
56	172	3185
172	56	3185
56	129	4688
129	56	4689
56	101	2635
101	56	2636
56	84	1303
84	56	1304
56	155	4661
155	56	4662
56	79	4612
79	56	4612
56	103	972
103	56	972
56	159	992
159	56	993
56	78	3546
78	56	3546
56	167	4049
167	56	4049
56	128	4047
128	56	4047
57	93	4777
93	57	4777
57	150	3998
150	57	3999
57	149	2211
149	57	2211
57	63	2587
63	57	2587
57	133	3058
133	57	3058
57	72	2500
72	57	2500
57	89	3839
89	57	3839
57	66	1768
66	57	1768
57	60	4941
60	57	4941
57	160	4498
160	57	4498
57	82	4148
82	57	4148
57	177	662
177	57	662
58	162	4372
162	58	4373
58	108	2226
108	58	2227
58	114	4447
114	58	4447
58	155	4157
155	58	4157
58	113	4388
113	58	4389
58	67	3873
67	58	3873
58	59	4390
59	58	4390
58	197	3812
197	58	3812
58	85	2523
85	58	2524
58	124	4833
124	58	4834
58	128	4433
128	58	4434
58	126	4399
126	58	4400
58	138	2765
138	58	2765
58	182	4626
182	58	4627
58	89	4082
89	58	4083
58	73	3286
73	58	3287
59	127	3678
127	59	3678
59	137	390
137	59	391
59	96	4620
96	59	4621
59	183	1236
183	59	1236
59	154	3786
154	59	3787
59	130	2780
130	59	2780
59	92	3949
92	59	3949
59	161	2224
161	59	2225
59	65	3962
65	59	3963
59	180	1386
180	59	1386
59	115	4113
115	59	4113
60	106	4471
106	60	4471
60	165	3830
165	60	3830
60	142	2587
142	60	2587
60	157	3703
157	60	3704
60	175	4770
175	60	4771
60	132	4826
132	60	4826
60	100	4495
100	60	4495
60	133	465
133	60	465
60	66	1099
66	60	1100
60	77	1258
77	60	1259
60	81	4529
81	60	4530
60	199	464
199	60	465
61	117	2391
117	61	2391
61	86	2521
86	61	2522
61	144	4500
144	61	4501
61	101	4329
101	61	4330
61	165	784
165	61	784
61	78	2042
78	61	2042
61	105	2652
105	61	2652
61	140	4100
140	61	4101
61	156	4611
156	61	4611
61	67	1399
67	61	1399
61	136	2309
136	61	2309
61	145	1087
145	61	1088
62	66	4033
66	62	4034
62	111	736
111	62	737
62	103	1182
103	62	1182
62	165	4889
165	62	4889
62	153	3009
153	62	3009
62	102	4541
102	62	4541
62	155	4291
155	62	4291
62	147	3321
147	62	3321
62	110	4193
110	62	4193
62	149	854
149	62	855
62	109	4859
109	62	4859
62	168	4868
168	62	4868
63	139	4122
139	63	4122
63	174	4932
174	63	4933
63	146	3745
146	63	3746
63	198	632
198	63	632
63	78	4730
78	63	4731
63	100	3338
100	63	3338
63	149	3592
149	63	3593
63	114	4320
114	63	4321
63	178	111
178	63	111
63	92	2852
92	63	2853
63	199	571
199	63	572
63	67	3217
67	63	3218
63	97	583
97	63	584
64	145	3436
145	64	3437
64	175	4479
175	64	4480
64	86	4189
86	64	4189
64	185	2105
185	64	2105
64	140	3455
140	64	3456
64	171	3151
171	64	3152
64	129	4078
129	64	4079
64	109	1480
109	64	1480
64	95	2264
95	64	2264
65	135	4687
135	65	4688
65	183	3454
183	65	3455
65	155	431
155	65	431
65	177	3333
177	65	3334
65	139	4017
139	65	4018
65	154	1562
154	65	1563
65	151	2518
151	65	2519
65	72	4759
72	65	4760
65	126	889
126	65	890
65	170	2903
170	65	2904
65	81	3916
81	65	3917
65	166	205
166	65	205
66	107	2843
107	66	2844
66	134	3591
134	66	3591
66	160	4655
160	66	4656
66	146	2852
146	66	2853
66	139	3799
139	66	3800
66	135	2055
135	66	2056
66	179	1938
179	66	1939
67	167	4261
167	67	4262
67	88	2792
88	67	2793
67	171	3466
171	67	3467
67	144	3912
144	67	3913
67	120	1936
120	67	1937
67	96	3353
96	67	3354
68	149	3762
149	68	3762
68	121	4048
121	68	4048
68	146	4794
146	68	4794
68	81	4995
81	68	4995
68	111	4233
111	68	4233
68	101	3137
101	68	3137
68	90	4292
90	68	4293
68	154	4063
154	68	4063
68	142	1187
142	68	1187
69	96	4852
96	69	4852
69	71	1049
71	69	1049
69	141	1155
141	69	1156
69	168	4250
168	69	4251
69	108	4522
108	69	4523
69	73	4022
73	69	4022
69	117	2053
117	69	2053
69	106	4619
106	69	4619
69	90	3703
90	69	3703
69	178	4365
178	69	4366
69	119	3136
119	69	3137
69	130	2943
130	69	2944
69	95	4736
95	69	4737
70	112	2242
112	70	2243
70	102	3446
102	70	3447
70	153	4233
153	70	4234
70	80	1029
80	70	1030
70	141	3939
141	70	3940
70	123	1218
123	70	1218
70	146	1249
146	70	1250
70	114	4580
114	70	4581
70	117	4005
117	70	4005
70	140	4339
140	70	4339
70	147	3923
147	70	3923
71	72	1211
72	71	1211
71	120	4500
120	71	4501
71	95	4189
95	71	4189
71	142	2497
142	71	2498
71	148	4649
148	71	4649
71	167	3188
167	71	3189
71	103	3986
103	71	3987
71	82	201
82	71	202
71	89	4554
89	71	4554
71	161	4658
161	71	4659
71	114	4438
114	71	4438
71	77	4179
77	71	4180
71	145	1748
145	71	1748
71	171	4630
171	71	4630
71	84	4732
84	71	4732
72	104	3878
104	72	3878
72	143	3712
143	72	3712
72	142	3918
142	72	3919
72	176	411
176	72	411
72	168	509
168	72	509
72	141	2405
141	72	2406
72	154	4432
154	72	4433
72	96	4824
96	72	4824
72	119	4550
119	72	4550
73	96	4783
96	73	4783
73	105	4584
105	73	4584
73	196	4689
196	73	4689
73	160	1409
160	73	1410
73	161	4307
161	73	4307
73	131	3351
131	73	3351
74	117	1488
117	74	1488
74	175	1136
175	74	1137
74	96	2108
96	74	2108
74	109	4640
109	74	4641
74	156	3961
156	74	3961
74	77	544
77	74	545
74	98	4341
98	74	4342
74	116	4080
116	74	4080
75	127	4138
127	75	4138
75	136	1185
136	75	1185
75	95	4746
95	75	4746
75	114	3528
114	75	3529
75	133	1729
133	75	1730
75	177	3444
177	75	3445
75	162	2521
162	75	2522
75	165	4704
165	75	4704
75	170	3843
170	75	3844
75	130	1761
130	75	1762
75	104	4927
104	75	4927
75	102	2477
102	75	2477
75	198	3528
198	75	3529
75	147	1364
147	75	1365
76	171	4969
171	76	4969
76	154	4537
154	76	4538
76	137	4624
137	76	4625
76	96	3715
96	76	3716
76	120	3653
120	76	3653
76	89	3466
89	76	3467
76	169	3636
169	76	3637
76	198	3219
198	76	3220
76	174	3584
174	76	3584
76	144	1712
144	76	1712
76	147	4277
147	76	4278
76	88	1138
88	76	1139
76	121	4449
121	76	4450
77	146	161
146	77	162
77	127	1155
127	77	1156
77	162	2076
162	77	2077
77	122	2989
122	77	2989
77	109	3828
109	77	3829
77	91	1042
91	77	1042
77	130	3068
130	77	3068
77	120	3319
120	77	3320
77	164	1437
164	77	1437
77	168	1922
168	77	1922
77	116	1476
116	77	1477
78	167	3315
167	78	3315
78	154	3962
154	78	3962
78	171	4556
171	78	4556
78	81	3647
81	78	3647
78	86	1908
86	78	1909
78	138	889
138	78	890
78	134	3838
134	78	3838
78	127	2901
127	78	2902
79	92	4890
92	79	4891
79	80	4703
80	79	4703
79	150	4342
150	79	4342
79	138	3560
138	79	3560
79	151	2678
151	79	2679
79	112	1124
112	79	1125
79	127	4665
127	79	4665
79	141	4038
141	79	4038
79	94	4562
94	79	4562
79	91	648
91	79	649
80	135	4899
135	80	4899
80	174	1631
174	80	1631
80	138	3052
138	80	3053
80	180	4973
180	80	4973
80	124	2768
124	80	2769
80	111	4772
111	80	4772
80	166	1646
166	80	1646
80	89	2356
89	80	2356
80	155	4826
155	80	4826
80	113	494
113	80	495
81	164	4116
164	81	4117
81	173	4480
173	81	4481
81	153	4937
153	81	4938
81	174	2389
174	81	2389
81	126	3969
126	81	3969
81	172	2388
172	81	2389
81	140	795
140	81	795
81	114	2180
114	81	2181
82	177	4746
177	82	4746
82	129	4839
129	82	4839
82	89	3318
89	82	3318
82	199	4024
199	82	4024
82	183	4117
183	82	4117
82	144	1297
144	82	1298
82	87	4912
87	82	4913
82	174	3042
174	82	3042
82	115	2716
115	82	2716
82	100	3599
100	82	3600
82	136	700
136	82	701
82	171	2300
171	82	2301
83	167	1001
167	83	1002
83	150	1538
150	83	1539
83	114	4881
114	83	4881
83	169	2811
169	83	2812
83	135	3659
135	83	3660
83	121	4082
121	83	4083
83	120	3765
120	83	3766
83	158	2437
158	83	2437
83	91	4948
91	83	4948
83	125	1302
125	83	1302
83	144	1705
144	83	1706
83	116	2482
116	83	2483
83	96	4258
96	83	4258
83	89	2831
89	83	2831
84	97	3675
97	84	3675
84	167	2403
167	84	2403
84	129	3797
129	84	3797
84	159	3916
159	84	3916
84	110	4914
110	84	4914
84	133	961
133	84	961
84	178	4837
178	84	4837
84	154	1835
154	84	1835
85	114	3572
114	85	3573
85	126	3705
126	85	3705
85	122	4953
122	85	4954
85	164	4213
164	85	4213
85	131	3905
131	85	3905
85	102	1437
102	85	1438
85	119	4677
119	85	4678
85	176	4757
176	85	4757
85	136	4992
136	85	4993
85	141	2628
141	85	2629
86	116	4846
116	86	4846
86	183	1189
183	86	1189
86	113	1278
113	86	1279
86	173	4037
173	86	4037
86	117	4271
117	86	4271
86	159	2811
159	86	2811
86	138	3463
138	86	3463
86	149	391
149	86	392
86	146	2481
146	86	2481
86	169	1814
169	86	1815
86	134	4170
134	86	4170
87	132	4832
132	87	4833
87	140	2347
140	87	2348
87	145	4803
145	87	4803
87	156	2746
156	87	2746
87	148	1752
148	87	1753
87	149	750
149	87	750
87	112	2192
112	87	2192
87	165	1178
165	87	1178
87	89	1875
89	87	1875
87	143	700
143	87	701
87	88	656
88	87	656
87	134	4616
134	87	4617
88	197	4170
197	88	4170
88	102	3091
102	88	3092
88	175	2235
175	88	2236
88	134	4423
134	88	4424
88	124	1649
124	88	1650
88	115	4845
115	88	4846
88	166	4340
166	88	4341
88	95	4878
95	88	4879
88	132	1652
132	88	1652
88	120	2454
120	88	2455
88	107	1826
107	88	1826
89	178	4421
178	89	4421
89	151	1786
151	89	1787
89	198	1211
198	89	1211
89	127	520
127	89	521
89	135	4628
135	89	4628
90	148	1210
148	90	1211
90	172	2697
172	90	2697
90	126	3937
126	90	3938
90	143	3594
143	90	3594
90	106	4213
106	90	4213
90	152	4932
152	90	4932
90	158	2255
158	90	2256
90	98	4667
98	90	4668
90	166	3872
166	90	3873
91	141	1565
141	91	1565
91	152	1021
152	91	1022
91	153	4231
153	91	4232
91	122	1676
122	91	1677
91	110	3224
110	91	3224
91	175	442
175	91	443
91	132	257
132	91	258
91	156	3911
156	91	3911
92	143	3863
143	92	3864
92	141	792
141	92	793
92	154	3916
154	92	3916
92	136	3636
136	92	3637
92	129	1000
129	92	1001
92	110	3275
110	92	3276
92	173	2897
173	92	2897
92	103	2544
103	92	2544
92	99	3590
99	92	3590
93	131	3433
131	93	3434
93	95	4313
95	93	4313
93	173	2812
173	93	2813
93	129	1244
129	93	1244
93	111	255
111	93	256
93	102	542
102	93	542
93	145	2280
145	93	2281
93	133	3383
133	93	3384
93	137	3925
137	93	3925
93	175	807
175	93	808
93	105	4972
105	93	4972
93	94	4612
94	93	4612
93	98	4434
98	93	4435
93	113	198
113	93	199
93	159	4450
159	93	4450
93	141	4535
141	93	4535
94	112	3270
112	94	3271
94	172	2489
172	94	2490
94	154	3508
154	94	3508
94	102	2542
102	94	2543
94	140	2801
140	94	2801
94	114	4758
114	94	4759
94	156	4826
156	94	4826
94	134	3078
134	94	3079
94	120	164
120	94	165
94	179	3160
179	94	3160
95	129	2706
129	95	2706
95	133	2603
133	95	2604
95	111	1098
111	95	1098
95	179	937
179	95	938
96	137	1117
137	96	1118
96	166	2411
166	96	2412
96	108	3882
108	96	3882
96	178	1772
178	96	1773
97	144	1691
144	97	1692
97	121	668
121	97	669
97	157	3203
157	97	3203
97	176	4251
176	97	4252
97	171	4232
171	97	4233
97	129	3187
129	97	3187
97	118	3245
118	97	3246
97	126	4220
126	97	4220
97	154	3466
154	97	3466
98	128	3540
128	98	3540
98	137	1210
137	98	1210
98	154	2694
154	98	2695
98	110	4871
110	98	4872
98	148	4991
148	98	4992
98	126	3143
126	98	3144
98	150	4251
150	98	4251
98	127	4190
127	98	4191
98	108	726
108	98	727
99	145	496
145	99	497
99	108	3581
108	99	3582
99	167	3794
167	99	3795
99	121	1230
121	99	1231
99	175	2240
175	99	2241
99	137	4216
137	99	4217
99	107	1180
107	99	1181
99	125	1286
125	99	1287
99	112	4427
112	99	4428
100	125	4643
125	100	4644
100	164	3827
164	100	3827
100	162	1051
162	100	1051
100	136	4998
136	100	4998
100	121	2242
121	100	2243
100	166	3752
166	100	3752
100	151	4919
151	100	4919
100	134	828
134	100	829
103	136	4964
136	103	4965
103	106	4948
106	103	4948
103	160	555
160	103	555
105	131	4705
131	105	4706
105	171	4259
171	105	4259
105	126	136
126	105	137
105	125	1547
125	105	1548
106	129	4330
129	106	4330
106	128	4751
128	106	4752
106	173	3390
173	106	3391
107	109	3644
109	107	3645
107	153	4565
153	107	4566
107	115	3775
115	107	3775
107	176	1001
176	107	1002
107	140	2810
140	107	2811
107	160	4423
160	107	4423
109	140	4802
140	109	4802
109	145	1597
145	109	1597
112	153	2651
153	112	2652
112	122	1283
122	112	1283
112	118	2371
118	112	2372
113	163	2587
163	113	2587
113	124	1714
124	113	1715
113	115	4193
115	113	4193
113	162	3307
162	113	3308
114	164	3573
164	114	3573
115	157	874
157	115	874
115	197	4157
197	115	4157
115	117	3585
117	115	3586
117	152	2476
152	117	2477
117	124	1313
124	117	1314
117	140	1448
140	117	1449
117	178	2694
178	117	2695
118	128	3862
128	118	3862
118	137	3984
137	118	3985
118	126	4950
126	118	4951
121	141	4970
141	121	4971
121	154	4012
154	121	4012
121	131	4945
131	121	4946
121	127	4728
127	121	4728
121	124	4076
124	121	4077
121	137	4905
137	121	4905
121	125	4865
125	121	4865
122	143	861
143	122	861
122	153	943
153	122	943
122	158	3460
158	122	3460
124	141	1024
141	124	1025
124	179	4323
179	124	4324
124	152	242
152	124	243
124	156	2357
156	124	2357
124	140	3559
140	124	3560
128	151	3539
151	128	3539
128	157	1005
157	128	1006
128	167	3215
167	128	3216
128	131	3260
131	128	3261
128	163	3872
163	128	3872
128	162	2394
162	128	2394
131	152	1029
152	131	1029
131	145	177
145	131	178
131	134	2292
134	131	2292
131	136	2036
136	131	2037
140	150	4799
150	140	4799
140	157	945
157	140	945
141	151	2221
151	141	2221
141	179	2487
179	141	2487
143	157	1914
157	143	1914
143	162	4269
162	143	4270
143	158	4734
158	143	4734
148	151	2368
151	148	2368
148	168	4556
168	148	4556
148	178	380
178	148	381
148	176	558
176	148	558
150	164	4657
164	150	4658
150	179	4754
179	150	4754
150	166	3131
166	150	3132
150	162	4852
162	150	4852
150	176	4560
176	150	4560
151	155	2139
155	151	2139
151	156	1619
156	151	1619
152	168	666
168	152	667
152	164	385
164	152	385
152	166	4018
166	152	4018
152	157	2189
157	152	2190
152	179	1452
179	152	1453
152	171	1508
171	152	1508
152	155	4181
155	152	4181
156	157	4818
157	156	4819
157	168	4745
168	157	4745
163	171	4964
171	163	4965
163	168	3172
168	163	3173
163	197	2306
197	163	2306
163	179	2332
179	163	2333
163	166	4041
166	163	4042
163	176	1245
176	163	1245
168	179	2557
179	168	2557
168	197	4768
197	168	4768
179	197	4987
197	179	4988
