200	2864
2	2
2	3
5	8
3	6
4	6
2	3
2	2
4	8
4	8
5	10
3	5
4	6
5	9
2	2
2	2
4	6
4	8
2	2
3	5
2	2
3	5
4	8
4	7
5	10
5	9
4	6
2	2
4	7
3	5
4	8
5	10
5	8
3	4
2	2
4	8
3	4
4	7
5	8
5	10
3	5
2	4
5	10
4	8
5	8
4	7
2	2
4	7
5	9
3	4
3	5
5	8
3	6
2	4
3	4
3	5
2	3
3	6
5	10
5	10
2	2
5	10
4	6
4	6
3	4
5	10
3	6
3	4
2	2
5	10
2	2
4	6
3	5
3	4
5	10
4	6
3	6
5	10
2	2
5	8
5	8
5	9
2	3
2	2
4	8
5	9
4	7
4	8
4	8
5	10
5	9
2	4
3	4
3	5
4	6
4	7
5	9
3	5
5	9
3	4
3	5
4	6
3	6
3	4
2	3
2	3
4	7
5	9
2	2
4	6
3	6
5	10
4	8
4	6
5	10
4	7
5	9
2	3
2	3
4	8
2	3
2	2
3	4
2	2
3	5
2	2
4	8
5	10
2	4
2	3
3	4
5	9
4	7
2	3
4	8
3	5
3	5
3	6
2	3
4	7
5	9
4	7
5	10
4	7
2	3
5	10
3	5
2	3
4	7
3	4
3	6
3	6
5	10
2	3
2	3
3	4
4	7
2	3
4	7
4	7
5	9
2	4
3	6
3	5
2	3
2	2
5	10
3	5
2	3
5	10
3	5
2	3
5	9
2	2
2	3
2	2
3	5
3	4
2	3
5	9
3	6
3	5
3	6
5	9
5	10
4	7
2	3
4	8
5	10
3	4
5	9
3	6
4	6
4	7
5	9
5	8
3	6
5	10
4	7
3	5
5	9
1	22	1452
22	1	1452
1	39	1095
39	1	1095
1	56	4183
56	1	4184
1	67	284
67	1	284
1	51	2902
51	1	2902
1	7	3675
7	1	3676
1	72	4215
72	1	4215
1	152	2956
152	1	2957
1	141	3883
141	1	3883
1	117	1789
117	1	1789
1	183	3000
183	1	3001
1	21	1103
21	1	1104
1	159	4958
159	1	4959
1	32	4408
32	1	4409
1	43	1616
43	1	1617
1	169	1129
169	1	1130
1	27	938
27	1	939
1	176	1762
176	1	1763
1	105	3985
105	1	3986
1	111	4545
111	1	4546
2	184	4481
184	2	4481
2	194	3219
194	2	3220
2	60	4757
60	2	4758
2	39	3941
39	2	3941
2	187	1984
187	2	1984
2	110	3590
110	2	3591
2	50	3604
50	2	3604
2	45	794
45	2	795
2	90	1873
90	2	1874
2	57	810
57	2	810
2	106	4724
106	2	4725
2	161	2170
161	2	2170
2	10	3897
10	2	3898
2	163	4268
163	2	4269
2	117	154
117	2	155
2	170	4387
170	2	4387
2	86	4163
86	2	4163
2	128	3462
128	2	3463
2	149	3879
149	2	3879
2	27	4144
27	2	4145
3	9	4499
9	3	4499
3	166	4182
166	3	4182
3	87	2048
87	3	2049
3	11	1565
11	3	1566
3	38	1912
38	3	1912
3	92	741
92	3	742
3	61	4706
61	3	4706
3	14	2507
14	3	2508
3	195	2710
195	3	2711
3	34	4455
34	3	4456
3	179	3155
179	3	3156
3	79	3186
79	3	3187
3	86	3832
86	3	3832
3	21	4600
21	3	4601
3	173	3655
173	3	3656
3	181	4791
181	3	4792
3	93	449
93	3	449
3	114	939
114	3	940
3	32	925
32	3	925
3	39	4025
39	3	4025
4	14	4140
14	4	4140
4	176	3874
176	4	3874
4	102	3782
102	4	3783
4	59	4248
59	4	4248
4	36	4078
36	4	4078
4	47	3891
47	4	3891
4	194	4418
194	4	4418
4	185	4121
185	4	4121
4	64	4392
64	4	4393
4	80	4418
80	4	4418
4	79	4641
79	4	4641
4	140	3229
140	4	3229
4	90	4545
90	4	4545
4	117	302
117	4	302
4	139	4815
139	4	4816
4	91	3843
91	4	3843
4	121	4396
121	4	4396
4	96	4315
96	4	4315
4	50	4903
50	4	4904
4	135	2084
135	4	2085
5	87	2744
87	5	2744
5	126	1445
126	5	1445
5	53	1406
53	5	1406
5	118	4889
118	5	4890
5	90	2881
90	5	2881
5	47	4257
47	5	4258
5	92	4903
92	5	4903
5	40	3975
40	5	3976
5	148	3010
148	5	3010
5	50	847
50	5	848
5	58	3948
58	5	3949
5	10	4787
10	5	4788
5	152	2179
152	5	2180
5	165	919
165	5	919
5	123	4907
123	5	4908
5	107	4542
107	5	4543
5	113	3856
113	5	3857
5	177	389
177	5	389
5	27	2618
27	5	2619
5	45	2764
45	5	2765
6	52	4690
52	6	4691
6	165	4412
165	6	4412
6	72	159
72	6	160
6	36	3255
36	6	3256
6	82	4859
82	6	4860
6	172	3898
172	6	3898
6	57	4273
57	6	4273
6	9	4548
9	6	4548
6	169	4500
169	6	4500
6	28	239
28	6	240
6	60	2012
60	6	2012
6	24	3825
24	6	3825
6	178	4862
178	6	4862
6	114	4216
114	6	4216
6	180	3613
180	6	3614
6	49	4856
49	6	4856
6	188	2159
188	6	2160
6	199	3934
199	6	3934
6	150	2685
150	6	2685
6	71	3493
71	6	3494
7	103	4455
103	7	4456
7	181	1085
181	7	1085
7	125	235
125	7	235
7	172	2793
172	7	2793
7	140	4722
140	7	4723
7	28	420
28	7	421
7	9	181
9	7	182
7	186	3931
186	7	3932
7	88	4341
88	7	4341
7	187	1666
187	7	1666
7	167	2537
167	7	2537
7	42	1166
42	7	1167
7	149	1839
149	7	1839
7	62	3506
62	7	3506
7	94	4692
94	7	4692
7	11	2438
11	7	2439
7	124	1789
124	7	1789
7	27	448
27	7	449
7	194	2075
194	7	2076
8	21	2336
21	8	2336
8	180	862
180	8	862
8	119	3766
119	8	3767
8	47	4228
47	8	4229
8	25	2131
25	8	2131
8	179	1761
179	8	1761
8	109	4272
109	8	4272
8	72	1979
72	8	1979
8	153	1391
153	8	1391
8	161	4002
161	8	4003
8	87	2894
87	8	2895
8	16	2369
16	8	2370
8	23	3446
23	8	3447
8	130	3620
130	8	3621
8	17	4555
17	8	4556
8	183	3883
183	8	3884
8	15	4890
15	8	4891
8	158	2803
158	8	2804
8	103	1887
103	8	1887
8	190	146
190	8	147
9	116	4896
116	9	4896
9	82	3979
82	9	3980
9	43	4596
43	9	4596
9	46	3738
46	9	3738
9	38	3989
38	9	3990
9	137	1399
137	9	1400
9	150	3888
150	9	3889
9	18	4838
18	9	4838
9	122	2888
122	9	2888
9	74	4469
74	9	4469
9	25	1619
25	9	1619
9	79	4389
79	9	4390
9	11	4601
11	9	4601
9	66	1191
66	9	1192
9	118	2771
118	9	2771
9	92	4439
92	9	4439
9	117	2261
117	9	2262
10	113	1606
113	10	1606
10	72	3775
72	10	3775
10	68	3481
68	10	3481
10	54	4714
54	10	4714
10	140	3410
140	10	3410
10	23	750
23	10	750
10	187	4105
187	10	4105
10	48	4928
48	10	4929
10	46	4842
46	10	4843
10	44	2694
44	10	2695
10	97	3834
97	10	3834
10	95	3248
95	10	3248
10	123	539
123	10	540
10	67	4632
67	10	4632
10	121	3914
121	10	3915
10	29	3641
29	10	3641
10	100	2603
100	10	2604
10	11	3755
11	10	3755
11	101	1503
101	11	1504
11	137	4173
137	11	4174
11	96	4847
96	11	4847
11	123	3824
123	11	3825
11	181	3804
181	11	3805
11	144	2712
144	11	2712
11	83	1843
83	11	1844
11	140	343
140	11	344
11	160	4225
160	11	4225
11	185	2776
185	11	2776
11	164	398
164	11	398
11	18	1680
18	11	1681
11	179	3700
179	11	3700
11	189	893
189	11	894
11	165	1756
165	11	1757
11	103	1319
103	11	1320
12	119	4859
119	12	4860
12	172	1542
172	12	1542
12	168	4815
168	12	4815
12	123	4758
123	12	4759
12	176	2825
176	12	2825
12	200	4184
200	12	4185
12	80	4353
80	12	4353
12	94	3949
94	12	3950
12	28	1419
28	12	1420
12	166	2698
166	12	2699
12	66	4178
66	12	4178
12	50	653
50	12	653
12	51	2748
51	12	2749
12	52	4616
52	12	4616
12	34	4375
34	12	4375
12	85	201
85	12	201
12	141	4707
141	12	4707
12	164	4841
164	12	4841
12	81	4162
81	12	4163
12	78	3604
78	12	3605
13	120	3996
120	13	3997
13	16	4507
16	13	4507
13	150	3508
150	13	3508
13	173	2415
173	13	2415
13	195	2475
195	13	2475
13	140	4523
140	13	4523
13	43	3636
43	13	3637
13	166	4673
166	13	4673
13	121	4900
121	13	4900
13	111	4190
111	13	4191
13	19	3518
19	13	3519
13	90	2458
90	13	2458
13	34	1360
34	13	1360
13	122	3910
122	13	3910
13	103	4042
103	13	4042
13	185	4214
185	13	4215
13	118	4169
118	13	4170
13	51	2974
51	13	2975
13	21	501
21	13	502
13	95	2840
95	13	2840
14	15	2194
15	14	2194
14	188	2940
188	14	2940
14	124	4779
124	14	4779
14	118	2436
118	14	2436
14	85	2402
85	14	2402
14	68	1004
68	14	1004
14	115	605
115	14	606
14	163	4403
163	14	4404
14	34	3969
34	14	3970
14	123	1367
123	14	1368
14	35	724
35	14	725
14	66	4102
66	14	4103
14	127	3115
127	14	3116
14	21	4819
21	14	4820
14	104	1095
104	14	1096
14	148	3545
148	14	3545
14	184	4131
184	14	4132
14	41	1435
41	14	1435
15	117	479
117	15	479
15	76	1551
76	15	1551
15	174	3252
174	15	3253
15	142	3940
142	15	3940
15	161	3556
161	15	3557
15	103	2095
103	15	2096
15	163	3190
163	15	3191
15	156	1294
156	15	1294
15	134	2967
134	15	2967
15	155	3526
155	15	3527
15	198	4916
198	15	4917
15	126	468
126	15	468
15	24	2861
24	15	2861
15	172	4929
172	15	4930
15	43	1246
43	15	1247
15	71	1533
71	15	1533
15	67	4792
67	15	4793
15	149	1397
149	15	1398
16	137	2611
137	16	2612
16	34	2969
34	16	2970
16	132	980
132	16	980
16	66	3140
66	16	3140
16	76	4522
76	16	4522
16	190	3978
190	16	3978
16	44	1887
44	16	1888
16	177	4724
177	16	4725
16	161	1400
161	16	1400
16	149	4677
149	16	4677
16	26	2843
26	16	2843
16	87	325
87	16	325
16	168	2791
168	16	2791
16	58	3843
58	16	3843
16	20	1126
20	16	1127
16	142	4383
142	16	4384
16	48	4957
48	16	4957
16	129	1741
129	16	1741
17	68	572
68	17	572
17	77	1756
77	17	1757
17	113	3968
113	17	3968
17	97	4576
97	17	4577
17	24	3944
24	17	3944
17	162	2500
162	17	2501
17	175	1709
175	17	1709
17	159	4522
159	17	4523
17	196	4580
196	17	4581
17	50	3527
50	17	3527
17	114	2507
114	17	2507
17	120	70
120	17	70
17	92	1478
92	17	1478
17	128	4065
128	17	4066
17	91	4825
91	17	4826
17	69	1387
69	17	1388
17	111	3854
111	17	3855
17	81	4933
81	17	4933
17	41	4814
41	17	4815
18	185	2257
185	18	2257
18	81	4366
81	18	4366
18	198	2300
198	18	2301
18	26	2164
26	18	2165
18	73	3447
73	18	3447
18	71	4531
71	18	4531
18	173	4683
173	18	4683
18	200	3559
200	18	3559
18	88	3910
88	18	3911
18	160	2427
160	18	2427
18	143	3788
143	18	3788
18	85	3801
85	18	3801
18	157	4250
157	18	4251
18	131	1907
131	18	1908
18	54	4183
54	18	4184
18	169	1569
169	18	1569
18	31	4576
31	18	4576
18	167	3639
167	18	3639
19	143	4437
143	19	4437
19	27	4055
27	19	4056
19	36	4831
36	19	4831
19	35	3086
35	19	3087
19	55	2359
55	19	2359
19	54	2674
54	19	2675
19	115	1756
115	19	1757
19	134	854
134	19	854
19	21	4123
21	19	4123
19	158	459
158	19	459
19	37	416
37	19	417
19	137	4782
137	19	4782
19	70	4261
70	19	4261
19	85	4499
85	19	4500
19	200	2460
200	19	2460
19	75	2464
75	19	2465
19	100	4166
100	19	4166
19	92	4683
92	19	4684
19	47	2420
47	19	2421
20	48	4015
48	20	4016
20	136	1332
136	20	1333
20	137	2071
137	20	2072
20	59	1563
59	20	1563
20	147	3513
147	20	3513
20	112	3902
112	20	3903
20	50	121
50	20	122
20	31	1158
31	20	1158
20	123	3896
123	20	3897
20	156	2676
156	20	2677
20	131	3517
131	20	3518
20	173	4234
173	20	4234
20	166	3834
166	20	3834
20	142	4876
142	20	4877
20	98	4829
98	20	4829
20	185	1651
185	20	1652
20	87	1684
87	20	1684
20	29	3586
29	20	3586
20	190	503
190	20	503
21	27	3435
27	21	3435
21	146	647
146	21	648
21	47	3493
47	21	3493
21	87	3222
87	21	3222
21	158	2033
158	21	2033
21	68	2569
68	21	2569
21	97	4120
97	21	4121
21	147	4770
147	21	4770
21	67	3782
67	21	3783
21	46	1785
46	21	1786
21	149	151
149	21	151
21	155	3640
155	21	3640
21	130	4895
130	21	4896
22	137	4640
137	22	4641
22	162	3597
162	22	3597
22	115	1280
115	22	1281
22	176	2518
176	22	2518
22	107	4069
107	22	4069
22	123	1247
123	22	1248
22	76	1700
76	22	1701
22	39	170
39	22	170
22	101	4919
101	22	4919
22	49	1104
49	22	1105
22	139	4767
139	22	4767
22	160	2530
160	22	2531
22	81	4949
81	22	4949
22	165	1026
165	22	1027
23	29	925
29	23	926
23	116	1646
116	23	1646
23	34	546
34	23	546
23	136	3048
136	23	3048
23	63	4277
63	23	4278
23	167	2805
167	23	2806
23	140	4794
140	23	4795
23	194	2407
194	23	2408
23	106	4387
106	23	4388
23	147	4711
147	23	4712
23	164	3834
164	23	3834
23	193	4634
193	23	4635
23	152	4330
152	23	4330
23	53	4486
53	23	4487
23	115	798
115	23	798
23	151	594
151	23	595
23	174	1859
174	23	1860
24	193	1632
193	24	1632
24	40	4010
40	24	4011
24	32	1903
32	24	1904
24	155	4356
155	24	4357
24	164	4310
164	24	4311
24	176	1514
176	24	1515
24	151	1289
151	24	1289
24	95	76
95	24	77
24	200	4208
200	24	4208
24	180	3700
180	24	3701
24	28	2753
28	24	2754
24	47	4498
47	24	4498
24	119	3202
119	24	3203
24	49	429
49	24	429
24	157	4228
157	24	4228
25	61	3632
61	25	3633
25	88	749
88	25	749
25	81	873
81	25	873
25	92	4782
92	25	4782
25	125	4234
125	25	4234
25	127	4738
127	25	4738
25	40	4889
40	25	4890
25	36	351
36	25	352
25	46	1572
46	25	1573
25	181	4626
181	25	4627
25	177	4979
177	25	4980
25	104	1996
104	25	1996
25	140	4721
140	25	4721
26	198	4191
198	26	4191
26	154	1752
154	26	1752
26	92	2198
92	26	2199
26	44	3769
44	26	3770
26	128	1298
128	26	1298
26	181	1990
181	26	1990
26	139	2913
139	26	2914
26	70	3803
70	26	3803
26	112	4968
112	26	4968
26	53	1704
53	26	1705
26	173	4048
173	26	4049
26	123	3986
123	26	3987
26	178	77
178	26	78
27	144	3339
144	27	3340
27	111	3486
111	27	3487
27	93	1426
93	27	1426
27	128	4745
128	27	4746
27	172	2265
172	27	2265
27	91	1499
91	27	1500
27	95	2068
95	27	2068
27	175	4064
175	27	4065
27	81	4504
81	27	4505
27	53	3618
53	27	3619
27	108	2040
108	27	2040
27	83	1839
83	27	1840
27	60	4113
60	27	4114
28	50	3578
50	28	3579
28	61	3172
61	28	3173
28	32	1577
32	28	1577
28	107	3941
107	28	3942
28	149	4543
149	28	4543
28	189	2480
189	28	2481
28	150	3578
150	28	3579
28	56	3899
56	28	3900
28	89	535
89	28	536
28	184	862
184	28	862
28	128	4979
128	28	4980
28	43	368
43	28	368
28	31	3554
31	28	3554
28	54	3515
54	28	3516
28	158	630
158	28	631
29	82	3772
82	29	3772
29	164	2915
164	29	2915
29	55	1122
55	29	1123
29	50	74
50	29	74
29	196	3795
196	29	3796
29	178	1504
178	29	1504
29	141	2386
141	29	2386
29	76	742
76	29	743
29	169	4562
169	29	4563
29	106	893
106	29	894
29	140	3567
140	29	3568
29	119	2527
119	29	2528
29	197	2109
197	29	2109
29	38	1554
38	29	1555
29	138	2965
138	29	2966
30	143	3766
143	30	3767
30	32	4569
32	30	4570
30	145	2072
145	30	2073
30	164	4630
164	30	4630
30	84	3665
84	30	3666
30	144	1807
144	30	1807
30	103	4093
103	30	4093
30	142	4197
142	30	4198
30	99	129
99	30	129
30	81	1539
81	30	1539
30	146	1308
146	30	1309
30	159	4097
159	30	4098
30	67	1271
67	30	1272
30	122	3623
122	30	3624
30	116	2971
116	30	2972
31	132	4427
132	31	4427
31	115	4812
115	31	4812
31	200	4383
200	31	4383
31	40	3841
40	31	3842
31	43	3100
43	31	3100
31	110	3817
110	31	3817
31	36	4003
36	31	4003
31	46	3362
46	31	3363
31	91	1834
91	31	1834
31	32	1019
32	31	1019
31	76	2871
76	31	2872
31	60	2631
60	31	2632
31	84	2583
84	31	2583
31	101	2340
101	31	2341
32	59	3869
59	32	3870
32	99	4930
99	32	4930
32	176	3233
176	32	3233
32	160	3666
160	32	3666
32	74	2010
74	32	2010
32	127	4492
127	32	4492
32	42	4465
42	32	4466
32	118	2400
118	32	2401
32	37	3162
37	32	3163
32	97	4990
97	32	4990
32	50	4530
50	32	4531
33	156	4133
156	33	4133
33	95	2376
95	33	2376
33	173	4507
173	33	4507
33	56	3269
56	33	3270
33	160	2186
160	33	2187
33	80	1798
80	33	1798
33	140	3201
140	33	3202
33	120	4594
120	33	4595
33	142	4177
142	33	4177
33	44	1460
44	33	1460
33	85	2686
85	33	2686
33	129	3975
129	33	3976
33	146	2384
146	33	2384
33	137	2600
137	33	2600
33	45	1223
45	33	1224
33	122	4778
122	33	4778
33	75	4829
75	33	4829
33	76	4664
76	33	4664
34	43	1722
43	34	1722
34	73	4695
73	34	4695
34	51	4768
51	34	4769
34	135	2136
135	34	2136
34	148	2299
148	34	2300
34	159	4651
159	34	4652
34	164	2398
164	34	2398
34	108	4472
108	34	4472
34	37	2238
37	34	2238
34	165	3815
165	34	3815
34	55	1195
55	34	1196
34	44	1018
44	34	1018
35	88	4762
88	35	4763
35	40	1614
40	35	1614
35	56	4351
56	35	4352
35	45	4228
45	35	4229
35	62	3524
62	35	3525
35	157	4320
157	35	4321
35	107	3784
107	35	3784
35	98	3926
98	35	3927
35	188	3269
188	35	3269
35	198	3786
198	35	3787
35	105	177
105	35	178
35	37	1140
37	35	1141
35	85	4205
85	35	4206
35	60	2905
60	35	2905
35	72	3733
72	35	3734
36	48	2165
48	36	2166
36	179	4059
179	36	4060
36	133	2156
133	36	2156
36	104	2099
104	36	2100
36	100	633
100	36	634
36	148	4584
148	36	4584
36	54	3711
54	36	3712
36	171	4716
171	36	4717
36	164	154
164	36	154
36	153	4570
153	36	4571
36	42	4048
42	36	4048
37	67	385
67	37	386
37	44	3874
44	37	3875
37	62	4085
62	37	4086
37	135	1891
135	37	1892
37	184	509
184	37	510
37	127	3731
127	37	3731
37	93	4475
93	37	4476
37	161	1603
161	37	1603
37	104	314
104	37	315
37	74	3050
74	37	3050
37	80	1280
80	37	1281
37	56	4672
56	37	4673
37	79	3976
79	37	3976
38	157	1402
157	38	1403
38	39	3787
39	38	3787
38	131	2752
131	38	2752
38	137	3511
137	38	3511
38	53	3896
53	38	3896
38	69	4490
69	38	4490
38	192	3306
192	38	3307
38	82	4713
82	38	4714
38	168	4739
168	38	4740
38	136	3153
136	38	3153
38	44	2697
44	38	2697
38	119	938
119	38	938
39	154	1443
154	39	1444
39	66	3150
66	39	3151
39	126	3230
126	39	3231
39	138	3527
138	39	3528
39	141	4502
141	39	4503
39	185	121
185	39	121
39	60	4589
60	39	4589
39	99	3668
99	39	3669
39	46	3595
46	39	3595
39	163	3898
163	39	3899
39	150	2981
150	39	2982
39	88	1223
88	39	1223
39	82	2868
82	39	2868
39	43	4045
43	39	4046
40	117	1551
117	40	1551
40	66	987
66	40	987
40	150	4267
150	40	4267
40	106	2908
106	40	2908
40	137	411
137	40	412
40	139	2111
139	40	2111
40	185	1460
185	40	1461
40	124	680
124	40	680
40	118	1056
118	40	1056
40	162	3816
162	40	3817
41	175	1656
175	41	1656
41	138	491
138	41	492
41	186	4257
186	41	4257
41	78	282
78	41	283
41	196	4689
196	41	4690
41	88	1333
88	41	1334
41	127	4886
127	41	4886
41	91	4957
91	41	4957
41	86	4778
86	41	4779
41	93	2699
93	41	2699
41	87	4872
87	41	4872
41	82	2992
82	41	2992
41	61	2272
61	41	2273
41	184	399
184	41	399
41	66	4260
66	41	4261
41	121	4879
121	41	4880
42	67	3583
67	42	3583
42	122	2618
122	42	2619
42	106	3900
106	42	3900
42	159	4246
159	42	4246
42	77	4818
77	42	4819
42	169	4696
169	42	4697
42	83	2918
83	42	2918
42	103	4736
103	42	4737
42	174	4895
174	42	4896
42	58	4413
58	42	4413
42	51	3516
51	42	3516
42	63	138
63	42	138
42	137	368
137	42	369
43	123	3270
123	43	3270
43	128	3974
128	43	3975
43	154	2427
154	43	2428
43	57	3383
57	43	3384
43	54	4330
54	43	4330
43	76	1434
76	43	1434
43	144	3865
144	43	3865
43	106	107
106	43	108
43	131	2068
131	43	2068
43	87	1817
87	43	1817
44	75	3962
75	44	3963
44	144	4274
144	44	4274
44	56	4682
56	44	4682
44	135	788
135	44	789
44	96	4910
96	44	4910
44	173	2303
173	44	2304
44	62	4169
62	44	4170
44	107	4640
107	44	4640
44	95	3813
95	44	3814
44	167	1521
167	44	1522
44	166	2913
166	44	2913
45	179	2384
179	45	2384
45	125	4849
125	45	4849
45	131	1845
131	45	1846
45	150	4466
150	45	4467
45	193	3056
193	45	3057
45	109	4612
109	45	4613
45	163	1967
163	45	1967
45	171	4398
171	45	4399
45	188	3526
188	45	3526
45	74	3871
74	45	3871
45	126	3704
126	45	3705
45	63	2623
63	45	2624
45	161	4258
161	45	4259
45	98	1051
98	45	1051
46	91	4840
91	46	4841
46	75	4615
75	46	4616
46	144	4153
144	46	4153
46	120	4606
120	46	4606
46	63	551
63	46	551
46	73	4123
73	46	4123
46	158	4186
158	46	4187
46	53	4264
53	46	4265
46	138	2070
138	46	2071
46	57	2880
57	46	2881
46	188	1654
188	46	1654
47	167	2182
167	47	2182
47	176	4303
176	47	4304
47	149	4563
149	47	4564
47	129	2158
129	47	2159
47	70	1113
70	47	1114
47	59	4978
59	47	4979
47	56	1471
56	47	1472
47	119	4603
119	47	4603
47	172	2748
172	47	2749
47	154	1885
154	47	1885
47	73	2627
73	47	2627
48	133	888
133	48	889
48	168	2714
168	48	2715
48	123	2010
123	48	2011
48	113	2308
113	48	2309
48	134	3229
134	48	3230
48	55	2587
55	48	2587
48	68	4583
68	48	4583
48	89	2111
89	48	2112
48	169	3937
169	48	3937
48	172	3947
172	48	3947
48	131	3606
131	48	3607
48	135	3104
135	48	3105
48	184	4836
184	48	4836
48	82	3219
82	48	3219
49	188	3883
188	49	3884
49	101	4764
101	49	4765
49	144	1779
144	49	1780
49	172	4022
172	49	4023
49	54	620
54	49	620
49	105	4673
105	49	4674
49	62	4159
62	49	4160
49	90	4146
90	49	4147
49	143	2204
143	49	2204
49	130	3960
130	49	3961
49	82	4675
82	49	4676
49	193	3756
193	49	3757
49	61	4945
61	49	4946
49	170	3956
170	49	3957
50	80	3891
80	50	3892
50	173	4776
173	50	4776
50	159	1268
159	50	1268
50	58	3847
58	50	3847
50	155	1109
155	50	1109
50	143	3903
143	50	3903
51	92	4745
92	51	4745
51	127	2733
127	51	2733
51	120	619
120	51	620
51	176	3404
176	51	3404
51	64	4377
64	51	4378
51	167	2334
167	51	2334
51	62	2641
62	51	2641
51	169	3997
169	51	3997
51	139	3767
139	51	3768
51	178	4423
178	51	4423
51	81	3841
81	51	3841
51	60	3678
60	51	3678
51	87	3295
87	51	3296
51	124	991
124	51	991
52	131	1082
131	52	1082
52	125	4571
125	52	4571
52	103	4819
103	52	4819
52	99	4624
99	52	4624
52	180	2441
180	52	2442
52	135	2440
135	52	2440
52	132	2210
132	52	2211
52	91	2573
91	52	2574
52	147	4822
147	52	4822
52	138	3053
138	52	3054
52	58	4113
58	52	4113
52	172	4661
172	52	4662
52	117	1668
117	52	1669
52	76	3630
76	52	3630
52	174	3114
174	52	3114
52	193	2025
193	52	2025
52	126	3026
126	52	3026
53	79	3900
79	53	3901
53	89	4576
89	53	4577
53	134	4341
134	53	4342
53	162	3836
162	53	3836
53	73	4600
73	53	4600
53	112	1557
112	53	1557
53	190	4586
190	53	4586
53	167	1423
167	53	1424
53	85	4585
85	53	4586
54	83	4411
83	54	4412
54	126	4696
126	54	4696
54	136	4784
136	54	4784
54	132	3444
132	54	3444
54	131	1575
131	54	1576
54	190	2302
190	54	2303
54	168	3951
168	54	3952
54	56	4106
56	54	4107
54	109	2522
109	54	2523
54	163	3248
163	54	3249
54	89	3066
89	54	3067
55	71	3274
71	55	3275
55	95	4223
95	55	4224
55	77	4499
77	55	4499
55	91	4132
91	55	4133
55	144	941
144	55	941
55	165	4045
165	55	4045
55	180	254
180	55	254
55	154	4472
154	55	4472
55	171	178
171	55	178
55	196	1552
196	55	1553
55	82	4798
82	55	4798
55	85	4854
85	55	4855
56	124	4550
124	56	4550
56	64	3370
64	56	3370
56	93	1737
93	56	1737
56	125	3737
125	56	3737
56	177	1311
177	56	1312
56	173	4253
173	56	4253
56	136	2534
136	56	2535
57	129	4759
129	57	4759
57	70	4480
70	57	4480
57	150	2678
150	57	2679
57	66	3799
66	57	3800
57	196	4026
196	57	4027
57	124	1985
124	57	1986
57	176	4583
176	57	4583
57	98	2217
98	57	2217
57	134	4255
134	57	4255
57	182	1996
182	57	1996
57	61	971
61	57	971
58	147	4371
147	58	4372
58	177	1051
177	58	1051
58	173	2150
173	58	2151
58	117	3144
117	58	3145
58	89	4748
89	58	4748
58	81	1745
81	58	1746
58	166	2955
166	58	2956
58	126	3681
126	58	3682
58	145	4866
145	58	4867
58	185	659
185	58	659
58	154	508
154	58	509
58	170	4063
170	58	4063
58	192	4664
192	58	4665
59	113	3679
113	59	3679
59	102	4703
102	59	4703
59	84	4176
84	59	4176
59	104	3130
104	59	3130
59	175	2145
175	59	2145
59	100	1403
100	59	1404
59	88	2500
88	59	2500
59	115	3724
115	59	3725
59	78	3122
78	59	3123
59	182	4903
182	59	4903
59	132	4107
132	59	4107
59	184	3725
184	59	3726
59	126	318
126	59	318
60	192	3697
192	60	3697
60	83	2436
83	60	2437
60	64	4254
64	60	4255
60	180	3534
180	60	3535
60	111	4835
111	60	4835
60	76	4312
76	60	4313
60	65	4537
65	60	4538
60	97	4479
97	60	4480
60	120	2971
120	60	2971
60	182	4968
182	60	4969
60	72	3728
72	60	3728
60	127	4939
127	60	4939
61	132	3280
132	61	3280
61	63	4775
63	61	4775
61	124	4067
124	61	4067
61	143	3047
143	61	3047
61	77	3552
77	61	3552
61	116	875
116	61	875
61	72	4034
72	61	4035
61	110	2390
110	61	2390
61	115	4843
115	61	4844
61	67	1180
67	61	1181
61	66	4117
66	61	4117
61	192	3044
192	61	3045
62	73	4063
73	62	4064
62	82	2041
82	62	2041
62	136	4399
136	62	4400
62	192	3702
192	62	3702
62	146	3953
146	62	3954
62	130	2571
130	62	2571
62	149	4769
149	62	4770
62	97	4013
97	62	4014
62	141	4051
141	62	4052
63	83	3817
83	63	3817
63	181	738
181	63	739
63	130	2407
130	63	2407
63	180	1491
180	63	1491
63	87	3923
87	63	3924
63	72	1678
72	63	1679
63	178	1510
178	63	1510
63	131	2780
131	63	2780
63	173	3941
173	63	3941
63	129	4609
129	63	4609
63	68	698
68	63	699
63	85	1743
85	63	1744
64	106	1611
106	64	1611
64	89	4681
89	64	4681
64	124	4751
124	64	4751
64	125	2340
125	64	2340
64	175	3268
175	64	3269
64	176	1123
176	64	1123
64	108	3750
108	64	3750
64	115	912
115	64	912
64	196	2329
196	64	2329
64	85	3899
85	64	3899
64	131	3050
131	64	3051
64	86	4234
86	64	4234
65	130	4483
130	65	4483
65	172	2349
172	65	2349
65	158	4262
158	65	4262
65	121	164
121	65	165
65	125	3658
125	65	3658
65	80	3777
80	65	3777
65	108	3986
108	65	3986
65	123	4410
123	65	4411
65	173	4591
173	65	4591
65	176	263
176	65	263
65	76	4298
76	65	4298
65	144	1201
144	65	1202
65	70	3563
70	65	3563
65	167	4561
167	65	4561
66	74	464
74	66	465
66	124	2769
124	66	2769
66	180	2559
180	66	2560
66	99	2700
99	66	2700
66	83	2572
83	66	2572
66	115	2953
115	66	2954
66	93	4312
93	66	4313
66	178	4090
178	66	4091
66	80	1809
80	66	1810
67	107	2518
107	67	2519
67	92	3480
92	67	3480
67	112	4738
112	67	4739
67	84	2469
84	67	2470
67	126	1170
126	67	1170
67	157	4968
157	67	4968
67	125	3351
125	67	3352
67	191	662
191	67	662
67	109	2347
109	67	2347
68	70	3863
70	68	3864
68	180	2126
180	68	2127
68	95	2303
95	68	2303
68	172	4405
172	68	4405
68	86	890
86	68	891
68	161	3386
161	68	3386
68	158	4172
158	68	4173
68	144	682
144	68	682
68	141	1082
141	68	1082
68	139	4870
139	68	4871
68	99	4684
99	68	4684
68	78	3318
78	68	3319
68	80	4899
80	68	4900
69	155	275
155	69	276
69	96	3012
96	69	3013
69	129	4450
129	69	4450
69	193	3590
193	69	3591
69	111	3134
111	69	3135
69	172	4478
172	69	4479
69	78	3355
78	69	3355
69	76	3298
76	69	3299
69	79	4155
79	69	4155
69	102	4830
102	69	4831
69	133	4173
133	69	4174
69	142	4708
142	69	4709
69	77	4271
77	69	4271
69	192	2092
192	69	2092
69	121	3751
121	69	3752
69	106	3890
106	69	3890
69	152	3069
152	69	3069
70	162	4282
162	70	4282
70	146	2308
146	70	2308
70	92	1308
92	70	1309
70	151	4180
151	70	4181
70	157	4253
157	70	4253
70	73	4814
73	70	4815
70	93	2182
93	70	2183
70	163	3948
163	70	3948
70	107	4982
107	70	4983
70	169	3991
169	70	3991
70	97	1819
97	70	1819
70	128	2181
128	70	2181
70	71	4604
71	70	4605
71	164	3216
164	71	3217
71	163	3436
163	71	3436
71	94	3639
94	71	3639
71	107	2248
107	71	2248
71	79	4574
79	71	4574
71	127	3217
127	71	3218
71	154	2465
154	71	2465
71	105	4796
105	71	4796
71	110	4812
110	71	4813
71	75	4048
75	71	4049
71	171	4160
171	71	4160
71	193	3218
193	71	3219
72	175	4420
175	72	4420
72	156	4299
156	72	4300
72	171	2835
171	72	2835
72	161	4971
161	72	4972
72	144	3473
144	72	3474
72	142	3853
142	72	3854
72	178	714
178	72	715
72	109	4275
109	72	4276
73	85	4686
85	73	4687
73	105	3815
105	73	3816
73	170	4270
170	73	4270
73	160	2718
160	73	2719
73	121	4191
121	73	4191
73	146	4191
146	73	4191
73	148	4242
148	73	4242
73	116	4884
116	73	4885
73	192	4796
192	73	4797
73	95	704
95	73	705
73	108	413
108	73	413
74	192	3237
192	74	3237
74	152	3798
152	74	3798
74	155	4312
155	74	4312
74	138	3926
138	74	3927
74	95	4341
95	74	4342
74	87	4470
87	74	4470
74	82	3501
82	74	3501
74	164	2801
164	74	2801
74	124	3540
124	74	3541
74	180	2132
180	74	2132
75	130	2675
130	75	2675
75	169	2979
169	75	2980
75	76	2808
76	75	2809
75	161	4352
161	75	4353
75	103	4644
103	75	4644
75	127	347
127	75	348
75	82	3933
82	75	3934
75	133	3845
133	75	3845
75	186	4961
186	75	4961
75	147	2726
147	75	2727
76	107	4680
107	76	4680
76	112	4546
112	76	4546
76	129	2402
129	76	2403
76	99	3046
99	76	3046
76	92	2675
92	76	2676
76	123	4113
123	76	4114
76	121	4210
121	76	4211
77	170	1266
170	77	1266
77	86	3706
86	77	3706
77	84	3256
84	77	3256
77	155	4149
155	77	4149
77	122	2317
122	77	2317
77	157	4851
157	77	4852
77	138	4145
138	77	4146
77	105	4990
105	77	4991
77	81	4109
81	77	4110
77	91	4737
91	77	4737
77	118	1462
118	77	1463
77	177	3718
177	77	3718
78	165	2080
165	78	2080
78	191	4005
191	78	4005
78	124	3044
124	78	3045
78	125	3610
125	78	3610
78	140	3047
140	78	3048
78	170	4017
170	78	4018
78	193	1559
193	78	1559
78	168	1309
168	78	1310
78	111	1607
111	78	1608
78	163	1632
163	78	1632
79	95	4929
95	79	4930
79	124	2277
124	79	2278
79	160	1286
160	79	1286
79	86	1240
86	79	1240
79	108	3387
108	79	3387
79	128	3406
128	79	3406
79	132	2712
132	79	2712
79	91	3026
91	79	3027
79	148	3562
148	79	3563
79	104	3724
104	79	3724
79	127	3748
127	79	3748
80	189	2640
189	80	2640
80	160	247
160	80	247
80	107	3502
107	80	3502
80	151	2351
151	80	2352
80	133	4861
133	80	4861
80	127	4465
127	80	4465
80	179	3812
179	80	3812
80	120	4770
120	80	4771
80	157	3471
157	80	3471
80	191	3379
191	80	3380
80	85	4460
85	80	4461
81	151	4801
151	81	4802
81	147	3903
147	81	3904
81	129	80
129	81	81
81	138	4371
138	81	4371
81	152	3160
152	81	3161
81	94	1374
94	81	1374
81	156	4219
156	81	4219
81	186	2023
186	81	2024
81	117	4033
117	81	4033
82	164	1661
164	82	1661
82	126	3973
126	82	3974
82	99	4211
99	82	4212
82	103	945
103	82	945
82	169	4120
169	82	4120
83	164	4048
164	83	4049
83	151	3910
151	83	3911
83	109	1264
109	83	1264
83	121	4294
121	83	4295
83	134	3353
134	83	3353
83	119	151
119	83	152
83	148	3213
148	83	3213
83	150	4235
150	83	4236
83	189	4451
189	83	4451
83	178	3188
178	83	3188
83	117	4708
117	83	4708
83	99	4731
99	83	4732
84	191	2718
191	84	2718
84	102	3839
102	84	3839
84	89	2372
89	84	2373
84	156	2389
156	84	2390
84	141	3521
141	84	3522
84	140	384
140	84	384
84	124	1834
124	84	1835
84	135	3161
135	84	3162
84	100	2016
100	84	2016
84	166	4863
166	84	4863
84	116	1667
116	84	1668
84	142	4549
142	84	4549
84	123	3768
123	84	3769
85	141	4470
141	85	4471
85	153	1338
153	85	1339
85	182	4044
182	85	4044
85	114	3362
114	85	3362
85	148	1445
148	85	1445
85	134	1279
134	85	1279
86	109	4440
109	86	4441
86	138	1901
138	86	1901
86	156	3829
156	86	3829
86	100	1154
100	86	1154
86	150	3971
150	86	3971
86	139	4794
139	86	4795
86	110	4001
110	86	4002
86	186	461
186	86	461
86	122	3758
122	86	3759
86	95	3027
95	86	3028
86	103	4810
103	86	4811
86	96	3729
96	86	3730
87	130	3952
130	87	3952
87	139	4098
139	87	4099
87	140	3713
140	87	3713
87	114	2304
114	87	2305
87	104	4844
104	87	4845
87	158	3662
158	87	3663
87	122	4373
122	87	4374
87	143	1531
143	87	1531
88	104	3974
104	88	3974
88	133	3407
133	88	3407
88	112	1094
112	88	1094
88	189	4474
189	88	4475
88	178	3586
178	88	3586
88	90	1121
90	88	1122
88	139	1953
139	88	1953
88	170	397
170	88	398
88	142	2070
142	88	2070
88	98	1353
98	88	1353
88	154	4375
154	88	4375
88	95	4135
95	88	4135
89	104	3309
104	89	3310
89	160	4716
160	89	4716
89	151	2694
151	89	2694
89	165	1040
165	89	1041
89	140	940
140	89	940
89	102	1723
102	89	1724
89	154	1899
154	89	1899
89	95	3285
95	89	3285
89	138	2650
138	89	2651
90	138	936
138	90	936
90	139	4090
139	90	4091
90	151	4447
151	90	4447
90	148	3388
148	90	3388
90	133	1047
133	90	1048
90	164	4427
164	90	4427
90	116	2620
116	90	2621
90	156	4185
156	90	4186
90	174	4216
174	90	4217
90	135	3657
135	90	3658
90	177	3263
177	90	3264
90	109	2305
109	90	2305
90	126	2447
126	90	2448
91	156	4226
156	91	4226
91	125	1295
125	91	1295
91	159	1014
159	91	1014
91	197	1782
197	91	1783
91	129	3859
129	91	3860
91	178	1149
178	91	1149
91	108	3086
108	91	3086
92	118	4488
118	92	4489
92	106	4947
106	92	4948
92	102	4303
102	92	4304
92	101	4481
101	92	4482
93	179	2410
179	93	2411
93	139	213
139	93	213
93	103	3788
103	93	3788
93	186	3225
186	93	3225
93	105	2679
105	93	2679
93	160	4618
160	93	4618
93	166	1792
166	93	1792
93	163	1154
163	93	1154
94	179	3293
179	94	3294
94	174	415
174	94	415
94	191	3860
191	94	3860
94	165	3890
165	94	3890
94	154	747
154	94	747
94	138	3646
138	94	3647
94	105	4111
105	94	4112
94	119	2847
119	94	2847
94	141	2461
141	94	2462
94	104	3329
104	94	3329
94	122	2000
122	94	2001
94	155	3917
155	94	3917
94	169	2818
169	94	2818
95	174	3618
174	95	3618
95	135	2897
135	95	2898
95	97	2601
97	95	2602
95	122	867
122	95	868
96	113	219
113	96	220
96	179	2992
179	96	2993
96	159	2620
159	96	2621
96	177	4615
177	96	4615
96	166	292
166	96	292
96	114	3902
114	96	3903
96	132	3652
132	96	3652
96	140	4350
140	96	4351
96	135	1071
135	96	1071
96	193	3756
193	96	3757
96	110	4755
110	96	4755
96	152	1918
152	96	1918
96	119	3095
119	96	3096
96	128	3872
128	96	3872
97	163	1243
163	97	1243
97	191	3147
191	97	3148
97	164	4584
164	97	4584
97	99	4103
99	97	4103
97	118	1625
118	97	1625
97	104	528
104	97	529
97	143	1670
143	97	1671
98	114	2880
114	98	2880
98	169	1613
169	98	1614
98	115	2587
115	98	2588
98	170	636
170	98	637
98	133	2061
133	98	2062
98	143	2223
143	98	2224
98	105	4803
105	98	4803
98	167	1110
167	98	1111
98	112	2000
112	98	2001
98	121	91
121	98	91
98	127	286
127	98	287
98	175	4144
175	98	4144
98	149	3527
149	98	3528
98	113	2351
113	98	2351
99	169	2318
169	99	2319
99	112	4005
112	99	4006
99	107	2163
107	99	2163
99	152	3839
152	99	3839
99	166	2081
166	99	2082
99	117	1907
117	99	1907
99	119	3897
119	99	3898
99	178	3502
178	99	3503
100	101	1939
101	100	1939
100	106	3531
106	100	3531
100	186	4587
186	100	4587
100	132	833
132	100	834
100	119	310
119	100	310
100	192	4796
192	100	4797
100	150	4282
150	100	4283
100	105	1310
105	100	1311
100	179	2829
179	100	2829
100	145	4939
145	100	4940
100	107	1024
107	100	1025
100	178	3374
178	100	3374
101	151	3864
151	101	3864
101	169	4059
169	101	4059
101	118	4267
118	101	4267
101	142	2555
142	101	2555
101	149	4986
149	101	4987
101	198	2137
198	101	2137
101	178	3927
178	101	3927
102	135	4255
135	102	4255
102	115	736
115	102	737
102	132	3801
132	102	3801
102	162	3920
162	102	3920
104	152	453
152	104	454
104	119	3904
119	104	3905
106	156	4754
156	106	4755
106	141	173
141	106	173
106	168	3274
168	106	3275
106	162	3892
162	106	3893
107	155	4547
155	107	4547
107	175	2389
175	107	2389
108	148	4298
148	108	4298
108	162	3588
162	108	3588
108	174	3544
174	108	3545
109	152	1700
152	109	1701
109	149	1976
149	109	1976
109	116	3665
116	109	3666
109	120	3940
120	109	3940
109	171	1594
171	109	1594
109	118	3066
118	109	3066
110	159	2151
159	110	2152
110	177	2350
177	110	2351
110	170	1347
170	110	1347
110	173	3463
173	110	3464
110	148	4735
148	110	4736
111	186	3081
186	111	3081
111	166	4928
166	111	4929
111	139	346
139	111	346
111	180	3523
180	111	3524
111	129	4746
129	111	4747
111	161	2210
161	111	2211
111	145	2169
145	111	2170
112	129	1832
129	112	1832
112	130	2511
130	112	2511
113	147	3912
147	113	3912
113	191	3945
191	113	3946
113	122	4413
122	113	4414
113	168	3900
168	113	3900
113	158	3931
158	113	3931
114	139	4833
139	114	4833
114	171	4738
171	114	4739
114	129	3835
129	114	3836
114	132	3607
132	114	3607
114	152	4549
152	114	4550
116	143	625
143	116	625
116	126	923
126	116	923
120	173	2998
173	120	2998
120	141	1583
141	120	1583
120	155	4109
155	120	4110
122	135	3305
135	122	3306
122	155	3291
155	122	3291
126	175	4339
175	126	4339
126	171	3699
171	126	3699
128	136	3103
136	128	3103
128	142	1686
142	128	1687
128	149	1820
149	128	1820
128	130	3574
130	128	3574
129	162	2971
162	129	2971
133	170	2009
170	133	2010
133	197	557
197	133	558
133	148	2779
148	133	2780
133	157	4478
157	133	4478
134	170	4459
170	134	4460
134	180	729
180	134	730
134	191	2326
191	134	2327
134	177	4112
177	134	4113
134	157	2946
157	134	2946
134	161	3684
161	134	3685
136	198	4393
198	136	4393
136	152	1867
152	136	1868
136	147	4490
147	136	4490
138	143	860
143	138	860
138	167	772
167	138	773
139	177	3721
177	139	3722
141	168	4719
168	141	4719
142	151	1120
151	142	1120
145	186	4099
186	145	4100
145	170	4514
170	145	4514
145	174	2593
174	145	2594
145	148	2215
148	145	2215
145	171	697
171	145	698
145	197	815
197	145	815
146	161	4960
161	146	4960
146	198	1674
198	146	1675
146	152	2013
152	146	2013
146	155	2418
155	146	2419
146	157	4777
157	146	4777
146	150	3742
150	146	3742
146	167	3862
167	146	3863
147	159	4060
159	147	4060
147	167	1227
167	147	1228
147	197	4410
197	147	4410
147	162	1939
162	147	1939
147	174	3914
174	147	3915
149	162	2439
162	149	2440
149	168	3878
168	149	3879
150	158	3960
158	150	3961
150	162	4020
162	150	4020
151	155	3035
155	151	3036
151	177	269
177	151	269
152	159	1576
159	152	1577
153	165	3161
165	153	3162
153	180	1335
180	153	1335
153	175	4472
175	153	4473
153	163	2621
163	153	2622
153	159	2299
159	153	2300
153	196	3848
196	153	3848
153	158	4890
158	153	4891
153	161	3257
161	153	3258
153	155	4099
155	153	4099
153	171	2896
171	153	2897
157	175	1176
175	157	1176
159	175	4764
175	159	4765
161	175	4583
175	161	4583
165	171	3992
171	165	3993
165	170	4190
170	165	4190
168	196	3485
196	168	3485
168	180	3728
180	168	3729
168	170	1027
170	168	1027
168	174	4065
174	168	4065
171	174	173
174	171	173
