200	2798
2	2
2	3
5	8
3	6
4	6
2	3
2	2
4	8
4	8
5	10
3	5
4	6
5	9
2	2
2	2
4	6
4	8
2	2
3	5
2	2
3	5
4	8
4	7
5	10
5	9
4	6
2	2
4	7
3	5
4	8
5	10
5	8
3	4
2	2
4	8
3	4
4	7
5	8
5	10
3	5
2	4
5	10
4	8
5	8
4	7
2	2
4	7
5	9
3	4
3	5
5	8
3	6
2	4
3	4
3	5
2	3
3	6
5	10
5	10
2	2
5	10
4	6
4	6
3	4
5	10
3	6
3	4
2	2
5	10
2	2
4	6
3	5
3	4
5	10
4	6
3	6
5	10
2	2
5	8
5	8
5	9
2	3
2	2
4	8
5	9
4	7
4	8
4	8
5	10
5	9
2	4
3	4
3	5
4	6
4	7
5	9
3	5
5	9
3	4
3	5
4	6
3	6
3	4
2	3
2	3
4	7
5	9
2	2
4	6
3	6
5	10
4	8
4	6
5	10
4	7
5	9
2	3
2	3
4	8
2	3
2	2
3	4
2	2
3	5
2	2
4	8
5	10
2	4
2	3
3	4
5	9
4	7
2	3
4	8
3	5
3	5
3	6
2	3
4	7
5	9
4	7
5	10
4	7
2	3
5	10
3	5
2	3
4	7
3	4
3	6
3	6
5	10
2	3
2	3
3	4
4	7
2	3
4	7
4	7
5	9
2	4
3	6
3	5
2	3
2	2
5	10
3	5
2	3
5	10
3	5
2	3
5	9
2	2
2	3
2	2
3	5
3	4
2	3
5	9
3	6
3	5
3	6
5	9
5	10
4	7
2	3
4	8
5	10
3	4
5	9
3	6
4	6
4	7
5	9
5	8
3	6
5	10
4	7
3	5
5	9
1	119	2780
119	1	2781
1	68	1135
68	1	1136
1	117	4297
117	1	4297
1	16	830
16	1	831
1	189	1939
189	1	1940
1	33	4697
33	1	4697
1	186	4698
186	1	4699
1	116	1338
116	1	1339
1	88	4581
88	1	4582
1	146	3324
146	1	3325
1	191	2328
191	1	2329
1	154	2275
154	1	2275
1	39	3701
39	1	3702
1	181	4819
181	1	4820
1	114	1731
114	1	1731
1	151	1284
151	1	1285
1	21	284
21	1	285
1	8	1877
8	1	1877
1	149	4304
149	1	4304
1	67	4373
67	1	4374
2	46	3725
46	2	3726
2	148	2424
148	2	2425
2	121	3801
121	2	3801
2	174	3564
174	2	3565
2	197	2245
197	2	2245
2	97	4104
97	2	4104
2	135	4390
135	2	4391
2	124	383
124	2	384
2	57	2813
57	2	2814
2	19	301
19	2	302
2	139	3903
139	2	3903
2	164	2485
164	2	2485
2	167	4648
167	2	4649
2	86	4019
86	2	4019
2	130	51
130	2	51
2	94	4022
94	2	4023
2	70	3673
70	2	3674
2	165	1668
165	2	1668
2	66	3965
66	2	3966
2	20	3899
20	2	3899
3	84	4389
84	3	4389
3	118	4577
118	3	4577
3	36	1413
36	3	1413
3	126	3230
126	3	3230
3	86	1251
86	3	1251
3	85	119
85	3	120
3	17	3821
17	3	3822
3	20	2123
20	3	2123
3	10	2790
10	3	2791
3	65	4470
65	3	4471
3	143	3463
143	3	3463
3	194	1635
194	3	1635
3	46	4231
46	3	4231
3	174	3767
174	3	3768
3	53	4183
53	3	4183
3	133	4014
133	3	4015
3	127	267
127	3	267
3	79	597
79	3	597
3	119	1407
119	3	1408
3	41	3838
41	3	3839
4	105	4108
105	4	4108
4	54	4494
54	4	4495
4	128	4055
128	4	4055
4	144	3924
144	4	3924
4	156	3754
156	4	3755
4	36	4139
36	4	4139
4	114	4765
114	4	4765
4	172	4722
172	4	4723
4	127	3680
127	4	3680
4	111	4329
111	4	4330
4	133	3806
133	4	3807
4	112	2672
112	4	2672
4	103	3971
103	4	3971
4	24	1741
24	4	1741
4	62	4412
62	4	4413
4	166	4597
166	4	4598
4	135	3636
135	4	3637
4	167	4865
167	4	4866
4	175	4986
175	4	4987
4	139	3060
139	4	3061
5	188	2289
188	5	2290
5	74	1334
74	5	1334
5	195	1715
195	5	1716
5	81	4629
81	5	4629
5	182	2765
182	5	2766
5	30	4231
30	5	4231
5	119	4015
119	5	4015
5	155	3864
155	5	3865
5	45	3177
45	5	3178
5	23	967
23	5	968
5	96	4282
96	5	4282
5	75	4471
75	5	4472
5	44	1550
44	5	1551
5	148	2659
148	5	2660
5	67	3515
67	5	3516
5	39	4721
39	5	4722
5	37	4043
37	5	4044
5	82	3362
82	5	3362
5	83	1064
83	5	1065
5	164	1534
164	5	1535
6	197	4273
197	6	4273
6	131	4702
131	6	4703
6	114	740
114	6	740
6	127	1906
127	6	1907
6	44	4701
44	6	4701
6	158	3714
158	6	3715
6	20	4888
20	6	4889
6	87	4620
87	6	4620
6	37	4271
37	6	4272
6	154	1569
154	6	1570
6	11	1596
11	6	1597
6	188	3782
188	6	3782
6	104	4536
104	6	4536
6	135	3547
135	6	3547
6	168	4898
168	6	4899
6	193	4728
193	6	4729
6	24	1424
24	6	1424
6	91	3567
91	6	3567
6	185	2585
185	6	2586
6	39	1339
39	6	1340
7	135	4856
135	7	4857
7	51	1787
51	7	1787
7	85	314
85	7	315
7	175	2962
175	7	2962
7	91	4586
91	7	4587
7	194	2434
194	7	2435
7	36	817
36	7	817
7	111	3716
111	7	3716
7	32	3927
32	7	3928
7	114	2824
114	7	2824
7	13	1780
13	7	1780
7	25	3383
25	7	3384
7	12	1181
12	7	1182
7	142	4926
142	7	4927
7	17	4179
17	7	4180
7	11	3417
11	7	3418
7	102	2539
102	7	2539
7	15	432
15	7	432
7	54	1437
54	7	1437
7	46	1976
46	7	1976
8	45	982
45	8	983
8	111	3908
111	8	3909
8	93	4868
93	8	4868
8	102	2265
102	8	2266
8	103	3014
103	8	3015
8	35	3634
35	8	3634
8	196	1430
196	8	1431
8	91	2499
91	8	2500
8	9	4721
9	8	4721
8	180	2688
180	8	2689
8	171	861
171	8	862
8	194	3320
194	8	3321
8	186	3666
186	8	3667
8	87	3828
87	8	3829
8	157	3631
157	8	3631
8	83	4481
83	8	4481
8	177	1092
177	8	1093
8	137	1280
137	8	1280
8	179	956
179	8	956
9	120	4098
120	9	4099
9	127	4503
127	9	4504
9	134	4047
134	9	4047
9	196	3881
196	9	3881
9	190	4464
190	9	4465
9	38	1888
38	9	1889
9	122	4549
122	9	4549
9	81	3757
81	9	3758
9	152	2425
152	9	2426
9	154	4047
154	9	4048
9	82	2822
82	9	2822
9	125	3845
125	9	3845
9	169	4535
169	9	4535
9	165	3251
165	9	3251
9	104	3075
104	9	3075
9	117	4087
117	9	4087
9	84	2668
84	9	2668
9	76	3115
76	9	3115
9	73	4114
73	9	4115
10	62	2123
62	10	2123
10	63	4455
63	10	4456
10	89	2762
89	10	2762
10	14	799
14	10	799
10	132	4837
132	10	4838
10	102	2196
102	10	2196
10	182	3600
182	10	3601
10	140	2059
140	10	2059
10	144	4739
144	10	4740
10	17	1035
17	10	1036
10	112	419
112	10	420
10	189	4883
189	10	4883
10	162	3727
162	10	3728
10	180	4781
180	10	4782
10	109	3142
109	10	3142
10	122	4342
122	10	4343
10	187	1626
187	10	1627
10	191	4654
191	10	4655
10	59	3875
59	10	3876
11	137	4563
137	11	4563
11	140	4094
140	11	4094
11	66	1837
66	11	1838
11	179	1822
179	11	1823
11	168	240
168	11	241
11	155	4567
155	11	4568
11	104	3233
104	11	3233
11	36	4077
36	11	4077
11	146	1819
146	11	1820
11	43	4691
43	11	4692
11	82	4651
82	11	4652
11	32	2165
32	11	2165
11	150	2062
150	11	2063
11	64	4160
64	11	4161
11	149	1248
149	11	1248
11	39	4188
39	11	4189
11	126	3963
126	11	3963
11	120	3418
120	11	3419
12	39	3723
39	12	3723
12	75	3804
75	12	3804
12	169	4371
169	12	4372
12	137	2899
137	12	2900
12	152	1966
152	12	1966
12	139	4991
139	12	4992
12	18	951
18	12	952
12	76	3240
76	12	3240
12	188	4856
188	12	4856
12	132	4720
132	12	4721
12	81	836
81	12	836
12	36	3838
36	12	3839
12	143	4298
143	12	4299
12	199	3898
199	12	3898
12	115	4555
115	12	4555
12	23	3615
23	12	3616
12	34	3900
34	12	3900
12	148	3813
148	12	3813
12	20	3325
20	12	3325
13	194	2538
194	13	2539
13	177	3509
177	13	3510
13	53	3943
53	13	3943
13	86	4130
86	13	4131
13	14	4371
14	13	4371
13	50	1293
50	13	1293
13	153	4817
153	13	4818
13	30	1040
30	13	1041
13	151	3224
151	13	3224
13	148	4404
148	13	4405
13	200	4394
200	13	4394
13	156	4133
156	13	4133
13	81	3716
81	13	3717
13	175	1531
175	13	1532
13	58	427
58	13	427
13	96	2174
96	13	2175
13	56	50
56	13	50
13	167	3454
167	13	3454
13	61	3287
61	13	3287
14	84	2238
84	14	2239
14	112	3457
112	14	3458
14	85	1367
85	14	1368
14	191	453
191	14	453
14	39	3929
39	14	3929
14	65	4445
65	14	4446
14	178	1027
178	14	1028
14	18	947
18	14	948
14	180	3782
180	14	3782
14	35	1070
35	14	1071
14	192	4743
192	14	4743
14	43	890
43	14	890
14	105	3654
105	14	3654
14	17	3984
17	14	3984
14	200	2505
200	14	2505
14	151	531
151	14	531
14	106	2433
106	14	2434
14	176	1377
176	14	1377
15	32	3929
32	15	3930
15	23	4928
23	15	4928
15	86	1275
86	15	1275
15	71	2801
71	15	2801
15	49	3206
49	15	3207
15	198	2890
198	15	2891
15	194	4248
194	15	4249
15	197	4714
197	15	4715
15	190	4512
190	15	4512
15	85	2436
85	15	2437
15	141	4149
141	15	4150
15	18	1858
18	15	1858
15	176	2842
176	15	2842
15	101	3544
101	15	3545
15	42	2839
42	15	2839
15	130	2303
130	15	2304
15	57	2578
57	15	2578
15	161	4079
161	15	4079
15	155	1049
155	15	1050
16	58	4664
58	16	4665
16	18	4948
18	16	4948
16	184	2035
184	16	2035
16	146	3522
146	16	3522
16	137	2775
137	16	2775
16	161	4428
161	16	4429
16	93	2326
93	16	2327
16	35	447
35	16	447
16	174	2435
174	16	2435
16	54	4001
54	16	4001
16	47	1851
47	16	1851
16	118	4911
118	16	4912
16	95	4464
95	16	4464
16	98	2860
98	16	2860
16	166	184
166	16	185
16	177	1094
177	16	1095
16	59	4386
59	16	4387
16	88	4075
88	16	4076
16	190	4629
190	16	4630
17	102	1662
102	17	1662
17	111	1373
111	17	1374
17	21	4210
21	17	4210
17	184	4186
184	17	4187
17	59	4132
59	17	4132
17	175	2568
175	17	2568
17	51	3631
51	17	3631
17	39	1482
39	17	1482
17	122	4798
122	17	4799
17	171	3914
171	17	3914
17	84	1539
84	17	1540
17	18	4208
18	17	4208
17	140	4777
140	17	4777
17	156	3756
156	17	3756
17	172	1788
172	17	1788
17	179	3914
179	17	3914
18	98	2701
98	18	2702
18	93	3033
93	18	3034
18	69	2071
69	18	2071
18	95	4659
95	18	4660
18	145	3865
145	18	3866
18	66	4076
66	18	4077
18	160	4749
160	18	4750
18	169	2089
169	18	2090
18	87	3690
87	18	3690
18	125	3707
125	18	3708
18	84	3822
84	18	3822
18	184	1914
184	18	1915
18	81	4811
81	18	4811
18	180	706
180	18	706
18	140	4191
140	18	4192
19	172	4920
172	19	4921
19	187	1712
187	19	1712
19	38	3543
38	19	3543
19	25	3840
25	19	3840
19	42	1800
42	19	1800
19	89	2135
89	19	2135
19	121	1820
121	19	1821
19	28	2936
28	19	2936
19	132	214
132	19	215
19	63	4021
63	19	4021
19	122	613
122	19	614
19	144	679
144	19	679
19	76	4727
76	19	4728
19	96	4843
96	19	4844
19	75	4561
75	19	4562
19	31	1114
31	19	1115
19	67	2648
67	19	2648
19	149	4031
149	19	4031
19	80	3624
80	19	3624
20	104	1360
104	20	1360
20	182	4659
182	20	4660
20	89	3481
89	20	3481
20	144	1817
144	20	1817
20	148	2350
148	20	2350
20	45	4998
45	20	4999
20	65	4442
65	20	4443
20	68	593
68	20	593
20	78	1235
78	20	1235
20	72	4883
72	20	4884
20	30	1323
30	20	1324
20	139	4796
139	20	4796
20	105	4797
105	20	4797
20	62	3989
62	20	3989
20	189	4334
189	20	4334
20	142	4163
142	20	4164
21	107	2230
107	21	2230
21	45	2749
45	21	2749
21	75	4483
75	21	4483
21	171	214
171	21	214
21	176	1803
176	21	1804
21	152	454
152	21	455
21	190	1744
190	21	1744
21	106	271
106	21	271
21	31	3286
31	21	3286
21	91	2530
91	21	2531
21	135	3914
135	21	3915
21	86	4728
86	21	4728
21	144	4947
144	21	4948
21	198	1822
198	21	1822
21	157	320
157	21	321
22	80	4520
80	22	4520
22	198	3949
198	22	3949
22	49	4620
49	22	4621
22	122	4217
122	22	4217
22	45	1763
45	22	1764
22	30	2087
30	22	2087
22	36	4017
36	22	4018
22	108	2641
108	22	2642
22	176	2253
176	22	2253
22	26	856
26	22	856
22	81	4901
81	22	4901
22	148	1488
148	22	1489
22	82	4873
82	22	4874
22	172	1093
172	22	1094
22	97	4997
97	22	4998
22	124	1011
124	22	1011
23	68	990
68	23	990
23	77	1331
77	23	1331
23	52	738
52	23	738
23	109	1608
109	23	1608
23	134	4546
134	23	4546
23	53	1693
53	23	1694
23	155	3670
155	23	3671
23	194	1222
194	23	1223
23	180	4078
180	23	4078
23	64	4154
64	23	4155
23	94	4866
94	23	4866
23	84	4906
84	23	4907
23	76	4369
76	23	4369
24	58	4621
58	24	4622
24	47	800
47	24	801
24	42	235
42	24	235
24	179	2950
179	24	2950
24	135	1071
135	24	1072
24	110	3870
110	24	3871
24	140	2204
140	24	2205
24	63	4470
63	24	4470
24	151	3897
151	24	3898
24	169	2376
169	24	2377
24	129	3176
129	24	3176
24	184	908
184	24	909
24	119	3972
119	24	3973
25	89	4801
89	25	4801
25	85	813
85	25	813
25	176	4558
176	25	4559
25	92	2173
92	25	2173
25	80	94
80	25	94
25	52	4695
52	25	4696
25	82	4852
82	25	4852
25	115	705
115	25	706
25	81	822
81	25	822
25	100	4851
100	25	4851
25	106	4033
106	25	4033
25	39	3979
39	25	3980
25	87	4373
87	25	4374
25	31	407
31	25	407
25	46	2554
46	25	2555
26	176	4016
176	26	4017
26	87	4554
87	26	4554
26	128	1177
128	26	1178
26	43	4526
43	26	4527
26	150	4589
150	26	4589
26	189	1377
189	26	1378
26	40	2867
40	26	2868
26	185	4963
185	26	4964
26	100	3307
100	26	3308
26	159	2310
159	26	2311
26	165	2496
165	26	2497
26	31	3575
31	26	3575
26	197	4690
197	26	4691
26	54	1179
54	26	1179
26	190	3797
190	26	3797
26	65	3819
65	26	3820
27	42	451
42	27	451
27	181	1019
181	27	1019
27	40	2501
40	27	2502
27	93	3326
93	27	3326
27	39	4547
39	27	4547
27	89	2743
89	27	2744
27	137	2623
137	27	2624
27	192	2029
192	27	2030
27	77	4104
77	27	4105
27	200	4415
200	27	4416
27	183	4457
183	27	4458
27	78	1319
78	27	1319
27	135	2703
135	27	2703
27	96	4422
96	27	4422
27	69	4944
69	27	4944
27	165	1376
165	27	1377
27	169	3461
169	27	3462
28	120	4846
120	28	4846
28	115	4410
115	28	4410
28	164	3120
164	28	3120
28	184	3842
184	28	3843
28	45	4596
45	28	4597
28	49	693
49	28	694
28	69	502
69	28	503
28	40	4042
40	28	4043
28	52	371
52	28	371
28	158	3808
158	28	3809
28	108	3683
108	28	3684
28	113	680
113	28	681
28	139	3837
139	28	3837
28	161	3444
161	28	3444
28	101	2172
101	28	2172
28	126	62
126	28	63
29	148	4416
148	29	4417
29	63	216
63	29	217
29	122	1792
122	29	1792
29	101	721
101	29	722
29	131	4722
131	29	4722
29	192	685
192	29	685
29	112	4979
112	29	4979
29	188	1591
188	29	1592
29	51	3349
51	29	3350
29	106	2094
106	29	2095
29	62	2601
62	29	2601
29	70	3732
70	29	3732
29	121	4183
121	29	4183
29	100	2806
100	29	2806
29	108	4112
108	29	4113
30	135	4269
135	30	4269
30	83	3025
83	30	3025
30	106	4275
106	30	4276
30	32	4051
32	30	4051
30	161	3354
161	30	3355
30	176	1610
176	30	1611
30	177	1089
177	30	1089
30	44	3632
44	30	3632
30	122	2248
122	30	2249
30	185	3609
185	30	3610
30	165	1273
165	30	1274
30	119	4813
119	30	4813
31	79	4200
79	31	4201
31	110	4416
110	31	4416
31	129	3839
129	31	3839
31	196	742
196	31	742
31	97	4874
97	31	4874
31	50	4503
50	31	4503
31	34	3466
34	31	3466
31	72	1932
72	31	1933
31	120	2842
120	31	2843
31	122	2824
122	31	2824
31	105	2751
105	31	2751
31	175	1836
175	31	1837
31	116	3464
116	31	3465
31	189	4241
189	31	4242
31	121	4299
121	31	4300
32	97	1351
97	32	1352
32	43	4375
43	32	4376
32	66	2952
66	32	2953
32	130	4396
130	32	4397
32	170	4974
170	32	4975
32	144	3060
144	32	3060
32	75	1692
75	32	1692
32	72	4675
72	32	4675
32	67	3579
67	32	3579
32	51	3974
51	32	3974
32	96	2443
96	32	2444
32	183	4950
183	32	4951
32	127	2534
127	32	2535
32	81	2062
81	32	2062
33	118	3274
118	33	3274
33	99	1587
99	33	1588
33	95	4745
95	33	4746
33	62	4016
62	33	4017
33	109	2539
109	33	2539
33	96	2555
96	33	2555
33	40	4194
40	33	4195
33	108	314
108	33	315
33	65	3237
65	33	3238
33	164	2698
164	33	2698
33	158	4094
158	33	4094
33	185	4488
185	33	4488
33	181	4367
181	33	4368
33	87	2714
87	33	2715
34	131	3798
131	34	3799
34	99	4964
99	34	4965
34	81	2418
81	34	2419
34	140	2439
140	34	2440
34	76	4221
76	34	4222
34	149	2668
149	34	2669
34	167	4326
167	34	4326
34	133	2488
133	34	2489
34	103	3940
103	34	3940
34	119	2382
119	34	2382
34	77	1802
77	34	1803
34	73	4356
73	34	4356
34	113	1438
113	34	1438
34	159	4073
159	34	4074
35	86	3934
86	35	3934
35	166	3936
166	35	3936
35	42	4568
42	35	4569
35	157	4081
157	35	4082
35	89	3602
89	35	3602
35	180	1946
180	35	1947
35	80	4503
80	35	4503
35	126	4119
126	35	4120
35	131	3225
131	35	3225
35	127	3764
127	35	3765
35	165	2143
165	35	2143
35	140	4923
140	35	4924
35	85	2890
85	35	2891
35	147	3954
147	35	3954
35	95	1470
95	35	1471
35	88	2803
88	35	2804
36	72	408
72	36	408
36	172	4724
172	36	4724
36	170	3586
170	36	3586
36	55	3766
55	36	3766
36	78	800
78	36	800
36	109	4022
109	36	4022
36	122	4384
122	36	4385
36	98	761
98	36	762
36	70	4357
70	36	4357
36	100	3782
100	36	3782
36	42	2443
42	36	2444
37	38	120
38	37	121
37	160	4797
160	37	4798
37	155	4740
155	37	4741
37	115	2957
115	37	2957
37	63	655
63	37	656
37	149	1974
149	37	1974
37	196	625
196	37	626
37	140	4678
140	37	4679
37	107	4624
107	37	4625
37	181	1399
181	37	1399
37	179	3535
179	37	3535
37	189	1461
189	37	1462
37	130	4315
130	37	4316
38	82	4208
82	38	4209
38	70	4138
70	38	4138
38	108	991
108	38	992
38	75	4292
75	38	4293
38	97	4988
97	38	4988
38	68	2893
68	38	2893
38	142	2333
142	38	2334
38	155	755
155	38	755
38	90	2907
90	38	2907
38	43	2805
43	38	2806
38	128	2217
128	38	2218
38	67	3952
67	38	3953
39	123	4434
123	39	4435
39	61	514
61	39	515
39	134	4909
134	39	4910
39	142	3717
142	39	3718
39	119	3938
119	39	3939
39	167	4327
167	39	4327
40	196	3308
196	40	3308
40	96	2519
96	40	2520
40	114	3139
114	40	3140
40	178	3640
178	40	3640
40	174	3021
174	40	3021
40	59	215
59	40	215
40	181	3660
181	40	3660
40	55	3226
55	40	3226
40	48	272
48	40	272
40	172	3038
172	40	3039
40	150	1284
150	40	1285
41	97	374
97	41	375
41	61	1792
61	41	1793
41	141	4100
141	41	4100
41	142	3407
142	41	3408
41	194	917
194	41	917
41	103	3503
103	41	3504
41	138	609
138	41	609
41	198	4372
198	41	4372
41	166	744
166	41	744
41	83	4876
83	41	4876
41	148	4619
148	41	4620
41	147	4291
147	41	4291
41	115	2253
115	41	2253
41	129	3782
129	41	3782
41	171	2071
171	41	2072
41	183	3034
183	41	3035
41	69	771
69	41	771
42	105	1181
105	42	1182
42	90	3959
90	42	3960
42	175	4271
175	42	4271
42	103	1732
103	42	1732
42	147	4424
147	42	4424
42	104	4958
104	42	4958
42	132	4613
132	42	4613
42	58	4980
58	42	4981
42	174	2481
174	42	2481
43	63	4005
63	43	4005
43	54	4446
54	43	4446
43	121	4197
121	43	4198
43	65	1156
65	43	1157
43	97	947
97	43	948
43	142	165
142	43	165
43	169	3441
169	43	3441
43	138	3573
138	43	3573
43	72	3410
72	43	3411
43	147	3279
147	43	3280
43	168	3681
168	43	3681
43	180	1081
180	43	1082
43	52	4712
52	43	4713
44	185	3847
185	44	3848
44	70	1462
70	44	1462
44	148	2713
148	44	2713
44	67	3682
67	44	3683
44	96	4425
96	44	4426
44	112	4113
112	44	4113
44	147	4184
147	44	4185
44	183	4521
183	44	4522
44	111	1638
111	44	1638
44	150	4707
150	44	4707
44	172	4958
172	44	4958
44	171	4129
171	44	4130
44	144	1945
144	44	1945
45	151	2584
151	45	2584
45	82	1111
82	45	1112
45	178	4771
178	45	4771
45	64	1802
64	45	1803
45	59	4939
59	45	4940
45	143	1128
143	45	1129
45	116	4202
116	45	4203
45	168	1883
168	45	1884
45	145	3536
145	45	3537
46	63	4961
63	46	4961
46	108	4183
108	46	4184
46	107	3709
107	46	3710
46	85	1100
85	46	1100
46	72	3970
72	46	3970
46	49	1273
49	46	1274
46	152	4056
152	46	4057
46	90	4977
90	46	4978
46	183	4479
183	46	4480
46	167	4668
167	46	4668
46	122	889
122	46	889
46	54	1268
54	46	1268
46	173	4725
173	46	4725
47	70	3876
70	47	3876
47	158	1876
158	47	1876
47	141	3351
141	47	3352
47	80	3098
80	47	3098
47	68	2076
68	47	2076
47	103	4153
103	47	4153
47	49	4438
49	47	4439
47	61	2339
61	47	2340
47	98	3341
98	47	3342
47	96	3704
96	47	3705
47	78	194
78	47	194
47	151	4674
151	47	4675
47	177	1648
177	47	1649
47	50	2074
50	47	2075
48	146	1969
146	48	1969
48	149	394
149	48	395
48	70	1599
70	48	1600
48	199	2645
199	48	2646
48	103	1080
103	48	1080
48	86	1392
86	48	1393
48	144	2677
144	48	2678
48	162	4788
162	48	4788
48	91	1350
91	48	1350
48	80	3708
80	48	3709
48	167	3893
167	48	3893
48	65	3608
65	48	3608
48	75	1407
75	48	1408
48	110	4309
110	48	4310
48	132	3338
132	48	3338
48	139	4420
139	48	4420
48	120	3900
120	48	3900
49	134	1621
134	49	1622
49	168	3827
168	49	3827
49	124	1909
124	49	1909
49	114	4139
114	49	4140
49	135	3854
135	49	3855
49	56	4187
56	49	4187
49	69	1299
69	49	1299
49	90	4397
90	49	4397
49	169	3822
169	49	3822
49	172	3840
172	49	3840
49	132	4861
132	49	4861
50	67	4933
67	50	4933
50	56	4855
56	50	4856
50	158	4332
158	50	4332
50	143	3087
143	50	3087
50	94	4018
94	50	4019
50	111	1360
111	50	1360
50	59	4314
59	50	4315
50	133	4531
133	50	4532
50	139	2608
139	50	2609
50	73	215
73	50	216
50	51	1792
51	50	1792
50	113	4378
113	50	4378
51	188	1267
188	51	1268
51	91	2273
91	51	2273
51	198	3817
198	51	3818
51	69	4951
69	51	4952
51	128	3607
128	51	3607
51	140	4049
140	51	4049
51	197	3895
197	51	3895
51	65	1289
65	51	1289
51	57	336
57	51	337
51	121	125
121	51	125
52	76	3753
76	52	3754
52	163	4877
163	52	4877
52	158	4807
158	52	4808
52	185	2483
185	52	2483
52	155	2095
155	52	2095
52	112	2629
112	52	2630
52	172	1247
172	52	1248
52	133	3590
133	52	3590
52	165	3362
165	52	3362
52	156	4584
156	52	4584
52	130	3887
130	52	3887
52	63	3090
63	52	3091
52	84	4624
84	52	4624
52	92	1427
92	52	1428
53	62	2037
62	53	2037
53	59	2610
59	53	2611
53	134	4264
134	53	4265
53	118	3739
118	53	3739
53	165	4892
165	53	4892
53	158	3733
158	53	3734
53	125	4782
125	53	4783
53	58	3286
58	53	3287
53	149	1998
149	53	1998
53	109	1599
109	53	1600
53	91	4513
91	53	4514
53	133	4191
133	53	4192
53	132	4614
132	53	4615
53	131	4406
131	53	4407
53	81	2935
81	53	2935
54	81	2709
81	54	2710
54	69	2906
69	54	2907
54	157	3858
157	54	3859
54	197	4055
197	54	4056
54	150	1719
150	54	1719
54	153	2737
153	54	2738
54	110	1857
110	54	1857
54	171	2496
171	54	2497
54	127	3770
127	54	3770
54	174	3941
174	54	3941
55	88	3506
88	55	3507
55	144	597
144	55	597
55	61	4335
61	55	4335
55	162	874
162	55	875
55	134	3825
134	55	3826
55	66	4221
66	55	4222
55	94	1444
94	55	1444
55	131	4985
131	55	4986
55	165	3943
165	55	3944
55	71	4787
71	55	4788
55	96	1741
96	55	1742
55	197	2062
197	55	2063
55	103	4200
103	55	4200
56	161	2382
161	56	2383
56	86	3732
86	56	3733
56	165	2618
165	56	2619
56	112	4459
112	56	4460
56	72	4159
72	56	4159
56	102	2758
102	56	2759
56	118	3724
118	56	3725
56	80	4223
80	56	4223
56	152	2519
152	56	2520
56	164	3551
164	56	3551
56	144	1134
144	56	1134
56	65	4700
65	56	4701
56	67	3018
67	56	3019
57	136	2481
136	57	2482
57	117	3988
117	57	3989
57	112	1705
112	57	1705
57	173	1991
173	57	1991
57	89	3051
89	57	3052
57	94	4609
94	57	4609
57	70	2752
70	57	2752
57	168	2315
168	57	2315
57	143	4495
143	57	4495
57	125	3890
125	57	3890
57	127	274
127	57	275
57	199	75
199	57	76
57	76	4763
76	57	4763
57	88	3510
88	57	3511
58	87	4721
87	58	4721
58	130	4220
130	58	4220
58	60	4758
60	58	4759
58	176	1979
176	58	1980
58	180	2653
180	58	2654
58	107	2326
107	58	2327
58	142	2500
142	58	2500
58	149	3619
149	58	3620
58	139	1860
139	58	1861
58	84	3779
84	58	3780
58	137	4103
137	58	4104
58	103	3927
103	58	3927
58	119	956
119	58	956
58	178	3813
178	58	3814
59	93	3411
93	59	3411
59	66	4544
66	59	4545
59	99	3631
99	59	3631
59	161	3826
161	59	3827
59	180	4276
180	59	4276
59	178	4388
178	59	4389
59	85	4127
85	59	4127
59	134	1904
134	59	1904
60	74	4234
74	60	4235
60	73	4136
73	60	4137
60	138	4186
138	60	4187
60	151	3416
151	60	3416
60	71	4905
71	60	4905
60	97	4194
97	60	4194
60	152	1211
152	60	1211
60	181	4878
181	60	4878
60	116	255
116	60	255
60	117	3688
117	60	3688
60	153	1802
153	60	1802
60	86	3789
86	60	3789
60	179	2670
179	60	2671
60	188	3724
188	60	3724
60	61	1317
61	60	1317
60	121	4000
121	60	4001
60	197	1641
197	60	1641
61	111	4679
111	61	4679
61	153	3960
153	61	3960
61	80	3819
80	61	3820
61	95	3115
95	61	3115
61	136	3722
136	61	3722
61	118	4807
118	61	4807
61	152	4273
152	61	4274
61	78	4358
78	61	4358
61	139	716
139	61	716
61	122	1766
122	61	1766
61	73	2857
73	61	2858
61	107	4897
107	61	4897
61	115	714
115	61	715
62	177	2728
177	62	2728
62	97	2055
97	62	2055
62	133	4863
133	62	4863
62	88	3702
88	62	3703
62	127	781
127	62	781
62	109	1924
109	62	1925
62	118	3226
118	62	3227
62	150	4911
150	62	4912
62	196	3784
196	62	3784
62	166	1992
166	62	1992
62	74	2276
74	62	2276
63	81	3467
81	63	3468
63	140	3852
140	63	3853
63	143	110
143	63	110
63	154	1931
154	63	1931
63	151	4380
151	63	4380
63	78	1285
78	63	1286
63	163	4081
163	63	4082
63	97	4796
97	63	4796
63	138	2321
138	63	2322
64	169	4374
169	64	4375
64	83	699
83	64	700
64	107	3810
107	64	3811
64	156	4642
156	64	4643
64	168	3768
168	64	3769
64	152	4998
152	64	4999
64	108	3970
108	64	3970
64	104	907
104	64	908
64	115	4310
115	64	4311
64	81	2310
81	64	2310
64	79	3852
79	64	3853
64	153	3729
153	64	3730
64	161	852
161	64	852
64	69	1667
69	64	1667
65	163	97
163	65	98
65	144	3286
144	65	3287
65	74	836
74	65	837
65	176	3324
176	65	3324
65	155	4901
155	65	4901
65	179	3711
179	65	3712
65	142	2608
142	65	2609
66	95	3342
95	66	3342
66	67	1920
67	66	1920
66	96	4099
96	66	4099
66	176	2971
176	66	2971
66	70	2696
70	66	2697
66	175	3775
175	66	3775
66	114	1178
114	66	1179
66	161	833
161	66	833
66	181	2829
181	66	2830
67	136	3835
136	67	3835
67	121	2134
121	67	2135
67	114	3469
114	67	3470
67	131	4078
131	67	4079
67	103	505
103	67	505
67	158	3438
158	67	3439
68	107	4211
107	68	4212
68	183	560
183	68	560
68	93	1594
93	68	1595
68	168	4089
168	68	4090
68	78	4945
78	68	4945
68	153	2092
153	68	2092
68	106	3767
106	68	3767
68	123	3407
123	68	3407
68	76	3139
76	68	3139
68	70	4615
70	68	4616
68	160	3217
160	68	3217
68	129	2934
129	68	2935
68	197	4579
197	68	4579
69	91	2399
91	69	2400
69	174	1211
174	69	1211
69	96	4897
96	69	4897
69	99	4365
99	69	4365
69	130	4478
130	69	4479
69	82	4340
82	69	4340
69	122	4575
122	69	4576
69	167	3256
167	69	3257
70	90	4429
90	70	4430
70	105	4334
105	70	4335
70	93	3075
93	70	3075
70	94	4861
94	70	4862
70	136	1821
136	70	1821
70	101	2684
101	70	2685
70	141	4291
141	70	4292
71	157	4838
157	71	4839
71	80	4217
80	71	4218
71	124	2476
124	71	2477
71	125	4533
125	71	4533
71	101	4186
101	71	4186
71	116	3840
116	71	3840
71	147	2733
147	71	2734
71	131	1974
131	71	1974
71	146	4857
146	71	4857
71	181	2075
181	71	2076
71	100	1409
100	71	1410
71	155	4202
155	71	4203
71	138	2502
138	71	2503
71	175	4743
175	71	4743
71	102	1605
102	71	1606
71	105	994
105	71	994
72	103	4125
103	72	4125
72	78	4491
78	72	4492
72	105	4818
105	72	4819
72	139	4721
139	72	4721
72	119	1390
119	72	1390
72	115	4299
115	72	4300
72	102	4300
102	72	4301
72	162	2202
162	72	2203
72	144	3875
144	72	3875
72	83	1018
83	72	1018
73	124	4410
124	73	4411
73	150	715
150	73	715
73	83	4430
83	73	4430
73	162	4029
162	73	4029
73	77	4877
77	73	4877
73	98	3955
98	73	3956
73	96	2952
96	73	2952
73	166	4114
166	73	4115
73	159	4630
159	73	4630
73	153	4364
153	73	4365
73	160	4669
160	73	4669
73	121	4171
121	73	4172
73	75	264
75	73	264
73	152	350
152	73	351
74	95	2952
95	74	2952
74	142	3532
142	74	3533
74	116	3732
116	74	3732
74	153	4656
153	74	4656
74	146	3819
146	74	3819
74	185	4621
185	74	4622
74	115	4782
115	74	4782
74	174	2447
174	74	2447
74	123	3807
123	74	3807
74	143	2143
143	74	2144
74	145	1025
145	74	1025
74	154	2464
154	74	2465
75	125	1217
125	75	1218
75	157	3674
157	75	3675
75	104	3967
104	75	3967
75	138	304
138	75	305
75	153	4961
153	75	4962
75	77	3573
77	75	3573
75	107	4710
107	75	4710
75	98	1884
98	75	1885
75	176	4671
176	75	4671
75	160	4613
160	75	4614
76	164	2518
164	76	2519
76	114	1664
114	76	1665
76	178	1295
178	76	1296
76	83	3960
83	76	3960
76	131	4581
131	76	4581
76	162	1701
162	76	1702
76	80	4486
80	76	4486
76	104	3154
104	76	3155
77	170	4788
170	77	4788
77	132	3276
132	77	3276
77	163	3882
163	77	3883
77	176	4898
176	77	4898
77	169	4515
169	77	4515
77	168	4729
168	77	4730
77	171	4337
171	77	4338
77	78	1124
78	77	1125
77	145	3914
145	77	3914
77	148	2542
148	77	2542
77	149	4671
149	77	4671
77	164	3075
164	77	3075
78	91	4079
91	78	4079
78	105	3223
105	78	3223
78	135	4990
135	78	4991
78	97	571
97	78	571
78	183	2580
183	78	2581
78	84	2655
84	78	2655
78	149	3054
149	78	3054
78	164	4953
164	78	4953
79	133	2151
133	79	2151
79	106	2403
106	79	2404
79	91	2657
91	79	2657
79	89	3313
89	79	3314
79	177	1458
177	79	1458
79	145	1375
145	79	1376
79	154	1383
154	79	1384
79	174	3945
174	79	3946
79	128	4988
128	79	4988
79	117	3748
117	79	3748
79	109	3480
109	79	3480
79	148	381
148	79	381
79	124	4822
124	79	4822
79	104	3201
104	79	3202
79	199	3858
199	79	3858
79	82	4358
82	79	4359
80	148	4019
148	80	4019
80	109	4773
109	80	4773
80	155	2830
155	80	2831
80	142	1507
142	80	1508
80	161	3721
161	80	3722
80	130	4764
130	80	4765
81	152	3982
152	81	3982
81	110	641
110	81	642
82	168	4544
168	82	4545
82	172	2109
172	82	2110
82	98	1124
98	82	1124
82	128	3925
128	82	3925
82	162	1457
162	82	1458
82	174	4014
174	82	4014
82	134	2276
134	82	2277
82	146	3463
146	82	3463
82	92	4617
92	82	4617
82	113	51
113	82	52
83	100	4873
100	83	4873
83	110	4826
110	83	4827
83	138	4005
138	83	4005
83	94	1424
94	83	1425
83	106	4774
106	83	4775
83	124	2122
124	83	2122
83	174	722
174	83	722
83	84	3080
84	83	3080
83	159	3960
159	83	3960
83	179	4463
179	83	4464
84	117	1526
117	84	1527
84	146	4604
146	84	4604
84	97	3770
97	84	3770
84	121	2621
121	84	2621
84	90	4232
90	84	4233
84	87	2044
87	84	2045
84	128	2937
128	84	2938
84	130	3891
130	84	3892
85	121	782
121	85	783
85	124	1232
124	85	1233
85	168	1034
168	85	1035
85	138	2584
138	85	2585
85	179	4416
179	85	4416
85	90	3198
90	85	3198
85	131	4951
131	85	4952
85	104	4874
104	85	4875
85	110	3659
110	85	3659
85	180	1107
180	85	1107
85	95	4855
95	85	4856
86	178	1975
178	86	1975
86	133	2379
133	86	2380
86	100	2165
100	86	2165
86	87	4720
87	86	4720
86	168	2242
168	86	2242
86	136	4105
136	86	4105
87	143	1833
143	87	1833
87	167	3994
167	87	3995
87	179	4540
179	87	4541
87	120	3877
120	87	3877
87	178	90
178	87	91
87	196	4829
196	87	4830
88	180	1262
180	88	1263
88	115	4645
115	88	4646
88	132	3625
132	88	3626
88	166	4184
166	88	4185
88	154	3671
154	88	3672
88	160	4171
160	88	4172
88	117	1386
117	88	1387
88	100	4066
100	88	4066
88	179	3877
179	88	3878
88	97	4396
97	88	4396
88	104	3429
104	88	3430
88	161	4837
161	88	4837
89	156	2654
156	89	2654
89	150	1295
150	89	1296
89	133	4322
133	89	4322
89	91	3713
91	89	3714
89	179	1201
179	89	1201
89	152	2854
152	89	2855
89	154	195
154	89	196
89	175	1863
175	89	1863
89	120	3492
120	89	3493
89	97	4898
97	89	4899
90	101	3780
101	90	3781
90	113	2186
113	90	2187
90	93	4393
93	90	4394
90	131	2198
131	90	2199
90	140	3125
140	90	3126
90	135	781
135	90	781
90	196	1787
196	90	1788
90	105	1115
105	90	1115
90	171	3458
171	90	3458
90	164	261
164	90	261
91	107	945
107	91	945
91	114	4534
114	91	4534
91	146	4256
146	91	4256
91	94	1099
94	91	1099
92	110	2118
110	92	2118
92	152	4421
152	92	4422
92	108	2288
108	92	2289
92	140	4897
140	92	4897
92	132	4705
132	92	4705
92	153	3699
153	92	3699
92	125	2011
125	92	2012
92	148	2818
148	92	2818
92	161	3129
161	92	3129
92	169	4942
169	92	4943
92	126	2876
126	92	2877
92	138	3439
138	92	3440
92	135	609
135	92	609
92	115	4315
115	92	4316
92	167	2228
167	92	2229
92	157	3246
157	92	3246
93	138	3913
138	93	3914
93	167	4926
167	93	4926
93	98	4719
98	93	4719
93	124	4119
124	93	4120
93	147	1986
147	93	1987
93	160	4880
160	93	4881
93	120	4663
120	93	4664
93	171	3488
171	93	3489
93	170	3376
170	93	3376
93	116	4970
116	93	4971
93	142	1211
142	93	1212
94	108	1699
108	94	1700
94	99	701
99	94	702
94	98	410
98	94	411
94	117	4606
117	94	4606
94	154	3778
154	94	3778
94	143	743
143	94	744
94	158	3793
158	94	3794
94	123	4103
123	94	4104
94	107	1657
107	94	1658
94	147	1452
147	94	1452
95	157	2723
157	95	2724
95	100	3062
100	95	3062
95	110	4261
110	95	4262
95	159	1609
159	95	1610
95	177	4884
177	95	4885
95	96	1850
96	95	1851
95	163	2689
163	95	2689
95	147	289
147	95	289
95	119	823
119	95	823
95	146	2325
146	95	2325
95	179	3438
179	95	3438
96	148	3843
148	96	3843
96	108	820
108	96	821
96	117	4284
117	96	4284
96	162	4030
162	96	4031
96	170	4430
170	96	4430
97	121	838
121	97	839
97	141	4561
141	97	4561
98	133	4893
133	98	4894
98	113	3446
113	98	3446
98	177	2691
177	98	2692
98	118	4293
118	98	4294
98	147	1471
147	98	1471
98	146	1278
146	98	1278
98	153	4445
153	98	4445
98	101	4325
101	98	4326
98	127	3453
127	98	3453
98	145	216
145	98	217
99	175	3169
175	99	3170
99	100	1121
100	99	1122
99	125	2351
125	99	2351
99	113	1558
113	99	1559
99	131	490
131	99	491
99	154	3169
154	99	3169
99	126	2065
126	99	2065
99	120	4677
120	99	4677
99	132	2294
132	99	2294
99	167	1469
167	99	1469
99	123	199
123	99	200
99	171	1857
171	99	1858
99	102	4947
102	99	4948
100	164	3724
164	100	3724
100	174	1399
174	100	1399
100	147	3470
147	100	3471
100	113	4749
113	100	4750
100	157	1305
157	100	1305
100	142	4750
142	100	4750
100	172	1589
172	100	1590
100	123	1590
123	100	1590
101	109	4087
109	101	4088
101	118	4034
118	101	4035
101	106	2686
106	101	2686
101	134	3770
134	101	3771
101	160	4084
160	101	4085
101	178	106
178	101	106
102	151	102
151	102	102
102	173	4859
173	102	4859
102	199	4529
199	102	4529
102	154	2857
154	102	2857
105	106	2715
106	105	2716
105	146	4605
146	105	4605
108	173	1858
173	108	1858
108	152	2997
152	108	2998
108	183	3949
183	108	3949
108	136	3584
136	108	3584
109	135	4105
135	109	4105
109	166	2626
166	109	2627
109	146	4376
146	109	4377
110	131	2932
131	110	2933
110	115	4468
115	110	4469
110	150	4727
150	110	4728
111	146	862
146	111	863
111	132	3805
132	111	3805
111	160	4265
160	111	4266
111	138	454
138	111	454
111	173	3565
173	111	3565
112	113	3746
113	112	3747
112	128	280
128	112	281
112	160	1720
160	112	1720
113	116	4861
116	113	4861
113	180	3519
180	113	3519
114	150	2022
150	114	2023
114	157	4140
157	114	4140
114	132	3398
132	114	3399
114	141	4929
141	114	4929
116	152	2901
152	116	2902
116	177	2469
177	116	2470
116	127	4778
127	116	4779
116	143	4089
143	116	4090
116	141	2448
141	116	2448
116	171	1789
171	116	1790
117	130	1648
130	117	1649
117	119	2277
119	117	2277
117	120	2262
120	117	2262
118	157	3137
157	118	3137
118	180	3718
180	118	3719
120	127	1786
127	120	1787
120	124	4889
124	120	4890
120	167	456
167	120	456
120	136	3638
136	120	3639
123	150	4601
150	123	4602
123	170	1497
170	123	1498
123	179	2597
179	123	2597
123	125	2743
125	123	2743
124	178	1903
178	124	1904
124	156	3838
156	124	3838
125	171	4412
171	125	4413
126	159	4411
159	126	4412
126	133	4369
133	126	4370
126	137	4323
137	126	4324
126	136	4493
136	126	4494
127	137	3711
137	127	3712
128	157	4377
157	128	4378
128	170	3687
170	128	3687
128	167	4180
167	128	4181
129	137	516
137	129	516
129	136	1356
136	129	1356
129	170	2517
170	129	2517
129	130	1723
130	129	1724
129	158	4401
158	129	4401
129	145	559
145	129	560
129	178	1538
178	129	1538
133	175	4168
175	133	4168
133	141	4434
141	133	4435
134	137	2657
137	134	2658
136	166	2034
166	136	2034
136	170	2724
170	136	2724
136	137	4258
137	136	4259
137	156	3452
156	137	3452
141	154	3216
154	141	3216
141	156	840
156	141	841
141	171	3112
171	141	3113
141	175	2139
175	141	2139
141	173	4409
173	141	4410
141	170	416
170	141	416
143	154	222
154	143	223
143	175	3056
175	143	3057
143	170	3218
170	143	3218
143	171	4509
171	143	4510
145	178	3793
178	145	3794
145	159	1096
159	145	1097
145	166	4005
166	145	4006
145	151	3647
151	145	3647
151	158	282
158	151	283
151	156	4300
156	151	4301
156	162	4999
162	156	4999
156	166	2100
166	156	2101
156	163	4683
163	156	4683
158	175	4382
175	158	4382
158	162	2044
162	158	2045
159	163	1309
163	159	1310
159	173	174
173	159	175
159	170	540
170	159	541
163	178	4508
178	163	4509
163	173	1104
173	163	1104
163	166	2281
166	163	2282
163	170	3315
170	163	3315
166	173	4156
173	166	4156
170	173	4834
173	170	4834
