200	2810
2	2
2	3
5	8
3	6
4	6
2	3
2	2
4	8
4	8
5	10
3	5
4	6
5	9
2	2
2	2
4	6
4	8
2	2
3	5
2	2
3	5
4	8
4	7
5	10
5	9
4	6
2	2
4	7
3	5
4	8
5	10
5	8
3	4
2	2
4	8
3	4
4	7
5	8
5	10
3	5
2	4
5	10
4	8
5	8
4	7
2	2
4	7
5	9
3	4
3	5
5	8
3	6
2	4
3	4
3	5
2	3
3	6
5	10
5	10
2	2
5	10
4	6
4	6
3	4
5	10
3	6
3	4
2	2
5	10
2	2
4	6
3	5
3	4
5	10
4	6
3	6
5	10
2	2
5	8
5	8
5	9
2	3
2	2
4	8
5	9
4	7
4	8
4	8
5	10
5	9
2	4
3	4
3	5
4	6
4	7
5	9
3	5
5	9
3	4
3	5
4	6
3	6
3	4
2	3
2	3
4	7
5	9
2	2
4	6
3	6
5	10
4	8
4	6
5	10
4	7
5	9
2	3
2	3
4	8
2	3
2	2
3	4
2	2
3	5
2	2
4	8
5	10
2	4
2	3
3	4
5	9
4	7
2	3
4	8
3	5
3	5
3	6
2	3
4	7
5	9
4	7
5	10
4	7
2	3
5	10
3	5
2	3
4	7
3	4
3	6
3	6
5	10
2	3
2	3
3	4
4	7
2	3
4	7
4	7
5	9
2	4
3	6
3	5
2	3
2	2
5	10
3	5
2	3
5	10
3	5
2	3
5	9
2	2
2	3
2	2
3	5
3	4
2	3
5	9
3	6
3	5
3	6
5	9
5	10
4	7
2	3
4	8
5	10
3	4
5	9
3	6
4	6
4	7
5	9
5	8
3	6
5	10
4	7
3	5
5	9
1	21	1463
21	1	1463
1	155	2956
155	1	2957
1	117	3714
117	1	3714
1	56	301
56	1	301
1	166	2586
166	1	2587
1	63	3716
63	1	3716
1	88	4645
88	1	4645
1	137	2192
137	1	2192
1	82	3667
82	1	3667
1	72	2974
72	1	2974
1	11	2616
11	1	2617
1	13	3447
13	1	3448
1	57	3660
57	1	3660
1	85	4406
85	1	4407
1	43	1401
43	1	1402
1	26	3215
26	1	3215
1	73	167
73	1	167
1	66	1409
66	1	1409
1	127	3878
127	1	3878
1	169	4160
169	1	4161
2	14	4396
14	2	4396
2	158	1426
158	2	1427
2	57	4369
57	2	4369
2	160	3618
160	2	3618
2	103	1047
103	2	1048
2	137	4888
137	2	4888
2	65	4812
65	2	4813
2	113	291
113	2	292
2	153	2207
153	2	2207
2	15	571
15	2	572
2	172	4120
172	2	4120
2	132	1172
132	2	1173
2	183	4431
183	2	4431
2	37	4293
37	2	4293
2	64	256
64	2	256
2	111	4441
111	2	4442
2	38	3583
38	2	3583
2	119	2982
119	2	2982
2	195	4819
195	2	4819
2	118	4022
118	2	4022
3	34	3813
34	3	3814
3	68	4151
68	3	4152
3	64	1011
64	3	1011
3	40	1681
40	3	1681
3	187	2810
187	3	2810
3	65	897
65	3	897
3	19	4325
19	3	4325
3	190	1640
190	3	1641
3	195	1862
195	3	1863
3	81	4740
81	3	4741
3	103	1750
103	3	1751
3	28	1320
28	3	1321
3	67	4007
67	3	4008
3	46	4923
46	3	4923
3	94	4101
94	3	4102
3	162	3997
162	3	3998
3	133	784
133	3	784
3	141	330
141	3	331
3	47	445
47	3	445
3	184	3966
184	3	3966
4	90	4306
90	4	4306
4	25	4417
25	4	4418
4	73	4298
73	4	4298
4	6	4568
6	4	4568
4	109	3557
109	4	3557
4	5	3576
5	4	3577
4	60	4187
60	4	4188
4	190	3966
190	4	3966
4	138	3769
138	4	3770
4	39	4952
39	4	4953
4	75	4738
75	4	4739
4	149	2561
149	4	2561
4	56	3524
56	4	3524
4	119	2195
119	4	2196
4	128	4510
128	4	4511
4	83	3886
83	4	3887
4	46	4634
46	4	4635
4	160	4591
160	4	4592
4	53	4976
53	4	4977
4	50	2673
50	4	2673
5	196	1640
196	5	1640
5	153	3215
153	5	3215
5	45	3085
45	5	3085
5	126	4198
126	5	4199
5	177	3359
177	5	3360
5	166	3996
166	5	3996
5	55	4395
55	5	4395
5	93	4902
93	5	4903
5	7	2142
7	5	2143
5	12	220
12	5	221
5	174	4820
174	5	4821
5	149	3915
149	5	3915
5	54	1232
54	5	1232
5	123	904
123	5	904
5	67	4058
67	5	4059
5	178	4726
178	5	4726
5	96	4220
96	5	4221
5	112	2727
112	5	2728
5	115	1881
115	5	1882
6	176	1054
176	6	1054
6	150	3881
150	6	3881
6	40	4721
40	6	4722
6	53	191
53	6	192
6	11	1380
11	6	1380
6	165	4563
165	6	4563
6	46	4834
46	6	4835
6	129	4855
129	6	4856
6	128	3807
128	6	3807
6	59	3768
59	6	3768
6	179	600
179	6	600
6	134	2507
134	6	2508
6	180	4389
180	6	4389
6	141	4762
141	6	4763
6	93	4938
93	6	4938
6	122	4689
122	6	4689
6	130	3810
130	6	3810
6	18	3010
18	6	3011
6	174	4700
174	6	4701
7	168	2689
168	7	2689
7	161	3076
161	7	3077
7	189	3922
189	7	3922
7	119	2790
119	7	2790
7	92	254
92	7	254
7	55	2032
55	7	2033
7	29	3721
29	7	3722
7	85	2938
85	7	2938
7	145	312
145	7	312
7	34	3561
34	7	3562
7	120	3576
120	7	3577
7	97	1033
97	7	1033
7	156	2710
156	7	2711
7	172	1491
172	7	1492
7	191	3354
191	7	3354
7	150	3851
150	7	3851
7	88	3574
88	7	3575
7	112	1920
112	7	1921
7	41	2193
41	7	2194
8	62	626
62	8	627
8	178	2542
178	8	2543
8	145	1468
145	8	1468
8	141	897
141	8	898
8	108	4777
108	8	4778
8	66	4047
66	8	4047
8	31	3454
31	8	3455
8	170	2565
170	8	2566
8	64	4097
64	8	4097
8	84	3178
84	8	3179
8	106	1565
106	8	1565
8	54	4516
54	8	4516
8	162	1341
162	8	1341
8	197	706
197	8	707
8	187	1870
187	8	1870
8	57	4043
57	8	4044
8	56	3707
56	8	3707
8	96	4742
96	8	4742
8	138	4235
138	8	4235
8	126	1484
126	8	1485
9	79	2488
79	9	2488
9	144	506
144	9	506
9	164	4028
164	9	4028
9	67	3781
67	9	3781
9	86	3841
86	9	3841
9	19	3821
19	9	3821
9	125	4704
125	9	4704
9	77	1609
77	9	1609
9	54	4127
54	9	4127
9	128	3760
128	9	3760
9	162	3059
162	9	3059
9	66	3886
66	9	3886
9	92	3186
92	9	3187
9	118	3833
118	9	3834
9	28	4942
28	9	4943
9	117	2576
117	9	2576
9	179	2723
179	9	2724
9	14	4690
14	9	4690
9	199	1090
199	9	1091
9	94	2780
94	9	2780
10	47	4053
47	10	4053
10	15	2629
15	10	2629
10	148	3870
148	10	3871
10	191	2875
191	10	2875
10	32	393
32	10	393
10	72	4348
72	10	4348
10	41	3544
41	10	3544
10	136	4804
136	10	4804
10	159	2599
159	10	2600
10	81	4704
81	10	4704
10	196	2216
196	10	2216
10	75	359
75	10	360
10	195	3713
195	10	3713
10	22	4736
22	10	4737
10	145	4317
145	10	4318
10	14	2283
14	10	2283
10	120	4191
120	10	4192
10	171	1293
171	10	1293
10	200	3534
200	10	3534
10	16	4903
16	10	4903
11	89	3891
89	11	3891
11	158	4022
158	11	4023
11	50	2900
50	11	2901
11	96	2001
96	11	2002
11	64	356
64	11	356
11	172	4686
172	11	4686
11	184	3444
184	11	3444
11	133	4439
133	11	4440
11	82	1793
82	11	1793
11	32	4123
32	11	4123
11	37	4772
37	11	4772
11	175	1829
175	11	1829
11	51	3108
51	11	3108
11	34	3909
34	11	3910
11	196	2270
196	11	2270
11	116	4734
116	11	4735
11	188	4073
188	11	4073
11	144	3097
144	11	3098
12	80	3853
80	12	3853
12	189	4356
189	12	4356
12	40	4972
40	12	4973
12	141	1195
141	12	1195
12	193	2924
193	12	2925
12	179	4552
179	12	4553
12	61	598
61	12	599
12	67	2075
67	12	2076
12	177	4634
177	12	4634
12	131	4764
131	12	4765
12	175	955
175	12	955
12	54	3967
54	12	3967
12	143	3766
143	12	3766
12	78	4570
78	12	4571
12	21	3609
21	12	3609
12	158	4067
158	12	4067
12	139	4048
139	12	4048
12	23	4636
23	12	4636
12	76	2504
76	12	2505
13	173	2694
173	13	2695
13	160	4652
160	13	4652
13	134	4905
134	13	4905
13	62	4530
62	13	4531
13	64	3614
64	13	3614
13	111	2318
111	13	2319
13	58	3932
58	13	3933
13	45	3218
45	13	3219
13	71	1631
71	13	1632
13	52	3859
52	13	3859
13	146	4930
146	13	4930
13	53	4645
53	13	4645
13	49	4322
49	13	4323
13	149	2715
149	13	2715
13	110	703
110	13	703
13	127	2311
127	13	2312
13	15	136
15	13	137
13	145	1250
145	13	1251
13	196	1275
196	13	1275
14	189	2502
189	14	2503
14	49	2318
49	14	2318
14	93	2832
93	14	2833
14	94	649
94	14	649
14	89	3509
89	14	3510
14	155	4681
155	14	4681
14	191	2147
191	14	2148
14	124	711
124	14	711
14	138	4615
138	14	4616
14	64	2115
64	14	2116
14	132	4396
132	14	4396
14	121	2374
121	14	2375
14	42	3504
42	14	3505
14	91	4501
91	14	4502
14	101	1974
101	14	1974
14	81	51
81	14	52
14	185	1407
185	14	1407
15	46	2823
46	15	2824
15	81	4590
81	15	4590
15	36	3604
36	15	3605
15	142	2551
142	15	2552
15	200	2269
200	15	2270
15	82	3036
82	15	3037
15	38	3118
38	15	3119
15	67	4290
67	15	4290
15	141	3723
141	15	3724
15	119	4268
119	15	4268
15	94	3396
94	15	3397
15	62	4384
62	15	4384
15	106	2880
106	15	2881
15	65	2412
65	15	2412
15	66	4651
66	15	4651
15	33	1043
33	15	1043
15	59	3066
59	15	3066
16	134	2683
134	16	2683
16	109	4311
109	16	4311
16	156	3188
156	16	3188
16	29	4104
29	16	4104
16	166	4361
166	16	4362
16	93	1390
93	16	1390
16	55	4490
55	16	4491
16	184	2852
184	16	2852
16	123	4623
123	16	4624
16	122	2197
122	16	2197
16	158	321
158	16	321
16	36	3325
36	16	3325
16	161	3675
161	16	3675
16	90	1578
90	16	1578
16	192	4743
192	16	4744
16	165	3518
165	16	3519
16	188	1872
188	16	1873
16	128	579
128	16	579
16	69	2030
69	16	2030
17	104	4541
104	17	4542
17	137	4943
137	17	4943
17	148	4653
148	17	4654
17	160	1158
160	17	1159
17	90	2900
90	17	2901
17	127	4899
127	17	4899
17	76	3586
76	17	3586
17	198	4520
198	17	4521
17	102	1012
102	17	1013
17	30	4327
30	17	4327
17	143	2898
143	17	2899
17	73	4137
73	17	4137
17	115	4130
115	17	4130
17	94	3269
94	17	3269
17	95	3612
95	17	3612
17	18	3894
18	17	3895
17	144	4750
144	17	4750
17	188	2152
188	17	2153
17	59	4705
59	17	4706
17	101	3171
101	17	3172
18	183	1265
183	18	1265
18	46	3098
46	18	3098
18	75	3546
75	18	3546
18	62	4897
62	18	4897
18	163	3742
163	18	3742
18	148	4298
148	18	4299
18	124	1089
124	18	1090
18	162	4109
162	18	4109
18	144	4736
144	18	4737
18	178	3822
178	18	3822
18	128	1720
128	18	1721
18	151	3912
151	18	3912
18	92	725
92	18	726
18	87	4673
87	18	4673
18	116	3802
116	18	3802
18	32	2006
32	18	2006
18	176	3505
176	18	3505
18	54	4715
54	18	4715
19	143	3142
143	19	3142
19	27	1976
27	19	1977
19	36	2815
36	19	2816
19	35	2112
35	19	2112
19	55	915
55	19	916
19	54	4589
54	19	4590
19	115	356
115	19	357
19	200	900
200	19	900
19	21	4380
21	19	4380
19	158	4453
158	19	4454
19	37	3920
37	19	3920
19	137	3485
137	19	3486
19	70	1666
70	19	1667
19	85	4773
85	19	4773
19	198	4533
198	19	4534
19	75	2548
75	19	2548
19	100	4168
100	19	4168
19	92	2766
92	19	2767
20	49	3359
49	20	3360
20	137	2296
137	20	2297
20	60	3830
60	20	3831
20	171	3896
171	20	3897
20	44	935
44	20	935
20	37	1614
37	20	1614
20	106	4678
106	20	4678
20	173	3183
173	20	3184
20	132	3730
132	20	3731
20	144	4403
144	20	4403
20	80	4133
80	20	4133
20	167	4049
167	20	4050
20	79	4193
79	20	4193
20	76	2058
76	20	2059
20	105	2744
105	20	2745
20	56	3630
56	20	3630
20	88	851
88	20	851
20	130	1510
130	20	1510
20	69	858
69	20	859
20	168	2764
168	20	2765
21	129	935
129	21	936
21	122	2543
122	21	2544
21	130	1826
130	21	1826
21	73	4231
73	21	4232
21	127	3981
127	21	3982
21	183	4787
183	21	4787
21	63	1194
63	21	1195
21	188	375
188	21	376
21	23	4503
23	21	4503
21	79	4387
79	21	4388
21	198	3977
198	21	3977
21	150	3648
150	21	3648
21	149	1811
149	21	1812
21	131	1259
131	21	1260
21	189	3862
189	21	3863
22	108	1687
108	22	1687
22	75	3271
75	22	3271
22	87	102
87	22	103
22	97	3844
97	22	3844
22	142	3087
142	22	3088
22	149	4407
149	22	4407
22	179	1641
179	22	1641
22	41	4697
41	22	4697
22	53	2755
53	22	2755
22	182	612
182	22	612
22	28	1818
28	22	1818
22	78	452
78	22	453
22	43	1317
43	22	1317
22	80	3920
80	22	3921
23	85	2148
85	23	2148
23	125	4178
125	23	4179
23	29	2340
29	23	2341
23	38	3996
38	23	3996
23	109	4391
109	23	4392
23	45	4578
45	23	4579
23	26	3942
26	23	3943
23	51	3570
51	23	3571
23	69	3507
69	23	3508
23	59	546
59	23	546
23	62	951
62	23	951
23	106	1912
106	23	1913
23	50	1778
50	23	1779
24	170	4690
170	24	4691
24	178	3368
178	24	3368
24	143	4964
143	24	4964
24	42	4709
42	24	4709
24	157	1274
157	24	1275
24	144	3386
144	24	3386
24	131	582
131	24	583
24	36	4917
36	24	4918
24	76	4110
76	24	4110
24	187	229
187	24	229
24	154	4214
154	24	4214
24	54	1696
54	24	1696
24	136	685
136	24	685
24	110	4916
110	24	4917
24	95	3565
95	24	3566
24	166	596
166	24	597
24	50	181
50	24	181
25	44	3976
44	25	3977
25	102	4135
102	25	4135
25	81	4792
81	25	4792
25	131	4667
131	25	4667
25	100	410
100	25	410
25	157	3090
157	25	3090
25	66	4724
66	25	4725
25	149	4486
149	25	4486
25	83	1369
83	25	1370
25	161	3637
161	25	3638
25	125	4749
125	25	4750
25	30	2005
30	25	2005
25	63	1769
63	25	1770
25	113	4930
113	25	4930
25	168	2372
168	25	2373
26	167	2721
167	26	2721
26	195	3304
195	26	3305
26	92	3752
92	26	3752
26	90	4041
90	26	4041
26	94	1858
94	26	1858
26	85	4252
85	26	4252
26	36	4819
36	26	4819
26	101	408
101	26	409
26	43	2799
43	26	2800
26	152	3422
152	26	3422
26	120	1790
120	26	1791
26	172	4636
172	26	4637
26	174	2453
174	26	2454
26	143	1313
143	26	1314
26	146	2669
146	26	2670
27	129	3641
129	27	3642
27	97	4524
97	27	4525
27	132	3671
132	27	3672
27	189	2444
189	27	2445
27	53	3462
53	27	3462
27	197	4864
197	27	4864
27	98	3736
98	27	3736
27	36	1580
36	27	1581
27	198	1538
198	27	1539
27	169	3946
169	27	3947
27	157	4306
157	27	4306
27	69	2012
69	27	2013
27	190	3703
190	27	3703
27	164	4193
164	27	4193
27	90	704
90	27	704
27	183	729
183	27	730
27	159	3626
159	27	3626
27	115	974
115	27	975
28	139	4751
139	28	4751
28	57	3974
57	28	3974
28	119	579
119	28	579
28	173	3917
173	28	3917
28	186	1624
186	28	1625
28	116	1642
116	28	1643
28	150	996
150	28	996
28	68	4141
68	28	4141
28	59	484
59	28	485
28	53	2011
53	28	2011
28	44	428
44	28	429
28	159	4941
159	28	4942
28	82	928
82	28	929
29	49	4303
49	29	4304
29	43	2402
43	29	2403
29	69	1273
69	29	1274
29	86	1839
86	29	1839
29	60	2516
60	29	2516
29	171	4350
171	29	4351
29	133	3670
133	29	3671
29	81	3031
81	29	3032
29	169	4320
169	29	4320
29	113	4618
113	29	4618
29	178	2641
178	29	2641
29	106	3575
106	29	3575
29	155	3728
155	29	3728
29	78	2688
78	29	2688
29	175	2326
175	29	2327
30	37	1621
37	30	1621
30	108	3655
108	30	3656
30	173	2589
173	30	2590
30	199	3677
199	30	3678
30	174	2063
174	30	2063
30	176	3759
176	30	3760
30	169	4879
169	30	4880
30	153	4801
153	30	4801
30	162	3513
162	30	3514
30	47	764
47	30	765
30	161	3846
161	30	3847
30	117	4145
117	30	4146
30	165	1349
165	30	1349
31	51	1362
51	31	1363
31	131	2334
131	31	2334
31	52	2500
52	31	2500
31	107	1353
107	31	1353
31	141	1068
141	31	1069
31	114	1667
114	31	1667
31	135	4802
135	31	4803
31	44	4462
44	31	4462
31	70	3315
70	31	3316
31	47	4620
47	31	4621
31	147	1713
147	31	1714
31	196	4748
196	31	4749
31	179	4391
179	31	4392
31	163	3113
163	31	3114
31	167	1997
167	31	1997
31	176	3521
176	31	3521
32	168	4834
168	32	4834
32	60	4491
60	32	4491
32	42	3028
42	32	3029
32	147	4558
147	32	4558
32	110	2569
110	32	2570
32	197	1817
197	32	1818
32	125	2081
125	32	2082
32	133	2795
133	32	2795
32	116	4951
116	32	4951
32	136	3952
136	32	3952
32	130	2309
130	32	2309
32	111	3370
111	32	3371
33	142	3898
142	33	3899
33	87	2264
87	33	2264
33	40	1811
40	33	1812
33	119	2607
119	33	2608
33	86	4545
86	33	4546
33	100	3894
100	33	3895
33	128	4595
128	33	4596
33	200	2808
200	33	2809
33	116	3922
116	33	3923
33	64	4498
64	33	4499
33	50	1287
50	33	1288
33	174	2444
174	33	2445
33	171	4919
171	33	4920
33	136	3463
136	33	3464
34	66	4164
66	34	4165
34	58	1801
58	34	1801
34	148	4819
148	34	4820
34	127	3453
127	34	3454
34	172	1120
172	34	1120
34	43	4656
43	34	4656
34	93	2032
93	34	2032
34	121	4303
121	34	4304
34	199	4258
199	34	4258
34	97	4146
97	34	4147
34	158	3958
158	34	3959
34	92	4100
92	34	4100
35	85	4011
85	35	4011
35	137	1371
137	35	1371
35	108	4813
108	35	4813
35	61	4292
61	35	4293
35	67	2333
67	35	2334
35	177	3870
177	35	3871
35	171	3197
171	35	3197
35	192	4649
192	35	4650
35	178	3282
178	35	3283
35	70	4836
70	35	4837
35	147	1037
147	35	1038
35	37	2821
37	35	2821
35	160	554
160	35	554
35	161	4159
161	35	4160
35	164	3508
164	35	3508
35	172	3664
172	35	3664
36	63	908
63	36	908
36	40	4167
40	36	4167
36	64	4534
64	36	4534
36	57	397
57	36	398
36	185	4862
185	36	4863
36	65	4910
65	36	4910
36	197	1381
197	36	1381
36	92	868
92	36	868
36	119	4099
119	36	4100
37	131	4634
131	37	4634
37	105	1006
105	37	1006
37	200	810
200	37	810
37	152	3015
152	37	3016
37	64	647
64	37	648
37	179	4865
179	37	4866
37	183	3748
183	37	3749
37	38	1568
38	37	1569
37	128	4344
128	37	4345
37	195	3331
195	37	3331
37	107	3614
107	37	3614
37	62	4320
62	37	4321
37	157	3973
157	37	3974
38	81	729
81	38	729
38	118	4178
118	38	4179
38	178	3519
178	38	3519
38	145	1122
145	38	1122
38	180	1816
180	38	1817
38	71	191
71	38	191
38	61	2085
61	38	2086
38	104	1488
104	38	1489
38	149	2615
149	38	2616
38	181	4360
181	38	4360
38	128	4092
128	38	4092
38	166	908
166	38	908
39	41	3861
41	39	3861
39	180	3989
180	39	3989
39	79	3883
79	39	3883
39	174	4430
174	39	4430
39	128	1726
128	39	1727
39	171	1618
171	39	1619
39	185	1871
185	39	1871
39	159	4347
159	39	4348
39	130	3328
130	39	3329
39	197	367
197	39	368
39	50	4438
50	39	4438
39	138	3019
138	39	3020
39	194	267
194	39	267
39	48	1287
48	39	1288
39	127	1821
127	39	1821
39	102	879
102	39	880
39	84	2566
84	39	2567
39	155	4418
155	39	4418
40	98	3153
98	40	3153
40	135	330
135	40	330
40	79	3871
79	40	3871
40	77	608
77	40	609
40	84	4005
84	40	4005
40	105	1615
105	40	1615
40	80	4808
80	40	4809
40	93	4625
93	40	4625
40	151	4665
151	40	4665
40	87	2637
87	40	2637
40	97	4670
97	40	4670
40	182	1048
182	40	1048
40	96	2770
96	40	2770
40	177	300
177	40	301
41	73	2049
73	41	2050
41	117	4869
117	41	4869
41	106	4194
106	41	4194
41	65	1011
65	41	1011
41	68	3769
68	41	3770
41	66	4964
66	41	4965
41	92	4113
92	41	4114
41	71	3831
71	41	3831
41	110	3384
110	41	3384
41	83	3672
83	41	3673
41	97	3837
97	41	3838
42	180	4166
180	42	4166
42	101	2796
101	42	2796
42	90	535
90	42	536
42	153	555
153	42	555
42	167	2345
167	42	2346
42	57	3912
57	42	3913
42	68	2888
68	42	2889
42	106	2132
106	42	2133
42	92	3838
92	42	3839
42	143	2424
143	42	2424
42	61	4317
61	42	4317
42	137	4883
137	42	4884
42	129	2188
129	42	2188
42	170	2806
170	42	2806
42	54	4619
54	42	4620
42	69	4642
69	42	4643
43	111	4221
111	43	4222
43	97	4897
97	43	4897
43	121	4672
121	43	4673
43	165	1774
165	43	1775
43	52	4773
52	43	4773
43	178	4794
178	43	4794
43	130	3945
130	43	3945
43	87	1292
87	43	1293
43	168	2810
168	43	2810
43	75	2257
75	43	2258
43	136	4874
136	43	4875
43	79	2077
79	43	2078
43	104	4175
104	43	4176
44	151	2426
151	44	2426
44	164	3807
164	44	3807
44	152	3323
152	44	3323
44	127	3503
127	44	3503
44	199	4653
199	44	4654
44	176	3710
176	44	3710
44	55	4716
55	44	4716
44	146	2779
146	44	2780
44	61	3684
61	44	3685
44	153	3475
153	44	3476
44	175	4287
175	44	4287
44	103	3880
103	44	3880
44	109	3729
109	44	3729
44	116	4200
116	44	4201
45	178	334
178	45	334
45	125	3696
125	45	3697
45	131	4488
131	45	4489
45	149	4772
149	45	4773
45	199	2069
199	45	2070
45	109	2538
109	45	2539
45	162	1778
162	45	1779
45	170	2764
170	45	2764
45	191	4551
191	45	4552
45	74	3944
74	45	3945
45	126	2122
126	45	2122
45	63	2650
63	45	2651
45	160	4589
160	45	4590
45	98	490
98	45	491
45	51	4029
51	45	4029
45	55	2641
55	45	2642
46	79	1157
79	46	1158
46	80	1577
80	46	1577
46	197	326
197	46	326
46	170	1691
170	46	1692
46	49	1596
49	46	1596
46	165	2721
165	46	2721
46	63	2920
63	46	2920
46	128	1844
128	46	1844
46	101	4222
101	46	4223
46	90	3028
90	46	3028
46	120	4937
120	46	4937
46	134	4138
134	46	4139
47	178	4167
178	47	4168
47	197	1815
197	47	1816
47	144	4402
144	47	4402
47	68	3296
68	47	3296
47	82	4516
82	47	4517
47	65	4066
65	47	4066
47	89	1449
89	47	1450
47	174	4564
174	47	4565
47	158	2407
158	47	2408
47	78	4828
78	47	4829
47	126	4120
126	47	4121
47	168	4187
168	47	4187
47	84	1962
84	47	1962
47	49	3883
49	47	3884
48	118	3947
118	48	3947
48	146	4191
146	48	4191
48	145	4127
145	48	4127
48	63	4580
63	48	4581
48	65	3974
65	48	3974
48	97	4721
97	48	4721
48	173	2550
173	48	2550
48	113	4134
113	48	4135
48	91	2964
91	48	2965
48	58	4697
58	48	4697
48	106	4946
106	48	4946
48	117	3272
117	48	3273
48	69	117
69	48	117
48	57	3488
57	48	3488
48	177	4950
177	48	4951
48	93	2613
93	48	2614
49	93	2774
93	49	2774
49	91	4658
91	49	4658
49	90	3805
90	49	3806
49	63	3746
63	49	3747
49	149	4094
149	49	4095
49	82	3605
82	49	3605
49	106	3450
106	49	3450
49	96	355
96	49	355
49	79	165
79	49	165
49	53	4807
53	49	4807
49	61	4256
61	49	4256
50	169	4110
169	50	4111
50	152	2187
152	50	2188
50	149	1128
149	50	1129
50	130	2913
130	50	2913
50	160	3483
160	50	3483
50	89	4419
89	50	4419
50	185	2663
185	50	2664
50	101	4047
101	50	4047
50	170	3836
170	50	3836
50	124	1557
124	50	1557
51	167	4195
167	51	4195
51	118	1408
118	51	1408
51	157	1025
157	51	1026
51	120	1492
120	51	1492
51	182	4648
182	51	4649
51	54	3801
54	51	3802
51	110	4270
110	51	4270
51	52	4094
52	51	4095
51	168	4976
168	51	4976
51	59	2249
59	51	2250
51	83	2816
83	51	2817
51	142	1771
142	51	1772
51	71	4697
71	51	4697
51	169	4992
169	51	4992
51	138	4130
138	51	4130
52	131	4777
131	52	4777
52	130	1432
130	52	1433
52	58	1701
58	52	1701
52	174	3075
174	52	3075
52	74	4109
74	52	4110
52	167	4676
167	52	4676
52	146	3013
146	52	3013
52	126	3132
126	52	3132
52	165	2507
165	52	2507
52	103	2416
103	52	2416
52	141	4073
141	52	4074
53	111	3758
111	53	3758
53	72	3824
72	53	3825
53	109	473
109	53	474
53	174	3807
174	53	3807
53	62	597
62	53	598
53	147	4275
147	53	4275
53	139	4455
139	53	4455
53	127	1405
127	53	1406
53	104	3741
104	53	3742
53	89	4588
89	53	4589
53	135	3698
135	53	3699
53	94	1169
94	53	1169
54	126	2319
126	54	2320
54	170	4043
170	54	4044
54	151	1924
151	54	1925
54	117	4612
117	54	4613
54	67	2329
67	54	2330
54	143	3791
143	54	3792
54	103	4072
103	54	4073
54	55	1093
55	54	1093
54	73	3902
73	54	3903
54	115	3623
115	54	3623
55	192	3068
192	55	3068
55	162	3656
162	55	3657
55	135	2970
135	55	2971
55	140	4879
140	55	4880
55	120	1173
120	55	1173
55	149	3198
149	55	3198
55	196	4383
196	55	4383
55	71	3386
71	55	3387
55	109	1083
109	55	1083
56	135	3270
135	56	3271
56	90	3784
90	56	3785
56	59	1225
59	56	1225
56	63	1818
63	56	1819
56	110	4159
110	56	4159
56	82	3720
82	56	3721
56	119	861
119	56	862
56	199	829
199	56	829
56	164	4113
164	56	4113
56	151	4225
151	56	4225
56	93	4634
93	56	4634
57	173	4501
173	57	4501
57	161	3931
161	57	3931
57	117	1188
117	57	1189
57	106	1984
106	57	1984
57	86	1655
86	57	1656
57	164	2500
164	57	2500
57	63	4658
63	57	4658
57	102	1509
102	57	1510
58	86	4392
86	58	4392
58	153	4505
153	58	4505
58	78	4084
78	58	4084
58	114	257
114	58	258
58	73	4093
73	58	4093
58	72	2306
72	58	2307
58	79	4629
79	58	4629
58	159	4722
159	58	4722
58	87	3608
87	58	3608
58	141	4873
141	58	4873
58	190	3560
190	58	3561
58	176	4431
176	58	4432
59	86	2603
86	59	2604
59	124	4432
124	59	4433
59	163	4419
163	59	4419
59	196	4307
196	59	4307
59	180	1186
180	59	1186
59	91	3900
91	59	3901
59	108	3682
108	59	3683
59	105	3137
105	59	3137
59	118	3842
118	59	3843
59	68	290
68	59	291
60	101	3688
101	60	3688
60	82	2014
82	60	2015
60	100	4274
100	60	4275
60	93	2721
93	60	2722
60	132	4590
132	60	4591
60	117	2483
117	60	2483
60	177	4024
177	60	4024
60	123	2024
123	60	2025
60	151	3623
151	60	3624
60	106	3608
106	60	3608
60	121	3981
121	60	3981
61	102	3266
102	61	3267
61	164	4166
164	61	4166
61	172	4054
172	61	4055
61	78	3871
78	61	3871
61	142	3774
142	61	3774
61	161	544
161	61	545
61	79	2303
79	61	2303
61	139	2707
139	61	2707
61	125	4105
125	61	4106
61	182	654
182	61	654
61	89	1330
89	61	1331
61	160	1461
160	61	1462
62	145	3774
145	62	3775
62	69	4754
69	62	4755
62	115	699
115	62	700
62	112	2328
112	62	2329
62	180	3490
180	62	3491
62	126	4751
126	62	4751
62	157	4748
157	62	4749
62	109	2120
109	62	2121
62	107	2431
107	62	2431
62	65	2688
65	62	2689
63	174	4154
174	63	4154
63	108	883
108	63	884
63	92	3453
92	63	3454
63	150	4341
150	63	4342
63	176	2929
176	63	2929
63	187	3880
187	63	3880
64	172	3723
172	64	3724
64	91	3357
91	64	3358
64	151	3857
151	64	3857
64	78	423
78	64	424
64	94	3849
94	64	3849
64	150	4291
150	64	4291
64	89	3989
89	64	3990
64	120	4847
120	64	4847
65	77	4738
77	65	4739
65	170	548
170	65	549
65	114	4396
114	65	4396
65	93	2493
93	65	2493
65	75	4273
75	65	4273
65	152	4165
152	65	4165
65	153	199
153	65	200
65	91	3254
91	65	3255
65	173	103
173	65	104
66	143	2765
143	66	2766
66	180	715
180	66	716
66	115	2760
115	66	2761
66	122	3684
122	66	3685
66	187	3912
187	66	3912
66	71	2897
71	66	2897
66	164	2178
164	66	2178
66	182	3100
182	66	3100
66	88	3902
88	66	3902
67	153	2578
153	67	2578
67	104	1412
104	67	1412
67	135	4708
135	67	4708
67	91	1778
91	67	1778
67	124	204
124	67	204
67	83	3036
83	67	3037
67	172	4522
172	67	4522
67	80	1799
80	67	1800
67	199	2626
199	67	2626
68	118	4194
118	68	4194
68	175	740
175	68	740
68	90	2133
90	68	2133
68	185	3881
185	68	3881
68	94	330
94	68	330
68	146	2549
146	68	2549
68	111	3683
111	68	3683
68	73	4284
73	68	4285
68	170	3182
170	68	3182
69	131	4132
131	69	4132
69	129	1265
129	69	1266
69	160	2736
160	69	2737
69	172	3872
172	69	3873
69	169	2030
169	69	2030
69	109	1048
109	69	1049
69	178	4050
178	69	4051
69	139	3160
139	69	3161
70	180	3246
180	70	3247
70	151	4721
151	70	4722
70	164	4144
164	70	4145
70	122	4826
122	70	4826
70	166	3979
166	70	3979
70	156	4206
156	70	4206
70	113	1560
113	70	1561
70	73	3951
73	70	3951
70	115	4615
115	70	4616
70	185	3140
185	70	3141
70	71	4598
71	70	4599
70	93	2668
93	70	2668
70	88	2083
88	70	2083
70	179	3781
179	70	3782
70	123	4507
123	70	4507
71	78	3983
78	71	3984
71	138	1263
138	71	1264
71	96	4387
96	71	4388
71	177	3544
177	71	3544
71	145	3662
145	71	3662
71	146	2204
146	71	2204
71	77	2768
77	71	2768
71	118	4009
118	71	4010
71	93	1841
93	71	1842
71	197	1515
197	71	1516
71	191	4400
191	71	4400
72	101	2953
101	72	2954
72	121	4091
121	72	4092
72	151	1892
151	72	1893
72	185	76
185	72	76
72	132	4265
132	72	4266
72	159	4531
159	72	4532
72	197	4566
197	72	4566
72	73	4742
73	72	4742
72	154	2561
154	72	2561
72	98	4662
98	72	4662
72	131	4678
131	72	4679
72	112	1808
112	72	1809
73	163	4221
163	73	4222
73	114	2551
114	73	2551
73	103	4308
103	73	4309
73	107	501
107	73	501
73	143	4160
143	73	4160
73	120	4685
120	73	4686
74	79	4615
79	74	4615
74	143	3543
143	74	3543
74	126	2181
126	74	2182
74	108	4988
108	74	4988
74	169	3566
169	74	3567
74	139	4189
139	74	4190
74	163	4918
163	74	4919
74	98	4044
98	74	4044
74	87	650
87	74	650
74	167	622
167	74	622
74	109	2842
109	74	2843
74	150	4285
150	74	4285
74	115	4208
115	74	4208
74	114	4595
114	74	4595
75	127	3837
127	75	3838
75	116	4070
116	75	4071
75	81	4840
81	75	4840
75	144	2500
144	75	2500
75	145	3899
145	75	3899
75	91	1288
91	75	1289
75	90	1788
90	75	1788
75	142	1521
142	75	1522
75	148	1033
148	75	1034
75	140	4753
140	75	4754
76	115	3908
115	76	3908
76	117	252
117	76	252
76	85	4680
85	76	4681
76	90	4279
90	76	4279
76	94	4874
94	76	4874
76	122	3347
122	76	3347
76	173	3865
173	76	3865
76	113	4873
113	76	4874
76	134	3237
134	76	3237
76	152	1664
152	76	1665
76	171	1240
171	76	1240
76	83	4130
83	76	4130
76	97	4124
97	76	4125
76	161	2644
161	76	2644
76	151	4846
151	76	4847
77	90	3130
90	77	3131
77	95	4510
95	77	4510
77	97	1696
97	77	1696
77	118	3658
118	77	3658
77	116	4541
116	77	4541
77	81	3910
81	77	3911
77	167	4282
167	77	4282
77	153	4314
153	77	4314
77	111	2126
111	77	2126
77	103	4129
103	77	4130
77	171	1141
171	77	1141
77	148	4004
148	77	4005
78	172	2643
172	78	2644
78	173	3538
173	78	3539
78	132	3157
132	78	3158
78	83	4477
83	78	4477
78	99	83
99	78	84
78	120	1050
120	78	1050
78	124	2285
124	78	2286
78	148	1443
148	78	1443
78	157	4399
157	78	4400
78	90	2984
90	78	2985
78	135	1528
135	78	1529
79	138	1181
138	79	1182
79	83	1029
83	79	1029
79	168	2236
168	79	2237
79	84	3431
84	79	3431
79	140	1545
140	79	1545
80	163	4729
163	80	4729
80	98	4300
98	80	4300
80	175	3514
175	80	3515
80	173	1955
173	80	1955
80	171	699
171	80	700
80	137	3804
137	80	3804
80	110	1212
110	80	1213
80	179	3730
179	80	3731
80	145	4021
145	80	4022
80	112	3853
112	80	3853
80	150	4101
150	80	4102
80	96	2350
96	80	2350
81	103	1867
103	81	1868
81	82	3825
82	81	3826
81	118	4790
118	81	4790
81	109	4966
109	81	4967
81	175	407
175	81	407
81	155	4519
155	81	4519
81	119	1325
119	81	1326
81	152	2075
152	81	2075
81	180	4931
180	81	4932
82	96	2169
96	82	2170
82	118	4474
118	82	4475
82	131	2520
131	82	2521
82	120	2423
120	82	2424
82	130	3604
130	82	3605
82	159	586
159	82	587
82	105	4042
105	82	4043
82	198	4240
198	82	4240
83	87	4072
87	83	4072
83	191	2042
191	83	2043
83	122	4350
122	83	4351
83	154	1049
154	83	1049
83	125	396
125	83	396
83	175	2897
175	83	2898
83	95	4428
95	83	4428
83	135	4029
135	83	4030
83	89	2712
89	83	2712
83	127	4840
127	83	4841
83	110	3779
110	83	3779
84	172	3040
172	84	3040
84	191	4760
191	84	4760
84	98	3408
98	84	3408
84	85	3114
85	84	3115
84	163	3847
163	84	3848
84	135	739
135	84	740
84	87	3277
87	84	3277
84	134	1985
134	84	1986
84	156	2703
156	84	2703
84	148	3872
148	84	3872
84	99	2438
99	84	2438
84	123	4213
123	84	4214
84	137	3870
137	84	3871
84	141	4768
141	84	4768
85	133	2197
133	85	2198
85	155	4122
155	85	4122
85	114	2764
114	85	2764
85	178	2622
178	85	2622
85	105	2012
105	85	2013
85	135	4253
135	85	4253
85	150	2639
150	85	2639
85	169	4960
169	85	4961
85	121	1179
121	85	1180
85	89	3841
89	85	3842
85	165	4477
165	85	4477
86	119	4693
119	86	4694
86	177	261
177	86	261
86	117	4630
117	86	4630
86	162	1304
162	86	1305
86	165	4234
165	86	4234
86	171	4860
171	86	4861
86	121	4280
121	86	4281
86	199	3927
199	86	3928
86	179	4952
179	86	4952
86	152	2343
152	86	2344
87	105	4897
105	87	4897
87	179	3706
179	87	3706
87	113	3858
113	87	3859
87	152	2760
152	87	2760
87	158	4179
158	87	4179
87	198	2890
198	87	2891
87	154	1910
154	87	1911
87	147	4254
147	87	4255
87	115	3512
115	87	3513
87	163	2161
163	87	2162
88	154	1035
154	88	1035
88	138	259
138	88	260
88	178	2011
178	88	2011
88	123	3346
123	88	3347
88	158	4573
158	88	4574
88	145	4397
145	88	4398
88	101	1920
101	88	1920
88	171	3907
171	88	3907
88	148	1054
148	88	1055
88	100	1048
100	88	1048
89	187	490
187	89	491
89	107	1953
107	89	1954
89	132	1933
132	89	1934
89	137	3117
137	89	3117
89	158	924
158	89	924
89	157	768
157	89	768
89	162	4734
162	89	4735
90	150	3984
150	90	3985
90	137	3067
137	90	3067
90	126	2077
126	90	2078
91	122	4569
122	91	4570
91	156	1853
156	91	1853
91	162	4731
162	91	4731
91	147	3549
147	91	3549
91	108	4059
108	91	4060
91	190	2247
190	91	2247
91	119	1095
119	91	1095
91	169	2618
169	91	2618
91	168	4986
168	91	4986
92	95	3351
95	92	3352
92	138	1827
138	92	1828
92	145	682
145	92	682
92	161	3905
161	92	3905
92	143	3065
143	92	3066
92	125	1473
125	92	1474
92	172	4470
172	92	4471
92	142	4749
142	92	4750
92	144	4928
144	92	4929
93	114	4612
114	93	4613
93	125	1871
125	93	1872
93	102	4177
102	93	4177
93	180	4983
180	93	4983
94	157	1535
157	94	1536
94	97	1138
97	94	1139
94	152	4414
152	94	4415
94	146	2698
146	94	2699
94	113	3381
113	94	3381
94	112	871
112	94	871
95	169	922
169	95	923
95	132	3904
132	95	3905
95	148	4623
148	95	4623
95	166	118
166	95	119
95	146	4363
146	95	4364
95	123	4838
123	95	4838
95	131	2675
131	95	2676
95	101	1414
101	95	1415
95	179	3384
179	95	3384
95	187	1468
187	95	1468
95	96	4661
96	95	4662
95	134	2332
134	95	2332
96	179	3635
179	96	3636
96	141	3095
141	96	3096
96	104	2376
104	96	2376
96	134	73
134	96	73
96	150	980
150	96	980
96	160	3448
160	96	3449
96	136	2070
136	96	2070
96	169	3791
169	96	3792
96	153	772
153	96	772
97	112	4202
112	97	4203
97	116	3818
116	97	3819
97	152	3500
152	97	3501
97	120	294
120	97	295
98	167	3530
167	98	3530
98	126	4575
126	98	4575
98	100	1145
100	98	1145
98	103	3053
103	98	3053
98	180	3852
180	98	3853
98	161	1794
161	98	1795
98	145	2408
145	98	2409
98	123	3586
123	98	3586
98	168	4348
168	98	4348
98	113	2447
113	98	2447
98	150	712
150	98	712
99	151	2671
151	99	2672
99	176	1045
176	99	1046
99	145	2346
145	99	2346
99	140	2425
140	99	2426
99	129	376
129	99	377
99	175	2390
175	99	2390
99	130	2010
130	99	2011
99	156	4037
156	99	4037
99	100	1980
100	99	1981
99	159	1852
159	99	1853
99	155	177
155	99	178
99	134	2406
134	99	2407
99	117	4431
117	99	4432
99	198	4133
198	99	4133
99	110	3367
110	99	3368
99	166	3459
166	99	3460
99	144	4569
144	99	4570
100	159	2012
159	100	2013
100	155	4565
155	100	4566
100	164	1936
164	100	1936
100	113	2691
113	100	2691
100	163	4402
163	100	4403
100	122	4756
122	100	4756
100	104	3348
104	100	3348
100	111	4323
111	100	4324
102	156	4749
156	102	4750
102	137	716
137	102	716
102	124	820
124	102	821
102	153	4263
153	102	4263
102	163	3921
163	102	3922
102	103	1979
103	102	1979
103	133	1915
133	103	1915
103	122	4830
122	103	4830
104	114	2083
114	104	2083
104	136	3365
136	104	3365
104	121	4362
121	104	4362
105	139	4566
139	105	4567
105	176	4321
176	105	4322
105	177	1724
177	105	1724
105	126	4681
126	105	4681
107	175	2158
175	107	2158
107	168	4503
168	107	4503
107	114	4048
114	107	4049
107	154	329
154	107	329
107	146	4497
146	107	4497
108	180	4419
180	108	4420
108	111	434
111	108	435
109	136	4531
136	109	4531
109	176	3585
176	109	3585
110	122	676
122	110	676
110	140	1231
140	110	1232
110	112	4926
112	110	4926
110	159	4176
159	110	4177
110	133	3406
133	110	3406
111	165	4575
165	111	4576
112	177	2355
177	112	2356
112	142	4187
142	112	4187
112	132	3480
132	112	3480
112	165	1076
165	112	1076
114	153	4273
153	114	4274
114	132	4413
132	114	4413
114	160	1951
160	114	1952
116	161	3452
161	116	3453
116	158	1766
158	116	1767
116	123	2421
123	116	2421
116	125	2467
125	116	2468
116	155	2447
155	116	2447
117	118	4482
118	117	4482
117	170	2797
170	117	2798
117	134	4201
134	117	4202
118	140	503
140	118	504
118	158	3742
158	118	3743
119	139	4099
139	119	4100
119	158	2573
158	119	2573
119	144	2837
144	119	2838
121	175	2104
175	121	2105
121	160	2190
160	121	2191
121	156	4177
156	121	4178
121	136	3641
136	121	3642
121	146	4801
146	121	4802
121	125	3555
125	121	3555
122	124	3558
124	122	3558
122	155	4124
155	122	4124
122	166	4762
166	122	4763
123	177	4006
177	123	4006
123	132	4525
132	123	4526
123	133	4941
133	123	4942
124	180	843
180	124	844
124	147	2280
147	124	2281
124	140	3380
140	124	3381
126	180	3104
180	126	3104
126	157	4382
157	126	4383
129	155	974
155	129	974
129	138	1557
138	129	1558
129	142	4976
142	129	4977
129	133	4618
133	129	4618
129	166	2073
166	129	2073
129	139	2557
139	129	2558
132	175	3052
175	132	3053
132	142	4646
142	132	4646
133	168	2443
168	133	2443
133	156	3002
156	133	3002
133	175	495
175	133	495
134	161	1578
161	134	1579
134	160	1871
160	134	1872
134	155	3870
155	134	3870
134	176	545
176	134	545
136	177	1003
177	136	1003
136	156	2738
156	136	2739
139	158	3377
158	139	3378
140	142	4109
142	140	4109
140	166	4877
166	140	4877
140	159	2394
159	140	2395
140	187	4272
187	140	4273
141	170	3604
170	141	3605
142	155	768
155	142	769
144	166	3967
166	144	3968
144	177	3637
177	144	3638
146	154	1868
154	146	1868
146	159	4834
159	146	4835
146	166	4681
166	146	4681
147	148	2131
148	147	2132
147	175	3277
175	147	3277
147	177	444
177	147	444
147	159	870
159	147	871
147	176	4420
176	147	4421
147	162	2233
162	147	2234
147	187	3278
187	147	3279
148	170	1273
170	148	1273
148	155	4255
155	148	4256
148	161	3712
161	148	3713
154	159	4050
159	154	4050
154	170	4056
170	154	4056
154	156	3303
156	154	3304
156	162	1334
162	156	1335
156	170	3244
170	156	3244
156	167	3759
167	156	3760
