3	95	73	143
73	82	143	
1	89	125	66
125	49	41	66	
2	87	17	146
17	34	146	
4	89	83	132
83	52	132	
1	98	148	172
-1
4	91	143	146
143	71	146	
2	92	95	79
95	50	79	
4	91	45	103
45	43	103	
4	83	107	72
107	4	83	72	
1	87	142	107
-1
1	90	132	131
132	19	131	
1	95	78	56
-1
2	92	87	24
87	19	24	
1	83	7	106
7	173	34	106	
4	94	108	5
108	70	171	5	
3	91	66	147
-1
4	90	70	41
70	121	41	
1	84	2	38
2	98	83	38	
2	95	185	144
-1
3	93	9	85
9	91	85	
1	84	96	167
96	12	20	167	
1	91	78	45
78	35	45	
1	94	125	83
125	49	83	
4	91	117	41
-1
4	95	40	148
-1
2	81	86	166
86	12	166	
1	94	78	35
78	35	
2	91	100	188
-1
4	86	24	173
24	173	
3	91	171	133
171	70	19	133	
1	89	25	28
25	7	178	28	
1	93	161	106
161	65	106	
3	96	152	182
152	7	182	
4	88	118	99
-1
4	96	189	90
189	18	123	90	
4	81	64	176
64	137	18	176	
2	87	37	5
37	78	171	5	
3	94	51	104
51	15	104	
4	98	54	127
54	16	127	
4	90	153	97
153	6	66	97	
3	98	136	73
136	73	
4	95	85	185
-1
2	88	79	136
79	165	73	136	
4	86	107	5
-1
2	96	175	193
-1
4	83	143	8
-1
2	99	76	45
76	35	45	
3	82	43	47
-1
4	80	198	101
-1
4	88	28	53
28	178	53	
2	81	39	188
39	56	21	188	
1	85	29	24
29	7	138	24	
3	93	124	102
124	18	20	102	
2	89	104	160
104	27	11	160	
3	82	31	87
31	19	87	
3	89	199	29
199	9	91	29	
3	85	94	105
94	60	105	
1	92	193	99
-1
1	84	147	96
147	55	29	96	
4	88	27	124
27	11	124	
2	87	155	114
155	83	114	
4	90	108	142
-1
4	92	46	17
46	13	17	
4	83	71	120
71	48	120	
2	89	100	102
-1
3	90	122	100
122	93	100	
2	86	104	145
104	38	145	
2	84	129	137
129	18	137	
4	92	153	83
-1
2	87	77	61
77	1	61	
2	80	5	16
5	15	16	
4	81	72	75
72	11	75	
4	89	163	120
163	82	6	120	
4	88	107	190
-1
2	90	10	42
10	41	42	
3	81	152	163
152	10	2	163	
2	86	74	18
74	20	18	
2	82	100	99
100	99	
3	97	176	51
176	51	
1	97	148	128
-1
1	84	147	132
-1
4	91	107	4
107	4	
4	90	160	118
160	50	118	
1	92	29	24
29	7	138	24	
1	93	170	185
-1
4	87	60	88
60	123	88	
3	97	1	161
1	73	161	
2	95	39	12
39	56	12	
1	85	14	188
14	92	20	188	
4	92	71	87
71	143	87	
1	96	140	34
140	83	72	34	
4	91	177	92
177	89	92	
3	88	88	52
88	68	52	
4	91	70	32
70	45	32	
4	87	42	1
42	60	1	
1	95	7	12
7	69	12	
2	87	87	165
87	37	78	165	
4	99	184	3
184	4	133	3	
3	98	179	16
-1
4	96	24	38
24	77	38	
2	89	149	178
-1
2	93	5	154
5	139	53	154	
3	96	16	41
16	108	49	41	
1	87	96	110
96	72	110	
3	80	199	104
-1
2	83	86	62
86	99	62	
3	87	61	148
61	91	148	
4	90	101	131
101	19	131	
2	97	200	109
-1
3	95	38	85
38	150	85	
2	92	114	33
114	33	
3	97	176	189
176	18	189	
3	89	81	156
81	1	60	156	
2	90	37	51
37	78	51	
3	85	176	49
176	4	125	49	
1	87	68	86
68	52	86	
1	94	172	99
-1
2	85	39	199
39	6	199	
3	85	61	150
61	9	150	
2	89	99	139
99	88	68	139	
2	93	174	4
174	28	4	
3	81	178	179
-1
2	88	87	59
87	41	59	
3	90	36	47
36	17	47	
4	90	198	23
-1
4	96	64	90
64	100	90	
2	94	191	13
-1
4	84	65	52
65	79	52	
4	93	22	64
22	64	
3	91	88	162
88	92	14	162	
4	94	189	87
189	18	124	87	
1	85	123	16
123	90	16	
4	95	196	102
-1
4	82	177	89
177	89	
1	96	7	87
7	29	87	
3	97	38	150
38	150	
4	90	154	140
-1
3	93	120	156
120	60	156	
3	96	36	130
36	21	130	
2	90	149	169
-1
3	88	152	157
152	7	53	157	
1	96	6	31
-1
4	89	143	179
-1
2	98	139	155
-1
1	84	133	161
-1
4	85	101	198
-1
1	96	158	103
158	51	103	
1	83	180	174
180	6	8	174	
2	92	53	9
53	169	9	
1	80	142	157
142	67	157	
4	89	192	60
-1
3	99	32	18
32	129	18	
3	97	88	160
-1
4	83	198	50
-1
4	84	196	134
-1
3	93	32	34
32	173	34	
3	96	169	144
169	60	14	144	
3	89	197	75
197	6	138	75	
1	90	180	80
180	41	80	
4	98	45	21
45	163	21	
1	98	125	164
-1
3	95	66	195
-1
2	86	86	35
86	96	35	
2	96	35	32
35	76	32	
2	81	139	179
139	5	179	
2	87	155	162
155	14	162	
3	82	168	82
168	1	73	82	
3	96	36	78
36	138	73	78	
1	95	78	57
78	57	
1	95	128	101
-1
3	98	38	178
38	83	53	178	
2	85	56	43
56	43	
3	99	43	80
43	134	80	
3	82	190	67
-1
2	80	138	157
138	65	157	
3	93	19	111
19	3	111	
2	94	86	30
86	123	18	30	
1	91	48	18
-1
2	99	37	95
37	12	95	
3	92	152	174
152	7	29	174	
4	89	40	11
40	105	36	11	
2	83	138	19
138	24	19	
3	95	135	61
135	13	61	
1	81	14	50
14	160	50	
2	97	76	139
76	36	139	
1	99	68	158
68	30	158	
2	88	21	195
21	24	195	
3	85	55	195
-1
4	91	118	31
-1
3	96	38	134
-1
2	99	10	173
-1
3	97	111	63
-1
1	89	6	197
6	197	
4	91	181	163
181	17	18	163	
2	89	174	190
174	2	190	
1	86	123	10
123	88	68	10	
2	93	182	30
-1
4	87	71	37
71	148	37	
1	89	128	106
-1
3	82	32	143
-1
