4	98	32	197
32	56	14	197	
1	94	179	82
179	18	99	82	
1	87	162	68
162	17	153	68	
4	95	82	163
82	163	
3	97	78	37
-1
2	87	57	116
57	47	7	116	
3	97	101	136
101	82	93	136	
1	95	178	99
178	91	99	
2	82	43	46
43	46	
3	89	81	80
81	148	82	80	
4	97	67	63
67	55	63	
4	98	157	41
157	41	
2	85	111	154
111	19	154	
2	87	30	35
30	60	144	35	
1	96	18	112
18	11	112	
1	91	95	120
95	11	120	
4	99	174	173
174	42	173	
2	97	11	150
11	70	34	150	
2	94	19	144
19	144	
4	93	61	176
61	49	176	
1	95	50	42
50	12	42	
2	87	139	198
139	45	15	198	
2	80	158	60
-1
2	94	195	89
195	7	91	89	
2	97	195	106
-1
2	97	31	152
31	4	152	
2	89	134	77
134	13	77	
4	90	173	40
173	40	
3	85	63	58
63	199	58	
4	80	197	70
197	18	56	70	
4	93	163	72
163	55	72	
1	82	190	10
190	7	121	10	
3	81	10	167
10	6	167	
2	90	30	114
30	114	
2	87	37	108
37	125	83	108	
2	91	106	90
106	14	2	90	
1	87	143	23
143	89	91	23	
4	86	104	148
-1
2	95	166	10
166	10	
3	85	172	158
172	9	20	158	
4	88	104	72
104	35	41	72	
3	97	78	62
78	176	62	
1	96	152	23
152	26	23	
2	89	134	52
-1
3	88	156	40
156	9	40	
2	89	83	98
83	91	98	
4	83	66	192
-1
4	90	174	96
174	18	99	96	
4	91	72	13
72	13	
4	89	180	136
180	60	136	
4	80	157	40
157	65	40	
1	93	5	69
5	75	69	
4	95	62	20
62	153	14	20	
4	99	38	105
38	21	15	105	
2	90	79	60
-1
1	87	179	95
179	52	2	95	
1	99	168	160
-1
4	86	132	85
132	81	85	
2	98	194	157
-1
4	94	66	88
66	164	88	
1	85	95	44
95	164	44	
4	93	147	200
-1
1	84	14	13
14	20	13	
1	89	148	51
-1
3	80	39	81
39	1	163	81	
2	94	170	60
170	60	
2	94	149	27
-1
1	98	168	110
168	83	110	
1	86	34	104
34	133	6	104	
4	93	65	169
65	165	82	169	
2	88	79	15
79	123	15	
4	87	84	161
84	79	6	161	
4	80	109	173
-1
4	82	105	73
-1
2	94	6	111
6	111	
1	93	167	32
167	3	32	
3	92	21	181
-1
4	81	187	148
-1
3	84	86	134
86	33	53	134	
4	92	44	198
44	113	15	198	
4	98	138	28
-1
1	99	178	63
178	53	63	
1	83	18	123
18	15	123	
3	87	70	27
70	27	
3	90	172	185
172	12	1	185	
2	81	106	151
106	17	151	
3	93	52	171
-1
4	93	24	158
24	40	158	
4	98	105	195
-1
4	87	42	38
42	171	38	
3	94	146	127
146	1	14	127	
4	88	65	105
65	123	15	105	
2	90	96	122
-1
3	88	51	143
51	143	
2	92	79	114
-1
4	94	121	171
-1
2	85	194	174
-1
4	94	48	197
48	20	14	197	
2	88	1	54
1	28	54	
3	97	39	47
39	42	47	
1	84	26	192
-1
1	80	192	56
-1
3	93	20	103
20	103	
1	95	122	154
122	15	18	154	
2	80	2	184
2	14	184	
4	82	67	104
67	104	
3	96	33	97
33	86	97	
2	84	170	144
170	60	144	
2	89	64	96
-1
4	95	104	86
104	88	86	
2	87	134	63
134	53	63	
4	94	138	54
138	83	164	54	
1	97	150	25
150	34	25	
2	90	83	98
83	91	98	
3	93	110	52
110	25	52	
1	96	50	70
50	11	70	
3	84	112	102
112	38	102	
4	88	100	72
100	41	72	
4	95	85	135
85	51	135	
1	81	26	191
26	8	191	
4	83	62	124
-1
1	89	89	13
89	19	13	
1	85	123	162
-1
4	83	12	196
12	42	196	
4	86	102	105
-1
4	95	127	106
127	14	106	
4	96	103	169
103	33	34	169	
4	87	80	21
80	34	33	21	
4	94	48	105
48	34	105	
3	96	15	82
15	18	99	82	
1	99	116	143
-1
4	83	32	183
-1
2	96	1	58
1	58	
3	91	146	69
146	69	
2	87	141	171
141	138	12	171	
4	84	187	49
187	11	149	49	
4	92	102	104
-1
3	92	71	183
-1
3	88	110	30
110	83	30	
4	90	84	44
84	100	44	
1	84	152	112
152	38	112	
3	87	144	143
144	60	143	
3	84	146	95
146	96	95	
4	92	62	40
62	64	40	
3	94	125	133
125	34	133	
4	83	92	119
92	52	119	
1	86	116	173
-1
4	88	61	43
61	8	34	43	
2	89	25	152
25	152	
4	84	46	188
-1
3	87	196	139
196	17	139	
1	89	192	82
-1
2	95	19	179
19	154	18	179	
2	87	55	41
55	72	41	
1	99	8	165
-1
1	89	34	9
34	70	9	
4	81	157	124
157	28	124	
3	83	135	136
135	2	95	136	
1	87	95	161
95	7	56	161	
4	94	84	6
84	2	6	
3	92	21	153
21	38	153	
1	85	68	144
68	144	
3	84	10	115
-1
1	96	45	169
45	99	82	169	
4	80	72	128
-1
4	88	183	162
-1
3	84	13	70
13	150	34	70	
1	99	14	157
-1
3	91	10	51
10	92	51	
4	96	157	87
157	71	87	
4	80	91	107
91	8	107	
2	96	115	126
115	60	126	
3	90	21	135
-1
2	98	57	132
57	132	
1	98	133	155
-1
3	99	125	138
125	83	138	
4	80	174	150
174	28	150	
1	96	50	163
50	14	1	163	
4	87	109	172
-1
3	85	81	80
81	148	82	80	
2	83	9	170
9	52	170	
4	88	90	85
90	159	85	
4	95	66	57
66	118	57	
3	86	108	65
108	83	153	65	
4	80	118	197
-1
3	97	56	121
56	7	121	
3	98	155	46
155	82	165	46	
2	93	76	95
76	117	95	
1	96	152	156
152	9	156	
2	96	31	36
31	103	36	
4	85	197	196
197	18	73	196	
2	81	19	37
19	111	37	
2	89	120	54
120	18	99	54	
3	93	155	161
155	7	56	161	
2	81	73	79
73	84	79	
1	82	193	134
193	27	20	134	
3	99	3	41
3	52	41	
2	94	113	68
113	44	68	
2	89	186	171
-1
4	96	183	2
-1
