3	539	196	86
-1
4	506	86	118
-1
3	275	75	89
-1
3	448	93	94
93	94	
3	459	188	98
-1
4	659	191	133
-1
4	472	191	38
-1
2	414	164	67
-1
3	290	161	195
-1
3	247	15	113
-1
3	332	134	60
-1
3	702	73	145
-1
2	290	179	172
-1
2	584	106	64
-1
2	781	106	4
-1
3	865	66	194
-1
3	602	77	136
-1
2	421	50	99
50	20	99	
2	367	16	11
-1
4	479	7	178
7	178	
4	839	6	111
6	111	
3	435	90	135
-1
3	206	92	65
92	154	65	
4	470	183	122
-1
3	373	167	28
167	28	
3	618	200	93
-1
3	205	165	169
-1
3	856	167	170
-1
3	366	140	138
-1
3	243	108	96
108	96	
3	305	187	101
-1
4	739	78	190
-1
2	603	114	82
-1
3	825	72	64
-1
4	252	142	182
-1
3	696	167	181
-1
2	516	185	145
-1
2	686	91	63
-1
2	323	47	155
-1
3	218	165	62
165	62	
4	570	109	200
-1
2	659	114	78
-1
4	440	6	143
-1
4	855	9	14
9	14	
4	736	86	108
-1
4	268	190	74
-1
4	512	186	11
-1
4	227	103	101
103	7	101	
2	881	141	99
-1
2	542	116	63
-1
4	493	186	123
-1
4	522	156	189
-1
3	316	115	194
-1
3	430	108	154
-1
2	889	163	40
-1
4	862	152	181
-1
2	372	120	119
-1
2	824	185	173
-1
2	774	64	113
-1
4	389	145	28
145	7	28	
4	411	39	165
-1
3	399	84	120
-1
4	344	7	186
-1
4	498	23	93
-1
2	389	5	8
5	186	8	
3	221	94	159
94	93	159	
4	339	9	30
-1
2	511	133	14
-1
4	675	110	77
-1
3	254	184	173
-1
3	818	73	163
-1
2	637	37	47
37	47	
3	323	188	53
-1
2	267	133	27
133	33	27	
4	274	183	32
-1
3	484	24	125
-1
3	814	45	85
-1
2	327	185	18
-1
3	756	48	127
-1
3	528	24	110
24	110	
4	443	178	135
-1
4	641	97	171
97	171	
4	745	86	110
-1
4	871	109	194
-1
4	702	129	176
-1
4	379	3	151
-1
3	563	188	196
-1
4	332	2	132
2	132	
4	858	181	179
-1
2	768	189	2
-1
2	554	18	132
-1
3	276	113	28
113	7	28	
2	285	54	113
54	11	113	
4	879	199	174
-1
4	406	122	102
-1
3	457	77	56
-1
4	504	156	195
-1
4	535	71	148
71	148	
2	313	4	129
4	14	129	
2	467	62	117
-1
2	898	182	86
-1
3	277	188	150
-1
2	441	164	3
164	3	
4	266	2	153
2	50	153	
4	367	33	27
33	27	
4	575	39	103
-1
4	869	148	10
148	10	
3	617	52	32
-1
4	645	39	35
-1
2	413	5	49
5	49	
4	251	172	182
-1
3	400	22	170
-1
4	755	51	85
-1
2	459	192	86
-1
2	885	59	118
-1
4	739	178	109
-1
3	748	153	8
-1
3	880	123	60
-1
2	566	192	50
-1
2	466	37	54
-1
2	448	102	177
-1
2	469	5	198
-1
2	605	106	48
-1
3	243	113	192
-1
3	760	72	50
-1
3	720	10	179
-1
3	228	49	132
49	60	132	
2	439	50	6
50	6	
2	288	130	197
-1
4	742	148	185
-1
3	818	15	38
-1
3	668	15	43
-1
3	367	136	148
-1
2	858	141	60
-1
3	259	184	83
-1
4	838	97	44
-1
2	321	117	93
-1
4	626	97	142
-1
3	374	136	23
-1
3	558	25	170
-1
3	295	119	136
-1
2	337	37	150
-1
2	336	57	85
-1
2	847	125	178
-1
4	882	183	161
-1
2	425	195	9
-1
4	869	33	126
-1
2	662	106	174
-1
3	484	32	110
-1
2	306	58	86
58	138	86	
2	393	116	4
116	4	
2	843	163	40
-1
3	279	53	49
-1
2	356	41	173
41	92	173	
2	569	89	107
-1
3	777	123	101
-1
3	254	48	85
-1
2	428	18	190
-1
4	289	80	173
-1
2	474	117	30
-1
3	277	75	97
-1
2	468	168	60
168	157	60	
2	816	163	64
-1
2	788	195	104
-1
4	647	3	144
-1
4	299	172	66
-1
2	384	102	114
102	70	114	
3	625	108	83
-1
3	598	136	114
-1
3	779	177	182
-1
2	676	151	56
-1
4	687	80	176
-1
3	250	49	90
49	46	90	
2	505	17	84
17	18	84	
3	549	158	87
-1
2	514	5	10
5	10	
2	779	104	63
-1
4	461	40	171
-1
3	875	166	58
-1
2	356	16	35
-1
4	564	95	137
-1
4	291	23	17
-1
3	880	10	65
-1
4	616	12	33
-1
4	354	70	190
-1
3	615	119	194
-1
4	578	33	50
-1
3	448	13	89
-1
2	757	26	6
-1
3	591	153	21
-1
4	528	110	68
-1
2	796	26	90
26	90	
2	812	117	52
-1
3	644	49	15
49	15	
2	334	65	84
-1
3	479	119	154
-1
3	328	135	187
135	2	187	
3	217	13	151
13	151	
3	722	13	128
-1
4	295	70	81
70	153	81	
