3	95	85	54
85	20	41	54	
2	97	167	185
167	11	185	
4	84	45	192
-1
4	96	83	15
83	88	15	
2	99	41	72
41	67	72	
1	85	148	76
148	78	27	76	
1	97	166	22
166	2	175	22	
2	99	35	15
35	15	
1	83	188	52
188	33	52	
2	90	173	147
173	17	147	
3	84	133	32
133	46	32	
2	80	28	150
28	55	2	150	
3	91	106	194
-1
1	97	182	77
182	51	77	
3	88	99	69
-1
4	83	90	17
90	147	17	
1	96	176	182
-1
2	90	5	168
5	121	14	168	
2	93	104	155
-1
2	92	127	79
-1
2	95	97	11
97	3	11	
3	84	73	39
73	94	39	
4	98	185	96
-1
4	86	136	29
136	1	7	29	
2	94	5	127
-1
2	82	193	17
-1
3	95	8	144
8	49	83	144	
4	82	45	100
45	88	100	
1	97	47	3
47	8	3	
4	87	101	81
101	27	78	81	
2	98	53	129
53	58	129	
1	88	188	2
-1
1	83	24	186
-1
4	83	102	74
102	21	147	74	
1	90	160	30
160	30	
1	98	87	23
87	16	82	23	
2	93	29	30
29	75	30	
2	92	105	26
-1
3	86	99	73
99	37	73	
1	86	96	125
96	97	46	125	
2	94	124	129
124	14	129	
1	87	114	68
114	68	
3	85	142	91
142	12	91	
2	90	17	193
-1
1	99	120	104
-1
4	81	102	190
102	1	190	
4	83	100	171
100	8	171	
4	88	145	27
-1
2	92	137	125
137	39	125	
4	96	83	173
-1
3	84	61	48
61	14	168	48	
1	91	16	161
16	18	161	
4	82	75	102
75	175	2	102	
1	86	120	70
120	70	
1	89	190	189
-1
4	91	42	91
42	12	91	
2	93	163	142
-1
3	99	18	87
18	16	87	
3	95	99	23
-1
2	87	51	58
51	58	
1	86	128	118
128	6	7	118	
2	86	132	85
132	79	85	
2	99	4	112
4	65	112	
2	88	118	31
118	7	31	
1	89	24	173
24	76	20	173	
4	99	185	14
-1
4	80	88	128
88	13	6	128	
4	98	161	98
161	51	98	
1	93	12	196
12	121	14	196	
1	90	188	46
-1
1	99	87	173
87	17	173	
3	96	34	57
34	171	57	
2	87	92	12
92	64	91	12	
1	89	52	129
52	18	129	
1	81	32	152
32	46	97	152	
3	86	1	88
1	170	88	
1	86	12	176
12	176	
1	83	165	88
165	55	88	
1	98	3	100
3	97	100	
1	83	16	39
16	136	39	
3	88	38	77
38	152	77	
4	84	178	110
-1
4	95	155	154
155	43	154	
2	95	41	157
41	15	157	
3	98	110	188
110	37	188	
2	85	104	141
-1
2	80	62	104
62	104	
1	80	148	68
148	78	68	
1	99	131	71
131	49	60	71	
2	97	109	38
109	14	99	38	
3	93	85	76
85	20	76	
2	95	33	53
33	52	53	
3	80	189	158
-1
2	96	156	150
156	2	150	
2	95	51	11
51	116	11	
3	87	49	66
49	137	66	
1	91	86	128
86	6	128	
3	98	99	75
99	14	75	
4	80	199	6
199	2	102	6	
1	98	150	66
150	18	105	66	
2	93	139	150
139	18	150	
2	97	4	134
4	52	18	134	
1	86	179	122
179	44	122	
4	95	59	29
59	7	29	
1	97	47	31
-1
2	83	23	31
23	7	31	
4	90	90	117
90	47	117	
3	84	13	15
13	53	15	
1	81	52	165
-1
4	87	64	114
64	92	7	114	
2	88	162	52
-1
1	82	87	55
87	27	133	55	
1	95	16	186
-1
4	96	102	196
102	21	14	196	
4	86	89	43
89	19	43	
1	97	87	17
87	17	
1	93	150	58
150	47	58	
3	99	140	71
140	6	60	71	
2	95	156	74
156	79	74	
4	88	130	137
130	46	68	137	
4	91	169	51
-1
2	85	157	89
-1
3	82	31	57
31	5	57	
1	98	179	110
179	51	110	
4	92	155	199
155	2	199	
4	80	161	85
161	29	60	85	
1	97	198	186
-1
4	99	103	77
103	6	77	
4	92	174	184
174	15	184	
2	81	9	113
9	113	
2	91	157	81
-1
4	91	60	190
-1
3	87	18	20
18	76	20	
1	97	160	198
-1
3	95	50	104
50	76	27	104	
4	91	134	65
-1
3	88	34	14
34	26	14	
3	96	144	117
-1
4	99	75	90
75	120	90	
4	84	80	51
80	159	51	
3	84	21	159
-1
2	85	164	19
164	19	
4	85	195	36
-1
2	94	35	147
-1
1	98	32	197
-1
1	94	179	82
179	23	82	
2	87	162	68
162	10	68	
4	95	82	163
82	18	34	163	
4	97	78	37
78	95	91	37	
2	87	57	116
57	82	41	116	
4	97	101	136
101	20	136	
4	95	178	99
178	38	99	
1	82	43	46
43	164	46	
2	89	81	80
81	120	80	
3	97	67	63
67	82	63	
2	98	157	41
157	15	41	
2	85	111	154
-1
4	87	30	35
30	15	35	
3	96	18	112
18	34	112	
2	91	95	120
95	120	
4	99	174	173
-1
3	97	11	150
11	6	60	150	
3	94	19	144
19	77	144	
3	93	61	176
61	12	176	
3	95	50	42
50	103	34	42	
2	87	139	198
-1
1	80	158	60
158	37	60	
4	94	195	89
-1
4	97	195	106
-1
3	97	31	152
-1
4	89	134	77
-1
2	90	173	40
173	25	40	
4	85	63	58
63	82	58	
3	80	197	70
-1
2	93	163	72
163	34	72	
1	82	190	10
-1
4	81	10	167
10	167	
4	90	30	114
-1
3	87	37	108
37	60	108	
3	91	106	90
106	19	164	90	
1	87	143	23
143	20	41	23	
2	86	104	148
104	28	148	
1	95	166	10
166	10	
4	85	172	158
-1
2	88	104	72
104	44	34	72	
4	97	78	62
-1
3	96	152	23
152	94	23	
4	89	134	52
134	18	52	
2	88	156	40
156	49	14	40	
4	89	83	98
83	49	98	
1	83	66	192
66	105	18	192	
4	90	174	96
-1
4	91	72	13
72	78	13	
2	89	180	136
-1
2	80	157	40
157	64	40	
2	93	5	69
5	4	69	
2	95	62	20
62	20	
3	99	38	105
38	18	105	
3	90	79	60
79	95	60	
1	87	179	95
179	72	95	
