3	223	15	194
15	4	194	
1	246	186	48
-1
4	203	95	1
95	100	1	
4	246	89	39
89	83	39	
2	241	78	26
-1
3	205	5	192
5	31	192	
3	202	61	20
61	84	20	
2	203	134	122
-1
3	233	76	2
76	162	2	
4	203	141	67
-1
3	246	63	33
-1
4	243	37	170
-1
4	245	185	64
185	46	64	
4	235	190	104
-1
2	212	36	134
-1
3	203	28	138
-1
2	224	35	150
-1
1	247	138	83
138	20	83	
3	201	91	110
-1
3	219	74	50
74	163	50	
3	201	177	112
177	77	112	
3	221	25	100
25	17	100	
2	234	169	85
169	11	85	
2	240	16	26
-1
2	223	102	62
102	62	
2	212	164	89
-1
2	211	170	123
-1
2	245	146	12
146	12	
3	204	44	102
44	70	102	
4	205	47	127
-1
2	218	116	103
-1
4	220	17	80
17	2	80	
2	204	88	48
-1
2	231	175	15
-1
3	242	117	116
117	7	116	
2	232	40	32
-1
1	207	4	1
4	1	
3	218	117	146
117	12	146	
2	220	112	141
-1
4	248	168	187
-1
3	203	25	102
-1
3	232	193	71
193	18	71	
1	229	13	110
-1
2	243	69	84
69	12	84	
3	211	151	152
151	93	152	
3	242	45	143
45	18	143	
3	244	28	146
-1
4	239	85	62
85	62	
1	232	153	125
-1
3	218	75	92
75	11	92	
2	222	124	116
-1
1	242	27	61
-1
3	201	9	25
9	150	25	
4	237	190	46
190	14	46	
4	238	185	196
-1
2	231	48	192
-1
4	228	190	19
-1
2	240	36	55
-1
3	214	28	8
-1
3	208	160	34
160	75	34	
2	223	30	157
30	18	157	
2	235	2	135
2	78	135	
3	210	44	95
-1
1	205	148	84
148	84	
1	202	135	21
135	43	21	
1	243	73	68
73	89	68	
3	214	106	10
106	10	
4	218	85	45
85	12	45	
4	227	77	72
77	11	72	
3	211	41	183
41	1	183	
4	219	49	13
49	176	13	
2	206	125	14
125	14	
2	200	60	10
-1
1	236	172	157
172	89	157	
3	206	177	91
-1
2	225	81	115
-1
3	234	177	21
177	3	21	
3	231	91	57
-1
1	204	59	133
59	16	133	
2	237	139	125
139	23	125	
1	249	100	174
100	1	174	
1	212	121	50
-1
4	221	77	109
-1
1	229	128	81
-1
2	219	166	9
166	18	9	
2	234	24	90
-1
3	206	149	66
-1
2	214	36	108
-1
1	246	167	118
167	118	
1	220	121	56
-1
2	245	58	155
-1
3	244	159	76
-1
3	205	74	152
-1
1	235	197	31
-1
4	245	77	196
-1
2	236	46	19
-1
4	203	82	120
-1
4	210	90	155
90	27	155	
2	228	154	73
154	86	73	
2	233	102	193
102	14	193	
1	240	23	3
23	4	3	
3	217	20	113
20	52	113	
3	220	115	186
-1
4	201	70	183
-1
3	248	57	11
-1
4	219	52	56
52	39	56	
3	238	41	90
-1
1	244	94	179
-1
1	216	55	85
55	12	85	
4	210	133	186
-1
3	214	18	160
-1
2	227	58	180
58	76	180	
4	214	77	46
77	172	46	
2	248	48	67
-1
4	208	49	123
49	123	
3	216	149	126
-1
3	205	68	166
68	7	166	
2	235	58	60
-1
2	221	154	66
-1
2	207	170	150
-1
3	218	83	167
83	96	167	
3	249	149	177
-1
1	244	128	53
-1
1	210	93	100
93	33	100	
4	234	143	100
-1
4	212	52	1
-1
2	229	120	20
120	32	20	
4	240	77	78
-1
2	205	12	31
12	134	31	
1	204	184	153
184	10	153	
1	223	93	187
-1
3	249	161	135
-1
3	203	161	63
-1
1	203	157	107
157	73	107	
3	204	20	49
20	136	49	
2	204	156	52
-1
2	224	170	171
-1
1	203	150	47
150	9	47	
3	233	92	11
92	11	
1	237	148	146
148	12	146	
2	225	104	38
-1
1	210	27	150
-1
2	224	78	62
-1
2	230	182	171
182	15	171	
4	228	137	190
-1
2	230	191	145
-1
2	202	46	115
-1
4	249	72	16
72	133	16	
2	211	175	107
175	6	107	
2	206	60	6
60	72	6	
3	245	98	110
-1
1	246	73	88
-1
1	208	135	118
-1
1	228	59	99
59	1	99	
4	219	89	187
89	43	187	
2	215	120	177
-1
2	231	2	174
-1
1	246	54	45
54	57	45	
4	205	105	171
-1
2	210	166	31
166	15	31	
1	221	172	80
172	77	80	
3	209	119	104
119	87	104	
2	226	16	39
16	17	39	
2	226	174	97
174	1	97	
1	212	54	138
54	20	138	
3	240	75	57
75	40	57	
2	216	40	10
40	114	10	
4	212	72	63
72	70	63	
4	233	70	120
70	50	120	
2	213	175	85
-1
3	244	86	9
-1
3	247	57	127
-1
3	235	68	142
-1
3	234	196	67
-1
4	221	22	72
22	19	72	
1	229	186	146
186	30	146	
4	238	79	138
-1
3	202	145	9
145	18	9	
3	221	159	78
-1
4	206	192	53
192	53	
2	216	7	90
-1
2	242	101	146
-1
2	236	99	14
99	4	14	
3	204	86	161
-1
2	228	170	183
-1
4	223	143	120
-1
1	210	172	198
-1
1	220	10	94
10	62	94	
3	248	63	5
63	5	
1	202	186	148
-1
2	241	42	155
42	24	155	
2	238	58	7
58	140	7	
1	203	153	57
153	45	57	
4	214	141	95
-1
1	246	195	64
-1
1	217	73	7
73	33	7	
4	217	49	130
-1
3	210	161	140
161	47	140	
3	214	34	154
34	86	154	
1	212	32	139
-1
