2	103	39	68
-1
3	104	146	56
-1
2	105	121	273
-1
3	117	86	187
-1
3	115	82	114
-1
2	119	245	250
-1
3	114	109	145
-1
1	100	287	167
-1
2	117	25	257
25	7	14	257	
4	113	199	46
-1
2	112	227	136
-1
3	119	291	281
-1
4	103	175	153
175	13	153	
4	109	220	239
-1
3	103	130	72
-1
1	104	277	16
-1
2	100	156	177
-1
3	106	162	163
-1
3	102	142	239
-1
3	119	51	190
-1
1	114	64	116
-1
1	107	197	158
-1
2	119	136	32
-1
3	109	100	4
100	124	4	
3	101	1	185
-1
4	108	16	213
-1
2	116	32	68
-1
3	110	193	281
-1
2	109	219	174
-1
2	118	254	224
-1
2	113	85	287
-1
2	103	300	235
-1
3	106	299	123
-1
1	109	150	274
-1
2	105	292	274
-1
4	117	205	42
-1
4	116	133	73
-1
3	108	42	265
-1
2	101	112	236
-1
2	104	121	241
-1
3	103	19	25
19	7	25	
2	109	85	76
-1
4	111	8	74
-1
3	116	14	276
-1
4	102	76	267
-1
4	103	73	223
-1
1	115	283	107
283	1	107	
2	112	11	148
11	148	
3	119	20	260
-1
3	119	253	80
-1
1	103	110	151
-1
2	119	5	235
-1
2	104	134	294
-1
2	111	138	59
-1
4	109	114	186
-1
4	111	116	259
-1
1	118	159	293
-1
3	105	27	3
27	105	14	3	
1	104	159	74
-1
2	116	278	27
278	18	105	27	
3	106	89	136
-1
4	112	172	192
-1
2	105	83	25
-1
1	115	120	162
-1
3	101	131	28
131	28	
2	111	213	143
-1
3	103	164	54
-1
2	117	222	80
-1
4	111	180	290
-1
4	109	44	19
44	27	19	
1	116	40	107
-1
4	107	238	30
-1
1	103	70	113
70	5	113	
1	117	247	284
-1
2	104	183	166
-1
2	118	56	78
-1
2	111	239	242
-1
4	102	62	215
-1
3	103	291	94
-1
4	101	294	190
-1
2	107	23	281
-1
3	117	291	219
-1
2	101	98	40
-1
1	104	34	287
34	9	287	
3	101	131	221
-1
3	119	255	28
-1
3	112	273	266
-1
3	106	97	79
-1
3	100	51	121
-1
2	101	295	115
-1
4	101	8	189
-1
4	111	76	180
-1
1	111	225	29
225	19	15	29	
4	109	238	62
-1
3	101	182	244
-1
4	108	43	198
43	12	198	
1	105	34	223
-1
4	103	266	19
266	27	19	
3	115	113	121
-1
3	109	105	115
-1
2	110	38	123
-1
4	109	199	250
-1
4	109	31	226
-1
4	103	202	163
-1
4	106	163	96
-1
4	116	44	190
-1
3	118	252	224
-1
3	108	177	241
-1
3	100	232	105
-1
1	107	107	261
107	1	261	
2	101	149	298
-1
4	110	79	197
79	8	197	
4	107	240	279
-1
3	109	181	232
-1
3	116	184	94
-1
2	105	183	137
-1
3	100	131	88
131	28	88	
2	101	249	16
-1
3	117	189	299
-1
2	118	249	157
-1
1	115	176	57
-1
4	103	29	135
-1
4	101	79	126
-1
1	112	158	7
-1
4	105	99	242
-1
2	101	135	124
-1
3	100	113	254
113	5	254	
4	107	65	254
-1
4	117	258	194
-1
4	106	256	195
-1
4	102	214	122
-1
2	109	221	151
-1
2	114	125	281
-1
3	100	6	139
-1
2	102	119	237
-1
4	117	76	124
-1
4	103	118	236
-1
2	108	50	300
-1
2	102	50	258
-1
3	116	47	213
-1
3	109	253	178
-1
1	119	216	98
-1
4	100	65	222
-1
2	118	91	280
-1
2	106	72	98
-1
1	109	46	225
-1
1	104	143	94
-1
4	116	298	144
-1
1	113	107	193
-1
3	117	109	291
-1
1	114	57	244
-1
1	111	126	211
-1
2	105	98	27
-1
4	104	298	117
298	16	117	
3	113	88	240
-1
1	117	166	285
-1
3	111	68	180
-1
3	106	152	177
152	7	14	177	
1	118	40	35
-1
4	108	185	195
-1
3	103	242	3
242	14	3	
1	113	228	181
-1
4	111	260	278
-1
4	108	17	27
17	60	27	
3	119	1	166
-1
3	104	186	31
-1
1	115	243	98
-1
3	103	146	2
-1
1	110	192	93
-1
3	104	182	278
-1
4	107	163	219
-1
3	107	86	147
-1
2	104	272	158
-1
3	102	235	226
-1
2	107	15	278
-1
3	109	35	163
-1
2	119	91	157
-1
2	100	26	3
-1
3	112	241	246
-1
1	101	191	180
-1
3	100	36	42
-1
3	118	235	179
-1
3	115	14	150
-1
1	112	70	137
-1
3	109	152	151
-1
4	111	99	185
-1
4	119	180	275
-1
1	101	59	52
-1
3	119	291	45
-1
4	118	264	235
-1
3	111	265	22
-1
1	109	237	8
-1
2	111	55	21
-1
3	107	82	90
-1
1	117	34	241
-1
2	102	15	91
-1
4	108	106	271
-1
4	112	106	81
-1
1	116	159	72
-1
4	102	210	87
-1
