4	94	86	30
-1
4	91	48	18
48	27	18	
3	99	37	95
37	130	95	
2	92	152	174
152	95	18	174	
3	89	40	11
40	117	7	11	
4	83	138	19
138	19	
2	95	135	61
-1
3	81	14	50
14	56	50	
3	97	76	139
76	82	139	
4	99	68	158
-1
3	88	21	195
21	123	4	195	
1	85	55	195
55	15	4	195	
1	91	118	31
118	29	54	31	
2	96	38	134
38	66	134	
2	99	10	173
10	173	
3	97	111	63
-1
1	89	6	197
-1
4	91	181	163
181	14	67	163	
4	89	174	190
174	5	190	
1	86	123	10
123	45	20	10	
1	93	182	30
-1
3	87	71	37
71	83	170	37	
4	89	128	106
-1
2	82	32	143
-1
2	87	108	104
-1
3	89	147	166
147	22	166	
3	97	156	172
156	9	172	
2	91	26	104
-1
4	81	49	78
-1
2	82	58	152
58	53	152	
4	91	177	134
-1
1	99	90	156
90	156	
1	97	149	83
-1
3	91	190	66
-1
4	95	164	174
164	94	34	174	
3	92	111	72
111	2	76	72	
3	95	72	180
72	92	27	180	
3	99	30	157
30	89	157	
4	88	101	5
101	3	5	
2	99	114	62
-1
3	84	136	38
136	91	82	38	
2	99	140	79
140	20	79	
1	94	131	179
131	17	78	179	
1	99	28	168
-1
2	84	20	132
20	104	29	132	
4	96	67	194
-1
3	87	79	66
79	66	
1	83	15	95
15	78	95	
1	99	6	147
6	19	147	
2	92	74	13
74	85	13	
4	90	45	148
45	2	148	
2	80	150	39
-1
1	99	161	170
161	14	170	
1	86	55	149
55	7	149	
1	89	15	168
15	55	168	
1	83	99	34
99	90	34	
2	88	7	65
7	65	
3	94	94	79
94	51	79	
1	80	89	84
89	53	84	
3	92	88	109
88	83	2	109	
4	92	101	105
-1
4	90	103	6
103	6	
2	91	135	167
135	29	92	167	
1	80	194	21
-1
3	87	173	187
-1
3	93	82	86
82	91	86	
1	97	185	44
-1
1	87	153	138
-1
4	82	119	178
119	64	20	178	
2	82	80	18
80	148	18	
3	86	4	70
4	15	70	
1	84	28	172
28	10	172	
4	90	91	106
91	86	106	
4	90	122	52
122	64	2	52	
2	97	54	24
54	31	24	
1	94	154	105
-1
4	97	39	42
39	42	
4	86	188	146
188	14	146	
1	84	15	65
15	117	7	65	
4	81	29	96
29	46	50	96	
1	82	151	51
151	7	177	51	
4	93	129	79
-1
3	90	113	121
-1
1	93	15	194
-1
4	96	186	48
186	12	48	
2	93	95	1
95	130	1	
1	86	89	39
89	131	39	
4	91	78	26
78	146	26	
3	95	5	192
5	3	192	
4	82	61	20
61	51	20	
1	93	134	122
-1
3	83	76	2
76	2	
3	83	141	67
141	30	138	67	
4	96	63	33
63	43	33	
3	83	37	170
37	170	
1	95	185	64
185	25	64	
3	85	190	104
-1
2	82	36	134
-1
1	93	28	138
-1
1	84	35	150
35	62	150	
4	97	138	83
138	51	83	
4	91	91	110
91	41	110	
2	89	74	50
74	18	108	50	
4	81	177	112
-1
4	91	25	100
25	114	53	100	
1	94	169	85
169	13	85	
3	90	16	26
16	7	26	
3	83	102	62
102	71	62	
4	92	164	89
164	94	89	
2	81	170	123
170	37	21	123	
1	95	146	12
146	6	12	
2	84	44	102
44	1	71	102	
4	85	47	127
47	127	
2	88	116	103
116	8	103	
1	80	17	80
17	1	80	
3	84	88	48
88	135	82	48	
4	81	175	15
175	78	15	
1	82	117	116
117	15	116	
3	82	40	32
40	26	32	
3	97	4	1
4	15	118	1	
1	88	117	146
117	15	78	146	
2	90	112	141
112	13	141	
1	88	168	187
-1
4	83	25	102
25	148	40	102	
1	82	193	71
-1
4	89	13	110
13	110	
1	83	69	84
69	15	78	84	
1	91	151	152
-1
4	82	45	143
45	43	143	
1	94	28	146
-1
4	99	85	62
85	81	62	
1	92	153	125
153	21	125	
4	98	75	92
75	34	92	
1	92	124	116
124	20	116	
1	82	27	61
27	113	61	
1	91	9	25
9	172	18	25	
3	87	190	46
-1
1	98	185	196
-1
4	81	48	192
48	20	192	
3	98	190	19
-1
2	80	36	55
36	149	7	55	
1	84	28	8
28	8	
2	88	160	34
160	75	34	
3	83	30	157
30	89	157	
2	95	2	135
2	45	135	
2	80	44	95
44	15	78	95	
4	85	148	84
-1
2	92	135	21
135	21	
4	83	73	68
73	12	68	
4	94	106	10
106	100	105	10	
4	88	85	45
85	84	45	
2	87	77	72
77	35	129	72	
3	81	41	183
-1
4	89	49	13
49	112	13	
2	96	125	14
125	45	14	
2	90	60	10
60	15	10	
4	86	172	157
-1
4	86	177	91
177	7	41	91	
4	85	81	115
-1
4	94	177	21
177	7	151	21	
4	91	91	57
-1
3	94	59	133
-1
4	97	139	125
-1
2	89	100	174
100	106	18	174	
2	82	121	50
121	2	50	
2	91	77	109
-1
4	99	128	81
128	78	81	
2	89	166	9
166	18	137	9	
3	84	24	90
24	84	90	
1	96	149	66
-1
2	84	36	108
36	47	108	
2	96	167	118
-1
2	80	121	56
121	2	56	
2	85	58	155
-1
2	94	159	76
159	43	76	
2	95	74	152
74	82	152	
3	95	197	31
197	5	31	
2	95	77	196
-1
1	96	46	19
46	6	19	
3	93	82	120
-1
1	80	90	155
90	89	155	
1	98	154	73
154	17	73	
3	93	102	193
-1
1	80	23	3
23	64	3	
2	87	20	113
20	116	15	113	
3	90	115	186
115	3	186	
3	81	70	183
-1
3	88	57	11
57	97	11	
3	99	52	56
52	2	56	
3	98	41	90
41	174	34	90	
3	84	94	179
94	13	179	
1	96	55	85
55	37	85	
4	80	133	186
-1
4	94	18	160
18	174	62	160	
2	87	58	180
58	96	7	180	
2	84	77	46
77	23	46	
4	98	48	67
48	16	67	
4	88	49	123
49	9	123	
1	96	149	126
-1
4	85	68	166
-1
