3	304	724	69
724	118	69	
1	347	170	399
-1
4	327	884	288
-1
3	343	122	474
-1
2	321	315	676
-1
3	340	807	856
-1
1	303	3	449
-1
4	330	193	992
-1
2	344	597	470
-1
1	315	573	386
-1
3	334	226	109
-1
3	334	682	631
-1
3	321	332	514
-1
3	346	359	635
-1
2	323	54	949
-1
3	329	226	756
-1
2	327	316	110
-1
1	320	922	302
-1
1	340	602	898
-1
1	325	598	470
-1
1	333	613	47
-1
1	315	49	81
-1
4	329	883	412
-1
4	315	357	770
-1
3	314	303	176
303	440	176	
3	321	629	401
-1
4	330	458	68
-1
2	333	87	989
-1
2	330	707	942
-1
2	302	149	539
-1
4	300	624	152
-1
2	330	560	200
-1
4	341	125	435
-1
4	313	556	791
-1
4	338	622	445
-1
1	340	988	73
-1
3	307	461	882
-1
1	348	691	320
-1
4	339	926	379
-1
2	328	58	527
-1
3	329	660	503
-1
3	330	13	62
13	864	62	
1	314	93	538
-1
2	306	937	446
-1
4	301	550	67
-1
4	325	690	406
-1
3	307	230	866
-1
3	328	837	908
-1
1	306	137	833
-1
2	333	27	890
-1
3	335	455	902
-1
4	348	386	914
-1
4	337	516	358
-1
2	332	433	294
-1
1	300	139	195
139	313	195	
4	305	642	884
-1
3	320	570	465
-1
2	327	27	654
-1
4	311	507	790
-1
1	303	14	816
-1
2	304	47	270
-1
3	319	934	655
-1
3	326	234	523
-1
3	322	71	955
-1
1	316	354	445
354	547	445	
2	302	54	439
-1
4	316	160	8
160	617	8	
4	319	482	386
-1
2	309	712	892
-1
1	326	773	905
-1
1	346	76	303
-1
2	302	632	588
-1
2	324	101	821
-1
2	330	280	892
-1
4	327	752	245
-1
3	315	770	650
-1
2	322	672	809
-1
3	307	391	643
-1
4	348	762	354
-1
4	305	923	478
-1
1	309	900	906
-1
4	347	146	537
-1
4	319	750	990
-1
1	310	525	269
-1
2	306	957	372
-1
1	306	834	141
-1
2	316	149	165
-1
3	308	823	907
-1
1	313	530	668
-1
2	341	481	591
-1
3	348	688	490
-1
4	334	197	987
-1
1	325	646	736
-1
4	345	916	612
-1
1	316	76	921
-1
4	309	185	754
-1
3	323	591	903
591	23	903	
3	329	509	725
-1
1	348	70	607
-1
3	338	983	439
-1
4	329	726	126
-1
4	315	374	674
374	444	674	
3	303	911	320
911	57	320	
4	316	436	235
-1
1	336	582	662
-1
2	342	98	846
-1
4	344	459	788
-1
1	320	984	297
-1
4	328	415	366
-1
1	316	514	348
-1
1	343	554	426
-1
2	317	84	799
-1
4	336	951	709
-1
1	320	554	145
-1
1	333	473	78
-1
2	329	311	527
311	24	527	
3	316	903	986
-1
3	314	749	969
-1
2	329	672	384
-1
3	329	200	249
-1
3	306	519	802
-1
4	304	962	885
-1
4	313	79	836
-1
3	309	515	741
-1
3	338	537	213
-1
1	314	573	876
-1
4	349	102	778
-1
3	320	770	527
-1
2	305	87	198
87	54	198	
2	303	768	749
-1
2	304	797	267
-1
2	341	603	229
-1
2	326	560	659
-1
3	318	225	526
-1
2	333	34	414
-1
4	308	624	986
-1
3	335	388	439
-1
2	313	490	209
-1
2	310	560	647
-1
3	309	717	414
-1
3	327	770	563
-1
2	307	976	165
-1
1	316	67	76
-1
4	343	345	300
-1
1	306	364	685
-1
3	342	947	308
-1
1	330	757	696
-1
1	340	344	537
-1
4	336	458	96
-1
4	300	120	164
-1
2	312	531	933
-1
1	328	209	908
-1
3	306	466	327
-1
2	305	734	671
734	41	671	
2	342	527	34
-1
2	349	734	332
-1
3	346	278	88
-1
3	332	260	784
-1
2	329	451	241
-1
2	342	639	360
-1
4	326	241	891
-1
2	336	405	99
-1
2	312	86	916
-1
3	332	842	650
-1
4	318	249	528
-1
1	349	341	261
-1
1	339	93	890
-1
3	322	891	150
-1
3	314	874	952
-1
4	323	655	590
-1
3	315	600	183
-1
4	315	828	587
-1
3	331	964	24
-1
1	332	426	865
426	865	
4	309	559	466
-1
2	322	429	806
429	272	806	
3	313	278	250
-1
3	312	919	141
-1
3	313	343	366
-1
1	305	7	372
-1
3	339	383	971
-1
3	327	648	799
-1
1	301	364	762
-1
2	317	347	540
-1
1	332	331	450
-1
3	340	842	878
-1
3	339	966	507
-1
2	331	980	426
-1
4	346	142	120
-1
2	318	608	127
-1
4	338	15	861
-1
3	338	604	508
-1
2	302	131	223
-1
2	343	34	921
-1
4	342	802	603
-1
4	319	386	445
386	465	445	
3	325	128	410
-1
2	302	768	389
-1
2	322	899	883
-1
2	300	748	490
-1
