3	90	227	272
-1
2	98	773	794
-1
3	89	348	100
348	46	100	
2	91	377	283
-1
3	88	478	649
-1
2	86	402	340
-1
4	89	653	44
653	44	
4	87	713	516
-1
4	83	546	198
-1
3	91	772	447
-1
2	83	44	674
-1
2	96	526	646
526	81	646	
3	87	596	546
596	669	297	546	
2	89	106	474
-1
3	89	57	151
57	136	151	
4	81	38	105
-1
4	96	96	309
-1
4	91	325	221
325	209	416	221	
4	80	724	319
-1
3	87	799	290
-1
4	80	431	685
-1
3	97	686	410
-1
2	94	134	206
-1
2	88	33	663
-1
3	90	215	719
-1
3	94	596	308
-1
3	82	517	404
-1
4	95	34	280
-1
4	93	417	556
-1
3	94	198	554
-1
2	98	425	536
-1
3	99	77	773
-1
3	96	726	106
-1
2	90	673	139
-1
2	81	741	353
-1
2	88	511	148
-1
4	91	738	217
-1
3	83	120	602
120	97	602	
2	98	75	218
75	676	218	
4	91	700	415
-1
4	99	14	391
-1
2	91	364	19
-1
3	97	676	745
-1
4	87	392	617
-1
2	91	323	109
323	521	83	109	
3	98	76	171
76	225	171	
2	86	584	108
-1
2	87	248	580
248	150	580	
3	85	191	206
-1
4	91	689	106
-1
4	94	492	471
-1
4	84	31	387
-1
4	88	343	262
-1
3	96	312	205
-1
3	96	419	79
-1
2	87	430	154
-1
3	86	140	738
-1
2	85	67	185
67	469	185	
2	83	146	727
-1
2	80	443	615
-1
4	82	707	658
-1
3	88	561	689
561	289	689	
4	89	785	583
-1
4	94	506	94
506	83	473	94	
3	92	394	64
-1
3	98	743	45
-1
3	95	110	536
-1
3	91	288	602
288	97	602	
3	97	246	300
246	394	300	
4	83	409	742
-1
4	80	581	648
-1
4	80	423	760
-1
4	82	652	745
-1
4	87	341	2
341	46	601	2	
4	90	587	747
-1
4	86	112	689
112	689	
2	82	590	350
-1
4	95	557	638
-1
4	94	260	435
260	27	435	
4	96	337	43
-1
4	95	132	175
132	391	175	
2	95	584	597
-1
3	91	125	448
-1
2	92	599	341
599	59	341	
2	98	367	479
-1
4	99	549	590
-1
3	88	776	731
-1
4	97	738	39
738	39	
4	91	53	298
53	674	298	
2	85	20	186
-1
4	99	376	669
376	223	669	
2	88	131	453
131	129	453	
3	87	198	577
-1
4	87	209	375
209	506	83	375	
2	98	221	293
-1
2	99	532	42
-1
2	82	283	369
-1
4	80	31	306
-1
3	98	321	710
321	624	710	
2	95	244	729
244	561	165	729	
4	84	210	656
210	426	290	656	
2	96	701	339
701	127	339	
2	84	541	536
541	205	536	
2	90	29	745
-1
3	83	208	517
-1
3	96	66	248
-1
3	84	66	530
66	530	
3	81	348	113
-1
2	90	668	785
-1
4	91	38	228
38	427	338	228	
2	86	746	789
-1
3	96	170	242
-1
3	92	398	782
-1
4	88	754	10
-1
3	84	684	218
-1
4	84	107	283
107	214	283	
4	85	275	700
275	20	624	700	
2	89	459	247
459	8	247	
2	93	500	467
-1
4	81	3	56
-1
3	89	234	353
234	15	353	
3	90	672	522
672	186	60	522	
4	84	649	471
-1
2	93	361	424
-1
4	82	369	308
-1
3	85	445	766
-1
2	96	769	241
-1
2	95	375	251
-1
2	81	444	751
-1
2	88	498	305
498	523	305	
4	81	331	538
-1
3	94	152	409
-1
3	85	215	257
-1
4	80	259	169
259	765	169	
3	99	312	89
312	507	89	
4	85	487	534
487	231	534	
4	97	144	502
-1
2	87	500	76
-1
4	89	655	72
-1
3	93	28	121
28	121	
4	82	609	451
-1
3	91	390	602
390	484	388	602	
3	99	596	16
596	383	16	
3	80	473	626
-1
3	88	774	490
-1
2	81	133	176
-1
2	95	610	319
-1
3	82	79	18
79	315	18	
2	93	599	673
599	80	673	
2	93	268	252
-1
2	83	594	60
594	626	60	
3	97	656	1
-1
2	84	679	597
679	307	597	
2	90	511	621
511	537	621	
2	99	511	146
-1
2	94	599	631
599	99	631	
2	92	773	440
-1
4	81	648	71
-1
3	85	150	669
-1
3	97	524	136
524	295	136	
3	88	569	281
569	267	656	281	
3	89	265	137
-1
3	97	562	367
-1
3	97	426	77
426	77	
4	95	468	587
-1
2	85	647	738
-1
2	96	201	262
-1
2	86	425	109
425	169	109	
4	94	667	610
-1
3	82	684	685
684	328	685	
3	82	601	454
601	416	281	454	
3	90	130	270
-1
4	89	11	31
11	619	31	
2	85	40	8
-1
4	84	689	476
-1
3	93	684	674
684	125	120	674	
3	94	509	427
509	389	338	427	
2	94	326	51
326	662	51	
4	83	212	269
-1
4	88	319	153
-1
3	93	561	305
561	76	305	
4	82	635	786
-1
3	84	398	348
398	353	496	348	
3	83	527	387
527	4	387	
2	90	284	276
-1
4	84	180	159
-1
2	90	13	220
-1
2	92	459	97
-1
2	93	213	660
-1
3	85	129	178
129	404	178	
2	81	729	290
729	165	318	290	
4	87	534	125
-1
2	94	608	522
-1
3	81	712	600
-1
2	88	727	83
-1
2	98	418	263
418	122	263	
3	89	334	627
-1
3	85	676	286
676	388	538	286	
2	85	268	50
268	94	50	
2	82	481	178
481	242	305	178	
