3	699	119	109
-1
2	777	171	114
-1
4	542	160	6
-1
4	313	41	9
-1
3	507	56	86
56	86	
2	873	37	190
-1
3	410	169	186
-1
2	500	113	103
-1
2	698	128	141
-1
4	362	82	116
-1
3	222	143	186
-1
4	888	94	156
-1
3	693	123	115
-1
4	353	17	108
-1
4	639	31	163
-1
3	580	90	152
90	46	152	
3	318	163	120
-1
3	372	173	185
-1
2	212	25	64
-1
3	327	75	145
-1
3	764	90	39
-1
2	719	12	84
-1
2	585	200	7
-1
3	692	145	23
-1
2	207	99	5
-1
3	258	90	94
90	70	94	
4	529	22	9
-1
3	413	140	133
-1
2	476	112	110
-1
2	672	176	184
-1
2	662	155	73
-1
3	246	119	37
119	5	37	
4	852	38	188
-1
2	326	24	133
-1
4	731	68	183
-1
3	424	75	24
-1
3	384	185	45
-1
4	517	15	185
-1
2	726	28	48
-1
3	809	57	24
-1
2	534	29	178
-1
3	470	144	97
-1
3	209	142	86
142	100	86	
3	793	146	109
146	109	
2	275	172	129
-1
3	250	4	3
4	133	3	
3	795	80	188
-1
4	231	164	2
164	2	
2	678	133	181
-1
4	201	59	189
59	10	189	
3	631	169	18
169	18	
2	827	55	113
-1
3	212	177	54
-1
4	573	86	199
-1
3	301	80	122
-1
4	255	7	77
-1
4	494	158	156
-1
4	647	105	71
105	71	
4	228	36	4
36	4	
4	516	14	62
-1
2	585	168	182
-1
2	349	99	188
-1
4	402	78	164
78	164	
3	452	142	2
142	20	2	
2	626	67	33
-1
2	602	168	39
-1
2	209	176	148
176	77	148	
4	331	170	52
-1
4	434	118	39
-1
3	648	46	5
-1
2	881	114	172
-1
4	769	152	22
-1
3	884	101	51
-1
3	385	56	192
-1
4	717	160	59
-1
4	708	186	178
-1
3	407	40	153
-1
2	259	49	123
-1
3	749	81	192
-1
2	653	67	37
-1
2	276	67	102
67	56	102	
2	597	49	5
-1
4	447	170	106
-1
2	691	6	113
-1
3	849	44	72
-1
3	778	161	10
-1
3	231	21	49
21	135	49	
2	505	29	50
-1
3	496	40	130
-1
4	384	89	148
89	20	148	
3	637	143	15
-1
3	242	119	15
-1
3	747	69	136
-1
4	559	68	141
68	70	141	
4	782	59	184
-1
3	443	60	97
60	97	
4	492	39	117
39	1	117	
2	541	122	97
-1
3	722	127	136
-1
3	569	75	25
-1
4	835	59	119
-1
2	649	96	37
-1
2	884	138	57
-1
2	277	37	125
-1
4	260	48	183
-1
3	408	83	195
-1
3	225	126	33
126	99	33	
4	373	170	106
-1
2	609	63	32
-1
3	385	85	58
-1
4	703	7	116
-1
4	239	94	163
-1
3	548	44	53
-1
3	872	80	41
-1
3	606	57	89
57	89	
4	400	170	123
170	123	
2	284	178	48
-1
2	289	55	18
55	66	18	
2	872	29	80
-1
3	229	90	117
90	84	117	
3	796	175	75
-1
2	759	178	168
-1
3	463	169	163
-1
4	303	17	195
-1
4	243	189	3
189	20	3	
4	865	48	172
-1
3	313	100	102
-1
3	582	185	108
-1
3	613	126	136
126	136	
2	381	99	177
-1
3	255	80	151
-1
3	475	177	80
-1
2	789	188	49
-1
4	483	51	17
51	17	
3	486	106	158
-1
4	309	50	5
50	67	5	
2	862	115	104
-1
4	770	180	40
-1
2	357	62	166
62	166	
2	734	176	16
-1
3	836	157	95
157	95	
3	316	165	23
165	53	23	
3	764	92	10
-1
4	732	181	12
-1
4	589	17	70
-1
2	893	55	119
-1
3	749	16	33
-1
4	788	79	13
-1
2	705	49	26
-1
2	320	58	153
58	60	153	
3	667	92	110
92	110	
2	789	29	26
-1
2	851	197	117
-1
2	414	13	49
-1
2	283	45	65
45	20	65	
2	653	35	119
-1
4	486	180	135
-1
2	350	29	13
-1
4	627	118	13
-1
3	880	123	70
-1
2	741	96	114
-1
3	266	163	94
-1
3	734	4	90
-1
4	482	7	54
7	54	
3	647	174	98
-1
3	417	57	84
57	117	84	
4	451	11	64
11	64	
2	315	149	92
-1
4	579	51	161
-1
4	701	130	36
-1
4	666	10	131
-1
3	259	151	45
151	45	
3	600	69	200
69	27	200	
4	853	103	7
-1
2	302	138	180
-1
3	586	85	188
-1
2	601	54	150
54	150	
4	744	158	50
158	50	
2	205	25	52
25	52	
4	492	105	182
105	20	182	
4	722	158	191
-1
2	418	124	94
-1
4	717	183	114
-1
2	323	35	17
-1
3	454	140	106
-1
3	494	143	142
-1
4	895	180	195
-1
3	545	33	152
-1
2	748	178	177
-1
2	229	35	33
-1
3	672	127	190
-1
3	517	101	113
-1
3	530	119	47
-1
3	698	136	81
-1
4	603	160	20
-1
2	844	66	113
-1
4	239	160	45
-1
2	742	108	77
-1
4	370	153	6
-1
4	202	153	40
-1
