1	106	103	61
-1
2	117	582	326
-1
1	107	319	278
-1
3	108	892	992
-1
1	101	446	42
-1
2	118	944	195
-1
3	117	758	272
-1
3	115	468	441
468	441	
4	101	162	272
-1
1	115	543	168
-1
3	115	581	622
-1
1	113	220	556
-1
4	102	789	874
-1
2	113	208	117
208	186	117	
1	107	56	562
56	562	
4	101	197	857
-1
1	113	427	967
-1
4	105	905	434
-1
4	116	452	595
-1
4	116	114	489
114	70	489	
4	117	761	422
-1
3	104	469	993
-1
1	117	502	781
502	233	781	
2	105	516	988
-1
4	106	522	395
-1
1	115	569	591
-1
4	101	162	17
-1
1	106	27	273
-1
1	112	333	77
333	307	77	
2	112	261	190
-1
2	105	709	302
-1
2	117	779	770
-1
2	109	403	623
-1
2	108	253	139
-1
2	102	218	12
-1
2	112	97	580
97	580	
4	101	832	741
-1
1	105	885	768
885	201	768	
2	101	723	452
-1
1	102	507	64
-1
2	104	779	773
-1
1	105	177	551
-1
4	108	566	953
-1
2	118	736	205
-1
4	109	244	775
-1
4	100	147	871
-1
3	112	991	54
-1
3	111	204	938
-1
3	102	690	12
690	263	12	
2	118	603	518
-1
3	110	706	296
706	95	296	
1	100	462	824
-1
2	104	987	390
-1
4	101	135	477
135	893	477	
4	115	125	72
-1
2	117	774	218
-1
3	110	706	561
706	46	340	561	
3	119	379	116
-1
4	110	170	805
-1
2	107	413	760
-1
4	114	71	465
-1
2	118	853	278
-1
1	119	185	264
185	50	264	
1	115	821	751
-1
4	106	662	875
-1
4	116	629	1
629	107	1	
4	108	466	706
-1
4	103	356	84
-1
2	100	535	606
-1
2	119	77	370
77	859	263	370	
1	115	784	440
-1
4	112	491	644
491	224	644	
3	107	669	828
-1
4	117	940	648
940	218	648	
4	104	335	662
-1
1	116	801	290
-1
3	113	189	108
-1
1	109	137	463
-1
4	114	201	350
-1
2	103	421	426
-1
3	114	752	562
-1
2	117	547	52
-1
3	116	619	72
619	72	
3	115	658	11
658	302	11	
2	116	96	697
-1
1	118	112	849
-1
1	105	128	38
-1
4	119	201	174
201	213	174	
2	100	710	726
-1
3	118	176	498
-1
1	119	659	249
-1
3	102	933	795
-1
2	105	202	765
202	503	235	765	
3	107	298	775
-1
2	103	394	222
394	67	222	
1	111	502	333
-1
3	108	900	812
-1
2	114	405	364
-1
2	111	77	426
-1
2	109	97	601
-1
4	109	895	260
-1
2	116	606	544
-1
1	112	720	746
-1
4	106	905	43
-1
4	107	452	788
-1
2	119	47	290
47	122	290	
3	102	139	189
-1
3	106	619	946
-1
1	111	625	374
-1
2	111	357	470
357	764	137	470	
3	102	938	717
-1
2	106	767	674
-1
2	111	743	746
-1
3	105	188	2
188	453	2	
2	105	54	806
-1
1	114	142	852
-1
1	114	913	342
-1
4	111	496	961
-1
1	104	794	937
-1
4	106	165	293
-1
4	114	488	582
-1
2	107	423	349
423	781	349	
2	104	549	443
-1
4	106	772	630
-1
3	111	389	36
389	668	125	36	
1	114	794	177
-1
4	116	488	441
-1
2	108	75	288
75	379	288	
2	104	606	81
-1
1	109	511	597
-1
3	110	589	437
-1
4	110	383	859
-1
2	105	202	759
-1
2	106	767	530
767	55	530	
1	101	333	270
333	800	136	270	
1	109	56	64
-1
4	110	982	903
-1
2	109	898	977
-1
1	110	478	935
-1
2	118	643	797
-1
4	114	452	385
-1
2	104	194	767
-1
1	102	285	968
-1
4	111	522	86
-1
2	113	388	770
388	200	770	
3	116	290	177
-1
2	110	719	159
-1
1	119	941	56
-1
2	113	451	534
-1
3	101	393	528
-1
1	105	283	331
-1
2	103	258	524
-1
3	102	442	160
442	160	
1	108	385	681
-1
2	117	208	69
208	160	69	
3	114	653	710
653	86	710	
1	112	809	780
-1
1	119	572	721
-1
4	104	311	523
-1
2	111	336	267
336	211	267	
2	113	157	549
-1
3	117	714	158
-1
4	116	37	600
-1
4	117	679	336
-1
4	117	407	895
-1
3	106	257	548
-1
1	105	931	708
-1
2	117	115	631
-1
1	111	354	941
-1
3	117	831	628
-1
4	118	834	784
-1
4	115	168	849
-1
4	106	25	885
25	164	305	885	
3	113	393	916
-1
3	108	442	674
442	613	417	674	
3	107	559	930
-1
2	106	737	212
-1
3	117	695	326
-1
2	109	724	32
724	423	781	32	
4	117	276	862
-1
2	112	93	695
-1
1	101	811	214
-1
4	117	39	238
39	238	
4	112	865	983
-1
3	106	379	424
-1
3	107	139	335
-1
1	119	798	423
-1
2	116	516	117
516	118	117	
1	107	513	841
-1
2	100	803	116
803	46	116	
2	107	72	560
-1
1	100	124	723
-1
3	110	377	761
-1
4	104	515	977
-1
1	107	567	355
567	4	385	355	
1	113	645	845
-1
3	116	5	642
5	640	178	642	
3	104	576	158
576	345	158	
4	116	472	22
-1
3	103	752	176
-1
