4	823	191	23
-1
3	882	94	19
-1
3	734	114	18
-1
2	839	17	24
-1
2	241	106	155
-1
2	779	142	95
-1
2	632	195	196
-1
2	477	152	46
-1
4	634	177	49
-1
3	226	33	30
33	178	30	
2	200	190	173
-1
4	418	113	18
113	70	18	
2	235	47	131
47	131	
4	359	81	99
81	147	99	
4	765	20	4
-1
4	359	113	145
-1
4	507	45	140
-1
2	852	77	43
-1
2	852	6	171
-1
4	882	40	3
-1
2	806	118	192
-1
2	423	18	56
-1
3	753	136	102
-1
4	552	72	182
-1
2	407	183	153
-1
2	352	48	18
-1
2	543	160	62
-1
3	537	67	90
67	175	90	
2	708	171	48
171	48	
4	710	123	39
-1
3	854	57	157
-1
4	209	163	174
-1
2	311	38	62
-1
4	444	44	133
-1
2	397	148	67
-1
2	514	55	66
-1
2	827	59	25
-1
2	368	2	43
-1
2	815	140	165
-1
2	806	48	40
-1
4	762	110	48
-1
2	287	164	163
-1
3	848	74	200
-1
3	532	85	43
-1
2	898	181	190
-1
3	564	78	197
-1
3	540	144	55
-1
3	435	23	9
23	108	9	
4	351	192	100
-1
3	790	159	99
-1
2	790	165	8
165	8	
4	652	79	172
-1
3	203	119	197
-1
3	698	67	33
-1
4	539	52	13
-1
3	635	150	91
-1
2	742	66	186
-1
4	350	7	161
-1
3	649	94	104
-1
4	747	145	62
-1
3	606	188	179
-1
3	577	78	9
-1
4	425	82	127
82	27	127	
3	657	37	146
-1
4	270	35	197
-1
2	312	175	98
175	27	98	
3	549	62	164
-1
4	209	4	170
4	159	170	
3	312	154	15
-1
4	226	155	159
-1
3	404	54	98
-1
2	464	161	175
-1
2	891	190	8
-1
3	688	16	45
-1
3	584	73	79
-1
3	881	95	5
-1
4	544	7	67
-1
3	765	57	22
-1
2	379	18	128
18	123	128	
2	390	131	82
-1
3	687	57	136
-1
4	614	113	96
-1
4	621	177	85
-1
3	317	120	52
-1
4	748	8	125
8	125	
2	852	92	19
-1
3	670	26	178
-1
4	744	122	186
-1
3	371	188	3
-1
2	304	19	85
19	1	85	
3	239	9	141
-1
3	886	49	53
-1
2	523	63	182
-1
4	774	36	53
-1
3	850	54	61
-1
3	669	102	104
-1
2	798	106	81
-1
3	735	129	3
-1
4	337	173	190
-1
3	722	144	160
-1
2	514	148	121
148	20	121	
4	619	40	169
-1
3	752	178	183
-1
2	204	1	170
-1
2	864	28	175
-1
3	620	178	28
-1
3	700	99	134
-1
3	202	197	62
-1
4	543	184	186
-1
2	655	22	81
22	81	
4	575	96	180
-1
3	395	62	19
-1
4	377	81	149
-1
3	698	185	101
-1
2	473	190	128
-1
2	400	6	106
6	106	
2	585	126	4
-1
4	798	79	153
-1
4	883	81	136
-1
4	463	177	109
-1
4	343	32	156
-1
4	713	7	170
-1
3	313	54	2
-1
3	714	83	187
-1
4	541	81	176
81	46	176	
3	598	54	181
-1
4	654	7	107
-1
2	606	92	185
-1
4	593	191	17
-1
3	754	74	193
-1
2	361	190	176
-1
3	430	85	134
-1
3	832	150	187
-1
2	718	164	69
-1
3	245	78	150
78	12	150	
4	625	71	155
-1
3	483	170	161
-1
4	319	24	53
-1
4	288	182	43
-1
2	732	27	68
-1
2	708	181	57
-1
2	741	195	141
-1
4	480	177	91
177	70	91	
3	648	9	6
-1
4	649	179	83
-1
3	604	76	153
-1
2	316	2	74
-1
3	568	137	97
-1
3	862	57	78
-1
4	482	97	57
-1
3	238	129	189
129	73	189	
3	731	137	183
-1
4	373	31	160
-1
4	830	111	120
-1
3	212	11	51
11	101	51	
4	716	13	126
-1
2	642	169	79
-1
3	838	85	16
85	16	
2	768	6	24
-1
2	824	121	120
-1
3	312	102	48
-1
3	247	93	137
-1
4	858	176	119
-1
2	677	101	181
-1
4	679	31	191
-1
2	605	195	3
-1
2	483	63	123
-1
2	750	5	8
-1
4	673	44	13
-1
3	644	64	84
-1
2	892	140	186
-1
4	280	52	78
-1
2	598	51	5
-1
3	878	9	105
-1
4	320	87	135
-1
2	775	118	129
-1
4	697	123	191
-1
3	204	159	196
-1
2	668	161	191
-1
4	652	35	6
-1
4	589	179	145
-1
4	366	123	148
-1
4	270	155	199
-1
4	474	153	7
-1
2	360	131	45
-1
4	488	4	163
-1
4	430	79	37
-1
3	477	76	147
-1
3	719	33	108
33	108	
2	324	1	94
-1
2	220	5	24
5	24	
2	368	194	147
-1
3	418	12	53
-1
4	724	82	6
-1
4	821	8	88
-1
4	335	20	91
20	78	91	
2	523	160	169
-1
4	270	43	197
-1
3	429	120	29
-1
2	622	92	181
-1
