4	720	592	178
-1
3	537	37	247
-1
4	582	429	504
-1
4	545	715	437
-1
2	773	184	729
-1
4	763	407	502
-1
3	282	20	232
-1
2	290	553	6
-1
4	329	340	424
-1
4	860	688	216
-1
4	289	483	359
-1
3	735	255	747
-1
3	490	44	376
-1
4	678	179	290
-1
4	458	624	26
-1
2	359	149	784
-1
4	743	364	4
-1
3	400	146	108
-1
4	275	389	799
-1
3	543	718	686
-1
4	201	430	720
-1
4	648	319	526
-1
4	575	7	570
-1
3	416	197	748
-1
4	793	728	571
-1
4	277	386	272
-1
3	680	98	635
-1
4	239	393	333
-1
3	238	245	273
-1
3	475	520	542
-1
2	747	115	172
-1
2	872	517	490
-1
3	793	417	496
-1
4	740	244	245
-1
2	663	360	172
-1
2	434	54	557
-1
3	220	83	206
83	206	
2	804	115	598
-1
2	328	254	42
-1
3	870	744	562
-1
4	441	320	676
-1
2	682	519	744
-1
2	730	91	712
-1
4	874	585	155
-1
3	497	577	67
-1
4	253	340	472
-1
2	759	726	554
-1
3	456	499	668
-1
2	550	155	473
-1
3	263	84	417
-1
3	790	106	736
-1
2	734	299	6
-1
2	297	181	448
-1
3	252	463	232
-1
3	570	637	361
-1
2	841	534	252
-1
4	746	540	530
-1
3	765	751	580
-1
4	237	759	734
-1
2	753	9	369
-1
2	640	172	26
172	26	
4	597	563	324
-1
3	445	449	57
-1
4	776	246	519
-1
2	488	550	708
-1
3	440	472	441
-1
2	469	65	532
-1
4	200	211	482
-1
4	633	128	793
-1
2	254	166	1
166	549	1	
3	279	171	525
-1
2	403	464	287
-1
3	559	761	287
-1
2	729	706	532
-1
4	736	435	634
-1
2	329	75	305
-1
3	260	415	370
-1
4	694	36	132
-1
3	486	236	260
-1
2	838	722	777
-1
2	262	776	499
-1
4	200	407	514
407	514	
4	486	362	475
-1
4	670	373	732
-1
2	803	103	718
-1
2	859	539	793
-1
3	780	520	407
-1
3	564	681	795
-1
2	775	427	582
-1
4	203	165	503
-1
4	801	703	30
-1
3	515	518	437
-1
4	441	618	350
618	229	350	
2	824	205	723
-1
2	842	227	25
-1
2	234	82	115
-1
3	792	241	635
-1
4	686	674	67
-1
2	768	790	493
-1
4	222	365	209
-1
4	504	268	463
-1
3	292	221	180
-1
4	641	688	798
-1
4	663	29	554
-1
2	339	454	780
-1
3	754	348	61
-1
3	788	682	653
-1
2	806	174	78
-1
3	450	13	67
-1
3	858	433	431
-1
4	720	555	250
-1
3	800	259	471
-1
4	549	303	358
-1
4	802	345	739
-1
3	233	308	744
-1
3	845	648	643
-1
2	497	654	524
-1
3	775	494	249
494	249	
2	793	400	261
-1
2	824	350	693
-1
4	625	60	800
-1
3	495	680	610
-1
3	505	232	113
-1
2	895	581	457
-1
4	890	235	316
-1
2	432	668	515
-1
3	407	713	368
-1
3	555	163	413
-1
4	816	490	12
-1
3	660	83	713
-1
4	659	459	772
-1
3	721	285	204
-1
3	785	580	435
-1
2	441	337	216
-1
4	608	384	2
-1
2	575	374	670
-1
3	894	558	134
-1
2	207	465	296
-1
3	670	621	337
-1
2	283	589	420
589	420	
3	706	449	78
-1
3	209	661	362
-1
3	244	682	494
-1
3	611	719	382
-1
4	512	412	318
-1
2	681	420	243
-1
4	667	495	1
-1
3	614	42	17
-1
3	551	449	637
-1
3	370	419	777
-1
2	299	654	426
-1
2	613	61	638
-1
2	358	22	71
-1
3	691	66	789
-1
3	208	677	400
-1
3	451	42	19
-1
2	403	523	66
-1
2	819	242	107
-1
3	808	257	107
-1
4	284	608	77
-1
4	561	130	731
-1
4	698	529	343
-1
2	668	394	364
-1
4	356	752	782
-1
4	855	244	210
-1
4	626	52	251
-1
4	743	455	326
-1
3	501	58	567
-1
4	607	478	23
-1
3	435	286	182
-1
4	617	422	311
-1
2	259	184	392
184	171	392	
3	375	582	785
-1
3	856	251	289
-1
3	865	259	84
-1
4	868	667	487
-1
4	493	645	142
-1
4	511	688	199
-1
4	334	741	228
-1
3	767	100	65
-1
4	278	335	487
-1
2	821	53	222
-1
2	557	464	3
-1
2	345	439	605
-1
3	828	747	64
-1
2	767	465	282
-1
3	808	433	126
-1
2	758	278	365
-1
2	538	689	305
-1
2	602	675	404
-1
2	640	43	290
-1
2	861	73	342
-1
3	516	494	6
-1
2	620	451	796
-1
3	235	249	743
-1
4	716	129	759
-1
4	693	496	391
-1
3	557	204	220
-1
4	213	15	108
-1
2	768	53	783
-1
