4	291	104	115
-1
2	580	606	226
-1
4	469	542	585
-1
3	801	240	570
-1
4	433	787	599
-1
4	743	799	227
-1
3	685	100	645
-1
2	499	540	357
-1
3	283	25	28
-1
3	668	719	466
-1
3	683	179	122
-1
3	460	570	727
-1
3	244	150	468
-1
3	413	719	259
-1
2	664	372	246
-1
4	690	257	596
-1
3	635	652	695
-1
2	691	338	434
-1
4	870	89	458
-1
4	787	572	729
-1
4	508	340	107
-1
3	335	223	676
-1
3	354	235	377
-1
2	313	480	647
-1
3	410	45	571
-1
2	405	209	27
209	511	27	
2	552	600	679
-1
2	237	387	568
-1
3	395	178	656
178	565	656	
3	475	700	427
-1
3	433	87	318
87	138	318	
2	360	396	93
-1
2	636	183	327
-1
2	434	437	358
-1
2	204	502	403
-1
4	331	364	163
-1
4	261	470	314
470	99	314	
4	328	374	700
-1
3	283	711	429
-1
3	361	706	328
-1
3	878	533	415
-1
3	370	466	10
-1
4	497	626	544
-1
3	754	714	180
-1
2	808	649	234
-1
3	271	705	597
-1
3	484	436	618
-1
4	636	397	191
-1
4	364	477	102
-1
2	492	60	359
-1
4	206	773	444
-1
3	667	652	461
-1
4	610	174	639
-1
4	341	23	552
-1
4	826	678	752
-1
4	875	38	657
-1
2	692	361	644
-1
4	235	198	593
-1
3	788	734	269
-1
4	598	98	681
-1
2	793	142	653
-1
2	754	600	56
-1
4	792	267	230
-1
3	795	29	252
-1
2	847	323	481
-1
4	555	49	519
-1
4	598	724	431
-1
4	642	769	628
-1
2	511	556	561
-1
2	743	796	211
-1
4	647	594	352
-1
3	203	388	152
-1
2	584	194	770
-1
2	535	286	799
-1
4	216	33	673
-1
3	386	532	273
-1
3	568	87	197
-1
3	896	638	517
-1
2	556	180	272
-1
4	718	343	267
-1
3	670	386	412
-1
4	721	634	351
-1
2	790	489	544
-1
3	740	573	381
573	381	
4	864	108	414
108	414	
4	237	476	145
-1
2	385	114	584
-1
2	401	183	421
-1
3	624	79	600
-1
3	242	87	143
-1
4	353	306	80
-1
2	456	428	713
-1
4	799	349	753
-1
2	332	591	525
-1
4	897	384	185
-1
2	493	48	660
-1
2	876	785	326
-1
4	648	470	508
-1
3	648	223	138
-1
3	242	247	576
-1
4	521	89	433
-1
2	686	695	60
-1
3	738	51	760
-1
3	363	302	551
-1
3	899	487	486
-1
4	658	283	533
-1
3	435	577	70
-1
3	294	205	91
-1
3	231	254	314
-1
2	359	454	112
-1
2	891	796	553
-1
4	351	417	447
-1
2	262	655	49
-1
3	212	494	350
-1
4	497	409	388
-1
2	382	508	670
-1
4	451	18	798
-1
4	493	654	555
-1
3	406	548	8
-1
4	218	132	461
-1
2	670	291	8
-1
2	668	82	776
-1
3	316	285	631
-1
4	517	448	676
-1
3	704	712	284
-1
2	326	662	343
-1
4	223	344	360
-1
4	829	447	565
-1
4	736	640	313
-1
3	848	699	444
-1
2	507	69	286
-1
3	583	791	719
-1
2	465	359	204
-1
4	540	327	203
-1
2	575	196	114
-1
2	417	101	327
-1
4	828	579	670
-1
3	493	254	668
-1
2	357	484	60
-1
3	300	272	758
-1
2	237	521	378
-1
3	555	680	368
-1
4	310	15	278
-1
3	812	780	156
-1
4	278	172	351
-1
3	404	199	3
-1
2	826	568	581
-1
4	545	497	35
-1
3	404	190	70
-1
3	213	547	341
-1
3	842	99	413
-1
2	509	288	293
-1
4	838	43	307
-1
4	393	354	639
-1
3	344	418	10
-1
3	798	148	561
-1
4	879	653	328
-1
2	365	131	24
-1
3	434	628	565
-1
2	526	385	663
-1
3	439	450	313
-1
3	783	93	600
-1
2	389	454	195
-1
3	679	645	100
-1
3	441	638	517
-1
2	201	534	665
-1
2	328	433	69
-1
2	204	112	551
-1
3	820	529	378
-1
3	783	215	762
-1
2	647	241	764
-1
3	299	680	56
-1
3	793	163	61
-1
3	292	305	705
-1
3	260	284	543
-1
4	776	625	628
-1
4	644	726	260
-1
3	246	707	723
-1
3	324	263	451
-1
2	837	383	665
383	665	
2	552	718	458
-1
3	507	566	337
-1
4	220	117	52
117	727	52	
2	724	310	356
-1
2	418	154	639
-1
3	846	66	16
66	16	
4	505	643	293
-1
3	380	487	199
-1
2	330	786	461
-1
2	347	662	44
-1
3	604	51	313
-1
3	792	204	430
-1
2	643	411	546
-1
2	650	583	407
-1
2	289	308	112
-1
4	256	126	178
-1
4	248	572	20
-1
2	547	30	58
-1
3	759	210	43
-1
4	654	392	704
-1
