3	717	398	493
-1
2	620	758	181
-1
4	801	509	305
-1
3	855	133	429
-1
2	521	459	707
-1
4	342	516	690
-1
2	793	557	84
-1
2	621	392	19
-1
2	670	534	440
-1
4	664	449	575
-1
2	556	89	524
-1
3	289	6	482
-1
2	745	426	190
-1
3	873	180	675
-1
2	879	135	685
-1
4	620	656	401
-1
4	704	450	509
-1
3	674	744	452
-1
4	513	165	185
-1
3	739	588	634
-1
3	562	252	722
-1
3	395	760	727
-1
2	537	201	705
-1
2	263	746	436
-1
2	699	471	570
-1
3	799	103	777
-1
2	359	423	778
-1
2	411	379	721
-1
3	395	353	438
-1
3	828	318	577
-1
4	301	409	380
-1
3	580	224	691
-1
3	836	519	92
-1
2	271	108	389
-1
2	240	371	60
-1
4	668	71	162
-1
2	845	522	584
-1
2	818	682	515
-1
2	307	493	67
-1
3	483	40	737
-1
4	562	221	345
-1
3	352	322	568
-1
3	643	702	639
-1
3	884	538	746
-1
3	743	361	669
-1
3	656	401	739
-1
2	891	321	12
-1
4	705	667	245
-1
2	572	485	737
-1
3	560	292	329
-1
2	204	227	549
-1
3	872	189	422
-1
2	810	41	324
-1
4	507	337	413
-1
4	575	221	774
-1
4	265	516	726
-1
2	877	172	247
-1
4	621	763	465
-1
3	410	269	149
-1
3	590	193	792
-1
3	238	53	218
-1
3	459	257	758
-1
3	234	581	798
-1
2	899	743	686
-1
4	424	51	106
-1
4	401	378	173
-1
4	599	644	344
-1
2	263	473	307
-1
3	711	546	127
-1
3	254	556	319
-1
2	271	798	371
-1
2	880	436	179
-1
4	378	48	312
-1
2	515	334	254
-1
3	821	233	656
233	656	
3	893	9	234
-1
2	489	511	429
-1
4	847	10	453
-1
4	373	774	198
-1
3	443	437	306
-1
2	565	92	303
-1
3	743	315	291
-1
4	554	496	338
-1
2	760	226	671
-1
3	815	641	456
-1
2	700	714	464
-1
2	480	160	174
-1
2	832	749	536
-1
3	382	396	509
-1
2	587	521	497
-1
2	741	164	140
-1
4	731	529	455
-1
2	268	624	502
-1
4	391	231	279
-1
4	246	91	119
-1
3	209	158	385
-1
2	635	11	544
-1
4	522	643	44
643	44	
2	482	576	791
-1
3	478	610	511
-1
3	718	597	674
-1
2	724	438	754
-1
2	477	570	577
-1
4	855	590	359
-1
4	225	481	1
-1
2	609	379	511
-1
4	752	741	521
-1
3	395	476	715
-1
2	885	298	42
-1
3	447	180	651
180	496	651	
2	572	110	447
-1
4	225	628	437
-1
2	254	704	558
-1
4	464	481	699
-1
4	565	536	380
-1
2	775	614	310
-1
4	347	723	250
-1
2	261	128	725
-1
3	603	375	574
-1
3	853	613	305
-1
4	852	560	767
-1
3	440	733	594
-1
4	697	410	50
-1
2	595	216	530
-1
4	326	381	618
-1
3	636	98	431
-1
2	437	325	705
-1
3	562	272	32
-1
2	387	485	407
-1
3	744	388	219
-1
4	510	494	778
-1
4	355	598	262
-1
3	804	338	224
-1
2	886	187	791
-1
3	555	734	723
-1
2	537	61	20
-1
4	541	49	344
-1
3	573	286	615
-1
4	431	800	652
-1
2	649	640	239
-1
3	378	784	284
-1
3	692	446	81
-1
4	215	253	418
-1
2	857	110	604
110	604	
4	480	496	538
-1
3	299	603	150
-1
4	495	340	550
-1
3	361	333	387
-1
3	812	6	387
-1
3	851	789	578
-1
4	886	638	113
-1
2	567	369	558
-1
3	436	361	362
-1
2	292	128	471
128	400	471	
3	681	685	166
-1
4	482	365	320
-1
4	831	417	659
-1
4	869	12	544
-1
2	807	573	549
-1
2	284	186	90
-1
3	696	389	727
-1
4	405	75	295
-1
2	267	194	207
194	207	
4	337	283	334
-1
2	755	175	571
-1
2	474	508	135
-1
4	685	190	551
-1
2	328	773	562
-1
3	628	142	687
-1
4	417	250	72
-1
3	296	486	460
-1
3	442	483	86
-1
2	649	140	632
-1
4	534	607	114
-1
4	604	297	640
-1
3	591	504	347
-1
3	441	678	88
-1
4	755	615	412
-1
2	293	743	553
743	255	553	
3	764	524	354
-1
2	475	41	40
-1
3	812	637	74
-1
3	743	280	213
-1
4	656	481	372
-1
4	795	215	220
-1
3	393	520	723
-1
2	280	511	152
-1
4	691	604	767
-1
2	896	11	709
-1
3	801	104	784
-1
4	340	620	25
-1
2	465	347	213
-1
2	530	160	44
-1
3	753	603	524
-1
4	572	712	739
-1
4	846	659	10
-1
4	297	153	72
-1
2	263	85	227
-1
2	324	429	238
-1
4	207	525	693
525	565	693	
