4	516	173	90
-1
4	774	30	175
-1
2	267	97	178
-1
2	362	60	169
60	169	
4	594	64	17
64	17	
4	202	104	189
-1
3	571	144	48
144	121	48	
4	601	66	100
-1
3	807	114	185
-1
2	335	83	126
-1
3	576	114	99
114	175	99	
3	850	182	80
-1
3	379	56	177
-1
4	648	176	188
-1
4	716	90	51
-1
2	757	84	106
-1
3	504	87	50
-1
3	603	10	115
-1
2	239	63	180
-1
4	665	171	62
-1
3	515	58	176
-1
4	394	35	157
35	60	157	
4	322	137	165
137	136	165	
3	809	17	92
-1
4	311	65	181
-1
3	769	33	17
-1
2	418	190	55
-1
4	732	194	16
-1
2	612	50	79
-1
3	325	89	49
-1
3	452	6	58
-1
2	609	21	92
-1
3	425	68	29
-1
4	516	90	197
-1
2	648	52	13
-1
2	364	15	45
15	70	45	
2	518	84	35
-1
2	234	154	180
-1
2	612	187	29
-1
4	312	151	118
151	118	
2	869	128	123
-1
4	713	81	96
-1
2	493	142	163
-1
4	389	167	4
-1
4	453	35	7
-1
2	897	83	174
-1
3	483	148	57
148	57	
4	763	18	11
-1
3	891	152	149
-1
4	360	116	51
-1
3	335	80	130
80	130	
2	430	102	10
-1
4	444	167	151
-1
2	499	60	69
60	69	
2	506	101	103
-1
2	879	154	138
-1
3	787	3	85
-1
3	449	87	54
-1
2	549	102	158
102	158	
4	251	145	25
-1
3	381	106	105
-1
3	490	93	158
-1
4	593	23	124
-1
3	213	19	183
-1
4	216	18	35
18	49	35	
2	805	24	140
-1
2	441	155	142
-1
2	294	95	180
-1
4	551	196	33
-1
4	376	46	178
-1
2	732	49	35
-1
4	889	30	127
-1
4	812	173	101
-1
4	246	18	119
18	49	119	
3	780	131	136
131	136	
2	719	99	160
-1
4	212	4	66
4	139	66	
4	244	145	160
-1
4	676	140	108
-1
3	405	43	153
43	67	153	
4	839	171	153
-1
3	317	3	183
-1
4	317	192	107
-1
3	535	56	124
-1
2	571	102	54
-1
3	882	182	153
-1
3	747	153	108
-1
4	359	18	53
18	104	53	
3	666	62	144
-1
4	770	90	138
90	138	
3	722	48	109
-1
4	856	39	111
-1
4	762	157	55
-1
2	437	174	110
-1
3	443	62	12
-1
3	247	133	145
133	33	145	
3	454	67	98
-1
4	758	66	115
-1
4	401	25	128
-1
3	739	43	169
-1
2	547	165	16
-1
3	509	40	7
40	7	
3	463	48	163
48	14	163	
2	473	163	88
-1
4	584	200	149
-1
3	280	43	33
-1
2	477	190	99
-1
3	243	197	165
-1
4	322	55	141
55	18	141	
4	491	9	136
-1
2	558	100	52
-1
2	464	99	91
-1
3	478	8	91
-1
3	718	172	53
-1
3	666	197	4
-1
3	451	33	199
-1
2	449	13	140
-1
4	265	91	136
91	14	136	
4	606	186	143
-1
3	293	161	151
-1
4	444	104	50
-1
3	487	62	148
-1
3	377	179	107
179	15	107	
4	281	9	78
-1
3	436	127	26
-1
2	234	146	58
-1
3	574	197	71
-1
4	461	98	113
98	7	113	
3	303	164	50
-1
4	453	170	10
-1
2	354	15	113
15	70	113	
2	353	159	127
-1
4	760	98	105
-1
2	589	175	65
-1
3	815	8	192
-1
2	572	45	89
-1
3	794	79	85
-1
3	206	5	182
-1
3	556	67	145
-1
2	717	22	66
-1
2	830	128	80
-1
2	856	82	191
-1
2	512	136	88
136	165	88	
3	776	96	15
-1
3	219	85	22
85	9	22	
2	707	52	18
-1
2	391	125	49
-1
3	525	19	53
19	53	
4	321	178	71
-1
4	887	186	45
-1
3	518	3	172
-1
3	708	85	5
-1
2	648	141	140
-1
2	362	53	187
-1
3	235	182	24
-1
2	353	53	75
-1
3	201	61	151
61	168	151	
4	305	104	170
104	15	170	
4	228	81	99
81	147	99	
3	772	3	36
-1
2	243	190	38
-1
3	347	160	123
-1
2	539	121	15
-1
2	677	169	20
-1
3	300	183	153
183	14	153	
4	327	170	5
170	178	5	
2	277	175	65
175	120	65	
4	898	28	121
-1
2	796	134	1
-1
3	783	62	3
-1
4	221	186	144
-1
4	895	81	56
-1
2	661	180	176
-1
3	380	19	96
19	70	96	
4	384	149	78
-1
2	389	101	199
-1
2	505	128	174
-1
3	225	106	1
106	76	1	
4	878	4	86
-1
3	880	153	99
-1
2	676	136	84
-1
2	431	109	164
-1
3	806	156	144
-1
4	453	170	114
-1
4	782	2	14
-1
2	580	187	115
-1
4	853	176	42
176	42	
4	506	181	99
-1
4	891	107	55
-1
4	790	185	7
-1
3	773	17	94
-1
4	489	193	155
-1
4	784	176	62
-1
2	749	134	31
-1
2	863	187	33
-1
4	677	69	19
-1
3	470	150	146
-1
2	869	155	126
-1
3	623	161	184
-1
2	481	53	120
-1
