4	681	140	114
-1
3	463	4	72
-1
3	781	126	142
-1
3	280	153	167
153	2	167	
2	444	197	185
-1
2	462	117	91
-1
4	854	87	47
-1
4	561	24	165
-1
3	699	119	109
-1
3	777	171	114
-1
4	542	160	6
-1
4	313	41	9
-1
3	507	56	86
-1
4	873	37	190
37	190	
2	410	169	186
-1
4	500	113	103
-1
4	698	128	141
128	141	
2	362	82	116
-1
2	222	143	186
-1
2	888	94	156
-1
2	693	123	115
-1
4	353	17	108
-1
3	639	31	163
-1
3	580	90	152
-1
4	318	163	120
-1
3	372	173	185
-1
4	212	25	64
25	20	64	
2	327	75	145
-1
3	764	90	39
-1
2	719	12	84
-1
2	585	200	7
-1
4	692	145	23
-1
4	207	99	5
99	94	5	
3	258	90	94
90	18	94	
2	529	22	9
-1
4	413	140	133
-1
3	476	112	110
112	110	
3	672	176	184
-1
3	662	155	73
155	73	
3	246	119	37
-1
2	852	38	188
-1
4	326	24	133
-1
2	731	68	183
-1
2	424	75	24
-1
3	384	185	45
-1
4	517	15	185
-1
3	726	28	48
-1
4	809	57	24
57	24	
3	534	29	178
29	178	
2	470	144	97
-1
3	209	142	86
142	41	86	
3	793	146	109
-1
4	275	172	129
-1
3	250	4	3
-1
2	795	80	188
-1
2	231	164	2
-1
3	678	133	181
-1
2	201	59	189
59	60	189	
2	631	169	18
-1
2	827	55	113
-1
2	212	177	54
177	144	54	
2	573	86	199
-1
2	301	80	122
-1
2	255	7	77
7	45	77	
3	494	158	156
158	156	
2	647	105	71
-1
2	228	36	4
36	85	4	
3	516	14	62
-1
4	585	168	182
-1
4	349	99	188
-1
4	402	78	164
78	108	164	
3	452	142	2
-1
3	626	67	33
67	33	
4	602	168	39
168	39	
3	209	176	148
176	67	148	
4	331	170	52
-1
2	434	118	39
-1
4	648	46	5
-1
4	881	114	172
-1
3	769	152	22
-1
4	884	101	51
-1
3	385	56	192
-1
4	717	160	59
-1
2	708	186	178
-1
3	407	40	153
-1
4	259	49	123
-1
3	749	81	192
-1
3	653	67	37
-1
3	276	67	102
-1
4	597	49	5
-1
4	447	170	106
-1
3	691	6	113
-1
2	849	44	72
-1
3	778	161	10
-1
4	231	21	49
21	175	49	
3	505	29	50
-1
3	496	40	130
40	130	
4	384	89	148
-1
2	637	143	15
-1
3	242	119	15
-1
4	747	69	136
-1
2	559	68	141
-1
2	782	59	184
-1
4	443	60	97
-1
2	492	39	117
-1
2	541	122	97
-1
4	722	127	136
-1
2	569	75	25
-1
2	835	59	119
-1
4	649	96	37
-1
2	884	138	57
-1
4	277	37	125
-1
4	260	48	183
-1
2	408	83	195
-1
3	225	126	33
126	90	33	
4	373	170	106
-1
3	609	63	32
-1
3	385	85	58
85	173	58	
2	703	7	116
-1
2	239	94	163
-1
2	548	44	53
-1
2	872	80	41
-1
4	606	57	89
-1
4	400	170	123
-1
2	284	178	48
178	48	
2	289	55	18
-1
3	872	29	80
-1
3	229	90	117
90	33	117	
3	796	175	75
-1
2	759	178	168
-1
2	463	169	163
-1
4	303	17	195
-1
3	243	189	3
189	40	3	
4	865	48	172
-1
3	313	100	102
-1
3	582	185	108
-1
3	613	126	136
-1
4	381	99	177
99	177	
2	255	80	151
-1
2	475	177	80
-1
2	789	188	49
-1
4	483	51	17
51	17	
2	486	106	158
-1
3	309	50	5
50	15	5	
4	862	115	104
-1
4	770	180	40
180	40	
4	357	62	166
-1
3	734	176	16
-1
2	836	157	95
-1
2	316	165	23
-1
4	764	92	10
-1
2	732	181	12
-1
4	589	17	70
-1
2	893	55	119
-1
2	749	16	33
-1
3	788	79	13
-1
4	705	49	26
-1
4	320	58	153
-1
4	667	92	110
-1
3	789	29	26
-1
2	851	197	117
-1
3	414	13	49
13	175	49	
2	283	45	65
45	149	65	
2	653	35	119
-1
4	486	180	135
-1
3	350	29	13
-1
2	627	118	13
-1
2	880	123	70
123	70	
4	741	96	114
-1
4	266	163	94
-1
3	734	4	90
-1
2	482	7	54
-1
4	647	174	98
-1
4	417	57	84
-1
2	451	11	64
-1
4	315	149	92
-1
4	579	51	161
-1
4	701	130	36
-1
3	666	10	131
-1
2	259	151	45
151	45	
4	600	69	200
-1
3	853	103	7
-1
2	302	138	180
138	20	180	
3	586	85	188
-1
3	601	54	150
54	150	
3	744	158	50
-1
4	205	25	52
25	20	52	
2	492	105	182
-1
3	722	158	191
-1
2	418	124	94
-1
3	717	183	114
-1
2	323	35	17
35	17	
4	454	140	106
-1
2	494	143	142
143	60	142	
4	895	180	195
-1
3	545	33	152
-1
2	748	178	177
-1
2	229	35	33
35	22	33	
4	672	127	190
-1
4	517	101	113
101	60	113	
