2	334	474	38
-1
1	325	997	460
-1
1	301	113	606
-1
1	339	415	157
-1
2	325	508	301
-1
1	300	412	516
-1
1	321	665	391
-1
3	346	489	659
-1
2	311	652	46
-1
2	322	247	931
-1
3	309	569	404
-1
1	321	955	401
-1
3	326	181	865
-1
1	332	382	279
-1
1	335	621	139
-1
1	302	648	902
-1
1	343	599	566
-1
1	301	270	55
-1
1	348	266	58
-1
2	328	577	656
-1
2	334	352	224
-1
3	336	811	531
-1
2	302	82	711
-1
4	333	310	444
310	270	444	
2	321	695	65
-1
4	322	380	64
-1
3	337	284	662
-1
3	343	579	283
-1
2	301	532	900
-1
2	308	883	829
-1
1	334	163	180
-1
4	314	847	990
-1
4	324	635	424
-1
3	317	288	733
-1
2	333	571	779
-1
3	347	992	158
-1
4	310	314	794
-1
1	343	553	724
-1
4	344	847	256
-1
2	322	550	138
-1
1	301	260	300
-1
3	343	194	499
-1
4	316	10	133
-1
1	300	536	420
-1
4	329	154	342
154	419	342	
2	338	539	333
-1
4	333	988	998
-1
4	307	99	903
-1
2	314	844	101
-1
1	303	488	2
-1
4	304	313	261
-1
4	304	964	807
-1
3	337	957	816
-1
3	308	725	352
-1
3	300	578	857
-1
1	334	209	747
-1
1	334	349	735
-1
3	338	283	185
-1
2	340	292	380
-1
3	341	908	219
-1
3	303	661	531
661	64	531	
1	311	417	847
-1
3	327	672	155
-1
1	330	59	232
-1
3	338	569	809
-1
1	336	421	369
-1
1	320	958	69
-1
2	306	844	703
-1
2	337	632	994
-1
3	306	872	901
-1
2	338	465	913
-1
1	334	318	330
-1
4	339	330	1
-1
2	320	509	411
509	1	411	
1	330	391	331
-1
4	300	481	752
-1
3	318	317	709
-1
3	321	888	904
-1
1	314	346	535
-1
2	317	184	758
-1
2	331	592	222
-1
4	310	530	539
-1
1	312	315	220
-1
2	324	606	728
-1
4	305	776	470
-1
4	306	458	950
-1
2	316	508	267
-1
1	319	626	506
-1
1	305	447	851
-1
4	312	614	386
-1
4	335	33	977
-1
3	325	364	507
-1
4	345	377	173
-1
4	324	389	778
-1
1	344	164	905
-1
2	345	269	362
-1
1	311	477	221
-1
1	318	745	846
-1
2	321	564	645
-1
1	306	621	610
-1
4	335	83	642
-1
1	341	470	357
-1
2	315	395	733
395	257	733	
1	342	540	122
-1
3	348	117	637
117	168	637	
1	309	163	257
-1
4	329	158	85
-1
4	326	420	829
420	829	
1	320	538	744
-1
2	331	211	364
-1
3	322	918	798
918	175	798	
2	329	953	267
-1
3	311	846	661
-1
2	334	911	553
-1
2	322	105	669
-1
2	330	203	831
-1
4	314	14	340
14	805	340	
3	342	45	111
-1
3	335	921	1
-1
1	300	794	211
-1
3	349	275	128
-1
4	315	750	432
-1
4	328	229	629
-1
1	332	792	539
-1
1	302	829	995
-1
1	332	853	549
-1
4	321	134	914
-1
1	332	498	958
-1
3	332	691	231
-1
1	344	978	376
-1
2	322	981	2
-1
3	303	780	751
-1
4	332	198	331
-1
2	322	628	475
-1
1	319	610	303
-1
4	319	612	155
-1
1	333	796	288
-1
4	342	319	138
-1
2	324	953	180
-1
1	301	587	157
-1
4	303	432	489
-1
4	303	404	269
-1
4	336	159	818
-1
2	310	543	445
-1
3	314	818	54
-1
3	320	439	665
-1
2	310	608	812
-1
2	347	43	130
-1
2	326	788	83
-1
4	334	114	669
-1
3	323	816	100
-1
2	343	519	855
-1
1	310	324	14
-1
1	304	812	908
-1
4	307	422	77
-1
1	323	38	515
-1
3	334	809	475
-1
2	315	219	869
-1
1	347	118	656
-1
2	316	844	122
844	122	
4	317	430	937
-1
2	322	505	807
-1
3	337	848	482
-1
2	344	8	294
-1
4	323	964	67
-1
1	337	973	105
-1
2	311	998	265
-1
3	330	482	835
-1
1	337	448	952
-1
4	308	847	147
-1
2	346	563	576
-1
4	304	83	81
-1
2	336	105	280
-1
2	331	844	640
-1
4	349	490	603
490	603	
2	305	213	576
-1
4	319	451	573
451	573	
1	303	514	407
-1
4	304	94	206
-1
4	300	34	52
-1
4	328	94	967
-1
2	310	91	49
-1
4	339	245	505
-1
3	328	233	348
-1
1	331	514	837
-1
2	308	214	402
-1
2	330	369	852
-1
4	338	141	365
-1
3	345	394	811
-1
4	347	951	196
-1
3	315	301	289
-1
2	315	931	379
-1
3	321	641	624
-1
4	318	631	856
-1
2	306	259	722
-1
1	307	842	287
-1
4	310	1000	7
-1
4	327	83	147
-1
2	339	571	541
-1
1	334	617	491
-1
