2	94	520	151
-1
3	81	336	379
-1
4	83	569	529
569	224	356	529	
4	88	73	288
-1
3	90	110	658
-1
2	85	591	301
-1
3	88	644	252
-1
3	95	254	489
254	489	
3	90	105	459
-1
4	98	510	282
510	644	282	
4	89	43	2
43	385	2	
2	87	369	337
369	577	337	
2	87	650	105
650	69	105	
3	94	725	529
-1
4	84	233	190
-1
2	96	555	332
-1
3	99	661	528
-1
2	87	61	781
-1
3	86	417	86
417	684	20	86	
2	87	199	147
-1
3	80	698	189
-1
4	96	547	109
547	142	109	
2	93	774	758
-1
2	93	634	682
-1
2	95	780	467
-1
2	86	784	221
-1
2	93	192	433
-1
2	86	652	494
652	181	494	
4	83	799	110
-1
4	89	157	308
-1
3	90	597	205
597	633	205	
3	98	237	303
-1
3	88	566	629
566	44	629	
3	89	551	462
-1
4	95	264	441
-1
2	88	71	777
-1
4	92	658	168
-1
4	85	523	19
-1
4	86	721	18
-1
4	86	204	174
204	280	174	
3	82	186	322
-1
4	85	356	559
-1
3	93	186	676
-1
2	86	774	426
-1
2	86	796	241
-1
2	82	483	312
483	312	
4	82	391	521
-1
4	80	636	243
-1
3	89	221	516
221	153	484	516	
4	95	620	719
-1
4	96	78	456
-1
2	86	540	363
540	174	363	
2	81	57	549
57	103	549	
2	86	202	74
-1
4	99	8	69
8	274	655	69	
3	90	255	552
255	163	552	
3	90	29	494
-1
2	84	771	329
-1
3	99	284	102
284	54	421	102	
4	90	613	721
-1
2	97	220	798
-1
3	80	597	89
-1
2	88	283	146
-1
2	81	645	347
-1
4	82	183	707
-1
3	93	762	161
-1
4	98	404	541
-1
2	87	214	64
-1
4	80	171	699
-1
4	92	642	63
642	340	63	
4	89	584	283
-1
2	89	182	79
182	20	589	79	
4	94	142	713
142	199	713	
2	93	202	109
-1
4	99	335	292
-1
2	91	537	605
537	381	605	
4	83	42	209
-1
2	98	393	774
-1
2	96	272	144
-1
2	99	252	338
-1
4	93	504	473
504	334	473	
2	83	305	654
305	347	654	
3	95	194	347
-1
4	84	581	100
-1
4	87	66	435
-1
2	91	257	523
-1
3	99	608	117
608	117	
4	93	603	61
-1
4	96	662	332
-1
2	85	170	583
-1
3	98	189	286
189	261	286	
4	83	42	142
-1
4	90	325	335
-1
4	81	73	467
73	27	264	467	
2	95	377	532
-1
3	90	524	788
-1
4	98	475	147
-1
3	98	635	302
-1
3	89	320	163
320	626	163	
4	83	596	332
596	54	332	
4	88	314	73
-1
4	81	152	466
-1
4	95	547	343
547	644	343	
2	94	489	415
-1
4	97	531	343
-1
4	97	558	418
-1
3	83	308	92
308	329	92	
4	84	78	278
78	278	
4	98	356	597
-1
3	82	517	745
-1
3	94	460	610
-1
2	99	240	761
-1
3	93	161	59
161	59	
3	87	769	548
-1
2	89	243	278
-1
3	98	600	35
600	252	35	
3	82	497	695
-1
2	99	93	772
-1
4	88	789	680
789	27	680	
2	84	400	396
400	573	396	
4	85	342	56
-1
4	97	356	295
-1
3	95	387	456
387	375	509	456	
4	82	761	424
-1
3	99	300	218
-1
2	94	182	369
-1
3	80	480	418
-1
2	91	422	62
-1
3	90	194	50
-1
2	98	114	449
-1
3	93	778	342
-1
2	99	355	697
-1
4	94	692	636
692	99	636	
2	89	287	596
-1
4	98	430	447
-1
4	87	49	628
-1
3	96	55	308
55	329	308	
4	97	755	729
-1
3	98	179	122
-1
4	99	281	235
281	1	397	235	
3	80	779	564
-1
3	89	84	118
84	705	118	
3	84	484	9
-1
2	91	90	296
-1
2	97	472	277
472	417	277	
2	85	622	677
-1
2	84	341	732
341	732	
4	92	477	238
-1
3	86	226	768
-1
4	80	25	601
-1
3	96	624	131
-1
2	85	764	215
-1
4	86	705	250
-1
4	93	129	691
-1
2	89	52	362
-1
2	85	422	184
-1
3	88	619	76
619	67	565	76	
2	98	323	553
323	299	553	
2	97	307	778
-1
2	97	413	354
-1
3	88	306	177
306	151	177	
4	94	314	493
-1
2	83	439	397
-1
4	93	125	78
125	474	362	78	
3	87	458	481
458	126	481	
3	82	619	102
-1
4	97	657	272
-1
4	81	625	594
625	205	594	
4	91	383	453
383	494	453	
2	84	461	65
-1
3	81	690	722
-1
3	85	698	235
-1
3	81	24	674
-1
4	90	47	350
47	43	350	
3	91	313	360
-1
4	84	492	178
492	331	178	
4	96	54	34
54	414	34	
4	81	43	211
-1
4	93	585	145
-1
4	98	656	157
-1
4	99	632	47
-1
3	86	433	296
-1
3	91	278	320
-1
2	92	72	718
72	394	718	
3	91	294	582
-1
4	81	197	273
197	19	273	
2	86	202	678
-1
2	88	30	273
-1
3	93	451	57
-1
3	89	525	264
525	610	264	
3	87	215	447
-1
4	95	626	80
626	315	80	
2	86	472	709
-1
3	83	543	332
543	168	332	
3	97	516	178
516	371	178	
3	89	399	374
399	705	374	
4	99	12	127
-1
2	91	459	156
459	91	296	156	
4	99	667	607
-1
3	94	572	683
-1
