4	108	391	672
-1
1	111	659	997
-1
4	106	46	312
46	479	14	312	
4	108	931	423
-1
2	114	404	460
-1
2	100	401	272
401	105	108	272	
1	101	865	877
-1
2	100	279	33
-1
1	107	139	686
-1
1	118	902	553
-1
2	109	566	944
-1
1	105	55	602
-1
4	116	58	999
-1
2	111	656	929
-1
1	110	224	685
-1
1	101	531	437
-1
1	109	711	653
-1
1	114	444	284
444	271	284	
4	119	65	422
65	455	422	
2	103	64	323
-1
1	118	662	888
-1
3	111	283	294
-1
3	102	900	352
900	5	352	
3	102	829	359
-1
4	106	180	935
-1
1	114	990	465
-1
4	107	424	175
-1
2	110	733	618
-1
1	111	779	34
-1
4	113	158	98
158	619	98	
2	112	794	111
-1
2	106	724	394
-1
3	109	256	645
256	393	645	
4	119	138	473
-1
1	113	300	652
-1
3	109	499	994
499	191	6	994	
1	115	133	417
-1
2	113	420	501
420	82	153	501	
4	118	342	280
-1
3	107	333	789
333	12	789	
2	118	998	934
-1
2	103	903	658
-1
2	107	101	265
-1
1	112	2	754
-1
4	103	261	405
-1
3	116	807	255
-1
4	104	816	388
-1
4	117	352	159
-1
2	108	857	501
-1
2	108	747	185
-1
2	102	735	535
735	92	535	
4	111	185	789
185	171	789	
4	107	380	241
380	99	653	241	
2	100	219	242
-1
1	116	531	854
-1
4	111	847	12
847	124	12	
2	118	155	828
-1
3	108	232	531
-1
3	100	809	739
-1
2	117	369	837
-1
2	103	69	571
-1
3	111	703	107
703	67	537	107	
1	111	994	838
-1
1	104	901	57
-1
3	117	913	939
-1
3	109	330	785
330	6	785	
4	108	1	940
-1
2	110	411	171
411	483	171	
4	100	332	331
332	451	445	331	
1	116	752	51
-1
2	107	709	119
-1
3	105	904	822
-1
2	103	535	815
-1
4	111	758	68
-1
1	109	222	332
222	406	332	
4	114	539	661
-1
2	105	220	13
220	694	13	
3	115	728	775
-1
1	117	470	106
-1
3	107	950	857
-1
2	105	267	917
-1
2	106	506	820
-1
4	113	851	706
-1
4	112	386	463
-1
3	103	977	36
-1
1	116	507	926
-1
4	108	173	146
173	394	146	
4	103	778	225
778	438	445	225	
2	108	905	695
-1
4	116	362	996
-1
3	104	221	262
-1
3	103	846	119
-1
2	100	645	322
-1
3	102	610	707
-1
1	109	642	36
-1
4	114	357	542
-1
2	119	733	66
-1
1	116	122	843
-1
1	102	637	99
-1
2	117	257	460
257	484	460	
4	119	85	680
-1
3	117	829	877
-1
3	110	744	521
744	171	521	
4	117	364	482
-1
3	112	798	123
-1
2	105	267	480
-1
4	110	661	212
661	349	212	
1	104	553	685
-1
4	102	669	673
-1
3	113	831	281
-1
3	104	340	365
-1
4	100	111	193
-1
4	113	1	936
1	618	66	936	
2	114	211	651
211	308	651	
3	109	128	800
128	684	164	800	
1	108	432	66
-1
1	111	629	79
-1
4	108	539	983
-1
2	112	995	3
-1
4	113	549	833
-1
2	117	914	172
-1
1	110	958	283
-1
3	117	231	283
231	283	
3	100	376	845
-1
1	119	2	973
-1
4	117	751	404
-1
4	107	331	33
331	508	305	33	
3	109	475	923
-1
4	111	303	270
-1
2	115	155	170
-1
3	118	288	84
288	297	84	
4	112	138	393
138	418	474	393	
4	106	180	975
-1
1	111	157	702
-1
4	103	489	704
-1
4	118	269	454
269	219	454	
1	102	818	137
-1
4	117	445	611
-1
4	118	54	265
-1
2	107	665	771
-1
3	102	812	411
-1
4	107	130	548
-1
2	113	83	727
-1
4	115	669	235
-1
2	118	100	724
-1
2	103	855	344
-1
1	111	14	161
-1
1	101	908	605
-1
3	117	77	658
77	658	
3	108	515	674
-1
3	118	475	485
475	485	
1	117	869	966
-1
2	103	656	48
656	191	165	48	
1	109	122	717
122	137	436	717	
1	104	937	168
-1
3	107	807	23
-1
4	107	482	388
-1
3	103	294	295
294	156	82	295	
3	112	67	724
-1
1	117	105	238
105	52	238	
3	101	265	712
265	168	712	
3	107	835	581
-1
2	106	952	588
-1
2	102	147	709
-1
3	102	576	997
-1
1	104	81	155
-1
1	103	280	637
-1
2	109	640	282
-1
2	112	603	700
603	246	157	700	
3	110	576	156
-1
3	113	573	420
-1
4	113	407	254
-1
3	113	206	205
-1
2	113	52	351
-1
1	110	967	279
-1
3	104	49	711
-1
4	112	505	990
-1
1	113	348	629
-1
3	113	837	232
-1
1	108	402	159
-1
2	100	852	731
-1
3	113	365	489
-1
1	110	811	46
-1
1	100	196	98
-1
2	110	289	416
-1
4	100	379	816
-1
2	110	624	672
-1
3	118	856	19
856	353	19	
4	101	722	207
-1
1	119	287	608
287	3	608	
1	102	7	811
-1
2	110	147	528
-1
2	116	541	690
-1
4	105	491	885
-1
1	112	143	173
-1
3	107	426	552
-1
4	118	66	527
-1
4	108	696	734
-1
3	106	307	807
-1
4	106	148	93
148	639	93	
