2	109	552	765
-1
4	116	317	21
317	533	21	
4	104	439	460
439	5	460	
1	119	634	775
-1
4	116	953	725
-1
2	115	38	158
-1
3	117	882	751
-1
1	104	752	891
-1
4	113	419	226
-1
1	107	480	356
-1
3	111	395	259
-1
1	111	824	575
-1
3	102	12	14
-1
4	116	917	999
-1
2	100	588	303
-1
1	117	144	340
-1
2	100	420	221
-1
2	110	537	325
-1
3	115	193	95
-1
1	102	978	574
-1
2	100	85	320
-1
3	115	308	144
308	763	144	
2	100	551	155
-1
4	110	254	423
-1
4	104	730	11
-1
3	104	931	154
-1
2	116	640	925
-1
4	112	100	814
-1
3	106	802	6
-1
1	100	378	984
-1
3	111	660	420
660	7	575	420	
1	114	553	728
-1
3	101	20	630
20	97	104	630	
3	115	500	883
-1
1	105	682	965
-1
1	111	166	247
-1
1	107	990	886
-1
2	100	739	986
-1
1	118	811	787
-1
1	113	978	516
978	17	516	
4	112	70	528
70	150	528	
2	111	481	432
-1
3	113	388	451
388	445	451	
4	115	801	302
-1
1	111	636	983
-1
4	117	834	148
-1
2	103	537	490
-1
4	100	164	228
164	228	
3	118	957	390
-1
1	114	107	719
-1
4	113	240	788
-1
1	104	144	621
-1
1	114	128	360
-1
4	115	741	160
-1
2	109	588	147
588	74	147	
2	116	400	332
400	51	332	
1	117	809	220
-1
1	104	752	736
-1
1	106	384	692
-1
1	104	803	798
803	113	798	
2	104	89	389
-1
3	116	902	884
-1
4	115	498	11
-1
4	106	544	751
-1
1	104	891	691
-1
2	108	220	90
-1
2	107	48	898
-1
1	102	366	2
-1
4	105	262	385
-1
1	114	548	187
548	56	187	
3	102	905	275
-1
2	106	49	528
49	150	528	
4	108	165	377
-1
1	119	992	272
-1
1	109	978	162
-1
3	110	814	733
-1
4	119	982	133
-1
4	100	370	498
-1
4	117	844	111
844	356	111	
3	103	10	11
10	295	11	
2	110	324	915
324	5	915	
3	109	379	315
379	315	
4	118	317	831
-1
1	109	265	822
265	186	82	822	
4	103	316	151
-1
2	115	57	316
-1
4	119	239	298
-1
4	116	319	19
-1
3	119	751	862
-1
4	109	568	871
-1
3	115	924	547
-1
2	101	906	925
-1
2	111	415	593
-1
2	104	653	857
-1
1	106	515	525
-1
1	101	538	581
-1
2	110	645	820
-1
3	108	885	138
-1
1	110	973	240
-1
4	100	172	808
-1
3	106	733	731
733	323	731	
3	102	208	988
-1
4	114	349	402
-1
3	103	672	407
-1
3	107	168	273
-1
3	107	814	810
-1
1	118	128	454
128	507	454	
2	107	738	338
-1
3	107	367	311
-1
3	106	857	834
-1
1	108	569	567
-1
3	115	828	774
-1
3	108	10	475
-1
4	106	137	498
-1
3	118	120	666
-1
1	119	627	479
-1
1	113	66	958
-1
2	102	677	696
-1
2	104	424	414
-1
3	118	411	622
-1
2	116	909	190
-1
4	109	137	369
-1
4	115	352	731
-1
1	113	321	867
-1
1	118	47	338
-1
1	108	398	316
398	433	811	316	
1	106	557	381
-1
2	113	522	57
522	206	57	
1	106	825	833
-1
3	107	141	595
141	542	29	595	
2	108	291	504
291	294	504	
3	117	7	640
-1
2	119	497	992
-1
4	117	164	664
-1
4	114	977	62
-1
4	109	807	459
807	340	459	
4	101	116	16
116	642	16	
2	110	734	537
734	253	537	
1	102	47	713
-1
4	116	773	854
-1
2	119	472	144
-1
1	111	360	151
-1
1	114	969	999
969	55	999	
3	117	660	514
-1
3	118	217	843
-1
4	109	111	649
-1
3	104	672	116
-1
1	112	614	201
-1
4	105	316	247
-1
4	110	498	371
-1
4	105	626	842
-1
2	107	906	554
-1
1	117	529	874
-1
4	111	143	534
-1
1	105	772	750
-1
2	113	110	213
-1
3	101	259	236
-1
3	101	775	201
-1
1	100	180	516
-1
4	110	297	13
297	239	13	
3	104	267	639
-1
1	109	84	896
84	46	174	896	
3	114	404	424
-1
2	107	721	918
-1
4	109	904	689
904	228	689	
2	113	929	150
929	1	532	150	
3	100	955	761
-1
4	101	96	535
-1
4	116	789	714
-1
3	101	729	362
-1
4	119	392	628
392	201	628	
2	106	248	64
-1
4	101	9	467
-1
1	118	643	187
-1
1	118	163	443
-1
1	107	784	371
-1
1	107	969	325
-1
2	114	389	772
-1
3	119	10	913
-1
3	101	499	993
-1
3	100	1000	384
-1
1	115	139	983
139	847	117	983	
4	101	877	343
-1
2	100	38	986
-1
4	102	468	500
-1
3	104	586	635
-1
2	109	205	603
-1
2	112	585	343
-1
1	104	851	353
-1
4	117	182	851
182	851	
4	112	875	850
-1
2	107	196	340
-1
1	109	283	568
-1
1	106	485	605
-1
1	117	577	424
577	228	424	
2	111	759	9
-1
2	105	663	565
663	83	133	565	
3	108	244	149
-1
3	112	949	351
-1
1	114	213	533
-1
