2	115	674	670
-1
1	115	741	319
-1
2	117	358	171
-1
4	114	398	664
-1
2	111	390	844
-1
4	110	261	997
-1
4	106	896	120
-1
4	116	45	890
-1
1	110	34	90
-1
3	114	195	12
-1
2	115	792	37
-1
2	113	208	778
-1
4	115	523	487
-1
4	119	920	884
-1
4	114	106	625
-1
1	102	349	885
349	332	885	
3	114	900	780
-1
2	115	598	177
-1
2	105	594	210
-1
3	108	385	404
-1
1	105	631	548
631	391	548	
4	114	547	755
-1
1	100	132	277
-1
2	115	240	548
-1
3	100	11	5
11	749	5	
3	104	625	353
625	80	353	
3	116	940	252
-1
4	112	374	201
-1
2	101	49	795
-1
2	116	814	531
-1
2	103	295	513
-1
3	117	460	59
460	498	608	59	
4	105	754	543
-1
3	104	886	782
-1
4	108	901	792
-1
2	113	541	768
-1
4	116	418	707
418	281	707	
4	117	74	432
74	425	432	
4	103	258	481
-1
1	113	651	646
-1
1	117	447	940
-1
1	108	143	751
-1
2	110	592	504
-1
2	111	670	389
-1
3	114	294	642
-1
2	113	275	182
-1
3	112	960	951
-1
4	103	896	376
-1
1	115	33	633
-1
3	101	316	283
-1
2	112	481	82
-1
1	103	159	224
-1
4	118	247	167
-1
2	107	877	836
-1
1	100	640	482
-1
1	101	546	108
-1
4	112	219	67
-1
4	119	951	962
-1
3	112	467	995
-1
4	106	462	662
-1
3	107	455	143
-1
4	102	740	301
740	221	301	
4	109	423	899
423	466	138	899	
2	116	313	775
-1
2	117	592	766
-1
2	104	512	311
-1
2	102	614	881
-1
1	104	18	832
18	832	
4	110	797	650
797	46	161	650	
1	103	561	111
-1
1	105	608	566
-1
1	117	87	305
-1
1	115	790	79
790	36	248	79	
3	101	11	391
-1
2	118	67	983
-1
4	108	957	494
-1
3	109	953	459
-1
3	112	16	828
-1
3	101	392	977
-1
2	103	114	537
-1
4	108	497	496
-1
3	104	23	583
-1
1	114	552	724
-1
3	105	628	734
-1
2	119	181	152
181	277	152	
4	112	500	108
-1
4	103	480	413
480	73	872	413	
4	110	341	428
-1
1	118	33	819
-1
1	115	726	284
-1
2	102	530	780
-1
4	116	250	154
-1
2	119	627	706
-1
2	104	81	685
-1
2	116	278	865
278	844	388	865	
2	115	457	716
457	176	224	716	
3	107	482	196
482	365	196	
4	106	965	888
965	316	888	
2	116	627	273
-1
4	119	266	998
-1
4	111	793	879
-1
1	104	815	129
-1
3	101	772	107
-1
3	105	803	187
-1
1	102	568	465
-1
4	109	836	273
-1
4	116	563	754
563	199	754	
2	104	703	718
703	298	718	
3	116	621	697
621	375	697	
2	113	358	962
-1
2	104	729	106
729	56	417	106	
1	104	880	272
-1
2	110	537	395
-1
3	116	898	198
-1
3	112	296	117
-1
4	105	558	304
-1
4	118	887	866
-1
3	108	764	920
-1
1	104	880	541
-1
3	117	916	250
-1
4	102	301	978
-1
3	105	565	210
-1
3	100	309	746
-1
1	109	159	643
159	324	338	643	
4	117	548	938
-1
2	100	400	847
-1
2	117	877	734
-1
4	109	108	849
-1
3	109	56	80
56	808	80	
2	110	52	995
52	288	1	995	
1	107	9	295
-1
4	116	423	860
-1
4	101	108	520
-1
2	116	540	679
-1
4	113	521	578
-1
1	100	618	329
-1
1	105	18	206
-1
4	105	988	313
-1
2	104	877	368
-1
4	110	658	771
658	432	771	
2	104	688	779
-1
1	115	695	553
-1
2	107	264	660
-1
1	117	577	552
-1
1	114	533	72
-1
3	102	779	690
779	326	690	
4	107	871	59
-1
3	111	696	398
-1
2	118	73	274
-1
2	100	529	931
-1
1	118	979	618
-1
3	110	75	665
-1
3	102	383	280
383	20	349	280	
3	105	210	856
-1
2	116	67	389
67	441	389	
4	117	853	167
-1
3	108	615	37
-1
3	105	935	84
935	55	84	
4	119	566	508
-1
1	101	917	36
-1
1	111	37	366
-1
4	107	936	792
-1
2	106	738	174
-1
1	101	552	735
-1
1	101	917	153
-1
4	107	706	5
-1
1	115	535	972
-1
1	110	775	906
-1
2	117	61	471
61	487	471	
4	104	972	387
-1
1	109	165	424
-1
2	113	328	711
-1
4	118	155	800
-1
4	113	261	704
261	669	118	704	
1	117	575	620
575	235	248	620	
3	102	628	677
-1
1	105	496	564
496	182	60	564	
2	110	103	338
-1
3	100	794	750
-1
2	119	343	73
343	577	318	73	
3	114	928	238
-1
3	116	229	565
-1
3	115	322	72
-1
2	118	941	684
-1
1	110	646	258
-1
3	118	503	886
-1
3	101	717	733
717	389	415	733	
3	111	254	187
254	46	187	
1	100	344	332
-1
3	113	257	675
-1
2	102	556	954
-1
1	118	982	534
-1
1	109	118	856
-1
2	113	53	148
53	148	
1	102	44	145
-1
1	107	6	999
-1
2	111	644	68
-1
3	110	198	321
198	281	238	321	
2	101	89	17
-1
2	107	81	273
-1
