3	94	498	66
-1
3	80	750	118
-1
3	96	538	551
-1
3	87	410	273
410	273	
2	81	657	548
657	374	548	
3	93	365	123
-1
4	86	434	354
-1
2	94	194	192
-1
4	94	352	48
-1
2	99	198	82
-1
2	96	266	131
266	330	131	
2	85	12	80
12	59	80	
3	87	192	169
-1
3	99	800	579
800	41	579	
3	98	380	787
-1
4	92	781	703
-1
3	85	334	337
-1
2	88	152	82
-1
4	88	559	433
-1
3	89	673	631
-1
3	91	124	448
-1
4	82	440	460
-1
2	91	778	203
-1
3	81	65	555
-1
4	87	777	134
-1
2	89	787	466
-1
2	97	120	352
-1
2	99	157	503
157	503	
2	83	386	261
-1
2	85	566	485
-1
2	85	27	608
-1
4	84	418	600
418	235	600	
3	98	792	129
792	328	129	
3	92	183	193
-1
3	97	504	521
-1
4	83	363	508
363	460	508	
2	94	125	627
-1
4	88	222	335
222	308	335	
4	81	753	272
-1
3	85	469	37
-1
2	85	366	63
366	173	775	63	
2	96	711	32
-1
4	84	267	24
267	425	24	
4	88	26	558
-1
3	89	690	262
-1
3	96	240	176
-1
2	94	703	300
-1
3	80	269	74
269	222	74	
2	92	689	378
689	187	378	
3	88	570	46
570	82	655	46	
3	91	488	412
-1
2	82	213	322
-1
2	97	441	141
-1
4	95	445	166
445	102	166	
3	88	193	407
-1
4	83	14	646
-1
4	83	342	100
-1
2	96	48	720
-1
4	93	89	609
-1
3	91	401	730
-1
2	94	301	417
-1
3	87	712	629
712	324	629	
2	87	707	269
-1
4	92	724	265
-1
4	91	51	10
-1
4	96	439	23
439	142	23	
3	96	203	717
-1
2	95	266	764
-1
2	95	754	404
-1
4	85	19	4
19	496	117	4	
3	81	130	657
-1
4	82	556	568
-1
3	90	504	26
-1
3	87	591	302
-1
4	96	396	352
-1
3	90	607	343
-1
2	86	663	545
-1
3	82	371	362
-1
3	85	447	667
447	386	586	667	
4	81	682	685
682	10	685	
4	97	399	367
-1
2	96	181	122
-1
4	94	143	625
-1
3	87	725	768
-1
3	90	772	363
-1
3	92	380	521
-1
4	96	363	383
-1
3	89	261	754
-1
2	95	123	752
-1
2	80	741	185
-1
2	98	114	584
-1
4	99	143	316
-1
3	96	739	458
-1
3	95	465	734
-1
4	89	492	706
-1
2	89	423	637
-1
3	91	695	199
-1
3	96	264	12
-1
3	99	193	134
-1
3	84	341	426
-1
3	99	373	91
-1
4	94	771	233
-1
3	91	42	172
42	735	172	
3	96	290	636
-1
2	93	505	680
-1
4	90	634	302
-1
2	80	35	548
-1
4	91	619	11
619	21	11	
2	97	355	556
-1
4	94	747	96
-1
2	85	523	468
-1
2	97	82	790
-1
3	80	756	383
-1
4	88	639	673
-1
2	87	455	729
-1
2	88	529	115
-1
4	95	791	149
-1
4	98	3	767
-1
2	93	475	674
-1
2	80	184	620
184	159	620	
3	99	318	342
318	580	342	
4	80	543	775
-1
2	82	553	282
-1
4	94	733	120
733	12	120	
2	95	301	126
-1
4	89	548	206
548	386	586	206	
2	89	648	548
-1
2	96	496	551
-1
4	81	354	577
354	53	175	577	
2	92	319	760
-1
2	85	379	277
-1
3	99	10	372
-1
2	80	430	124
430	46	124	
2	91	432	408
-1
2	88	659	709
-1
4	94	14	8
-1
3	81	283	656
283	167	656	
2	83	252	351
252	330	351	
4	99	540	256
-1
4	98	701	574
-1
2	87	585	504
-1
3	90	10	513
10	533	68	513	
4	85	209	494
-1
2	92	241	125
-1
2	92	392	783
392	70	783	
2	80	221	348
-1
3	95	607	630
-1
2	97	740	434
-1
4	92	624	525
624	213	525	
4	97	635	778
-1
2	80	606	562
606	79	562	
4	84	405	572
-1
4	97	575	332
-1
3	93	772	125
-1
3	88	224	516
224	171	516	
3	95	737	288
-1
3	97	457	94
-1
4	90	384	386
-1
2	94	213	561
-1
3	91	745	395
-1
4	85	602	200
602	436	104	200	
3	96	514	156
-1
3	99	138	730
-1
3	83	607	701
607	597	701	
3	91	400	477
-1
4	98	80	765
-1
4	84	556	773
556	335	78	773	
3	81	413	708
-1
3	81	255	120
-1
3	87	269	64
269	297	64	
2	99	613	217
-1
3	94	718	730
-1
2	96	146	419
-1
2	96	257	225
257	224	171	225	
4	84	141	176
-1
4	88	444	256
444	64	256	
2	92	234	363
234	377	363	
3	99	118	775
-1
3	98	291	229
-1
4	93	672	49
-1
3	89	552	213
552	400	213	
3	90	631	482
-1
3	80	65	627
65	239	627	
4	96	581	84
-1
3	92	550	576
-1
2	99	546	219
-1
3	81	507	452
-1
4	87	439	122
-1
2	87	279	412
-1
4	87	589	636
-1
4	80	515	387
515	496	117	387	
4	81	656	569
-1
4	80	727	633
-1
2	95	319	766
319	331	83	766	
3	82	136	515
-1
2	80	128	260
128	680	260	
2	83	279	766
-1
3	96	792	757
-1
3	80	479	587
-1
3	95	746	375
-1
