4	462	667	748
-1
4	470	365	302
-1
4	282	159	562
-1
2	354	309	218
309	218	
4	685	682	630
-1
2	472	301	551
-1
2	735	651	72
-1
3	821	36	625
-1
3	712	50	775
-1
2	763	445	259
-1
2	362	544	125
-1
4	515	659	489
-1
2	877	681	199
-1
3	346	364	507
-1
4	275	170	388
-1
3	277	107	240
-1
2	600	631	91
-1
2	524	367	478
-1
3	498	140	527
-1
3	408	505	523
-1
2	533	120	267
-1
4	773	483	477
-1
2	572	698	357
-1
3	530	227	272
-1
3	318	773	794
-1
3	709	348	100
-1
4	251	377	283
-1
3	828	478	649
-1
4	506	402	340
-1
3	229	653	44
-1
4	647	713	516
-1
2	623	546	198
546	198	
4	731	772	447
-1
2	203	44	674
-1
3	896	526	646
-1
4	647	596	546
-1
4	429	106	474
-1
3	229	57	151
-1
3	821	38	105
-1
4	616	96	309
-1
4	331	325	221
-1
4	280	724	319
-1
3	627	799	290
-1
4	800	431	685
-1
3	397	686	410
-1
2	894	134	206
-1
2	268	33	663
-1
2	470	215	719
-1
4	274	596	308
-1
3	282	517	404
-1
4	855	34	280
-1
2	773	417	556
-1
3	214	198	554
198	200	554	
2	798	425	536
-1
4	359	77	773
-1
4	416	726	106
-1
4	230	673	139
-1
3	401	741	353
-1
2	308	511	148
-1
2	411	738	217
-1
2	343	120	602
-1
2	398	75	218
-1
4	451	700	415
-1
3	639	14	391
-1
3	811	364	19
-1
4	417	676	745
-1
2	207	392	617
-1
2	411	323	109
-1
3	358	76	171
-1
3	426	584	108
-1
3	727	248	580
-1
3	845	191	206
-1
4	311	689	106
-1
3	254	492	471
-1
4	724	31	387
-1
2	368	343	262
-1
4	336	312	205
-1
3	696	419	79
-1
2	867	430	154
-1
3	526	140	738
-1
2	305	67	185
-1
2	463	146	727
-1
2	720	443	615
-1
3	542	707	658
-1
2	528	561	689
-1
4	289	785	583
-1
2	894	506	94
-1
4	272	394	64
-1
4	878	743	45
-1
3	415	110	536
-1
2	251	288	602
-1
4	377	246	300
-1
3	443	409	742
-1
3	700	581	648
-1
2	340	423	760
-1
3	522	652	745
-1
3	367	341	2
-1
2	430	587	747
-1
2	526	112	689
-1
4	662	590	350
-1
4	515	557	638
-1
3	614	260	435
-1
4	356	337	43
-1
3	855	132	175
-1
3	615	584	597
-1
4	311	125	448
-1
2	812	599	341
-1
2	458	367	479
-1
3	599	549	590
-1
3	348	776	731
-1
2	337	738	39
738	305	39	
3	671	53	298
-1
4	365	20	186
-1
2	639	376	669
-1
2	588	131	453
-1
3	387	198	577
-1
3	827	209	375
-1
3	258	221	293
-1
3	699	532	42
-1
2	882	283	369
-1
4	320	31	306
-1
2	618	321	710
-1
3	855	244	729
-1
2	424	210	656
-1
2	676	701	339
-1
2	504	541	536
-1
4	230	29	745
-1
3	723	208	517
-1
4	416	66	248
-1
4	884	66	530
-1
3	641	348	113
-1
2	550	668	785
-1
3	631	38	228
-1
4	886	746	789
-1
4	876	170	242
-1
3	712	398	782
-1
4	808	754	10
-1
3	224	684	218
-1
3	224	107	283
-1
4	505	275	700
-1
4	669	459	247
-1
3	853	500	467
-1
4	281	3	56
-1
2	669	234	353
-1
2	510	672	522
-1
3	344	649	471
-1
4	753	361	424
-1
4	722	369	308
-1
2	705	445	766
-1
3	256	769	241
-1
2	455	375	251
375	144	251	
3	721	444	751
-1
3	528	498	305
-1
2	381	331	538
-1
3	654	152	409
-1
2	425	215	257
-1
2	300	259	169
-1
4	859	312	89
-1
2	525	487	534
-1
2	517	144	502
-1
3	667	500	76
-1
4	869	655	72
-1
4	773	28	121
-1
3	262	609	451
-1
2	571	390	602
-1
4	579	596	16
-1
2	800	473	626
-1
4	288	774	490
-1
3	621	133	176
-1
4	575	610	319
-1
4	302	79	18
-1
2	273	599	673
-1
4	593	268	252
-1
3	643	594	60
-1
2	497	656	1
-1
3	464	679	597
-1
2	690	511	621
-1
2	479	511	146
-1
2	354	599	631
-1
3	272	773	440
-1
4	441	648	71
-1
4	265	150	669
150	20	669	
2	417	524	136
-1
3	828	569	281
-1
4	829	265	137
-1
3	477	562	367
-1
2	697	426	77
-1
4	495	468	587
-1
2	225	647	738
-1
3	516	201	262
-1
2	286	425	109
-1
4	854	667	610
-1
3	242	684	685
-1
2	422	601	454
-1
2	210	130	270
-1
2	829	11	31
-1
4	405	40	8
-1
4	544	689	476
-1
3	633	684	674
-1
2	394	509	427
509	234	427	
