3	91	121	705
-1
3	97	613	411
613	20	411	
4	81	74	636
74	60	175	636	
2	91	450	513
-1
4	98	621	453
621	282	669	453	
3	82	717	147
-1
3	90	599	361
-1
2	96	542	403
-1
2	91	372	753
-1
2	84	762	307
762	394	307	
2	80	269	427
269	98	427	
4	82	800	592
-1
3	98	530	665
-1
2	82	271	666
-1
3	86	414	487
414	281	487	
2	92	492	403
-1
4	93	134	202
134	363	15	202	
2	87	436	295
436	568	653	295	
4	91	392	666
-1
4	97	456	627
456	12	627	
3	96	340	448
-1
2	99	480	799
-1
2	83	582	528
582	656	528	
4	89	72	350
-1
4	87	426	316
-1
2	81	433	7
433	34	415	7	
3	94	585	493
585	70	173	493	
3	88	650	480
-1
3	86	317	424
-1
3	92	289	79
-1
4	91	118	770
118	521	770	
2	90	726	1
-1
4	97	325	134
325	10	134	
2	99	141	558
141	762	394	558	
4	94	622	183
-1
4	92	789	167
789	40	167	
2	96	110	752
-1
3	96	785	153
-1
4	99	505	22
-1
3	89	91	662
-1
2	90	656	779
-1
2	82	67	257
67	716	257	
2	95	277	581
-1
2	84	567	721
567	666	2	721	
2	99	406	542
406	711	394	542	
2	85	112	82
112	82	
4	88	624	192
-1
3	81	381	528
-1
3	94	169	584
-1
3	95	380	675
380	633	397	675	
4	85	669	530
669	90	530	
3	81	31	596
31	277	596	
3	82	193	425
-1
3	94	40	543
-1
4	88	797	500
797	257	500	
2	89	136	611
-1
2	92	441	434
441	254	434	
2	91	602	366
-1
2	95	563	534
-1
2	89	97	113
-1
2	90	644	333
-1
2	97	369	715
-1
2	93	351	459
-1
2	95	465	51
-1
4	94	499	47
499	107	47	
2	84	627	182
627	46	531	182	
2	90	37	174
-1
4	95	341	775
341	153	775	
3	81	373	89
-1
4	85	188	537
-1
4	90	229	380
-1
3	84	799	749
-1
4	83	268	651
268	399	509	651	
3	85	162	315
-1
4	91	597	13
-1
2	84	284	192
284	336	192	
4	89	228	580
-1
2	84	510	120
-1
4	84	358	492
-1
2	81	739	231
-1
3	92	784	459
-1
3	92	266	9
-1
3	82	111	629
-1
3	88	766	790
766	148	790	
2	81	671	138
-1
3	84	174	773
-1
2	83	210	201
-1
2	82	419	262
-1
2	86	155	619
-1
2	96	780	557
-1
4	87	693	93
-1
2	95	537	358
537	145	358	
2	95	330	20
330	693	20	
3	84	324	337
324	600	337	
4	94	633	559
-1
3	86	506	732
506	259	18	732	
3	98	570	141
-1
4	80	765	112
765	82	112	
2	98	727	266
-1
2	87	285	597
285	383	597	
4	91	74	489
-1
4	80	321	578
321	327	578	
3	80	128	107
128	401	483	107	
2	88	564	782
-1
4	87	540	614
-1
2	90	654	319
-1
4	83	293	440
293	143	440	
4	94	483	404
483	58	404	
2	99	583	683
-1
3	96	54	519
-1
4	96	81	592
-1
2	93	104	464
-1
3	91	484	592
-1
2	93	436	707
-1
4	98	725	446
-1
3	89	772	652
-1
2	88	654	496
-1
2	84	677	178
-1
4	86	11	761
-1
3	84	763	366
-1
4	88	159	798
-1
2	91	747	101
747	202	101	
4	82	313	584
-1
2	80	336	220
-1
4	86	789	144
-1
3	89	160	467
-1
4	84	649	672
-1
3	93	329	549
329	469	549	
2	85	413	559
-1
3	90	379	521
379	27	521	
4	87	416	231
-1
4	87	244	530
-1
4	91	535	42
535	571	42	
2	82	170	377
-1
2	97	510	718
510	463	718	
3	95	48	77
-1
3	86	589	277
-1
2	94	25	605
-1
2	93	439	218
-1
2	85	364	148
-1
3	88	655	115
655	122	680	115	
3	97	494	358
494	56	358	
4	98	82	445
82	116	445	
2	86	605	166
-1
3	95	547	675
-1
3	83	184	275
-1
4	99	639	63
639	387	63	
3	96	165	88
-1
4	93	592	78
-1
3	92	777	441
-1
4	87	682	647
-1
4	96	370	341
370	149	341	
3	92	139	774
-1
3	97	749	578
749	82	412	578	
2	84	136	676
-1
4	90	143	411
143	20	411	
2	92	227	601
-1
4	91	586	765
-1
2	80	302	556
-1
4	93	587	532
587	610	532	
4	91	572	766
-1
2	91	671	687
-1
2	96	679	26
-1
4	85	332	774
332	699	175	774	
2	80	501	461
-1
3	82	545	604
545	496	147	604	
2	82	415	30
-1
4	87	700	167
-1
2	94	623	21
-1
4	98	624	159
-1
3	95	169	730
-1
4	81	360	600
-1
4	98	444	479
444	449	479	
2	92	500	362
500	362	
3	84	238	62
-1
2	87	298	159
298	121	159	
3	88	673	125
673	115	125	
2	95	495	376
495	274	68	376	
3	95	634	199
-1
2	93	529	374
-1
4	95	59	542
-1
2	86	354	453
354	297	453	
4	96	87	96
-1
2	97	646	148
-1
4	91	730	385
-1
3	89	474	234
474	571	234	
4	85	22	106
-1
4	81	750	601
-1
3	99	397	434
-1
4	84	64	514
-1
3	97	690	124
-1
2	89	445	29
-1
2	85	703	116
-1
4	84	640	313
-1
3	88	489	242
-1
4	93	400	267
400	318	477	267	
2	99	21	288
-1
2	91	567	590
-1
3	84	688	538
-1
2	90	559	602
-1
