4	332	202	892
-1
1	305	107	979
-1
1	332	73	776
-1
1	345	107	479
-1
1	317	103	137
-1
2	348	27	746
-1
2	346	694	138
-1
1	347	6	199
-1
3	309	325	676
-1
4	335	2	113
2	937	113	
4	328	182	666
-1
4	307	716	124
-1
1	334	573	196
573	385	196	
3	313	405	655
-1
1	301	353	757
-1
3	346	670	784
-1
2	333	369	829
-1
2	333	417	187
-1
3	310	617	511
-1
3	324	26	864
-1
1	339	313	397
-1
3	314	492	112
-1
2	310	649	37
-1
4	316	285	441
285	678	441	
1	322	48	793
-1
3	307	299	815
-1
1	338	647	535
-1
1	324	132	951
-1
4	336	168	567
-1
2	300	878	944
-1
2	346	53	257
-1
1	310	244	748
-1
3	348	559	748
559	138	748	
2	338	421	384
-1
2	331	937	784
-1
3	347	209	434
-1
3	331	969	81
-1
2	333	557	564
-1
4	300	683	731
-1
4	345	319	961
-1
2	301	171	13
171	15	13	
2	300	420	256
-1
3	349	780	166
-1
2	333	528	586
528	15	586	
2	316	68	522
68	62	522	
4	301	401	83
-1
4	331	548	403
-1
4	347	581	311
-1
4	327	565	993
-1
1	339	115	311
-1
2	301	312	482
-1
2	309	766	253
-1
1	326	318	32
-1
3	312	618	911
-1
1	335	653	330
-1
4	319	471	731
-1
1	323	722	630
722	327	630	
2	333	406	211
-1
1	325	653	775
-1
3	338	982	241
-1
3	321	272	552
-1
3	323	925	317
-1
1	306	186	635
-1
3	318	613	604
-1
2	347	977	608
-1
1	329	214	78
-1
4	309	534	151
-1
1	319	607	556
-1
3	345	343	560
-1
4	335	718	894
-1
2	336	108	165
-1
3	305	331	441
-1
3	339	806	627
-1
2	344	312	591
-1
1	301	432	567
-1
1	330	882	780
-1
1	330	61	665
-1
3	338	222	624
-1
4	349	593	966
-1
4	342	738	35
-1
3	308	475	143
-1
3	349	412	473
412	377	473	
4	325	17	279
-1
1	317	608	942
-1
1	333	802	726
-1
3	314	955	607
-1
3	331	185	19
-1
4	304	565	593
-1
3	319	205	185
-1
3	303	405	275
-1
2	347	497	749
-1
2	322	106	512
-1
1	302	155	880
-1
4	345	182	839
-1
3	320	151	640
-1
3	326	334	946
-1
1	347	1000	130
-1
3	339	331	695
-1
4	325	285	899
-1
2	301	556	303
-1
3	302	862	152
862	196	152	
4	313	309	257
-1
4	345	581	763
-1
3	333	835	296
-1
2	325	31	446
-1
2	320	951	131
-1
3	300	830	130
-1
1	344	727	813
-1
2	344	568	97
-1
4	349	945	5
-1
1	300	597	866
-1
3	308	349	174
-1
1	322	964	107
-1
1	319	459	941
-1
1	316	793	971
-1
2	346	118	274
-1
3	327	388	103
-1
4	339	788	181
-1
4	338	234	748
234	450	748	
2	342	931	692
-1
3	307	282	640
-1
1	332	432	988
-1
2	338	542	304
-1
2	331	766	762
-1
4	301	285	554
-1
1	326	601	23
-1
3	328	399	411
-1
1	308	678	550
-1
1	307	418	136
-1
1	301	958	418
-1
3	340	502	699
-1
3	330	559	482
-1
1	333	493	23
-1
4	346	534	140
-1
3	300	515	424
-1
2	322	818	376
-1
4	334	395	126
-1
4	334	425	803
-1
3	321	284	220
-1
4	338	593	529
-1
3	336	594	30
-1
2	319	587	940
-1
2	341	919	433
-1
2	332	554	966
-1
1	305	950	832
-1
3	332	900	649
-1
3	307	225	43
-1
2	309	959	820
-1
1	331	595	103
-1
4	309	718	47
-1
3	339	258	993
-1
3	330	144	931
-1
4	312	215	849
-1
3	329	956	402
-1
3	310	188	351
-1
4	311	195	603
-1
3	305	929	179
-1
2	324	436	489
-1
1	328	98	436
-1
2	325	979	153
-1
2	317	740	411
-1
3	347	531	906
-1
2	347	262	121
262	172	121	
2	348	776	428
-1
3	300	256	968
-1
1	304	918	514
-1
3	334	229	443
229	432	443	
4	323	935	878
-1
1	308	459	327
-1
2	310	438	305
-1
1	322	815	45
815	45	
4	328	832	575
-1
4	300	131	188
-1
2	327	630	964
-1
4	344	178	571
-1
3	310	780	488
-1
2	302	337	69
-1
1	331	71	3
-1
4	308	646	813
-1
3	312	304	602
-1
4	308	467	416
-1
4	335	39	599
-1
2	322	869	729
-1
2	335	171	358
-1
2	305	549	887
-1
3	345	245	19
-1
2	313	455	707
-1
1	315	459	129
-1
4	329	341	775
341	775	
2	331	549	430
-1
3	346	413	248
413	264	248	
1	345	674	639
-1
3	325	509	859
-1
3	335	531	30
-1
2	323	869	578
-1
3	343	424	174
-1
2	349	819	981
-1
2	330	634	439
-1
2	306	451	131
-1
4	335	81	679
-1
