4	354	8	150
-1
2	381	21	52
-1
3	333	90	188
-1
2	314	241	38
-1
3	305	91	223
-1
2	305	271	249
-1
2	358	81	53
-1
4	309	72	97
-1
2	339	87	83
-1
1	310	103	157
-1
4	360	40	164
-1
1	363	146	185
-1
2	350	280	274
-1
1	387	65	267
-1
1	361	80	109
80	15	109	
3	362	237	79
-1
2	314	94	212
-1
2	362	5	283
-1
3	344	214	69
-1
1	300	106	171
-1
4	316	216	262
-1
3	300	228	108
-1
2	325	291	139
-1
4	343	293	203
-1
3	352	33	34
-1
4	382	294	271
-1
4	393	8	116
-1
3	327	74	120
-1
4	395	236	86
-1
1	366	233	191
-1
3	379	85	158
-1
3	386	101	138
-1
1	376	53	128
-1
3	379	31	121
-1
2	364	274	153
-1
3	334	78	198
-1
4	302	13	258
-1
3	321	158	31
-1
1	358	286	19
-1
4	300	181	3
-1
3	358	299	87
-1
2	395	79	188
-1
1	374	17	292
-1
2	346	94	22
-1
3	350	125	48
125	48	
3	300	189	177
-1
2	357	276	189
-1
3	339	178	47
-1
3	309	251	32
-1
4	311	110	264
-1
4	398	210	263
-1
4	337	220	41
-1
3	328	67	109
-1
2	302	94	202
-1
1	349	240	78
-1
2	325	291	267
-1
3	366	43	242
-1
2	312	52	119
-1
3	395	91	69
-1
4	358	253	230
-1
3	320	64	192
-1
3	312	14	111
14	29	111	
1	373	151	178
-1
3	326	32	271
-1
4	304	234	262
-1
2	370	235	4
-1
4	363	112	46
-1
3	333	178	97
-1
1	353	42	240
-1
3	383	289	192
-1
3	374	148	255
-1
4	336	20	269
-1
2	365	285	171
-1
4	387	58	202
-1
3	349	84	187
-1
1	352	188	173
-1
3	350	10	37
-1
3	346	125	266
-1
4	337	110	8
-1
2	328	164	48
-1
2	335	199	195
-1
3	303	125	215
-1
1	325	161	199
-1
3	379	127	8
-1
4	317	114	91
114	23	91	
2	390	115	31
-1
2	326	68	92
-1
1	391	170	217
-1
3	350	16	78
-1
1	398	154	241
-1
4	344	234	139
-1
3	310	269	15
-1
4	308	24	176
-1
2	367	250	54
-1
4	358	129	167
-1
1	340	298	34
-1
2	331	288	101
-1
1	399	66	22
-1
4	377	110	37
-1
3	369	160	242
-1
3	360	10	228
-1
1	374	55	196
-1
1	349	65	220
-1
4	302	26	221
-1
4	321	293	101
-1
1	354	103	98
-1
1	306	243	138
-1
3	379	227	203
-1
3	315	178	12
-1
1	309	155	224
-1
3	336	125	285
-1
2	383	285	91
-1
4	354	211	156
-1
3	374	261	233
-1
2	326	115	277
-1
1	324	188	132
-1
4	361	294	74
-1
4	315	252	52
-1
3	327	231	230
-1
3	302	299	84
-1
1	386	60	260
-1
3	377	48	296
-1
3	384	231	207
-1
3	368	86	219
-1
1	344	212	33
-1
1	375	139	273
-1
4	301	163	266
-1
4	352	76	270
-1
3	381	191	200
-1
2	317	70	250
-1
1	328	224	9
-1
2	324	11	56
-1
1	382	240	287
-1
4	300	24	124
-1
4	384	144	87
-1
1	356	188	225
-1
1	374	116	139
-1
3	343	169	214
-1
1	394	221	157
-1
4	344	255	278
-1
4	352	124	202
-1
4	360	252	264
-1
1	398	128	203
-1
4	321	210	278
-1
4	307	210	121
-1
3	384	295	60
-1
1	322	103	175
-1
3	388	177	43
-1
4	396	272	16
-1
2	325	267	22
-1
3	326	263	145
-1
2	389	215	96
-1
4	343	27	276
-1
3	320	125	185
-1
2	392	98	147
-1
3	352	158	193
-1
3	378	142	295
-1
3	373	16	224
-1
4	388	156	195
-1
2	361	152	213
-1
3	305	178	175
-1
4	352	156	142
-1
2	327	98	220
-1
2	364	241	45
-1
4	310	114	142
-1
1	302	106	299
-1
4	396	210	192
-1
3	371	189	208
-1
4	366	262	63
-1
4	330	102	267
-1
3	357	263	196
-1
2	350	268	51
-1
1	369	172	200
-1
2	365	300	193
-1
3	307	64	6
-1
2	357	274	163
-1
1	349	128	73
-1
1	356	224	13
-1
2	370	296	274
-1
3	336	14	75
14	29	75	
2	331	296	37
-1
3	334	205	56
-1
4	333	255	227
-1
4	325	277	278
-1
1	382	42	93
-1
3	397	249	118
-1
2	321	207	245
-1
2	333	108	221
-1
2	306	164	268
-1
2	332	34	281
-1
2	368	223	28
-1
4	375	6	233
-1
4	301	140	239
-1
1	331	226	215
-1
1	323	151	9
-1
4	341	186	257
-1
2	385	83	215
-1
4	305	104	22
-1
2	324	137	237
-1
4	356	195	23
-1
