2	739	178	109
-1
3	748	153	8
-1
3	880	123	60
123	60	
3	566	192	50
-1
4	466	37	54
-1
3	448	102	177
-1
2	469	5	198
-1
2	605	106	48
106	48	
4	243	113	192
-1
2	760	72	50
-1
4	720	10	179
-1
3	228	49	132
49	14	132	
2	439	50	6
-1
2	288	130	197
-1
4	742	148	185
-1
3	818	15	38
15	38	
3	668	15	43
-1
3	367	136	148
-1
3	858	141	60
-1
2	259	184	83
-1
3	838	97	44
-1
3	321	117	93
117	60	93	
3	626	97	142
-1
3	374	136	23
-1
2	558	25	170
-1
3	295	119	136
-1
4	337	37	150
-1
3	336	57	85
57	1	85	
4	847	125	178
-1
2	882	183	161
-1
4	425	195	9
-1
2	869	33	126
-1
2	662	106	174
-1
4	484	32	110
32	110	
2	306	58	86
58	86	
4	393	116	4
-1
2	843	163	40
-1
3	279	53	49
53	49	
2	356	41	173
-1
3	569	89	107
89	107	
3	777	123	101
-1
4	254	48	85
-1
4	428	18	190
-1
2	289	80	173
80	173	
3	474	117	30
117	30	
4	277	75	97
-1
2	468	168	60
-1
2	816	163	64
-1
4	788	195	104
-1
4	647	3	144
-1
2	299	172	66
-1
3	384	102	114
102	153	114	
2	625	108	83
-1
3	598	136	114
-1
4	779	177	182
-1
2	676	151	56
151	56	
2	687	80	176
-1
3	250	49	90
49	90	
3	505	17	84
-1
4	549	158	87
158	87	
2	514	5	10
-1
2	779	104	63
-1
3	461	40	171
-1
4	875	166	58
-1
4	356	16	35
-1
2	564	95	137
-1
4	291	23	17
-1
4	880	10	65
-1
3	616	12	33
-1
3	354	70	190
-1
3	615	119	194
-1
2	578	33	50
33	50	
4	448	13	89
-1
3	757	26	6
-1
3	591	153	21
-1
2	528	110	68
-1
3	796	26	90
26	90	
3	812	117	52
-1
3	644	49	15
-1
3	334	65	84
-1
3	479	119	154
-1
4	328	135	187
-1
4	217	13	151
13	64	151	
4	722	13	128
-1
3	295	70	81
-1
4	762	114	142
-1
3	803	94	167
-1
4	206	90	35
90	137	35	
2	573	54	83
-1
3	656	98	148
-1
4	410	84	18
-1
4	848	64	152
-1
2	450	92	116
-1
3	329	161	80
-1
3	309	36	102
-1
4	850	131	167
-1
2	368	45	60
-1
3	202	200	101
-1
4	637	7	154
-1
4	384	180	3
-1
3	753	188	87
-1
2	457	150	102
-1
2	724	50	145
-1
3	404	52	106
-1
4	357	182	93
-1
3	823	191	23
-1
3	882	94	19
-1
4	734	114	18
-1
3	839	17	24
-1
2	241	106	155
106	29	155	
3	779	142	95
-1
4	632	195	196
-1
4	477	152	46
-1
4	634	177	49
-1
2	226	33	30
33	174	30	
4	200	190	173
-1
4	418	113	18
-1
4	235	47	131
47	82	131	
3	359	81	99
-1
2	765	20	4
-1
4	359	113	145
-1
2	507	45	140
-1
3	852	77	43
-1
4	852	6	171
-1
3	882	40	3
40	3	
2	806	118	192
-1
4	423	18	56
-1
3	753	136	102
-1
2	552	72	182
-1
2	407	183	153
183	2	153	
4	352	48	18
-1
4	543	160	62
-1
3	537	67	90
-1
3	708	171	48
-1
3	710	123	39
-1
3	854	57	157
-1
2	209	163	174
-1
4	311	38	62
38	15	62	
4	444	44	133
44	175	133	
4	397	148	67
-1
4	514	55	66
-1
2	827	59	25
-1
2	368	2	43
-1
3	815	140	165
-1
4	806	48	40
-1
2	762	110	48
-1
2	287	164	163
-1
4	848	74	200
-1
4	532	85	43
85	165	43	
3	898	181	190
-1
4	564	78	197
-1
3	540	144	55
-1
4	435	23	9
23	125	9	
3	351	192	100
-1
3	790	159	99
159	99	
3	790	165	8
-1
3	652	79	172
-1
3	203	119	197
119	36	197	
3	698	67	33
-1
3	539	52	13
52	13	
2	635	150	91
-1
2	742	66	186
-1
4	350	7	161
7	161	
3	649	94	104
-1
2	747	145	62
145	62	
3	606	188	179
-1
4	577	78	9
-1
4	425	82	127
82	1	127	
4	657	37	146
-1
4	270	35	197
-1
3	312	175	98
-1
2	549	62	164
-1
2	209	4	170
4	46	170	
4	312	154	15
-1
2	226	155	159
155	100	159	
2	404	54	98
-1
3	464	161	175
-1
4	891	190	8
-1
4	688	16	45
-1
4	584	73	79
-1
2	881	95	5
-1
4	544	7	67
-1
3	765	57	22
-1
4	379	18	128
18	128	
4	390	131	82
131	82	
3	687	57	136
-1
4	614	113	96
-1
4	621	177	85
-1
2	317	120	52
-1
2	748	8	125
-1
2	852	92	19
92	19	
3	670	26	178
-1
3	744	122	186
-1
3	371	188	3
-1
3	304	19	85
19	85	
2	239	9	141
-1
3	886	49	53
49	53	
2	523	63	182
-1
3	774	36	53
-1
2	850	54	61
-1
