4	97	601	63
-1
3	97	444	61
-1
3	98	237	555
-1
2	94	569	226
-1
4	86	534	20
-1
3	88	237	113
-1
2	99	540	217
-1
3	83	117	360
-1
3	94	440	530
-1
4	89	76	414
-1
3	91	257	214
-1
3	84	366	209
366	245	209	
4	98	735	445
-1
2	83	594	565
-1
4	83	740	299
-1
3	95	186	87
-1
4	83	755	626
-1
2	94	86	295
86	33	295	
3	95	401	286
-1
4	88	255	361
255	441	361	
3	93	465	169
-1
4	82	288	535
-1
3	86	524	469
-1
3	83	163	614
-1
4	93	378	553
378	553	
3	99	613	291
-1
3	96	160	597
160	7	597	
2	90	724	234
724	178	397	234	
3	96	750	635
-1
2	88	506	441
-1
4	97	674	457
-1
3	83	608	297
608	1	297	
4	83	302	20
302	54	20	
4	97	88	534
-1
3	81	343	112
-1
4	83	96	276
-1
2	91	287	436
-1
2	85	304	711
304	300	711	
3	91	166	660
-1
4	83	762	365
-1
2	80	23	591
-1
2	88	700	750
-1
4	87	215	251
-1
3	93	198	690
198	361	690	
4	96	347	233
-1
4	91	249	680
-1
4	86	344	519
-1
4	96	236	374
-1
4	96	713	539
-1
4	92	576	53
-1
2	94	79	75
79	798	75	
3	83	391	326
391	272	326	
2	85	199	92
199	68	92	
4	95	27	289
-1
3	99	292	636
-1
3	90	668	436
668	254	436	
3	88	519	779
-1
4	93	6	566
-1
4	84	554	478
-1
2	96	162	605
-1
2	82	135	684
-1
4	99	601	274
-1
3	90	217	473
-1
4	90	82	51
82	400	51	
2	85	189	342
189	488	342	
2	92	528	561
-1
3	83	651	279
651	260	279	
3	88	491	284
-1
3	98	705	38
-1
2	82	209	551
209	608	282	551	
3	85	117	685
-1
3	91	451	38
-1
3	83	662	254
662	601	254	
4	85	164	687
-1
2	98	754	76
-1
3	98	732	155
-1
4	96	344	5
-1
2	92	287	496
-1
2	81	348	752
348	57	752	
2	91	86	512
-1
2	88	780	180
-1
3	85	558	182
558	182	
4	90	609	43
-1
2	96	684	206
-1
3	91	9	159
-1
2	86	379	90
-1
2	82	157	786
-1
4	89	565	624
-1
3	92	9	171
9	631	171	
2	83	290	256
290	624	374	256	
4	94	674	588
-1
4	95	142	345
142	615	345	
4	97	799	153
-1
3	94	109	36
-1
3	85	457	396
-1
3	86	529	326
-1
3	91	307	34
307	504	34	
2	95	441	598
441	287	598	
4	85	271	607
271	607	
4	93	755	448
-1
2	92	599	321
-1
2	96	173	14
-1
4	88	281	12
-1
4	95	430	472
-1
3	82	785	129
785	56	412	129	
4	99	50	209
-1
3	92	108	67
-1
3	89	600	507
-1
3	87	467	329
-1
3	87	504	284
-1
4	87	349	82
-1
2	81	781	606
-1
3	84	757	86
-1
4	88	437	516
-1
3	88	504	52
-1
2	96	518	453
-1
4	82	57	560
-1
2	88	781	711
-1
4	97	151	729
-1
2	92	30	433
-1
3	93	357	333
357	480	333	
2	90	557	666
557	229	666	
4	88	770	174
-1
3	95	194	611
-1
3	98	794	666
-1
3	90	722	736
-1
3	81	58	792
-1
4	92	612	325
-1
4	92	521	475
-1
3	96	310	56
-1
4	89	382	765
382	20	337	765	
4	94	87	521
-1
3	87	749	490
-1
4	89	249	235
-1
2	87	264	229
264	154	471	229	
2	82	234	150
-1
2	85	304	208
304	268	208	
4	89	486	19
-1
4	95	130	91
-1
4	91	502	752
-1
2	95	59	685
59	654	685	
2	95	300	771
-1
3	96	406	272
406	561	272	
3	90	333	520
-1
2	98	775	336
775	53	336	
3	88	282	569
-1
3	87	524	73
-1
2	97	309	110
-1
2	80	771	591
-1
3	91	106	644
-1
4	88	649	254
-1
4	98	356	105
-1
2	81	231	510
-1
4	81	499	43
499	1	783	43	
2	96	650	369
650	215	369	
3	84	228	650
-1
2	88	308	725
308	393	83	725	
4	89	595	233
-1
2	91	5	555
-1
2	87	657	661
-1
4	80	460	61
460	170	591	61	
4	85	148	417
-1
3	86	607	199
-1
4	88	88	698
88	295	15	698	
2	88	441	547
-1
4	97	777	774
-1
2	81	434	634
434	519	14	634	
4	86	514	780
514	251	125	780	
4	80	256	784
256	170	784	
2	92	587	192
-1
2	93	314	652
-1
3	89	647	799
-1
3	87	284	157
-1
4	84	430	597
-1
3	82	171	237
-1
2	88	279	566
-1
4	81	589	551
-1
2	80	470	264
-1
4	96	136	71
-1
2	87	709	658
709	566	338	658	
2	98	693	523
-1
4	97	386	721
386	27	721	
2	93	47	204
47	525	204	
3	81	707	186
-1
4	98	463	356
-1
4	95	766	186
-1
2	85	594	774
-1
3	80	607	796
-1
2	91	247	483
-1
4	80	223	391
223	626	391	
3	82	743	636
-1
4	95	761	221
-1
2	98	330	620
-1
4	95	56	78
-1
4	82	377	540
-1
3	88	487	57
487	19	57	
2	93	362	202
-1
2	88	787	8
-1
4	91	580	255
580	21	255	
3	93	91	29
-1
