4	291	85	56
-1
4	358	86	160
-1
3	677	118	186
-1
3	352	109	40
-1
2	322	8	49
8	49	
4	891	60	81
-1
4	636	50	67
-1
2	301	54	67
-1
3	504	177	49
-1
2	705	198	170
-1
2	712	48	6
-1
3	271	192	44
-1
4	409	50	161
-1
2	248	179	21
179	157	21	
4	249	132	29
-1
2	229	6	40
6	18	40	
4	747	197	89
-1
2	314	185	143
-1
3	714	38	119
-1
3	435	43	69
43	6	69	
3	840	148	68
-1
4	883	60	59
-1
3	896	83	60
-1
2	716	44	39
-1
4	896	93	122
-1
4	435	142	127
-1
4	524	23	75
-1
2	518	170	59
-1
2	436	136	96
-1
2	356	150	138
-1
4	524	85	37
-1
3	482	178	48
-1
3	694	161	83
-1
4	632	9	126
-1
3	205	126	170
126	43	170	
3	631	174	63
-1
2	257	110	85
-1
4	615	86	7
-1
4	862	4	94
-1
2	452	40	44
-1
2	740	49	80
-1
4	688	173	57
-1
2	822	107	170
-1
3	347	101	178
-1
4	317	85	55
85	91	55	
3	779	190	29
-1
4	516	173	90
173	70	90	
4	774	30	175
-1
2	267	97	178
97	19	178	
4	362	60	169
60	46	169	
4	594	64	17
-1
2	202	104	189
-1
4	571	144	48
-1
2	601	66	100
-1
3	807	114	185
-1
3	335	83	126
83	126	
3	576	114	99
-1
2	850	182	80
-1
3	379	56	177
56	177	
4	648	176	188
-1
2	716	90	51
-1
3	757	84	106
-1
4	504	87	50
-1
2	603	10	115
-1
3	239	63	180
63	50	180	
4	665	171	62
-1
2	515	58	176
-1
3	394	35	157
-1
2	322	137	165
-1
2	809	17	92
-1
3	311	65	181
-1
4	769	33	17
-1
3	418	190	55
190	14	55	
4	732	194	16
-1
4	612	50	79
-1
2	325	89	49
-1
2	452	6	58
6	34	58	
4	609	21	92
-1
4	425	68	29
-1
2	516	90	197
-1
2	648	52	13
-1
3	364	15	45
15	92	45	
3	518	84	35
-1
2	234	154	180
154	65	180	
4	612	187	29
-1
3	312	151	118
-1
3	869	128	123
-1
2	713	81	96
-1
4	493	142	163
-1
3	389	167	4
-1
3	453	35	7
35	60	7	
3	897	83	174
-1
3	483	148	57
-1
4	763	18	11
-1
4	891	152	149
-1
2	360	116	51
-1
3	335	80	130
-1
4	430	102	10
-1
3	444	167	151
-1
4	499	60	69
-1
3	506	101	103
-1
2	879	154	138
-1
3	787	3	85
3	85	
4	449	87	54
-1
4	549	102	158
-1
3	251	145	25
-1
2	381	106	105
-1
4	490	93	158
93	78	158	
4	593	23	124
-1
2	213	19	183
-1
4	216	18	35
18	6	35	
4	805	24	140
-1
3	441	155	142
-1
2	294	95	180
-1
2	551	196	33
-1
3	376	46	178
46	60	178	
2	732	49	35
-1
4	889	30	127
-1
4	812	173	101
-1
4	246	18	119
-1
2	780	131	136
-1
4	719	99	160
-1
4	212	4	66
4	171	66	
3	244	145	160
-1
4	676	140	108
-1
3	405	43	153
-1
4	839	171	153
-1
3	317	3	183
-1
3	317	192	107
-1
3	535	56	124
-1
4	571	102	54
-1
2	882	182	153
-1
2	747	153	108
-1
4	359	18	53
18	108	53	
3	666	62	144
-1
2	770	90	138
-1
2	722	48	109
-1
3	856	39	111
-1
3	762	157	55
-1
3	437	174	110
-1
3	443	62	12
62	165	12	
3	247	133	145
-1
3	454	67	98
67	98	
2	758	66	115
-1
4	401	25	128
-1
3	739	43	169
-1
4	547	165	16
165	175	16	
2	509	40	7
-1
2	463	48	163
-1
4	473	163	88
163	88	
2	584	200	149
-1
3	280	43	33
-1
3	477	190	99
-1
4	243	197	165
197	12	165	
2	322	55	141
55	167	141	
4	491	9	136
-1
4	558	100	52
-1
4	464	99	91
-1
2	478	8	91
-1
2	718	172	53
-1
4	666	197	4
-1
4	451	33	199
-1
4	449	13	140
-1
3	265	91	136
-1
3	606	186	143
-1
3	293	161	151
-1
2	444	104	50
-1
3	487	62	148
-1
2	377	179	107
179	178	107	
4	281	9	78
9	64	78	
3	436	127	26
-1
4	234	146	58
-1
4	574	197	71
197	34	71	
3	461	98	113
-1
2	303	164	50
-1
2	453	170	10
170	78	10	
3	354	15	113
-1
3	353	159	127
-1
3	760	98	105
-1
2	589	175	65
-1
2	815	8	192
-1
2	572	45	89
-1
2	794	79	85
-1
3	206	5	182
-1
3	556	67	145
67	125	145	
3	717	22	66
-1
3	830	128	80
-1
3	856	82	191
-1
2	512	136	88
-1
2	776	96	15
-1
4	219	85	22
85	20	22	
2	707	52	18
-1
3	391	125	49
125	14	49	
2	525	19	53
-1
3	321	178	71
-1
3	887	186	45
-1
3	518	3	172
-1
4	708	85	5
-1
2	648	141	140
-1
3	362	53	187
-1
