3	360	40	164
-1
2	363	146	185
-1
4	350	280	274
-1
4	387	65	267
-1
1	361	80	109
-1
2	362	237	79
237	15	79	
4	314	94	212
-1
1	362	5	283
-1
4	344	214	69
-1
2	300	106	171
-1
3	316	216	262
-1
4	300	228	108
-1
4	325	291	139
-1
4	343	293	203
-1
2	352	33	34
-1
4	382	294	271
-1
1	393	8	116
-1
1	327	74	120
-1
4	395	236	86
-1
4	366	233	191
-1
3	379	85	158
-1
4	386	101	138
-1
3	376	53	128
-1
3	379	31	121
-1
4	364	274	153
-1
4	334	78	198
-1
2	302	13	258
-1
3	321	158	31
-1
3	358	286	19
-1
4	300	181	3
-1
3	358	299	87
-1
1	395	79	188
-1
2	374	17	292
-1
4	346	94	22
-1
2	350	125	48
-1
1	300	189	177
-1
3	357	276	189
-1
4	339	178	47
-1
2	309	251	32
-1
4	311	110	264
-1
1	398	210	263
-1
3	337	220	41
-1
2	328	67	109
67	22	109	
4	302	94	202
-1
1	349	240	78
-1
4	325	291	267
-1
2	366	43	242
-1
3	312	52	119
-1
1	395	91	69
-1
2	358	253	230
-1
4	320	64	192
-1
3	312	14	111
-1
2	373	151	178
-1
3	326	32	271
-1
3	304	234	262
234	2	262	
3	370	235	4
-1
3	363	112	46
-1
4	333	178	97
-1
4	353	42	240
-1
3	383	289	192
-1
4	374	148	255
-1
2	336	20	269
-1
2	365	285	171
285	22	171	
4	387	58	202
-1
2	349	84	187
-1
2	352	188	173
-1
2	350	10	37
10	37	
2	346	125	266
-1
4	337	110	8
-1
3	328	164	48
-1
1	335	199	195
-1
2	303	125	215
-1
4	325	161	199
-1
2	379	127	8
-1
4	317	114	91
-1
4	390	115	31
-1
1	326	68	92
-1
2	391	170	217
-1
4	350	16	78
-1
1	398	154	241
-1
3	344	234	139
-1
3	310	269	15
-1
3	308	24	176
-1
1	367	250	54
-1
3	358	129	167
-1
4	340	298	34
-1
2	331	288	101
-1
2	399	66	22
-1
4	377	110	37
-1
1	369	160	242
-1
2	360	10	228
-1
1	374	55	196
-1
4	349	65	220
-1
3	302	26	221
-1
4	321	293	101
-1
1	354	103	98
-1
3	306	243	138
-1
3	379	227	203
-1
4	315	178	12
-1
2	309	155	224
-1
2	336	125	285
-1
2	383	285	91
-1
3	354	211	156
-1
2	374	261	233
-1
4	326	115	277
-1
2	324	188	132
-1
4	361	294	74
-1
3	315	252	52
-1
1	327	231	230
-1
3	302	299	84
-1
2	386	60	260
-1
3	377	48	296
-1
1	384	231	207
-1
3	368	86	219
-1
3	344	212	33
-1
3	375	139	273
-1
3	301	163	266
-1
3	352	76	270
-1
2	381	191	200
-1
3	317	70	250
-1
4	328	224	9
224	4	9	
2	324	11	56
-1
1	382	240	287
-1
3	300	24	124
-1
1	384	144	87
-1
2	356	188	225
-1
3	374	116	139
-1
2	343	169	214
-1
4	394	221	157
-1
2	344	255	278
-1
3	352	124	202
-1
3	360	252	264
-1
3	398	128	203
-1
1	321	210	278
-1
1	307	210	121
-1
1	384	295	60
-1
1	322	103	175
-1
1	388	177	43
-1
4	396	272	16
-1
4	325	267	22
-1
1	326	263	145
-1
3	389	215	96
-1
4	343	27	276
-1
2	320	125	185
-1
1	392	98	147
-1
3	352	158	193
-1
4	378	142	295
-1
4	373	16	224
-1
4	388	156	195
-1
4	361	152	213
-1
4	305	178	175
-1
4	352	156	142
-1
1	327	98	220
-1
1	364	241	45
-1
4	310	114	142
-1
2	302	106	299
-1
1	396	210	192
-1
1	371	189	208
-1
1	366	262	63
-1
3	330	102	267
-1
1	357	263	196
-1
1	350	268	51
-1
2	369	172	200
-1
4	365	300	193
-1
4	307	64	6
-1
4	357	274	163
-1
3	349	128	73
-1
4	356	224	13
-1
3	370	296	274
-1
3	336	14	75
-1
3	331	296	37
-1
1	334	205	56
-1
2	333	255	227
-1
1	325	277	278
-1
4	382	42	93
-1
4	397	249	118
-1
3	321	207	245
-1
2	333	108	221
-1
3	306	164	268
-1
1	332	34	281
-1
3	368	223	28
-1
2	375	6	233
-1
4	301	140	239
-1
1	331	226	215
-1
2	323	151	9
-1
3	341	186	257
-1
3	385	83	215
-1
1	305	104	22
-1
4	324	137	237
-1
3	356	195	23
-1
4	384	27	245
-1
2	368	247	250
-1
1	306	222	142
-1
2	373	175	67
-1
2	381	106	269
-1
2	389	130	206
-1
4	356	23	288
-1
1	329	160	143
-1
3	366	218	31
-1
3	340	242	225
-1
