2	82	23	489
-1
4	86	586	433
586	359	68	433	
2	93	203	716
-1
2	90	322	113
-1
4	82	308	664
308	245	664	
4	90	53	266
53	609	266	
2	91	620	293
-1
2	97	355	36
355	155	36	
2	83	538	524
-1
3	89	296	63
296	393	63	
3	98	629	438
629	386	438	
2	82	763	223
-1
3	97	769	777
-1
3	81	534	650
-1
4	96	684	157
684	540	157	
4	94	186	562
-1
2	86	756	381
-1
4	93	100	287
100	413	287	
4	89	517	376
-1
2	91	680	672
680	182	672	
4	88	341	500
341	500	
3	83	139	463
-1
3	91	721	783
-1
3	93	770	517
-1
3	81	483	752
-1
4	82	60	138
60	328	138	
3	83	254	445
-1
4	81	292	544
292	186	544	
2	97	717	260
-1
2	80	66	491
66	458	46	491	
2	99	630	32
-1
4	93	30	522
30	34	363	522	
4	88	453	443
-1
2	84	757	764
-1
4	95	110	447
110	143	447	
3	84	771	506
-1
4	81	394	311
-1
2	84	749	602
-1
2	96	590	518
590	71	518	
4	98	359	584
-1
2	81	799	413
-1
4	83	491	442
-1
4	97	196	447
196	616	447	
4	80	684	403
684	334	403	
2	98	440	64
440	92	64	
2	83	148	34
148	484	34	
2	85	792	427
-1
2	86	633	727
-1
2	96	570	69
-1
2	99	766	427
-1
4	83	556	426
-1
4	96	378	116
-1
3	94	721	663
-1
3	88	258	547
-1
4	91	110	186
-1
4	85	409	685
409	242	685	
4	83	764	229
-1
2	90	630	61
-1
4	98	648	182
648	54	762	182	
2	96	384	147
384	399	147	
3	81	256	255
-1
2	88	90	632
90	296	632	
3	91	719	552
-1
3	89	193	361
193	652	361	
2	86	422	22
-1
2	91	265	430
-1
2	99	590	746
-1
2	91	446	127
-1
2	93	228	774
-1
3	91	526	710
526	711	274	710	
3	85	2	164
-1
3	96	256	606
-1
4	99	624	524
-1
2	91	407	716
407	78	716	
3	93	736	689
736	310	762	689	
4	94	3	506
-1
2	99	306	295
-1
3	97	485	292
-1
2	83	276	519
276	319	519	
3	92	249	596
249	288	596	
3	87	273	150
-1
3	92	198	405
-1
4	95	755	580
-1
4	83	166	539
-1
4	91	738	474
-1
3	96	531	28
531	288	28	
2	83	305	333
305	646	333	
3	86	377	17
377	544	17	
2	85	574	645
-1
4	80	297	445
297	584	445	
4	89	281	717
-1
2	85	429	467
-1
3	85	381	421
-1
4	83	409	138
-1
2	88	352	75
352	99	433	75	
2	96	535	157
-1
2	80	424	14
-1
2	89	159	390
-1
2	85	185	515
-1
2	89	730	364
-1
3	98	623	196
-1
3	84	664	624
-1
3	96	662	557
-1
4	93	439	165
439	616	165	
2	80	754	68
-1
4	96	742	602
-1
3	89	310	225
310	248	225	
2	90	563	735
-1
4	97	32	120
32	781	120	
4	92	497	401
-1
3	87	158	575
-1
4	83	536	439
536	283	439	
3	91	132	652
-1
2	95	148	290
148	96	290	
4	94	654	243
654	307	243	
3	95	434	184
-1
4	92	722	46
-1
3	86	224	608
-1
3	97	114	191
114	216	191	
4	98	423	239
-1
4	92	295	396
295	265	396	
3	82	715	484
-1
4	93	510	615
-1
4	94	61	315
-1
2	96	128	520
-1
2	92	262	153
-1
2	89	197	426
-1
3	96	261	649
-1
3	98	260	315
-1
3	96	377	737
-1
4	83	95	584
-1
4	86	740	50
-1
2	93	574	559
-1
3	99	260	619
-1
4	98	234	746
-1
4	90	3	207
3	228	207	
2	95	756	755
756	30	755	
4	96	304	568
-1
3	90	12	27
12	680	27	
2	86	710	403
-1
4	81	398	50
398	512	50	
2	90	481	341
-1
3	88	600	466
-1
2	86	533	277
-1
4	83	332	63
-1
4	89	650	65
650	612	65	
2	96	672	371
-1
3	83	319	226
-1
4	89	615	237
615	386	237	
2	83	777	498
-1
2	92	524	447
-1
2	84	757	479
-1
4	90	688	278
-1
2	86	376	10
-1
2	80	235	693
-1
3	84	38	94
38	634	94	
3	86	400	317
400	573	317	
4	91	716	636
716	217	636	
2	99	351	2
-1
3	88	12	779
-1
4	94	75	54
-1
2	93	540	10
-1
4	90	544	697
-1
2	92	566	625
566	611	625	
3	96	65	411
65	279	411	
2	90	425	448
425	385	448	
3	86	402	399
402	415	399	
3	93	748	666
-1
2	87	520	216
520	122	46	216	
3	85	79	227
-1
4	90	488	302
-1
2	99	94	393
-1
4	88	179	488
-1
3	84	542	254
542	287	123	254	
2	94	466	670
466	670	
4	93	282	294
282	670	294	
4	92	544	695
-1
4	97	323	195
-1
2	85	288	714
-1
2	91	255	344
255	86	344	
3	84	200	383
-1
4	88	550	477
-1
4	96	462	207
-1
3	89	622	748
-1
2	90	606	413
-1
4	83	552	247
-1
2	90	145	342
-1
2	84	489	664
-1
4	89	347	152
347	71	152	
2	92	324	758
-1
3	95	527	158
-1
4	83	232	259
-1
4	81	232	272
232	109	272	
4	89	368	93
-1
3	93	309	698
-1
3	99	119	449
-1
2	93	575	146
575	105	34	146	
4	96	125	634
-1
2	99	221	532
221	288	532	
3	97	230	55
-1
