3	231	168	83
168	27	83	
1	221	150	148
150	67	148	
1	245	159	143
-1
2	228	52	95
52	82	95	
2	202	133	45
-1
3	221	32	107
-1
2	206	24	142
-1
2	230	88	131
-1
4	205	31	78
-1
4	223	96	87
-1
1	205	193	7
193	7	
3	204	124	108
-1
2	246	95	66
95	82	66	
2	240	192	70
-1
4	237	71	2
-1
3	243	125	185
125	6	185	
3	234	196	9
-1
4	216	54	96
54	135	96	
4	244	185	78
-1
2	232	192	125
-1
4	240	15	117
-1
4	247	72	40
72	34	40	
2	215	76	86
76	58	86	
2	234	22	78
22	16	78	
4	237	15	100
15	43	100	
2	222	52	24
-1
1	232	147	171
147	30	171	
3	227	32	25
-1
1	205	150	161
150	72	161	
3	231	194	152
-1
3	248	77	118
-1
4	239	69	189
69	35	189	
4	225	17	64
-1
1	204	182	37
-1
3	203	168	51
-1
2	226	155	54
-1
3	246	79	153
-1
4	222	11	136
11	1	136	
3	234	39	85
39	64	85	
4	235	96	79
96	79	
4	204	29	107
29	62	107	
2	242	127	175
127	67	175	
4	207	17	143
17	13	143	
2	244	144	76
144	39	76	
3	246	100	43
100	43	
1	200	3	198
3	198	
3	202	81	28
81	28	
1	237	129	39
129	39	
3	223	2	29
-1
3	201	186	124
186	10	124	
4	209	74	104
-1
4	236	30	31
30	1	31	
1	228	23	199
23	199	
4	204	30	94
30	86	94	
2	248	26	193
-1
4	245	73	147
-1
3	223	125	27
-1
1	213	129	155
-1
2	241	68	108
68	64	108	
1	216	91	46
91	95	46	
1	219	193	71
-1
3	201	104	100
-1
4	249	190	122
-1
2	244	171	104
-1
3	236	27	129
-1
3	232	125	153
-1
4	210	173	77
173	10	77	
2	215	48	5
48	80	5	
1	224	161	72
161	72	
1	219	102	163
102	36	163	
3	239	70	107
70	62	107	
2	241	189	10
-1
1	212	91	152
-1
4	217	142	74
-1
4	248	87	100
87	2	100	
1	200	23	176
-1
1	227	58	148
58	69	148	
2	231	118	147
-1
1	203	85	107
85	82	107	
1	217	112	160
-1
4	223	31	29
-1
4	234	173	170
-1
1	237	14	60
-1
2	210	128	1
128	98	1	
2	211	98	39
98	76	39	
3	237	196	14
196	55	14	
4	236	46	71
46	72	71	
4	233	173	140
173	7	140	
1	241	57	177
-1
2	201	12	88
12	46	88	
1	231	129	70
-1
4	200	152	42
-1
2	211	88	7
88	78	7	
3	214	176	87
-1
2	202	88	184
-1
3	215	100	179
100	53	179	
3	237	39	24
39	130	24	
3	227	77	149
77	44	149	
2	203	110	5
110	41	5	
4	240	154	16
154	16	
3	209	157	96
157	9	96	
3	203	188	199
-1
3	211	141	86
141	14	86	
3	247	104	61
-1
2	230	68	101
68	101	
4	208	71	200
-1
3	234	39	38
39	130	38	
2	232	76	114
76	20	114	
4	238	53	176
53	81	176	
3	205	158	81
158	43	81	
1	200	150	37
150	67	37	
4	248	11	176
-1
2	235	66	68
66	82	68	
2	248	128	172
-1
2	248	75	39
75	39	
2	249	6	61
6	106	61	
2	238	66	99
66	97	99	
1	203	150	174
150	9	174	
2	228	134	178
134	68	178	
1	208	122	87
-1
4	246	29	36
29	62	36	
4	222	31	198
-1
4	239	31	64
31	108	64	
1	212	117	191
-1
4	201	15	65
15	66	65	
3	213	165	22
165	19	22	
1	211	114	88
-1
2	236	52	189
-1
3	215	55	123
55	68	123	
3	201	186	196
-1
3	238	196	177
-1
4	236	43	7
-1
4	249	17	38
17	19	38	
1	239	58	154
-1
4	205	71	120
-1
4	229	74	36
-1
1	218	137	149
-1
4	206	51	152
-1
2	230	89	6
89	134	6	
1	228	57	143
-1
2	204	110	139
-1
1	210	199	133
-1
1	247	85	101
85	68	101	
3	202	186	158
-1
3	223	77	180
-1
1	208	184	53
-1
3	206	113	142
113	40	142	
3	209	81	192
-1
4	217	190	32
-1
3	209	20	88
-1
1	249	199	198
-1
3	233	104	196
-1
2	233	65	32
-1
1	243	14	169
-1
1	224	117	197
-1
4	229	90	180
90	82	180	
4	220	51	45
-1
1	213	159	125
159	31	125	
1	244	19	66
19	17	66	
4	234	36	86
36	86	
1	231	147	35
-1
2	228	197	139
197	15	139	
2	211	82	155
82	68	155	
2	231	68	168
-1
2	227	163	36
163	36	
1	206	37	78
37	67	78	
4	200	116	128
-1
1	227	136	38
-1
1	242	99	56
99	2	56	
4	229	46	43
-1
2	216	80	190
-1
2	206	63	138
63	6	138	
4	210	41	19
41	121	19	
4	229	154	86
-1
4	217	35	48
35	56	48	
1	244	112	37
112	18	37	
2	223	120	152
120	2	152	
4	210	173	40
173	7	40	
1	218	150	138
150	9	138	
2	210	144	135
144	6	135	
3	249	176	14
-1
2	238	42	76
42	76	
1	207	198	68
-1
4	244	60	21
-1
2	244	89	55
89	83	55	
4	230	106	118
106	76	118	
4	233	152	38
-1
3	222	77	10
77	10	
3	212	40	111
-1
1	246	58	6
58	74	6	
3	212	70	181
-1
4	239	72	174
72	34	174	
2	209	10	123
-1
3	229	167	182
167	8	182	
1	236	114	71
-1
2	205	108	128
108	7	128	
4	242	90	32
-1
1	203	23	108
23	13	108	
1	215	148	147
-1
2	221	10	156
10	91	156	
